Export;EXP-2024-001 (2024-02-22T17:17:16+01:00);;;StationsCode;NL01485;NL01493;NL01494;NL01495;NL01496;NL10107;NL10131;NL10133;NL10138;NL10230;NL10235;NL10236;NL10241;NL10247;NL10301;NL10318;NL10404;NL10418;NL10437;NL10442;NL10444;NL10446;NL10449;NL10450;NL10538;NL10550;NL10617;NL10633;NL10636;NL10639;NL10641;NL10643;NL10644;NL10722;NL10738;NL10742;NL10807;NL10818;NL10918;NL10929;NL10934;NL10938;NL49003;NL49012;NL49014
Periode;2023-01-01T00:00:00+01:00 - 2024-01-01T00:00:00+01:00;;;BeheerderMeetStation;DCMR;DCMR;DCMR;DCMR;DCMR;RIVM;RIVM;RIVM;RIVM;RIVM;RIVM;RIVM;RIVM;RIVM;RIVM;RIVM;RIVM;RIVM;RIVM;RIVM;RIVM;RIVM;RIVM;RIVM;RIVM;RIVM;RIVM;RIVM;RIVM;RIVM;RIVM;RIVM;RIVM;RIVM;RIVM;RIVM;RIVM;RIVM;RIVM;RIVM;RIVM;RIVM;GGD A'dam;GGD A'dam;GGD A'dam
Bron;https://data.rivm.nl/data/luchtmeetnet;;;StationsNaam;Hoogvliet-Leemkuil;Rotterdam Noord -Statenweg;Schiedam-Alphons Arienstraat;Maassluis-Kwartellaan;Hoek v. Holland-Berghaven;Posterholt-Vlodropperweg;Vredepeel-Vredeweg;Wijnandsrade-Opfergeltstraat;Heerlen-Jamboreepad;Biest Houtakker-Biestsestraat;Huijbergen-Vennekenstraat;Eindhoven-Genovevalaan;Breda-Bastenakenstraat;Veldhoven-Europalaan;Zierikzee-Lange Slikweg;Philippine-Stelleweg;Den Haag-Rebecquestraat;Rotterdam-Schiedamsevest;Westmaas-Groeneweg;Dordrecht-Bamendaweg;De Zilk-Vogelaarsdreef;Den Haag-Bleriotlaan;Vlaardingen-Riouwlaan;Den Haag-Neherkade;Wieringerwerf-Medemblikkerweg;Haarlem-Schipholweg;Biddinghuizen-Kuilweg;Zegveld-Oude Meije;Utrecht-Kardinaal de Jongweg;Utrecht-Constant Erzeijstraat;Breukelen-Snelweg;Utrecht-Griftpark;Cabauw-Wielsekade;Eibergen-Lintveldseweg;Wekerom-Riemterdijk;Nijmegen-Ruyterstraat;Hellendoorn-Luttenbergerweg;Barsbeek-De Veenen;Balk-Trophornsterweg;Valthermond-Noorderdiep;Kollumerwaard-Hooge Zuidwal;Groningen-Nijensteinheerd;Amsterdam-Nieuwendammerdijk;Amsterdam-Van Diemenstraat;Amsterdam-Vondelpark
Beschrijving data;https://data.rivm.nl/data/luchtmeetnet/readme.pdf;;;Latitude,Longitude;(51.867411,4.355242);(51.927111,4.461344);(51.921389,4.401389);(51.932039,4.228025);(51.977803,4.121944);(51.119194,6.042399);(51.54052,5.85307);(50.902281,5.881748);(50.900317,5.986853);(51.51844,5.14845);(51.434443,4.359835);(51.468662,5.47235);(51.60308,4.781016);(51.407365,5.393328);(51.634706,3.916623);(51.294498,3.749484);(52.077148,4.289185);(51.914233,4.479923);(51.786579,4.450529);(51.800658,4.708239);(52.296556,4.510817);(52.039023,4.359376);(51.914883,4.32943);(52.062537,4.318551);(52.803657,5.050509);(52.370508,4.642319);(52.423214,5.593378);(52.13795,4.83819);(52.105031,5.124464);(52.067748,5.120507);(52.20153,4.987444);(52.101308,5.128183);(51.974489,4.923301);(52.091801,6.605367);(52.111621,5.708419);(51.838221,5.856938);(52.388272,6.402933);(52.654144,6.017571);(52.916915,5.573491);(52.875725,6.932432);(53.330425,6.276815);(53.246535,6.608937);(52.389314,4.943822);(52.389983,4.887811);(52.359714,4.866208)
Accreditatienummer;https://www.rva.nl/alle-geaccrediteerden/;;;StationsGebied;stad;stad;stad;stad;voorstad;regionaal;regionaal;voorstad;stad;regionaal;regionaal;stad;stad;voorstad;regionaal;regionaal;stad;stad;regionaal;stad;regionaal;stad;stad;stad;regionaal;stad;regionaal;regionaal;stad;stad;regionaal;stad;regionaal;regionaal;regionaal;stad;regionaal;regionaal;regionaal;regionaal;regionaal;voorstad;stad;stad;stad
;;;;StationsType;achtergrond;verkeer;achtergrond;achtergrond;industrie;achtergrond;achtergrond;achtergrond;achtergrond;achtergrond;achtergrond;verkeer;achtergrond;achtergrond;achtergrond;achtergrond;achtergrond;achtergrond;achtergrond;achtergrond;achtergrond;achtergrond;verkeer;verkeer;achtergrond;verkeer;achtergrond;achtergrond;verkeer;verkeer;verkeer;achtergrond;achtergrond;achtergrond;achtergrond;achtergrond;achtergrond;achtergrond;achtergrond;achtergrond;achtergrond;achtergrond;achtergrond;verkeer;achtergrond
;;;;Meetprincipe;Ultraviolet absorptie (UV-P);Ultraviolet absorptie (UV-P);Ultraviolet absorptie (UV-P);Ultraviolet absorptie (UV-P);Ultraviolet absorptie (UV-P);Ultraviolet absorptie (UV-P);Ultraviolet absorptie (UV-P);Ultraviolet absorptie (UV-P);Ultraviolet absorptie (UV-P);Ultraviolet absorptie (UV-P);Ultraviolet absorptie (UV-P);Ultraviolet absorptie (UV-P);Ultraviolet absorptie (UV-P);Ultraviolet absorptie (UV-P);Ultraviolet absorptie (UV-P);Ultraviolet absorptie (UV-P);Ultraviolet absorptie (UV-P);Ultraviolet absorptie (UV-P);Ultraviolet absorptie (UV-P);Ultraviolet absorptie (UV-P);Ultraviolet absorptie (UV-P);Ultraviolet absorptie (UV-P);Ultraviolet absorptie (UV-P);Ultraviolet absorptie (UV-P);Ultraviolet absorptie (UV-P);Ultraviolet absorptie (UV-P);Ultraviolet absorptie (UV-P);Ultraviolet absorptie (UV-P);Ultraviolet absorptie (UV-P);Ultraviolet absorptie (UV-P);Ultraviolet absorptie (UV-P);Ultraviolet absorptie (UV-P);Ultraviolet absorptie (UV-P);Ultraviolet absorptie (UV-P);Ultraviolet absorptie (UV-P);Ultraviolet absorptie (UV-P);Ultraviolet absorptie (UV-P);Ultraviolet absorptie (UV-P);Ultraviolet absorptie (UV-P);Ultraviolet absorptie (UV-P);Ultraviolet absorptie (UV-P);Ultraviolet absorptie (UV-P);Ultraviolet absorptie (UV-P);Ultraviolet absorptie (UV-P);Ultraviolet absorptie (UV-P)
;;;;Meetopstelling;Thermo model 49i O3 analyser;Thermo model 49i O3 analyser;Thermo model 49i O3 analyser;Thermo model 49i O3 analyser;Thermo model 49i O3 analyser;Thermo model 49i O3 analyser;Thermo model 49i O3 analyser;Thermo model 49i O3 analyser;Thermo model 49i O3 analyser;Thermo model 49i O3 analyser;Thermo model 49i O3 analyser;Thermo model 49i O3 analyser;Thermo model 49i O3 analyser;Thermo model 49i O3 analyser;Thermo model 49i O3 analyser;Thermo model 49i O3 analyser;Thermo model 49i O3 analyser;Thermo model 49i O3 analyser;Thermo model 49i O3 analyser;Thermo model 49i O3 analyser;Thermo model 49i O3 analyser;Thermo model 49i O3 analyser;Thermo model 49i O3 analyser;Thermo model 49i O3 analyser;Thermo model 49i O3 analyser;Thermo model 49i O3 analyser;Thermo model 49i O3 analyser;Thermo model 49i O3 analyser;Thermo model 49i O3 analyser;Thermo model 49i O3 analyser;Thermo model 49i O3 analyser;Thermo model 49i O3 analyser;Thermo model 49i O3 analyser;Thermo model 49i O3 analyser;Thermo model 49i O3 analyser;Thermo model 49i O3 analyser;Thermo model 49i O3 analyser;Thermo model 49i O3 analyser;Thermo model 49i O3 analyser;Thermo model 49i O3 analyser;Thermo model 49i O3 analyser;Thermo model 49i O3 analyser;Thermo model 49i O3 analyser;Thermo model 49i O3 analyser;Thermo model 49i O3 analyser
;;;;Accreditatienummer;L520;L520;L520;L520;L520;L224;L224;L224;L224;L224;L224;L224;L224;L224;L224;L224;L224;L224;L224;L224;L224;L224;L224;L224;L224;L224;L224;L224;L224;L224;L224;L224;L224;L224;L224;L224;L224;L224;L224;L224;L224;L224;L426;L426;L426
Component;Bep.periode;Eenheid; Begindatumtijd;Einddatumtijd;NL01485;NL01493;NL01494;NL01495;NL01496;NL10107;NL10131;NL10133;NL10138;NL10230;NL10235;NL10236;NL10241;NL10247;NL10301;NL10318;NL10404;NL10418;NL10437;NL10442;NL10444;NL10446;NL10449;NL10450;NL10538;NL10550;NL10617;NL10633;NL10636;NL10639;NL10641;NL10643;NL10644;NL10722;NL10738;NL10742;NL10807;NL10818;NL10918;NL10929;NL10934;NL10938;NL49003;NL49012;NL49014
O3;uur;µg/m³;2023-01-01T00:00:00+01:00;2023-01-01T01:00:00+01:00;34.3;34.2;38.9;36.7;47.8;42.8;54.84;55.79;63.3;60.26;50.69;43.35;39.06;55.33;55.55;55.2;27.05;41.8;54.75;39.9;55.47;35.52;41.04;27.33;53.2;54.11;54.69;46.97;40.67;38.98;49.14;46.03;49.39;53.47;54.59;47.92;50.3;51.74;51.14;53.42;55.9;43.72;46.8;33.4;44.4
O3;uur;µg/m³;2023-01-01T01:00:00+01:00;2023-01-01T02:00:00+01:00;49.1;41.9;48.9;45.1;50.9;49.72;55.67;56.98;60.6;60.62;51.07;57.66;52.9;60.42;58.42;57.22;44.41;46.14;57.05;54.51;59.49;49.72;50.92;42.16;63.58;59.95;53.49;50.32;47.76;51.1;46.62;54.45;52.41;53.28;57.49;59.08;49.95;51.92;52.71;54.21;56.01;50.68;48.4;40.1;47.7
O3;uur;µg/m³;2023-01-01T02:00:00+01:00;2023-01-01T03:00:00+01:00;55.3;49.2;52.9;49.5;53.8;50.6;55.36;57.15;60.13;61.32;50.95;57.6;53.17;59.35;59.96;57.41;51.54;50.46;56.98;52.58;63.49;57.8;56.83;50.39;62.75;65.42;57.34;57.07;52.51;54.84;52.33;58.59;53.5;52.94;60.37;59.07;51.65;53;62.03;53.08;59.14;48.84;54.3;47.9;54.3
O3;uur;µg/m³;2023-01-01T03:00:00+01:00;2023-01-01T04:00:00+01:00;56.6;50.8;51.2;50.5;56.5;50.87;55.44;57.44;60.29;61.42;55.01;57.44;56.98;59.77;61.47;62.21;56.93;50.45;58.19;58.93;65.86;60.43;57.02;56.09;61.51;67.86;61.01;58.79;53.56;56.22;54.78;59.8;54.79;53.54;60.88;59.23;52.89;57.37;63.88;54;62.91;47.6;61.4;56.1;60.3
O3;uur;µg/m³;2023-01-01T04:00:00+01:00;2023-01-01T05:00:00+01:00;60.2;57;51.2;58.6;61.8;52.85;56.54;57.02;60.77;63.97;57.12;59.63;60.44;61.49;61.45;62.44;62.34;58.5;61.22;59.82;65.74;64.61;57.64;60.54;60.56;67.6;62.31;61.61;57.31;59.5;57.41;63.02;57.63;54.34;62.45;58.77;55.09;60.13;58.75;58.53;64.86;51.69;59.8;58.3;61.3
O3;uur;µg/m³;2023-01-01T05:00:00+01:00;2023-01-01T06:00:00+01:00;59.7;56.9;45.2;56.7;68;52.81;56.55;58.98;62.26;63.75;61.99;59.6;62.11;60.83;67.9;73.65;67.84;57.45;65.09;62.26;74.01;70.92;53.15;66.78;63.66;76.08;66.54;65.89;58.15;60.7;63.61;64.1;57.62;54.71;61.85;60.25;56.83;63.1;61.42;61.51;64.69;59.29;69.5;69.2;70.7
O3;uur;µg/m³;2023-01-01T06:00:00+01:00;2023-01-01T07:00:00+01:00;63.9;60.9;51.9;59.7;68;53.48;56.46;57.69;61.45;61.99;68.73;59.25;70.23;60.27;71.2;74.79;69.53;61.96;71.54;72.95;74.34;72.67;58.75;66.79;76.05;76.68;66.28;64.52;58.68;63.67;62.62;64.85;64.01;54.44;63.57;60.68;55.12;66.62;69.33;66.39;63.98;59.97;71.2;70.3;70.7
O3;uur;µg/m³;2023-01-01T07:00:00+01:00;2023-01-01T08:00:00+01:00;66.4;61.5;51.3;60.7;67.4;52.35;55.19;56.82;61.24;65.78;65.38;56.64;75.85;57.61;72.98;71.3;69.46;59.97;72.87;75.22;74.51;74.2;59.14;67.48;74.88;76.84;69.08;67.72;64.72;69.09;65.4;71.86;68.39;53.83;74.44;64.1;58.54;65.65;71.87;71.15;69.54;66.46;68.1;70.7;70.6
O3;uur;µg/m³;2023-01-01T08:00:00+01:00;2023-01-01T09:00:00+01:00;68.1;62;49.4;56.3;66.7;50.82;42.73;55.54;60.1;68.28;61.96;52.62;70.61;55;69.99;68.16;68.7;58.37;71.02;74.45;73.72;71.84;55.82;65.03;73.39;77.06;71.02;67.68;67.47;70.43;65.24;74.17;68.61;58.4;75.89;67.7;66.22;68.57;70.47;71.64;71.42;69.86;66.4;69.8;68.6
O3;uur;µg/m³;2023-01-01T09:00:00+01:00;2023-01-01T10:00:00+01:00;66.9;60.1;52.4;49.7;65.4;47.83;42.05;55.95;58.88;68.54;65.19;51.95;66.94;49.6;65.56;67.62;67.84;54.16;68.52;68.17;74.07;70.41;55.68;66.11;73.46;76.22;71.82;66.66;66.69;68.76;64.37;73.38;65.13;63.79;75.45;65.44;66.59;68.72;69.68;72.22;71.82;69.24;67.4;70;67.4
O3;uur;µg/m³;2023-01-01T10:00:00+01:00;2023-01-01T11:00:00+01:00;64.4;53.7;55.8;47.6;64;48.37;44.74;54.22;58.14;55.8;61.53;50.06;67.36;46.74;65.43;57.63;67.31;53.68;68.12;69.24;72.24;67.42;62.18;61.98;73.68;75.95;72.35;62.73;63.55;62.83;60.58;69.54;62.43;57.14;71.04;66.42;63.14;68.58;67.94;72.61;69.63;67.95;66;69;63.9
O3;uur;µg/m³;2023-01-01T11:00:00+01:00;2023-01-01T12:00:00+01:00;61.8;56.9;49.5;44.4;60;49.12;47.27;54.24;58.6;51.63;51;46.26;58.58;50.42;58.85;54.99;64.77;57.49;66.28;65.64;72.21;66.42;55.08;61.35;73.34;74.24;72.11;62.52;61.84;63.9;58.88;68.64;63.44;60.45;68.7;59.01;60.46;69.78;68.24;71.42;68.27;68.1;68.6;58.9;66.2
O3;uur;µg/m³;2023-01-01T12:00:00+01:00;2023-01-01T13:00:00+01:00;52.6;50;50.4;35.9;55.3;49.75;47.46;54.78;60.26;58.32;55.15;56.63;53.82;59.87;55.22;54.54;62.73;46.95;58.71;53.21;68.73;62.45;52.07;59.31;73;72.09;70.7;62.47;58.71;59.75;58.1;66.02;52.54;59.15;68.18;48.62;58.77;69.52;67.91;71.63;66.96;65.91;63.7;62.1;61.7
O3;uur;µg/m³;2023-01-01T13:00:00+01:00;2023-01-01T14:00:00+01:00;51.4;49.5;42.7;29.4;53.8;50.88;53.29;55.57;60.19;60.76;56.7;62.1;58.89;63.36;57.67;56.73;61.99;54.43;59.88;62.98;66.58;58.22;42.03;55.04;72.48;69.98;66.39;56.52;53.51;54.64;52.16;59.86;54.34;46.91;58.86;51.4;56.01;67.18;66.49;69.51;67.35;64.82;64.7;64.9;54.7
O3;uur;µg/m³;2023-01-01T14:00:00+01:00;2023-01-01T15:00:00+01:00;50.2;38.8;47.7;37.1;50.2;50.22;57.06;55.72;60.33;62.04;58.51;60.75;59.74;61;58.16;56.53;57.41;45.24;56.55;58.45;65.89;57.4;40.77;51.81;73.56;69.94;63.28;56.45;53.46;57.15;50.6;60.85;53.36;47.48;58.41;58.49;50.54;62.5;65.51;66.61;65.07;64.22;60.4;64.4;61.1
O3;uur;µg/m³;2023-01-01T15:00:00+01:00;2023-01-01T16:00:00+01:00;50;35;45.9;40.1;43.3;49.47;53.24;60.09;64.65;60.48;51.04;50.39;56.49;55.42;54.95;55.66;50.08;45.52;57.25;56.52;64.87;46.63;38.07;39.79;73.43;65.43;63.71;49.38;49.05;43.31;40.84;56.05;44.08;44;57.5;55.77;48.08;61.36;64.8;64.38;62.58;62;62.2;53.3;59.3
O3;uur;µg/m³;2023-01-01T16:00:00+01:00;2023-01-01T17:00:00+01:00;49.8;29.5;44.5;34.4;43.4;49.37;50.48;64.6;68.01;54.73;46.65;50.27;54.1;52.59;51.24;52.62;42.81;53.01;56.19;57;56.05;36.26;44.64;38.72;59.41;50.89;57.43;46.37;43.96;38.79;27.91;51.1;41.65;40.09;53.71;45.16;48.43;59.95;64.21;60.35;61.23;58.72;50.8;41.3;50.1
O3;uur;µg/m³;2023-01-01T17:00:00+01:00;2023-01-01T18:00:00+01:00;45.5;32;37.8;37.1;37.8;53.22;47.57;58.04;62.18;52.95;43.62;47.46;49.37;50.07;50.81;49.31;42.52;49.13;48.8;50.5;50.6;44.75;43.26;37.47;55.78;42.89;52.35;47.65;41.64;34.89;40.69;47.58;39.17;45.06;56.93;42.03;44.78;45.73;58.74;57.2;60.61;54.79;46.4;37.1;47.3
O3;uur;µg/m³;2023-01-01T18:00:00+01:00;2023-01-01T19:00:00+01:00;40;34.3;29.7;35.1;19.4;48.64;51.33;49.03;54.23;50.97;40.3;51.51;47.43;53.01;42.16;53.17;29.81;43.22;46.45;49.86;47.89;44.95;45.14;32.82;44.14;43.99;53.57;48.44;42.73;42.52;39.75;49.21;42.44;47.89;54.2;45.19;42.54;42.02;53.68;49.8;54.31;52.74;45.3;34.7;45.4
O3;uur;µg/m³;2023-01-01T19:00:00+01:00;2023-01-01T20:00:00+01:00;37.8;38.9;33.9;39.1;24.8;42.05;52.87;46;50.46;54.61;46.65;50.66;54.51;53.07;46.6;52.82;35.25;47.53;47.79;49.68;49.97;42.69;33.99;41.38;45.83;56;56.7;45.9;41;42.69;44.06;47.16;42.68;44.61;44.93;47.02;46.03;45.5;51.88;45.82;51.58;51.06;53;46.2;54.2
O3;uur;µg/m³;2023-01-01T20:00:00+01:00;2023-01-01T21:00:00+01:00;42.5;41.8;35.7;37.5;33.8;36.94;53.11;40.86;41.14;54.12;47.38;47.59;55.11;48.8;39.4;52.68;37.93;52.49;54.73;53.29;39.69;41.62;41.32;38.95;45.58;45.43;53.43;47.97;42.92;44.45;43.59;48.37;46.41;48.66;49.42;52.37;42.41;51.87;53.55;48.19;49.89;50.69;45.7;37.4;45
O3;uur;µg/m³;2023-01-01T21:00:00+01:00;2023-01-01T22:00:00+01:00;45.8;44.3;36.3;36.7;26;32.19;44.51;29.63;36.45;50.61;40.21;38.86;52.71;42.11;51.51;46.03;41.29;53.18;53.36;53.19;44.69;45.57;47.43;42.24;69.6;46.42;50.35;49.69;48.01;49.03;43.99;52.8;47.46;48.39;52.43;50.29;45.94;45.09;67.69;54.99;48.56;51.29;45.8;37.7;46.7
O3;uur;µg/m³;2023-01-01T22:00:00+01:00;2023-01-01T23:00:00+01:00;44.2;40.2;32;40.3;27.5;26.34;38.95;43.43;50.87;43.57;38.2;35.27;48.56;39.01;48.62;43.11;38.36;49.49;49.29;49.24;47.98;47.24;47.64;38.53;73.95;49.72;54.44;49.99;49.01;50.4;45.25;54.43;46.96;35.19;53.21;45.73;47.74;41.3;59.09;49.02;52.8;57.51;47.2;40.3;48.1
O3;uur;µg/m³;2023-01-01T23:00:00+01:00;2023-01-02T00:00:00+01:00;39.1;41.5;38;32.3;23.2;23.74;36.66;51.76;52.7;41.64;34.49;33.85;43.25;34.86;43.08;42.22;42.44;44.66;45.46;45.07;49.72;41.54;38.96;36.44;73.26;49.06;55.02;47.89;45.62;46.79;43.72;50.45;43.13;25.83;48.23;41.33;44.86;45.16;51.69;50.5;60.59;50.78;50.1;42.2;49.2
O3;uur;µg/m³;2023-01-02T00:00:00+01:00;2023-01-02T01:00:00+01:00;38.9;32.1;36.8;31.9;29.6;41.43;36.3;55.94;57.59;41.01;35.14;38.35;40.85;39.69;41.85;39.88;34.91;38.94;44.86;40.83;44.6;36.82;31.6;31.17;54.41;48.47;50;41.62;39.67;39.42;39.08;43.78;36.36;27.77;43.17;37.06;35.11;45.31;49.27;46.86;59.46;51.53;47.2;39.3;44.3
O3;uur;µg/m³;2023-01-02T01:00:00+01:00;2023-01-02T02:00:00+01:00;34.5;29.1;35.7;31.7;30.8;48.6;37.6;54.12;60.12;44.98;32.45;40.92;42.05;41.03;37.62;40.65;36;41.14;42.47;36.59;37.69;39.23;31.28;35.38;45.94;40.43;45.78;35.7;36.17;35.59;33.96;40.62;30.78;33.73;38.94;39.22;31.64;41.58;53.54;41.99;56.79;46.15;41.5;35;39.7
O3;uur;µg/m³;2023-01-02T02:00:00+01:00;2023-01-02T03:00:00+01:00;32;20.4;31.7;24.3;24.5;45.85;43.63;55.82;58.96;48.71;36.99;45.64;45.03;47.21;37.88;44.54;34.26;36.13;41.57;35.63;39.87;32.16;27.46;30.88;43.29;38.83;41.4;32.74;34.12;35.36;30.34;38.79;34.32;37.45;40.83;40.64;32.05;39.4;47.89;37.48;52.26;45.23;37.8;34.9;37.3
O3;uur;µg/m³;2023-01-02T03:00:00+01:00;2023-01-02T04:00:00+01:00;32.6;26.9;32.3;20.1;24.5;48.99;50.25;54.89;58.86;53.57;41.74;50.16;52.91;51.14;41.54;49.09;31.43;34.87;43.63;43.08;32.85;30.94;25.23;25.45;34.35;37.05;38.62;28.82;34.48;36.01;28.77;38.95;35.33;38.84;43.36;44.22;34.08;35.91;40.97;36.87;45.64;41.15;34.2;31.2;32.6
O3;uur;µg/m³;2023-01-02T04:00:00+01:00;2023-01-02T05:00:00+01:00;40.1;33.1;29.6;12.4;23.3;47.98;49.21;54.3;57.27;53.86;42.98;50.51;54.97;51.5;43.05;49.1;29.84;37.07;46.89;45.39;32.27;30.34;27.81;26.61;31.66;33.41;38.9;32.71;39.3;43.91;30.75;44.82;41.28;47.21;51.46;48.01;38.38;35.87;38.04;38.62;43.23;38.82;32.6;29.8;30.7
O3;uur;µg/m³;2023-01-02T05:00:00+01:00;2023-01-02T06:00:00+01:00;38.1;39.3;36.6;26.7;41.2;47.62;50.52;54.47;57.62;52.29;47.99;49.43;54.75;50.46;61.59;61.03;54.89;37.66;49.72;45.93;50.87;51.48;40.51;53.09;36.73;45.27;44.63;40.39;42.68;44.2;37.92;48.25;42.1;48.25;52.04;48.84;42.15;38.43;34.45;41.86;40.85;35.45;31.8;29.7;29.2
O3;uur;µg/m³;2023-01-02T06:00:00+01:00;2023-01-02T07:00:00+01:00;52.4;44.4;38.7;38.3;57.7;45.72;51.24;54.27;59.05;52.82;60.78;49.73;61.25;52.36;69.61;62.91;71.61;52.03;64.16;49.87;79.89;69.97;43.54;70.5;65.75;74.07;45.62;57.8;43.37;46.18;45.39;48.22;51.28;49.37;51.39;47.58;43.89;43.59;31.57;45.86;37.51;34.42;43.4;45.9;50.2
O3;uur;µg/m³;2023-01-02T07:00:00+01:00;2023-01-02T08:00:00+01:00;53.8;51.9;53.3;28.8;43.6;45.41;51.31;53.93;57.87;65.36;59.71;51.95;65.19;55.79;67.36;63.78;73.75;60.42;68.81;60.29;79.74;72.13;51.9;69.58;76.3;69.87;48.53;70.46;55.31;54.78;61.19;61.25;56.75;48.8;57.77;50.32;43.45;38.94;68.63;47.8;57.04;31.11;52.6;48.1;68.1
O3;uur;µg/m³;2023-01-02T08:00:00+01:00;2023-01-02T09:00:00+01:00;62.1;52.1;55.6;49.4;44.6;44.31;60.86;48.16;53.34;64.19;57.47;61.79;63;65.03;66.65;64.18;66.35;47.97;66.82;60.16;78.48;59.7;56.49;62.58;73.39;70.14;66.84;69.59;58.51;61.7;59.4;65.71;61.28;50.45;63.64;60.69;49.27;57.88;70.52;45.7;77.96;54.17;59.1;62.9;65.1
O3;uur;µg/m³;2023-01-02T09:00:00+01:00;2023-01-02T10:00:00+01:00;58.9;44.8;47;50.2;32.9;53.67;62.18;58.56;57.27;62.03;56.6;60.09;57.97;56.58;65.65;57.04;61;48.88;65.44;60.97;77.42;58.01;49.24;56.29;74.09;70.33;70.38;66.97;55.75;55.77;61.58;64.13;55.94;61.51;66.42;56.52;54.28;70.16;68.91;49.51;75.33;66.38;66.9;61.5;64.9
O3;uur;µg/m³;2023-01-02T10:00:00+01:00;2023-01-02T11:00:00+01:00;56.1;39;39.9;43.1;35.6;49.95;59.9;56.63;60.05;60.91;55.35;57.04;53.03;57.71;53.79;54.77;57.93;40.08;66.47;63.66;72.05;45.64;39.98;37.9;71.45;70.51;69.02;59.91;46.59;49.93;53.23;54.95;56.23;55.72;65.22;62.3;56.65;68.84;66;68.57;71.17;65.44;62.7;60.4;62.4
O3;uur;µg/m³;2023-01-02T11:00:00+01:00;2023-01-02T12:00:00+01:00;53.2;39.5;35.2;41.9;45.7;50.48;59.53;55.02;57.99;59.17;50.62;54.99;51.88;55.89;48.81;;56.94;44.51;56.09;55.67;65.33;51.97;41.83;37.32;70.87;64.71;68.58;51.79;49.21;52;43.23;57.37;56.1;59.1;60.51;58.84;58.1;64.43;61.99;70.43;70.23;65;56.7;58.2;59.5
O3;uur;µg/m³;2023-01-02T12:00:00+01:00;2023-01-02T13:00:00+01:00;45;41.2;34.1;38.6;47;49.27;59.17;56.38;59.4;54.94;50.91;51.26;54.19;52.85;53.23;;62.56;40.9;51.95;51.36;69.87;55.95;40.14;41.22;69.7;67.38;65.33;57.41;52.69;55.14;47.33;61.19;56.71;58.86;61.75;56.23;58.2;63.44;62.66;71.64;67.44;63.39;60.4;60.1;63.7
O3;uur;µg/m³;2023-01-02T13:00:00+01:00;2023-01-02T14:00:00+01:00;44.7;34.9;34.2;41;32;47.32;50.8;58.07;64.87;51.54;48.93;50.72;46.97;54.67;64.56;;54.27;34.14;55.74;47.87;68.23;51.5;36.44;37.83;68.27;61.37;62.03;56.24;47.79;49.15;46.78;56.31;48.8;54.26;60.92;52.67;53.46;61.1;60.88;69.19;67.29;64.44;59.1;61.1;61.2
O3;uur;µg/m³;2023-01-02T14:00:00+01:00;2023-01-02T15:00:00+01:00;55.3;35.8;41.4;43.5;37.5;46.14;53.32;58.32;62.82;50.88;59.11;50.01;49.04;52.07;55.84;;63.26;48.31;57.04;47.62;66.19;50.07;43.58;47.4;69.77;57.68;58.36;54.96;42.33;43.64;49.31;50.17;48.39;44.45;54.01;50.36;50.84;57.98;61.75;66.84;66.78;61.16;60.1;54.2;58.8
O3;uur;µg/m³;2023-01-02T15:00:00+01:00;2023-01-02T16:00:00+01:00;49.3;41.7;48.4;49.4;45.7;49.8;51.78;56.49;58.79;53.99;57.67;47.24;54.51;52.25;57.55;;60.67;48.91;57.02;52.74;72.49;36.52;54.84;46.74;67.98;60.78;64.31;57.3;38.28;40.25;51.52;45.57;48.33;49.35;51.73;44.57;46.2;57.59;62.37;62.14;65.35;59.16;62.4;57.1;56.7
O3;uur;µg/m³;2023-01-02T16:00:00+01:00;2023-01-02T17:00:00+01:00;53.4;37.8;42.7;24.9;38.2;50.69;50.36;55.97;60.1;55.02;57.35;50.3;53.82;54.24;59.47;;62.9;41.21;55.67;54.65;72.88;60.21;46.4;56.95;65.81;58.15;61.44;56.04;49.26;41.79;50.3;59.4;49.68;40.46;48.93;41.97;46.64;64.06;59.86;58;60.19;57.58;63.9;60.2;57.3
O3;uur;µg/m³;2023-01-02T17:00:00+01:00;2023-01-02T18:00:00+01:00;37.8;29.6;27.6;19.8;37.2;58.18;50.53;59.86;60.77;55.22;58.09;48.86;55.63;51.95;62.71;;62.8;39.84;60.92;54.11;68.9;53.47;24.05;55.04;61.2;46.69;62.69;60.87;42.57;40.78;48.82;54.66;51.77;42.45;46.05;36.22;48.85;64.03;56.7;63.41;57.8;53.41;56.6;51.3;50.7
O3;uur;µg/m³;2023-01-02T18:00:00+01:00;2023-01-02T19:00:00+01:00;33.8;11.6;16.1;22.6;22.1;53.48;48.62;64;67.87;54.21;47.05;50;55.96;60.14;60.93;;56.09;21.07;54.82;37.97;68.02;48.03;20.19;45.09;63.37;44.04;59.68;49.9;43.74;50.64;42.27;54.88;47.08;46.93;45.71;50.71;51.49;57.91;52.39;60.04;55.78;50.82;45.7;41.8;36.6
O3;uur;µg/m³;2023-01-02T19:00:00+01:00;2023-01-02T20:00:00+01:00;39.7;25.6;31.2;19.4;21.2;47.77;51.14;55.2;54.71;52.19;45.41;56.03;41.39;61.48;60.57;;53.82;22.31;56.44;40.71;66.68;29.59;20.01;41.01;63.39;50.01;55.29;47.62;37.15;41.84;34.71;49.4;41.19;44.17;41.25;53.93;47.45;54.83;49.37;60.2;55.69;49.91;43.5;34.9;36.8
O3;uur;µg/m³;2023-01-02T20:00:00+01:00;2023-01-02T21:00:00+01:00;40.9;32.1;26.6;22.9;43.3;46.95;55.52;58.58;56.41;45.4;46.36;48.31;31.66;50.73;56.21;;53.83;26.97;47.66;39.21;68.71;21.07;15.92;33.26;61.84;51.06;48.49;33.84;29.96;31.34;34.57;36.66;19.83;41.25;46;48.42;41.72;54.06;54.19;54.22;54.01;49.11;46.5;37.5;37.5
O3;uur;µg/m³;2023-01-02T21:00:00+01:00;2023-01-02T22:00:00+01:00;39.6;18.6;20.7;29.2;44.2;51.83;43.9;60.97;65.09;37.09;59.48;40.63;34.64;41.08;42.29;;60.1;21.99;48.54;38.03;67.12;4.42;39.93;44.78;63.47;50.26;47.57;26.66;17.89;17.93;31.09;23.79;18.04;43.18;46.21;47.9;40.52;52.17;51.08;51.44;54.32;49.47;42.9;38;31.8
O3;uur;µg/m³;2023-01-02T22:00:00+01:00;2023-01-02T23:00:00+01:00;32.7;25.1;34.8;12.3;42.7;52.44;42.51;59.1;59.56;42.03;46.22;36.57;33;44.24;42.87;;59.5;6.54;46.9;34.05;69.21;26.51;29.85;49.01;64.8;45.59;42.65;4.05;15.22;19.06;14.61;24.31;24.34;38;34.4;39.74;37.66;43.04;44.72;49.05;65.82;50.97;37.1;34.6;25.2
O3;uur;µg/m³;2023-01-02T23:00:00+01:00;2023-01-03T00:00:00+01:00;28.2;10.8;31.7;14.6;52.5;49.38;43.27;54.76;53.11;42.1;45.57;47.37;55.99;49.81;41.63;;62.79;0.75;35.19;33.01;71;0.21;31.1;40.67;64.07;49.38;38.77;8.96;20.89;22.81;8.13;30.27;27.02;33.07;29.6;36.09;33.71;35.95;46.41;44.07;60.78;43.96;34.6;34.1;19.8
O3;uur;µg/m³;2023-01-03T00:00:00+01:00;2023-01-03T01:00:00+01:00;20.8;2.1;25.5;13.2;36.4;49.2;43.87;54.19;54.26;40.9;41.98;48.46;46.48;45.37;41.2;;60.31;5;33.48;31.02;71.65;-0.75;23.2;50.56;61.08;43.85;33.27;13.52;22.06;31.94;13.79;29.58;28.82;28.65;32.36;39.28;31.7;34.6;45.45;41.92;64.94;43.22;28.4;29.1;18.6
O3;uur;µg/m³;2023-01-03T01:00:00+01:00;2023-01-03T02:00:00+01:00;23.5;4.8;9.7;5.7;12.3;46.79;43.54;53.37;58.81;38.43;30.5;42.19;41.12;39.58;32.52;;44.27;2.11;35.46;37.62;73.01;-0.86;8.54;15.55;60.69;48.32;23.41;12.34;24.17;25.57;13.14;29.87;21.68;25.66;33.01;42.28;27.44;30.92;46.99;35.99;65.09;52.35;28.5;31;20.3
O3;uur;µg/m³;2023-01-03T02:00:00+01:00;2023-01-03T03:00:00+01:00;24.7;2.6;20.8;13;21.2;44.39;36.68;35.75;49.65;31.04;18.64;33.66;32.29;36.1;27.48;;2.06;1.15;36.11;28.21;59.37;-0.79;1.07;-0.16;57.09;37.56;20.17;18.11;30.33;20.9;7.25;36.1;11.31;24.39;28.55;36.46;22.36;28.22;45.86;36.35;57.87;55.44;20.4;34.6;20.9
O3;uur;µg/m³;2023-01-03T03:00:00+01:00;2023-01-03T04:00:00+01:00;27.8;3.4;16.2;0.7;5.7;40.31;33.22;18.84;44.28;27.86;3.52;35.22;17.55;32.72;34.24;;0.4;7.37;29.18;20.53;44.04;-0.64;0.84;0.02;48.86;39.17;26.64;21.58;17.52;6.64;12.54;22.26;11.03;25.02;17.7;30.17;20.52;16.04;43.59;35.82;49.22;49.67;15.2;22.9;15.1
O3;uur;µg/m³;2023-01-03T04:00:00+01:00;2023-01-03T05:00:00+01:00;18.9;10.6;10.7;12.4;9.6;34.75;34.11;25.82;49.03;30.97;3.35;37.12;22.91;29.24;32.59;;0.01;27.53;22.76;21.36;26.9;-0.48;14.37;-0.27;49.86;24.66;23.57;17.04;11.27;9.83;12.29;13.43;14.93;27.86;18.62;28.75;19.82;12.33;47.94;35.21;42.88;43.07;8.5;10.5;9.2
O3;uur;µg/m³;2023-01-03T05:00:00+01:00;2023-01-03T06:00:00+01:00;9.4;15.8;8.8;12.1;2.8;26.92;32.03;48.65;50.7;29.63;19.34;33.92;29.59;24.8;31.34;;2.84;20.77;12.36;17.67;8.65;3.08;11.84;4.39;43.28;8.45;23.68;16.05;14.59;13;14.22;16.98;16.84;25.6;30.94;29.32;21.06;18.05;52.9;30.83;40.99;41.49;3.1;8.8;5.6
O3;uur;µg/m³;2023-01-03T06:00:00+01:00;2023-01-03T07:00:00+01:00;6.2;8.4;0.8;6.8;10.5;17.33;30.23;49.36;53.29;26.76;25.67;29.45;31.34;25.95;38.85;;5.64;8.23;15.41;26;1.43;4.79;3.83;1.16;8.75;9.94;23.8;12.87;8.76;7.07;12.61;10.22;11.31;34.93;27.43;28.85;27.5;22.44;40.63;30.46;40.97;36.48;12.4;15.4;13.4
O3;uur;µg/m³;2023-01-03T07:00:00+01:00;2023-01-03T08:00:00+01:00;5.3;9.7;4.5;12.1;12.3;9.17;29;44.97;52.73;28.32;19.4;22.52;28.41;22.34;33.73;;2.05;14.28;31.44;26.52;8.33;-0.39;10.91;0.39;16.2;8.17;28.97;16.24;4.98;4.78;10.69;8.59;14.55;30.04;22.29;30.21;36;20.87;37.18;28.54;36.97;31.75;9.2;7.5;7.7
O3;uur;µg/m³;2023-01-03T08:00:00+01:00;2023-01-03T09:00:00+01:00;13.1;11.1;3.4;10.9;5.3;7.61;25.77;51.08;53.11;32.14;20.74;29.56;26.03;33;25.66;;5.56;15.97;25.31;24.62;3.3;3.93;13.34;4.37;18.5;4.32;23.94;23.42;8.96;6.63;16.83;12.6;12.87;20.63;20.55;33.09;31.98;27.01;27.37;23.57;29.26;24.48;13.2;8.5;16.6
O3;uur;µg/m³;2023-01-03T09:00:00+01:00;2023-01-03T10:00:00+01:00;17.1;9.3;9.7;15.2;;33.58;32.25;54.83;54.67;39.64;22.75;34.74;32.13;36.13;30.73;;7.71;17.85;24.89;26.67;19.04;10.81;20.21;8.21;17.39;18.07;23.24;24.03;11.97;10.94;20.02;15.18;20.58;21.67;24.21;27.43;29.56;28.51;28.98;28.92;31.37;24.45;18.2;19.4;27
O3;uur;µg/m³;2023-01-03T10:00:00+01:00;2023-01-03T11:00:00+01:00;26.3;14.5;19.2;24;27.1;47.63;35.56;56.25;56.22;44.46;30.07;35.59;30.43;39.99;35.15;;18.37;28.27;38.15;26.06;15.6;19.55;26.12;18.77;23.38;18.43;32.61;21.19;19.71;16.99;14.97;22.98;24.15;23.22;30.15;25.92;29.5;24;30.33;39.02;32.62;25.79;21.9;18;20.6
O3;uur;µg/m³;2023-01-03T11:00:00+01:00;2023-01-03T12:00:00+01:00;34.4;25;31.3;31.1;32.9;48.17;41.15;54.67;61.62;49.8;42.28;40.11;35.21;40.64;47.16;;29.59;37.69;44.95;35.35;23.37;32.81;30.4;;24.02;18.43;31.55;24.8;24.58;21.03;17.89;29.29;28.15;28.63;34.58;40.37;29.41;29.15;30.73;39.19;32.93;26.23;22.4;19.6;20.5
O3;uur;µg/m³;2023-01-03T12:00:00+01:00;2023-01-03T13:00:00+01:00;40.6;33.3;39.6;41.9;38.4;50.79;48.94;55.68;65.53;57.91;48.97;41.55;52.4;45.81;50.5;;42.13;44.24;55.59;43.13;40.27;45.07;38.7;;23.18;27.79;37.04;41.64;29.38;25.92;26.27;34.24;33.74;34.08;40.96;46.21;33.12;31.39;30.95;37.57;33.92;30.35;30.3;26.6;31.2
O3;uur;µg/m³;2023-01-03T13:00:00+01:00;2023-01-03T14:00:00+01:00;49.2;41;48.1;44.8;41.3;60.93;56.25;60.57;65.52;62.34;54.05;49.27;57.51;53.76;55.04;;45.55;52.43;59.24;54.9;48.62;;47.45;;28.89;40.76;41.97;49.42;33.62;30.47;31.14;40.24;44.28;46.37;46.24;45.91;37.34;38.31;35.7;39.78;34.24;30.82;38.1;34.3;41
O3;uur;µg/m³;2023-01-03T14:00:00+01:00;2023-01-03T15:00:00+01:00;50.1;41.8;49.5;45.9;43.8;57.64;62.85;61.05;64.79;62.95;51.11;56.76;58.51;61.34;58.55;;47.98;55.61;59.86;59;52.95;;48.86;;36.95;48.72;45.95;54.06;43.07;39.52;34.91;51.2;50.77;42.49;53.53;59.38;43.42;40.38;41.38;39.86;35.67;33.25;45.7;41.5;49.1
O3;uur;µg/m³;2023-01-03T15:00:00+01:00;2023-01-03T16:00:00+01:00;48.6;39.2;47.2;42.1;45.7;56.95;62.28;62.95;65.74;61.52;49.7;57.19;56.88;60.12;58.07;;47.9;53.45;57.75;54.71;51.61;;50.34;38.87;41.15;45.43;55.9;44.49;45.02;39.76;33.92;51.77;49.99;40.05;59.14;53.83;46.91;42.49;49.41;44.13;41.27;36.26;48.7;43.2;49.5
O3;uur;µg/m³;2023-01-03T16:00:00+01:00;2023-01-03T17:00:00+01:00;51.1;40.1;48.1;42.2;45.6;50.48;56.17;62.64;64.79;60.46;52.1;55.13;56.6;56.48;58.32;57.48;45.62;53.71;54.12;55.63;49.56;48.44;46.21;39.1;43.91;48.84;57.86;46.32;43.7;38.57;30.86;50.69;46.33;49.83;55.94;53.99;49.56;51.84;49.74;51.79;44.33;36.87;43.8;36.9;43.4
O3;uur;µg/m³;2023-01-03T17:00:00+01:00;2023-01-03T18:00:00+01:00;52.2;38.8;43.9;46.4;38.3;50.57;52.52;61.72;63.2;60.29;51.11;54.37;53.2;56.76;56.17;54.49;42.29;49.1;51.57;55.7;51.33;50.69;48.83;42.72;44.1;49.56;55.45;49.15;43.87;40.91;42.68;50.33;46.87;49.95;55.59;49.04;48.78;52.5;55.22;57.21;46.53;39.59;47.9;40;46.4
O3;uur;µg/m³;2023-01-03T18:00:00+01:00;2023-01-03T19:00:00+01:00;49.2;41.7;47.4;46.9;40.2;51.98;51.68;63.96;66.02;58.72;49.42;54.32;51.24;56.5;54.56;52.7;47.83;49.61;51.82;54.27;52.06;51.52;48.7;42.41;47.13;49.38;56.56;51.24;45.26;43.01;36.29;51.14;46.57;50.38;56.85;50.76;50.98;52.13;56.51;55.39;55.71;52.37;48.7;44.3;48.2
O3;uur;µg/m³;2023-01-03T19:00:00+01:00;2023-01-03T20:00:00+01:00;48.9;40.7;48;43;40.6;56.64;56.41;65.51;67.02;59.14;50.27;58.5;53.5;59.01;52.7;51.86;45.22;50.96;50.68;52.06;53.44;48.48;47.76;40.91;48.7;51.27;57.94;50.59;47.27;46.07;37.36;51.44;47.13;51.05;58.02;48.94;50.8;53.57;55.07;54.91;58.15;54.21;50.3;45.8;48.6
O3;uur;µg/m³;2023-01-03T20:00:00+01:00;2023-01-03T21:00:00+01:00;49.2;46.5;50;44.5;42.1;58.1;54.93;67;67.61;60.81;51.49;59.97;55.68;60.76;52.72;53.52;45.95;54.08;54.9;54.84;53.34;47.31;50.1;40.63;47.04;52.4;57.62;49.07;49.65;50.33;39.75;54.84;48.79;52.7;59.08;53.12;51.38;55.86;55.8;58.35;56.85;53.26;48.1;44.3;46.3
O3;uur;µg/m³;2023-01-03T21:00:00+01:00;2023-01-03T22:00:00+01:00;51.9;48.2;52.1;44.9;40.1;59.54;55.96;66.75;68.3;61.52;54.45;61.11;59.3;61.37;55.91;55.45;49.28;58.62;59.58;58.05;54.24;50.93;52.22;48.21;46.02;54.81;59.68;50.93;51.55;52.68;45.25;56.65;52.65;54.83;60.92;56.4;50.96;56.26;56.49;56.53;56.11;53.78;48.6;44.8;46.6
O3;uur;µg/m³;2023-01-03T22:00:00+01:00;2023-01-03T23:00:00+01:00;55.1;50.6;56.1;49.4;39.4;59.46;57.37;66.97;68.98;62.51;53.76;60.59;63.16;61.67;55.88;56.52;52.45;60.7;59.27;61.64;58.53;53.74;56.9;50.77;50.02;57.98;59.45;53.77;53.29;55.49;49.79;59.05;57.28;55.01;62.04;57.22;50.71;58.3;56.85;57.57;57.41;54.07;51.3;49.6;52.2
O3;uur;µg/m³;2023-01-03T23:00:00+01:00;2023-01-04T00:00:00+01:00;54;50.1;54;50.3;40.5;59.44;60.51;67.73;69.45;63.85;54.66;62.08;63.78;62.77;56.08;56.84;54.16;59.53;59.86;62.51;59.21;54.36;56.76;53.14;55.37;60.13;60.88;56.12;55.83;58.52;54.53;61.99;58.54;54.94;62.83;58.04;53.07;60.09;56.83;59.77;58.66;54.45;54.2;54.8;55.9
O3;uur;µg/m³;2023-01-04T00:00:00+01:00;2023-01-04T01:00:00+01:00;55;54.9;54.9;47.6;38.9;60.2;62.71;69.11;71.64;63.48;54.02;62.62;63.96;62.9;55.5;57.31;52.13;62.23;60.8;61.53;58.64;53.1;58.41;52.14;56.91;58.77;62.13;57.74;57.36;59.98;55.03;62.72;58.64;55.17;62.77;60.91;53.89;60.18;58.54;60.27;61.2;56.1;54.9;55.3;56.1
O3;uur;µg/m³;2023-01-04T01:00:00+01:00;2023-01-04T02:00:00+01:00;55.4;54.4;55.4;50.1;45.7;;61.41;67.1;70.23;63.15;51.29;61.32;63.55;61.31;59.72;58.46;53.23;61.98;61.77;60.37;58.22;54.95;49.25;53.96;58.06;59.76;62.81;57.73;57.41;59.26;56.96;62.14;58.5;57.38;63.14;60.62;54.78;59.74;59.98;60.9;61.81;57.45;56.9;55.2;56.1
O3;uur;µg/m³;2023-01-04T02:00:00+01:00;2023-01-04T03:00:00+01:00;57.2;55.4;51.1;51.1;50.2;;;;;;;;;;;;;;;;;;;;;;;;;;;;;;;;;;;;;;57;57.3;56.4
O3;uur;µg/m³;2023-01-04T03:00:00+01:00;2023-01-04T04:00:00+01:00;59.5;57.8;54.1;53;52.3;;60.49;64.7;68.81;61.58;55.2;59.52;62.52;59.65;60.45;59.56;61.7;58.31;60.6;57.74;67.9;63.01;61.13;60.61;63.34;69.1;62.28;60.32;54.02;56.99;56.97;59.97;;60.72;62.15;61.33;54.29;60.86;59.27;61.49;60.96;57.89;59.4;60;60
O3;uur;µg/m³;2023-01-04T04:00:00+01:00;2023-01-04T05:00:00+01:00;57.4;56.9;53;53.7;52.6;53.95;59.45;61.24;64.77;62.05;57;58.95;62.77;59.02;60.83;59.81;62.34;56.95;60.01;58.01;67.63;62.25;61.37;60.75;66.72;69.68;61.85;61.41;55.29;58.63;57.86;62.13;;59.87;61.27;60.33;53.05;60.36;62.74;61.76;60.15;57.74;62;63.5;62.7
O3;uur;µg/m³;2023-01-04T05:00:00+01:00;2023-01-04T06:00:00+01:00;58.5;58.1;47.1;55;56.6;51.52;58.29;59.73;62.38;63.41;57.29;58.69;60.86;58.5;61.31;60.01;66.15;54.92;60.76;60.03;70.19;63.24;57.25;62.15;66.55;71.23;64.22;62.22;57;60.37;57.79;64.43;59.97;58.13;62.37;60.93;52.14;59.81;66.89;61.15;64.59;57.81;63.2;63.9;63.6
O3;uur;µg/m³;2023-01-04T06:00:00+01:00;2023-01-04T07:00:00+01:00;59.4;55.2;52.3;56.8;54.4;51.3;57.8;58.24;61.07;63.85;56.2;57.88;58.73;59.09;61.16;60.72;64.68;49.63;60.72;56.3;70.67;63.66;58.44;60.48;70.77;72.48;65.72;61.26;54.37;55.72;55.38;61.29;57.14;57.01;62.14;60.37;52.53;63.38;68.73;60.69;66.56;60.32;66.7;65.8;65.9
O3;uur;µg/m³;2023-01-04T07:00:00+01:00;2023-01-04T08:00:00+01:00;58.5;56.6;44.2;54.2;60.4;50.93;57.83;56.79;60.58;63.07;57.01;56.42;60.63;57.71;64.94;59.33;67.89;53.77;62.31;61.09;72.01;64.69;55.45;59.47;71.55;71.81;64.05;60.89;53.18;55.82;55.79;60.69;57.79;56.52;60.87;60.17;52.01;62.61;;61.8;68.22;62.08;62.6;65.7;60.9
O3;uur;µg/m³;2023-01-04T08:00:00+01:00;2023-01-04T09:00:00+01:00;60.4;54.6;43.6;57.1;;50.89;57.51;54.53;59.07;64.66;56.07;57.18;60.58;59.98;67.38;63.01;66.67;53.64;62.95;62.2;75.14;67.42;57.17;62.7;71.35;74.44;65.46;61.52;54.13;57.2;55.6;62.89;59.99;56.47;61.63;60.1;52.16;62.56;;61.06;70.74;64.33;62.8;68;67.1
O3;uur;µg/m³;2023-01-04T09:00:00+01:00;2023-01-04T10:00:00+01:00;64.4;58.2;52.3;63.3;63.6;51.1;59.3;54.54;58.92;64.95;55.35;62.02;60.55;63.29;70.92;67.44;68.01;59.31;65.46;60.04;75.39;69.02;63.83;62.79;71.48;74.14;65.14;63.14;52.91;55.96;56.38;60.25;56.4;56.62;61.61;62.68;53.38;63.12;;61.23;69.49;63.96;64.1;68.2;67
O3;uur;µg/m³;2023-01-04T10:00:00+01:00;2023-01-04T11:00:00+01:00;65.9;53.7;55.9;62.2;55.5;51.95;59.97;56.14;59.55;63.5;52.24;63.11;58.5;63.73;71.31;65.28;65.68;65.37;70.83;62.43;73.89;64.17;59.22;62.61;70.54;73.41;64.36;71.15;55.24;58.33;64.34;61.86;59.24;57.57;62.16;63.04;51.65;61.93;;63.29;69.81;65.41;68.6;69.7;70.8
O3;uur;µg/m³;2023-01-04T11:00:00+01:00;2023-01-04T12:00:00+01:00;66.6;53.8;52.3;58.7;59.7;51.29;58.84;56.03;59.39;61.89;51.93;60.7;56.8;62.11;69.9;64.23;65.4;65.94;68.95;64.16;75.26;65.41;56.59;60.15;71.82;73.98;71.47;69.74;58.65;60.29;63.39;65.54;62.69;58.27;62.24;61.11;51.56;68.2;69.06;63.32;70.35;64.86;66.8;68.6;67.8
O3;uur;µg/m³;2023-01-04T12:00:00+01:00;2023-01-04T13:00:00+01:00;66.9;55.2;55.7;59.1;61.8;51.15;59.43;55.83;59.67;61.02;55;60.49;57.66;61.61;70.13;64.05;64.19;67.53;68.18;63.16;74.33;67.54;61.6;59.96;71.07;72.83;70.51;69.98;59.51;62.57;61.83;66.33;64.97;58.34;63.28;60.12;52.18;67.98;68.73;65.75;70.43;65.63;65.9;67.6;66.5
O3;uur;µg/m³;2023-01-04T13:00:00+01:00;2023-01-04T14:00:00+01:00;63.9;54.8;53.1;58.7;59.5;48.86;57.41;53.72;58.43;58.68;57.37;55.88;60.15;58;69.05;63.9;62.24;66.28;68.93;65.84;69.46;66.15;60.57;54.61;69.07;68.79;71.67;68.24;59.46;64.57;59.86;68.08;67.36;57.32;66.01;58.57;54.42;67.53;67.16;69.07;69.79;65.76;67.9;67.1;68.3
O3;uur;µg/m³;2023-01-04T14:00:00+01:00;2023-01-04T15:00:00+01:00;62.4;50.8;50;53;56.6;46.87;54.5;51.72;56.59;55.75;60.13;53.56;61.57;54.93;71.73;66.12;61.22;64.75;69.52;68.91;71.1;63.75;58.79;52.95;69.15;70.43;70.91;66.5;57.99;63.04;58.93;;65.37;56.97;67.54;58.22;59.12;69.36;66.5;69.97;68.28;64;68.8;66.3;69.1
O3;uur;µg/m³;2023-01-04T15:00:00+01:00;2023-01-04T16:00:00+01:00;65.3;50.1;48.2;52.6;59.1;47.11;52.85;50.34;53.78;55.52;62.03;53.7;63.57;56.85;71.17;65.46;59.84;64.24;70.57;69.68;71.28;59.48;58.09;52.73;67.34;70.88;69.62;63.77;54.23;61.53;57.5;61.73;66.4;57.62;68.76;58.07;58.94;67.63;;69.66;68.53;64.09;68.1;66.3;68.6
O3;uur;µg/m³;2023-01-04T16:00:00+01:00;2023-01-04T17:00:00+01:00;63.9;48.3;52.9;51.7;53.4;50.07;54.72;49.27;49.3;62.28;60.51;55.94;63.67;59.97;70.41;66.06;57.37;65.24;69.9;68.77;70.19;59.04;55.36;49.88;66.97;71.36;69.23;65.01;57.19;62.07;55.85;65.21;65.58;61.16;68.18;63.11;57.14;67.52;;69.01;66.19;61.44;67.9;66.7;69
O3;uur;µg/m³;2023-01-04T17:00:00+01:00;2023-01-04T18:00:00+01:00;63.1;45.8;52.4;52.6;51;51.03;60.48;57.99;56.97;62.08;62.84;61.68;61.37;63.8;69.74;65.28;56.54;54.91;69.33;66.89;67.67;55.36;42.19;49.12;66.2;66.94;67.72;;56.26;60.76;57.43;63.57;64.87;62.13;67.96;63.81;56.92;68.23;63.78;68.55;65.45;59.35;66.3;64.8;67.2
O3;uur;µg/m³;2023-01-04T18:00:00+01:00;2023-01-04T19:00:00+01:00;64.8;46.7;54.6;53.1;46.3;58.64;61.67;67.74;70.38;60.28;61.65;61.24;62.92;65.09;67.77;67.65;61.08;59.37;70.25;66.71;64.85;59.49;47.18;49.58;66.48;66.27;66.3;;54.5;58.1;58.52;60.75;64.71;62.19;66.76;64.05;56.13;66.62;63.41;68.9;65.1;59.55;65;63.1;64.8
O3;uur;µg/m³;2023-01-04T19:00:00+01:00;2023-01-04T20:00:00+01:00;63.2;49.9;57.4;52.4;44.3;58.95;61.66;66.58;70.16;62.36;58.64;62.25;62.91;64.88;66.82;65.33;64.68;56.71;67.28;65.97;65.18;61.03;50.35;52.99;66.39;63.49;66.15;;55.25;58.95;59.27;61.34;65.28;61.79;66.33;62.64;56;66.29;64.97;67.01;65.34;61.42;62.6;61.3;63.5
O3;uur;µg/m³;2023-01-04T20:00:00+01:00;2023-01-04T21:00:00+01:00;63.6;44.9;53.6;49.8;39.6;59.18;61.35;67.73;71.84;63.96;51.3;60.84;62.51;63.41;66.96;62.45;63.14;59.33;68.13;67.46;61.21;56.67;40.48;50.61;62.42;61.11;65.47;;58.69;59.64;56.94;65.19;63.9;59.13;65.67;64;55.71;63.89;63.16;65.68;64.52;61.34;62.2;60.3;62.1
O3;uur;µg/m³;2023-01-04T21:00:00+01:00;2023-01-04T22:00:00+01:00;61.1;50.3;55.5;54.9;45.8;58.49;60.22;67.56;71.28;63.83;60.28;60.33;63.8;63.48;62.47;61.98;61.58;54.99;65.06;66.55;61;57.94;57.69;57.22;62.62;57.69;65.65;;56.53;59.67;56.54;63.41;63.44;59.84;64.35;63.36;54.98;62.1;61.83;62.81;63.35;60.69;60.4;58.3;60.4
O3;uur;µg/m³;2023-01-04T22:00:00+01:00;2023-01-04T23:00:00+01:00;57.1;49.1;52.7;50.1;33.2;58.08;58.43;66.38;70;62.53;56.64;59.7;60.86;61.65;61.71;58.48;59.11;51.26;63.61;62.87;55.78;54.13;57.37;57.65;60.32;60.16;63.5;59.21;56.48;60.88;58.3;63.27;57.1;58.71;63.31;62.34;53;58.86;60.48;61.1;61.73;57.69;58.3;56.2;57
O3;uur;µg/m³;2023-01-04T23:00:00+01:00;2023-01-05T00:00:00+01:00;55.5;48.6;48.9;48.6;37.9;56.6;57.6;65.22;69.55;61.17;51.21;57.08;58;59.43;59.87;57.44;55.49;50.45;61.7;59.38;55.2;48.48;57.86;54.19;59.7;55.53;60;56.71;53.36;58.88;56.76;60.22;54.84;58.45;61.51;58.63;51.6;57.14;58.17;58.76;58.63;56.07;54.6;52.7;53.8
O3;uur;µg/m³;2023-01-05T00:00:00+01:00;2023-01-05T01:00:00+01:00;54.5;53.4;55.7;48.3;29.4;55.53;55.85;63.44;67.43;57.56;36.5;53.11;55.11;56.69;57.84;57.53;54.02;47.11;59.05;58.96;57.24;56.06;59.56;54.87;60.69;60.03;60.05;57.14;51.23;56.54;54.44;57.81;54.66;56.1;59.3;56.5;51.52;58.04;57.54;56.36;56.68;53.69;56.2;54.9;52.8
O3;uur;µg/m³;2023-01-05T01:00:00+01:00;2023-01-05T02:00:00+01:00;54.5;54.6;55.7;48.7;31.1;54.75;53.8;62.32;66.03;55.25;49.73;52.14;54.71;54.12;54.42;56.38;50.48;47.8;57.72;56.84;59.96;55.61;59.58;53.21;57.72;61.08;58.63;55.5;49.49;53.34;52.75;55.33;54.74;53.95;56.02;55.87;51.03;55.2;56.66;56.91;55.25;52.57;57.4;56.2;55.9
O3;uur;µg/m³;2023-01-05T02:00:00+01:00;2023-01-05T03:00:00+01:00;53.6;54.4;54.9;43.3;29.9;53.13;52.02;60.37;64.75;55.6;47.46;49.02;52.83;51.18;53.59;56.96;47.98;46.01;54.79;52.23;54.71;55.74;58.4;51.36;55.87;61.13;58.92;55.18;48.48;51.34;52.08;53.53;54.82;51.19;54.8;54.19;49.22;53.49;55.92;57.1;54.65;51.04;58.3;56.6;55
O3;uur;µg/m³;2023-01-05T03:00:00+01:00;2023-01-05T04:00:00+01:00;51;53.6;54.2;41.2;44.5;52.52;48.35;59.72;63.12;55.92;50.68;46.72;54.45;50.12;57.06;57.35;49.36;52.6;55.73;52.51;59.19;56.74;58.14;53.09;57.45;58.51;58.83;55.2;49.68;51.84;52.06;55.99;52.67;45.45;54.55;51.83;48.1;54.79;54.69;55.63;54.42;51.3;56.1;55.1;51.8
O3;uur;µg/m³;2023-01-05T04:00:00+01:00;2023-01-05T05:00:00+01:00;52.6;50.1;49.2;44.3;47.1;52.28;47.76;59.36;62.41;56.6;46.69;50.67;53.45;50.48;56.36;58.16;48.46;54.29;57.54;53.16;57.8;53.61;54.27;50.5;56.8;57.79;57.44;55.7;50.49;54.89;52.07;56.74;47.61;44.88;55.11;51.03;47.93;54.38;53.37;54.58;53.98;50.44;56;54.6;53.4
O3;uur;µg/m³;2023-01-05T05:00:00+01:00;2023-01-05T06:00:00+01:00;49.5;47.8;49.3;38.6;43.4;49.68;50.92;57.08;61.15;55.13;48.49;51.84;51.24;52.24;54.83;58.58;44.25;52.68;56.49;52.07;57.91;53.52;51.29;50.58;55.59;57.6;56.81;55.52;49.08;52.13;51.57;53.94;45.15;43.08;56.16;51.98;47.43;54.17;53.74;53.93;53.39;50.27;54.9;53.7;53
O3;uur;µg/m³;2023-01-05T06:00:00+01:00;2023-01-05T07:00:00+01:00;44;42.4;43.9;31.4;38;47.16;50.38;57.15;60.24;53.97;50.47;50.97;47.58;52.6;55.77;53.55;43.13;39.36;55.95;51.59;57.52;54.12;46.07;46.78;54.72;55.22;53.73;56.84;45.09;48.51;48.35;43.43;45.35;42.26;54.68;52.09;46.5;52.75;53.69;54.01;52.43;49.11;;52.4;52.2
O3;uur;µg/m³;2023-01-05T07:00:00+01:00;2023-01-05T08:00:00+01:00;39.5;32.5;37;31.5;41.9;46.41;50.61;55.95;56.98;53.85;41.7;49.57;39.6;51.41;57.48;54.71;48.71;42.82;57.32;48.16;56.43;49.1;39.28;48.61;52.46;52.45;52.67;54.47;42.53;45.3;46.09;45.7;46;39.59;52.91;48.57;45.58;51.87;50.1;53.75;51.61;48.21;51.9;49.8;47.7
O3;uur;µg/m³;2023-01-05T08:00:00+01:00;2023-01-05T09:00:00+01:00;40.1;28.8;36.1;29.5;39.2;46.36;49.61;53.7;56.48;51.62;47.77;48.36;38.31;49.34;54.87;51.19;42.27;37.82;55.15;44.19;55.59;44.86;36.23;41.75;51.87;50.19;50.35;51.63;38.13;42.94;42.79;41.23;42.15;38.6;52.82;45.2;44.25;51.05;50.37;52.49;51.37;46.11;49.3;46.7;44.7
O3;uur;µg/m³;2023-01-05T09:00:00+01:00;2023-01-05T10:00:00+01:00;44.1;28.8;37.9;29.8;38.3;44.41;48.41;51.45;54.59;49.28;40.34;45;37.33;48.95;53.61;47.23;46.14;39.79;55.27;44.91;57.35;45.08;39.51;42.2;52.91;49.31;48.4;50.3;34.08;40.7;42.75;46.2;39.8;34.22;50.77;43.75;42.81;47.28;48.58;51.73;52.7;45.96;48.5;44.7;44.8
O3;uur;µg/m³;2023-01-05T10:00:00+01:00;2023-01-05T11:00:00+01:00;45;35.3;41.8;34.8;35.6;44.58;47.95;51.27;53.11;48.29;38.06;44.31;36.06;48.06;47.43;47.46;45.45;43.54;52.63;45.04;56.41;42.06;42.2;42.74;51.03;49;47.57;51.7;33.01;40.68;44.74;48.5;37.13;36.66;49;44.9;43.61;45.96;48.05;52.13;56.7;45.7;47.7;43.7;44.7
O3;uur;µg/m³;2023-01-05T11:00:00+01:00;2023-01-05T12:00:00+01:00;45.7;37.1;45.1;35.1;28.1;45.59;48.02;52.44;55.11;50.38;35.78;45.52;42.19;47.71;47.87;50.4;40.77;37.18;53.24;47;57.16;44.88;45.82;36.97;48.16;48.66;47.19;52.74;39.28;40.68;44.7;49.3;38.28;43.81;49.41;43.81;40.89;46.75;50.29;51.27;55.55;48.94;49.7;44.8;44.3
O3;uur;µg/m³;2023-01-05T12:00:00+01:00;2023-01-05T13:00:00+01:00;45.8;41.5;47.4;36.2;23.6;48.01;50.3;51.87;54.67;52.13;40.4;44.96;43.09;47.67;46.55;51.22;47.72;35.39;53.68;49.53;56.11;49.8;48.48;45.47;52.1;51.52;49.5;52.81;42.85;41.29;45.95;50.02;40.98;40.44;46.02;44.76;40.03;45.36;46.84;53.89;55.23;48.81;49.3;44.1;46.7
O3;uur;µg/m³;2023-01-05T13:00:00+01:00;2023-01-05T14:00:00+01:00;41.5;32.4;34.9;35;20.2;45.15;51.89;51.77;54.39;54.86;42.74;46.57;45.79;48.5;52.1;50.28;50.06;37.36;48.6;45.29;45.51;37.38;39.45;33.33;52.54;50.95;52.75;52.26;38.66;42.49;46.19;50.85;43.06;37.75;47.42;47.65;39.6;46.36;47.19;52.48;54.6;46.86;54.3;47.3;50.1
O3;uur;µg/m³;2023-01-05T14:00:00+01:00;2023-01-05T15:00:00+01:00;41.8;30.9;29.6;33;28.6;40.81;49.16;51.02;55.48;52.79;49.42;44.69;42.74;44.59;54.06;52.96;40.56;33.66;48.01;44.88;50.93;42.39;35.42;29.55;53.04;45.61;54.71;43.95;38.06;39.73;38.8;44.8;43.46;31.93;48.3;46.88;39.55;46.02;47.77;51.61;53.35;45.76;50.7;41.5;45.9
O3;uur;µg/m³;2023-01-05T15:00:00+01:00;2023-01-05T16:00:00+01:00;44.7;30.8;31;31.7;25.5;42.27;43.83;51.83;54.51;44.83;33.3;41.26;48.4;43.68;37.69;45.99;43.85;40.67;56.63;44.23;54.31;42.51;31.58;29.11;43.36;52.83;52.24;43.59;34.89;36.65;31.59;44.11;41.1;31.22;47.46;44.65;33.14;41.79;42.6;44.62;48.88;41.52;47.7;42.3;46.6
O3;uur;µg/m³;2023-01-05T16:00:00+01:00;2023-01-05T17:00:00+01:00;34.7;23.7;22;21.8;25.1;43.21;42.22;47.34;50.14;41.11;26.48;40.75;34.68;41;54.72;48.31;30.91;17.28;41.6;37.56;58.82;35.83;24.78;20.43;41.72;53.62;46.43;44.45;35.31;37.3;28.03;44.88;45.13;34.54;39.77;42.82;30.46;36.13;42.45;41.94;41.26;39.34;37.5;43.9;36.9
O3;uur;µg/m³;2023-01-05T17:00:00+01:00;2023-01-05T18:00:00+01:00;38.5;27.3;16.5;24.7;31.7;38.88;44.75;41.01;40.77;39.7;37.98;37.28;28.14;36.5;57.84;57.01;30.55;25.26;45.89;25.15;47.18;28.67;28.79;23.6;51.85;41.27;39.13;46.19;37.64;29.58;27.22;46.17;35.2;33.35;37.49;35.91;32.99;24.58;41.29;38.94;36.35;34.76;37.3;28.4;38.5
O3;uur;µg/m³;2023-01-05T18:00:00+01:00;2023-01-05T19:00:00+01:00;46.5;37;31.4;35.9;33.4;33.77;42.59;33.66;39.29;38.23;47.6;34.9;25.83;34.15;60.74;71;37.51;44.76;57.15;39.53;48.8;36.09;41.48;26.97;49.18;32.76;45.89;33.55;29.42;23.81;20.1;35.63;30.14;33.74;40.9;36.77;33.34;28.45;50.88;32.4;37.22;35.37;39.1;28.8;36.3
O3;uur;µg/m³;2023-01-05T19:00:00+01:00;2023-01-05T20:00:00+01:00;50.3;41.5;32.2;33.8;32.1;28.12;37.96;30.31;39.11;39.5;66.35;33.67;41.93;42.71;63.58;59.32;37.45;50.29;55.04;40.09;48.74;43.38;44.22;31.81;41.73;41.04;43.4;39.72;32.96;29.52;30.38;38.71;46.35;36.93;36.4;35.19;30.94;35.65;47.16;26.76;36.78;35.82;33.9;28.8;33.8
O3;uur;µg/m³;2023-01-05T20:00:00+01:00;2023-01-05T21:00:00+01:00;56.2;47.8;35.5;52.3;40.9;32.24;44.34;37.55;40.98;63.25;55.44;58.76;62.88;67.91;60;57.15;39.73;55.82;60.1;51.49;49.86;49.97;48.26;42.79;36.84;52.43;40.42;42.15;42.72;46.95;37.37;51.1;44.75;40.94;35.2;34.04;32.4;35.44;42.13;40.58;39.04;32.75;39.2;31;38.1
O3;uur;µg/m³;2023-01-05T21:00:00+01:00;2023-01-05T22:00:00+01:00;53.3;51;42.5;45.4;43.6;37.5;63.57;49.73;48.08;56.56;51.56;64.87;56.66;63.78;56.23;58.28;47.1;53.03;63.61;58.62;56.91;59.52;50.63;49.38;45.19;59.47;52.43;50.47;44.57;47.27;40.23;53.66;50.74;37.19;34.68;41.23;32.14;36.45;36.05;38.77;38.64;34.14;45.1;34.2;37.9
O3;uur;µg/m³;2023-01-05T22:00:00+01:00;2023-01-05T23:00:00+01:00;55.8;52.7;39.3;41.9;49;44.75;62.28;59.66;62.98;52.88;48.52;55.22;55.98;56.08;57.79;57.27;54.96;54.53;57.57;63.47;58.49;58.91;51.43;55.63;48.36;62.67;55.23;54.63;48.64;53.29;45.19;57.54;54.21;37.2;48.9;55.45;31.03;46.55;38.54;38.34;42.63;36.32;49.9;39.2;45.3
O3;uur;µg/m³;2023-01-05T23:00:00+01:00;2023-01-06T00:00:00+01:00;56.3;55.3;46.2;50.9;50.5;50.01;54.58;61.85;65.3;54.17;50.87;52.73;53.43;54.79;61.69;59.51;60.1;53.02;55.51;62.67;64.41;61.21;52.67;58.23;57.42;66.89;57.45;57.17;50.55;56.39;50.35;58.77;55.68;45.98;60.43;55.67;32.04;52.54;49.13;42.23;44.8;38.58;56.8;55.4;55.1
O3;uur;µg/m³;2023-01-06T00:00:00+01:00;2023-01-06T01:00:00+01:00;60.2;56.5;49.3;47.6;52.5;50.08;52.84;64.06;65.33;54.88;55.81;50.13;58.36;51.73;55.1;56.94;63.57;56.56;61.7;61.99;63.63;63.4;59.21;62.91;63.98;66.02;61.94;60.29;51.82;60.04;55.19;60.06;58.95;57.11;57.89;53.84;45.98;54.31;52.37;43.83;51.87;45.67;62.4;58.6;59.8
O3;uur;µg/m³;2023-01-06T01:00:00+01:00;2023-01-06T02:00:00+01:00;54.3;49;51.9;41.2;44.4;53.41;53.31;58.74;66.36;58.63;56.01;51.72;57.36;53.99;57.05;57.23;61.28;47.96;57.48;53.95;64.78;59.23;55.45;57.83;61.54;69.53;62.68;60.96;55.79;58.72;56.68;63.36;54.94;53.25;56.76;56.28;49.7;59.46;61.58;44.68;55.82;51.79;63.8;61.7;62.8
O3;uur;µg/m³;2023-01-06T02:00:00+01:00;2023-01-06T03:00:00+01:00;51.9;46;50.1;47.6;52.8;54.58;55.06;59.87;67.43;60.61;58.22;55.41;54.94;57.23;59.06;58.88;57.88;48.89;59.89;54.74;65.8;58.96;50.67;55;63.85;67.72;64.26;56.6;51.23;53.97;53.86;58.08;52.81;52.96;53.72;58.39;48.45;61.69;61.8;54.24;62.35;57.72;62.4;58.6;60.1
O3;uur;µg/m³;2023-01-06T03:00:00+01:00;2023-01-06T04:00:00+01:00;55.4;52.3;54.3;42.3;54.8;56.6;57.22;55.03;62.03;62.31;55.31;59.57;56.95;59.79;60.16;58.52;56.66;59.86;61.28;59.7;63.51;59.39;48.15;56.31;63.15;61.36;61.52;57.2;53.74;58.02;55.12;60.42;55.09;54.91;57.8;57.28;47.52;62.34;63.32;58.14;62.62;61.54;56.9;55.7;57.5
O3;uur;µg/m³;2023-01-06T04:00:00+01:00;2023-01-06T05:00:00+01:00;59.9;55.3;55.5;52.1;55.2;53.93;58.4;59.56;64.48;61.09;57.09;58.82;59.27;59.95;61.56;59.88;58.33;59.53;61.22;60.91;65.41;61.14;50.72;57.21;59.41;64.2;62.11;59.8;54.55;56.52;55.28;60.61;56.13;55.68;60.15;59.35;49.5;59.82;58.81;58.15;64.86;61.44;59.2;54.5;55.4
O3;uur;µg/m³;2023-01-06T05:00:00+01:00;2023-01-06T06:00:00+01:00;59.8;55.2;53.8;49;58.9;55.07;58.51;57.38;62.72;63.88;58.13;58.51;62.45;60.02;64.15;61.5;61.14;57.5;60.67;57.97;66.74;63.88;56.31;55.99;65.29;66.31;60.37;60.43;55.04;58.21;55.99;61.37;56.2;57.12;61.13;59.38;52.3;58.63;61.18;57.19;64.27;60.63;61.4;58.9;60.6
O3;uur;µg/m³;2023-01-06T06:00:00+01:00;2023-01-06T07:00:00+01:00;60.6;54.7;52.3;50.4;54.7;53.93;58.36;57.69;61.94;65.51;57.61;59.54;60.98;60.93;62.66;60.43;61.35;55.88;62.86;57.73;67.85;63.16;56.52;56.32;64.04;67.99;61.19;60.21;56.21;58.57;55.29;63.37;56.87;57.57;61.13;60.2;52.05;60.25;61.78;59.64;63.43;59.03;61.2;59.2;60.6
O3;uur;µg/m³;2023-01-06T07:00:00+01:00;2023-01-06T08:00:00+01:00;59;55.1;43.8;53.4;45.6;54.12;57.04;57.69;61.5;62.92;54.94;57.29;56.59;59.46;60.66;59.91;62.3;53.34;60.4;58.89;67.31;60.4;50.31;54.78;70.64;68.25;63.58;58.52;53.3;56.74;53.81;61.48;56.89;58.11;62.63;61.63;52.07;58.52;60.42;60.16;62.68;55.46;59.2;59.2;58.7
O3;uur;µg/m³;2023-01-06T08:00:00+01:00;2023-01-06T09:00:00+01:00;59.6;39.1;51.1;39.1;39.4;52.3;56.44;56.1;61.78;57.58;52.59;55.18;55.69;56.97;69.42;59.37;59.14;50.17;60.68;58.43;76.27;56.48;54.97;56.87;81.26;70.6;64.93;60.95;50.68;54.24;56.18;57.78;58.51;56.31;59.2;59.65;52.08;61.59;71.38;58.82;71.88;57.77;65.9;62;61.5
O3;uur;µg/m³;2023-01-06T09:00:00+01:00;2023-01-06T10:00:00+01:00;63.4;48.7;55.4;43.2;26.6;49.13;54.58;54.09;60.65;57.46;55.67;54.15;56.78;53.8;69.3;59.71;56.08;35.71;67.59;60.39;74.73;49.77;53.97;52.62;78.8;71.99;70.69;59.05;47.08;49.96;50.67;58.11;53.9;53.07;57.83;54.67;49.94;67.3;72.48;63.09;76.53;69.61;66.8;60.2;64.1
O3;uur;µg/m³;2023-01-06T10:00:00+01:00;2023-01-06T11:00:00+01:00;59.2;52.4;55;45.1;20;46.42;52.64;50.33;55.45;56.52;54.66;54.36;56.91;55.65;67.75;57.83;58.57;50.55;69.12;62.29;74.35;51.32;56.49;50.55;75.46;69.69;72.74;62.74;44.52;48.25;53.31;52.2;54.88;51.88;56.57;53.63;53.76;72.89;71.68;73.79;73.6;70.62;64.4;61.1;61.8
O3;uur;µg/m³;2023-01-06T11:00:00+01:00;2023-01-06T12:00:00+01:00;59.6;42.1;45.2;60.1;43.4;47;53.59;52.04;53.58;60.81;55.04;54.44;62.79;56.18;65.14;59.38;67.91;54.38;67.85;65.25;69.83;51.78;59.39;55.61;73.79;70.39;73.8;59.35;50.61;55.97;55.32;59.78;60.22;54.84;59.06;63.38;58.45;70.63;68.98;76.91;70.4;70.61;67.5;62.9;68.6
O3;uur;µg/m³;2023-01-06T12:00:00+01:00;2023-01-06T13:00:00+01:00;65.3;50.3;57.1;59.6;54;46.93;57.06;47.73;52.07;67.58;62.41;58.07;68.48;60.29;70.7;66.07;63.77;64.04;69.82;67.54;69.73;66.17;68.48;46.06;74.21;68.55;73.92;60.09;52.96;56.58;48.92;64.08;64.34;61.26;65.5;65.11;60.37;71.48;68.56;75.36;71.85;70.78;68.1;64.7;67.5
O3;uur;µg/m³;2023-01-06T13:00:00+01:00;2023-01-06T14:00:00+01:00;63.3;49.7;56.3;64;55;43.84;61.38;50.5;50.42;68.41;67.65;63.53;68.89;62.19;68.19;70.1;64.52;66.2;72.22;70.01;74.29;70.4;61.06;53.3;72.47;70.02;68.47;67.88;57.76;63.4;55.29;68.06;67.67;59.82;67.42;66.42;56.98;68.81;;73.95;72.68;67.79;65.7;65.3;65.6
O3;uur;µg/m³;2023-01-06T14:00:00+01:00;2023-01-06T15:00:00+01:00;62;53.7;50.7;60;51.7;42.81;61.71;46.41;50.51;59.01;68.36;59.3;64.08;58.15;62.47;60.07;58.5;64.17;66.14;67.35;74.81;65.98;53.86;49.21;71.81;71.74;63.93;67.61;59.18;62.46;53.93;69.4;64.87;60.18;70.15;69.18;53.36;65.82;;70.95;69.95;67.27;64.8;63.6;67
O3;uur;µg/m³;2023-01-06T15:00:00+01:00;2023-01-06T16:00:00+01:00;57.9;52.3;50.8;56;54;38.11;56.36;46.46;48.4;57.36;62.11;55.01;65.13;51.5;65.41;59.7;58.31;55.58;60.26;62.97;65.75;62.38;49.64;46.1;71.27;68.5;66.74;56.8;53.2;56.16;46.37;65.39;58.5;62.29;68.94;59.56;52.92;61.78;;66.33;64.03;61.99;50.3;59.7;54
O3;uur;µg/m³;2023-01-06T16:00:00+01:00;2023-01-06T17:00:00+01:00;43.3;37.6;36.7;36.7;47.1;38.17;50.31;41.27;45.77;53.46;46.43;42.87;52.13;42.88;54.94;54.15;54.21;25.07;57.87;60.89;59.4;50.69;30.66;36.59;66.32;57.11;61.58;49.77;44.94;39.72;37.16;59.34;42.39;54.76;65.72;54.57;43.17;54.58;55.66;57.94;61.6;59.34;51.5;37.3;46.3
O3;uur;µg/m³;2023-01-06T17:00:00+01:00;2023-01-06T18:00:00+01:00;46.4;27.1;43.4;35.4;52.9;37.42;44.52;44.31;47.8;44.31;30.08;32.7;42.69;37.2;51.11;41.64;47.68;36.13;54.18;50.53;56.52;46.31;32.7;31.01;56.17;52.69;59.76;42.4;39.56;31.45;27.39;48.57;40.97;46.54;56.05;42.89;42.9;45.22;65.69;49.77;54.96;56.07;49.9;24.7;41.3
O3;uur;µg/m³;2023-01-06T18:00:00+01:00;2023-01-06T19:00:00+01:00;44.7;22.8;34.9;33.5;44.6;40.56;42.1;48.12;52.18;43.67;32.82;38.4;38;43.13;44.4;44.6;42.37;36.56;43.82;40.26;52.68;43.45;38.6;25.14;51.93;47.86;51.87;41.59;39.04;32.23;20.75;47.34;36.99;38.12;50.5;38.54;44.3;34.62;59.52;48.78;52.78;52.64;44.4;32.1;46.3
O3;uur;µg/m³;2023-01-06T19:00:00+01:00;2023-01-06T20:00:00+01:00;33.6;21.2;30.5;27.3;36.2;40.59;43.87;50.12;53.2;45.22;40.8;43.69;41.2;46.24;42.46;45.35;40.32;32.91;45.03;36.83;48.67;41.49;25.69;26.28;50.31;42.87;41.67;42.76;34.05;25.15;22.43;40.34;30.17;39.28;45.86;36.23;42.83;37.17;53.21;55.34;52.15;47.99;32.1;31.3;36.9
O3;uur;µg/m³;2023-01-06T20:00:00+01:00;2023-01-06T21:00:00+01:00;39.6;29.2;39.5;35.2;37.9;40.35;46.1;51.06;54.62;45.57;39.62;45.78;42.94;46.54;46.62;44.38;37.1;34.54;45.04;43.35;41.01;38.79;39.52;28.59;41.23;40.79;46.93;33.09;25.9;26.18;19.28;32.69;29.85;38.36;37.65;41.31;38.04;41.39;50.26;53.07;42.65;42.88;34.8;30.2;36.6
O3;uur;µg/m³;2023-01-06T21:00:00+01:00;2023-01-06T22:00:00+01:00;41.9;31.7;42.4;38.6;40.6;43.44;45.56;51.42;56.55;44.24;36.18;41.13;41.77;42.64;42.01;45.9;48.96;29.22;46.49;38.17;48.26;46.18;43.22;42.12;35.7;45.59;41.08;41.92;35.37;36.88;31.15;41.72;38.43;40.93;42.11;48.55;33.62;40.5;51.54;52.46;40.32;43.44;33.8;29.5;34.3
O3;uur;µg/m³;2023-01-06T22:00:00+01:00;2023-01-06T23:00:00+01:00;42.3;33.2;40.7;36.4;36.7;42.8;43.72;53.04;57.01;43.07;28.5;42.51;43.71;43.97;44.61;48.08;49.9;35.55;44.1;38.98;55.38;47.46;41.03;41.99;36.22;55.44;42.7;41.48;37.27;39.33;39.23;43.1;40.28;43.27;46.32;43.85;33.96;33.48;44.78;40.84;43.39;45.46;44.2;37.8;44.2
O3;uur;µg/m³;2023-01-06T23:00:00+01:00;2023-01-07T00:00:00+01:00;44.3;39.1;39.8;39.5;41.9;41.33;46.64;51.11;54.94;44.11;27.49;44.3;44.97;44.59;44.97;49.76;46.3;42.77;44.66;41.09;56.82;45.96;34.27;39.81;51.3;57.6;47.22;44.89;37.93;38.18;40.48;43.83;39.72;41.73;43.28;42.45;36.83;34.92;40.96;35.19;42.95;42.38;48.4;43;46.1
O3;uur;µg/m³;2023-01-07T00:00:00+01:00;2023-01-07T01:00:00+01:00;44.1;37.6;38.9;37.7;41.1;41.34;46.3;50.45;54.77;44.32;35.92;43.5;46.92;45.12;47.71;49.27;43.73;42.13;46.82;40.39;54.96;43.66;30.44;39.83;41.61;53.97;46.47;43.82;37;37.98;41.95;41.74;36.12;42.16;44.34;43.84;38.05;42.23;45.61;41.89;37.84;36.09;48;43.7;46.5
O3;uur;µg/m³;2023-01-07T01:00:00+01:00;2023-01-07T02:00:00+01:00;40.8;35.9;38.4;39;43;43.77;45.68;50.47;54.79;44.71;29.5;43.68;44.49;42.88;49.87;48.59;42.8;43.5;43.75;41.54;49.27;45.74;36.06;42.26;42.69;49.36;46.6;42;34.79;36.96;39.87;40.41;37.13;44.03;42.61;42.88;37.92;43.46;46.81;44.67;39.29;35.96;43.9;42.2;43.8
O3;uur;µg/m³;2023-01-07T02:00:00+01:00;2023-01-07T03:00:00+01:00;39.7;33.4;38.2;40.4;36.3;44.38;46.11;51.04;55.03;44.67;32.48;44.43;45.41;43.22;47.23;50.83;43.05;42.47;40.55;40.85;49.25;43.63;40.51;44.25;50.03;48.6;44.86;41.21;35.81;36.31;32.82;40.57;34.3;43.46;43.53;44.98;36.88;43.83;47.65;44.73;43.38;39.26;44.7;41.3;43.5
O3;uur;µg/m³;2023-01-07T03:00:00+01:00;2023-01-07T04:00:00+01:00;39.8;36;39.1;37.9;35;44.19;44.92;51.29;55.86;45.05;36.05;44.98;45.87;43.94;50.22;50.56;43.53;43.94;45.43;41.35;49.55;41.94;40.34;43.23;42.76;49.51;43.43;38.42;36.5;39.12;30.81;41.65;37.27;44.09;45.61;42.73;37.73;43.04;45.99;44.01;51.28;43.4;42;41.1;42.9
O3;uur;µg/m³;2023-01-07T04:00:00+01:00;2023-01-07T05:00:00+01:00;40.1;39.5;39.2;39.2;36.5;42.09;43.89;51.43;56.9;46.19;40.17;45.67;44.31;44.7;47.25;47.33;42.43;46.72;41.83;41.74;48.38;40.12;41.78;40.8;43.64;43.67;43.43;36.06;37.78;38.12;33.47;42.52;37.78;43.58;46.07;43.29;39.12;41.38;43.29;43.52;50.69;45.3;39.9;39.1;40.7
O3;uur;µg/m³;2023-01-07T05:00:00+01:00;2023-01-07T06:00:00+01:00;39.9;35.4;39.7;37.9;34;44.39;43.02;59.37;62.95;48.62;37.95;47.2;46.64;47.02;46.51;42.88;40.04;40.32;39.77;41.85;45.72;41.76;42.97;36.85;42.39;45.62;46.29;39.4;38.55;39.21;33.94;42.5;36.94;40.29;45.26;43.6;39.95;42.6;42.14;43.97;47.29;45.49;36;35;36.5
O3;uur;µg/m³;2023-01-07T06:00:00+01:00;2023-01-07T07:00:00+01:00;40.6;34.1;39.9;35.5;26.9;51.11;45.42;59.48;64.48;51.06;36.68;50.99;50.62;50.29;38.95;48.54;33.54;40.53;40.61;44.98;44.01;41.37;43.02;37.13;37.59;43.85;44.83;39.27;39.01;39.27;32.52;43.84;36.5;39.87;46.03;45.8;40.91;44.37;44.95;45.8;46.08;43.46;38.6;35.8;36.9
O3;uur;µg/m³;2023-01-07T07:00:00+01:00;2023-01-07T08:00:00+01:00;41.1;35.7;39.7;33.5;29.8;51.53;50.01;57.67;60.99;53.78;44.17;54.29;55.69;53.89;44.31;54.84;35.38;42.27;43.2;50.87;43.99;45.21;40.38;39.48;38.61;40.96;45.15;42.52;40.4;42.26;36.31;46.47;41.24;39.93;50.39;48.2;39.95;43.54;44.94;44.77;46.15;44.92;38.9;37.2;38.8
O3;uur;µg/m³;2023-01-07T08:00:00+01:00;2023-01-07T09:00:00+01:00;50.4;38.6;48.3;43.4;30;51.65;54.26;57.9;62.85;54.61;45;53.92;56.15;53.89;54.1;57.27;43.37;48.59;50.15;54.29;44.12;50.9;52.48;43.37;39.73;41.53;51.2;45.38;46.03;48.36;41.67;52.2;47.46;38.9;55.24;52.63;39.52;43.35;46.52;44.61;47.28;45.52;40.1;38.1;42.5
O3;uur;µg/m³;2023-01-07T09:00:00+01:00;2023-01-07T10:00:00+01:00;51.9;43.3;47;43.5;41.2;52.87;53.19;56.51;61.95;56.09;51.3;52.72;54.84;55.3;58.12;62.34;50.86;52.39;53.49;53.09;52.17;59.5;55.71;51.83;43.42;49.7;54.29;51.43;48.5;48.94;41.57;55.02;46.93;42.53;57.93;52.84;40.98;43.58;49.75;44.28;47.38;44.98;47;44;48.7
O3;uur;µg/m³;2023-01-07T10:00:00+01:00;2023-01-07T11:00:00+01:00;58.1;46.9;52.7;49.8;40.9;51.38;56.69;58.22;60.06;54.41;55.61;54.17;58.12;57.75;60.62;62.58;54.62;55.45;59.5;59.45;55.77;61.98;60.88;55.87;49.99;51.18;57.35;50.49;49.67;50.8;48.25;56.97;51.57;46.24;58.3;52.2;42.29;50.88;53.93;48.72;46.65;44.55;53.1;47.8;52.4
O3;uur;µg/m³;2023-01-07T11:00:00+01:00;2023-01-07T12:00:00+01:00;58.7;50.9;58.8;54.6;47.1;53.72;59.24;60.89;64.42;62.26;53.98;60.02;59.99;58.85;62.69;59.96;58.59;62.1;63.61;59.17;64.79;63.98;61.5;57.97;58.29;57.3;62.22;55.62;53.75;54.46;52.35;60.07;52.09;50.29;58.71;57.38;46.21;55.58;58.14;56.55;49.22;46.79;53.5;49.8;54.9
O3;uur;µg/m³;2023-01-07T12:00:00+01:00;2023-01-07T13:00:00+01:00;56.1;49.2;55.4;50.7;49.2;55.7;60.95;57.78;61.98;60.91;49.86;57.32;58.44;58.6;55.92;55.87;55.59;59.16;58.6;57.87;66.56;60.94;59.13;54.66;63.75;61.21;64.76;56.85;54.38;55.21;53.78;61.13;54.74;48.63;62.91;62.1;51.84;58.56;64.79;57.36;55.46;50.99;59.1;53.6;57.3
O3;uur;µg/m³;2023-01-07T13:00:00+01:00;2023-01-07T14:00:00+01:00;51.1;47.1;50.3;49.8;46.1;50.97;58.49;57.7;59.85;58.88;52.92;54.72;58.08;56.28;56.82;57.5;50.96;56.01;57.31;55.76;62.5;56.04;53.32;49.55;62.35;57.14;65.36;55.21;53.53;54.38;49.85;60.07;51.86;51.63;63.46;61.34;52.88;60.74;64.99;57.09;56.75;53.46;54.1;50.9;56.7
O3;uur;µg/m³;2023-01-07T14:00:00+01:00;2023-01-07T15:00:00+01:00;52.7;43.6;49.3;49;44;50.47;54.07;55.29;58.7;56.27;54.82;51.5;57.45;53.87;57.43;57.37;48;54.03;57.91;56.66;59.25;53.92;55.21;49.03;58.37;55.57;62.43;52.33;50.72;52.23;49.1;56.56;50.56;51.36;60.38;57.32;50.4;57.59;62.59;58.99;58.64;56.77;50;48.5;52
O3;uur;µg/m³;2023-01-07T15:00:00+01:00;2023-01-07T16:00:00+01:00;50.5;45.9;42.3;47.4;37.6;48.22;51.33;53.02;55.95;53.94;50.87;48.32;55.48;51.77;56.41;55.67;48.05;53.82;55.78;55.61;55.71;54.05;53.99;46.26;57.41;52.75;59.81;51.29;48.53;48.93;48.87;53.56;49.3;49.86;55.75;51.78;47.11;55.38;59.23;60.02;56.41;54.45;50.4;46.5;50
O3;uur;µg/m³;2023-01-07T16:00:00+01:00;2023-01-07T17:00:00+01:00;53.7;43.9;49.8;47.4;42.4;44.9;49.06;52.52;56.12;52.22;45.56;46.01;51.9;49.96;56.33;54.04;48.59;52.42;54.78;53.89;55.4;55.08;56.93;49.34;55.61;53.16;56.77;49.64;45.2;45.7;47.64;51.05;46.86;47.36;53.28;49.26;45.3;52.96;57.08;55.43;54.43;51.47;46.7;46.3;48.3
O3;uur;µg/m³;2023-01-07T17:00:00+01:00;2023-01-07T18:00:00+01:00;51.6;41.6;48.8;46.3;43.6;45.74;49.31;53.14;56.27;52.09;48.43;45.58;51.03;49.87;50.44;50.98;49.26;52.35;52.62;51.06;57.37;52.65;54.07;47.04;52.09;51.29;54.62;49;43.27;43.46;42.84;48.8;47.36;45.82;51.51;48.31;45.11;50.15;55.67;51.55;52.15;48.65;48.3;43.5;49
O3;uur;µg/m³;2023-01-07T18:00:00+01:00;2023-01-07T19:00:00+01:00;48.8;40.2;48.3;43.7;40.4;46.53;47.45;53.93;56.1;50.16;41.09;46.6;51.62;48.64;48.02;46.65;47.6;49.84;49.35;52.62;53.8;49.81;50.65;44.04;51.49;52.86;52.54;49.07;43.2;43.66;38.56;48.96;46.43;45.3;48.91;46.52;46.21;48.35;53.71;49.28;49.53;47.3;49;45.5;49
O3;uur;µg/m³;2023-01-07T19:00:00+01:00;2023-01-07T20:00:00+01:00;47.9;38.3;43.3;32.3;44;45.98;48.6;55.37;56.18;50.26;40.96;46.82;49.44;48.11;46.45;48.24;43.92;46.56;46.5;48.92;51.99;49.33;44.08;42.92;50.65;50.09;51.6;48.32;44.28;44.82;35.26;49.45;44.5;45.77;48.52;45.03;45.01;48.31;52.71;46.99;49.78;45.49;49;44.8;47.4
O3;uur;µg/m³;2023-01-07T20:00:00+01:00;2023-01-07T21:00:00+01:00;47.4;39.4;44.9;41.4;37.3;48.59;49.66;55.41;56.62;52.65;46.2;49.58;51;50.62;49.31;49.97;42.7;48.55;47.97;49.59;48.65;47.51;47.01;42;48.92;48.91;51.82;45.81;43.05;44.11;33.92;48.41;44.12;43.53;50.02;47.26;42.71;47.44;51.76;47.74;50.99;46.4;46.4;42.5;45.6
O3;uur;µg/m³;2023-01-07T21:00:00+01:00;2023-01-07T22:00:00+01:00;46.6;42.7;46.9;45;36.9;47.95;52.46;54.98;57.08;53.99;47.54;53.04;52.44;54.06;51.04;51.23;47.11;50.85;50.11;53.26;50.49;46.93;49.54;43.55;46.17;50.18;51.74;46.57;45.33;46.74;38.2;50.46;46.41;42.9;50.69;50.87;42.32;48.09;51.09;47.33;50.16;48.1;46.3;41.9;44.1
O3;uur;µg/m³;2023-01-07T22:00:00+01:00;2023-01-07T23:00:00+01:00;50;42.8;49.3;44.2;39.3;49.43;50.82;55.97;57.24;56.06;47.06;53.19;55.56;53.55;54.78;51.74;48.17;53.29;54.37;54.59;52.25;46.84;49.25;46.77;46.67;52.28;52.01;48.67;47.01;49.64;40.07;52.97;49.38;44.31;52.51;53.26;42.92;49.12;50.31;48.11;49.18;47.24;48.1;45.1;47.9
O3;uur;µg/m³;2023-01-07T23:00:00+01:00;2023-01-08T00:00:00+01:00;60.3;50.1;53.2;60.3;71.4;49.82;51.95;57.17;59.07;56.13;46.48;52.52;56.4;53.06;72.9;55.55;64.77;54.24;62.2;54.2;59.95;63.81;58.18;61.48;49.6;56.54;53.95;50.48;48.4;51.32;42.51;54.82;49.95;50.81;55.63;52.58;47.29;50.01;52.07;49.24;49.36;46.59;50.8;49.3;52
O3;uur;µg/m³;2023-01-08T00:00:00+01:00;2023-01-08T01:00:00+01:00;71.8;66.5;61.5;61.2;64.4;49.72;53.15;57.9;61.67;57.54;58.79;54.21;55.75;55.12;59.57;69.41;71.05;64.47;67.47;66.46;76.11;73.63;67.2;68.53;55.39;72.99;55.22;66.46;57.65;64.22;59.49;65.08;66.17;52.44;54.3;52.37;48.12;52.8;54.31;50.86;51.33;46.87;67;61.5;68
O3;uur;µg/m³;2023-01-08T01:00:00+01:00;2023-01-08T02:00:00+01:00;59.7;49.5;57.4;55.6;57.5;51.04;54.79;58.28;62.45;57.12;63.41;55.15;62.32;54.82;60.34;69.1;63.81;55.34;63.41;61.06;72.34;63.32;52.96;57.23;72.25;74.05;72.82;64.11;60.64;62.27;64.49;67.98;54.5;51.37;56.56;54.47;48.18;59.35;65.67;53.43;53.09;49.55;68.2;66.3;69.7
O3;uur;µg/m³;2023-01-08T02:00:00+01:00;2023-01-08T03:00:00+01:00;61.5;50.6;55.3;47.3;51.5;;;;;;;;;;;;;;;;;;;;;;;;;;;;;;;;;;;;;;63.8;59;62.1
O3;uur;µg/m³;2023-01-08T03:00:00+01:00;2023-01-08T04:00:00+01:00;64.1;54.9;61.4;56.2;56.3;;61.79;59.99;63.18;76.77;;72.13;65.11;71.84;67.79;65.12;51.23;64.93;;59.3;58.47;56.29;60.37;56.91;62.62;58.46;64.05;61.51;62.27;65.91;51.27;68.07;57.2;52.95;64.89;59.88;49.62;61.27;69.41;71.82;62.85;58.84;55.6;49.4;53.4
O3;uur;µg/m³;2023-01-08T04:00:00+01:00;2023-01-08T05:00:00+01:00;70.5;61.1;63.8;57;67.2;52.67;70.31;62.57;67.21;71.6;50.58;73.8;69.41;72.29;65.54;61.15;67.33;56.2;70.44;54.19;59.54;72.85;64.21;67.08;55.18;57.19;65.79;63.66;59.51;57.35;58.55;64.22;52.4;55.25;61.76;72.28;47.68;50.68;60.76;57.64;65.72;66.15;63.6;59.9;62.4
O3;uur;µg/m³;2023-01-08T05:00:00+01:00;2023-01-08T06:00:00+01:00;61.4;54.9;59.4;62.4;63.7;;68.04;64.86;69.2;68.9;50.48;68.24;63.29;66.75;59.7;63.72;67.55;60.08;60.94;58.64;67.03;66.88;52.47;64.82;55.49;63.76;62.2;62.12;57.08;;58.07;63.16;52.66;67.76;69.65;67.31;59.9;53.18;63.71;60.13;61.52;58.94;65.5;60.4;64.3
O3;uur;µg/m³;2023-01-08T06:00:00+01:00;2023-01-08T07:00:00+01:00;55.8;47.2;53.6;51.3;59.4;;59.29;70.66;71.13;71.59;56.68;66.71;64.43;67.74;61.15;70.1;54.94;54.55;58.89;55;67.73;61.65;49.15;56.58;59.18;67.14;61.14;46.8;56.02;56.14;44.96;61.8;49.22;65.85;66.78;63.67;60.02;51.66;68.19;62.66;57.66;52.04;63.4;59.1;61.8
O3;uur;µg/m³;2023-01-08T07:00:00+01:00;2023-01-08T08:00:00+01:00;55.6;48.6;54.4;52.9;55.4;;68.97;72.59;75.85;72.85;56.91;72.58;69.2;72.46;69.34;69.42;52.94;59.15;65.77;62.24;63.69;53.86;50.45;53.11;62.68;61.97;63.6;46.01;48.19;46.03;39.07;52.33;43.27;58.57;62.72;63.91;56.79;57.06;69;70.74;58.36;55.39;53.4;55;56.9
O3;uur;µg/m³;2023-01-08T08:00:00+01:00;2023-01-08T09:00:00+01:00;58.3;52.8;56.6;59.1;52.9;62.96;72.19;71.02;74.84;74.19;52.9;73.39;72.68;69.42;66.73;65.85;57.88;65.84;67.11;63.73;61.89;57.84;59.63;58.39;58.49;57.58;58.66;53.24;49.62;50.99;37.04;53.75;52.21;61.17;63.98;65.68;54.68;53.67;60.33;67.58;57.43;54.76;50.5;50.9;50.5
O3;uur;µg/m³;2023-01-08T09:00:00+01:00;2023-01-08T10:00:00+01:00;59.6;54;61;52.2;52.5;56.95;66.47;67.34;70.56;71.4;55;67.75;66.11;64.74;64.04;61.85;56.45;65.77;66.35;64.26;65.21;61.48;61.34;57.46;55.21;57.21;63.08;51.02;55.9;56.88;43.41;60.93;58.57;63.98;69.31;70.02;54.91;52.07;58.2;65.27;53.52;55.47;54.2;54.7;57.5
O3;uur;µg/m³;2023-01-08T10:00:00+01:00;2023-01-08T11:00:00+01:00;59.4;53;58.6;54.1;53.2;57.33;64.25;64;67.98;64.99;55.23;63.57;61.5;62.55;62.54;61.22;58.37;64.21;64.81;63.72;65.54;60.14;62.78;56.23;57.99;62.58;68.13;55.71;58.87;59.36;46.64;63.67;53.3;69.73;70.8;65.9;60.61;61.06;61.06;66.93;56.52;57.18;57.2;53.6;56
O3;uur;µg/m³;2023-01-08T11:00:00+01:00;2023-01-08T12:00:00+01:00;61.2;51.7;58.7;54.2;51.9;55.42;62.14;64.99;68.98;64.4;58.92;66.57;63.47;66.27;63.17;65.91;59.44;64.03;65.95;62.21;67.26;61.51;62.39;58.97;64.08;62.62;68.71;56.82;59.56;59.34;48.68;65.82;53.83;66.51;68.99;59.53;61.49;66.16;64.38;69.96;60.07;61.5;59.1;53.2;56.6
O3;uur;µg/m³;2023-01-08T12:00:00+01:00;2023-01-08T13:00:00+01:00;60.1;54.1;60.9;57.8;60.8;60.8;67.13;66.51;70.98;70.59;63.43;69.14;66.46;69.77;67.01;68.67;60.19;65.2;68.84;65.11;67.98;62.66;59.05;57.98;62.27;65.32;68.7;58.38;58.68;59.2;49.37;65.9;58.93;63.02;67.6;62.31;58.84;66.96;66.5;73.63;66.05;64.58;58.5;54.1;60.3
O3;uur;µg/m³;2023-01-08T13:00:00+01:00;2023-01-08T14:00:00+01:00;63.9;57;62.8;62.3;62.4;62.17;68.32;68.98;70.11;72.9;64.8;69.2;72.61;70.96;68.21;69.62;65.08;67.19;70.72;73.22;69.84;69.58;64.25;59.43;64.82;68.06;68.14;63.8;59.52;58.62;51.3;66.16;60.8;62.81;69.64;68.24;59.66;66.75;67.74;71.25;69.39;66.85;63.5;60.8;66.9
O3;uur;µg/m³;2023-01-08T14:00:00+01:00;2023-01-08T15:00:00+01:00;66.4;58.4;65.2;63.2;54.8;60.95;70.76;68.57;69.75;73.95;65.18;72.91;72.75;73.58;69.09;70.43;64.9;68.9;71.31;72.34;71.04;67.04;67.13;59.82;64.82;67.45;69.47;64.63;59.33;58.95;54.02;68.24;64.6;63.86;71.83;68.91;59.57;64.58;68.18;69.46;67.55;66.33;66.8;61.5;67.9
O3;uur;µg/m³;2023-01-08T15:00:00+01:00;2023-01-08T16:00:00+01:00;64.5;54;63.7;59.9;63.9;62.72;70.94;69.04;71.76;73.69;65.26;71.74;72.46;72.56;69.78;70.37;60.49;67.56;70.03;69.84;68.68;67.17;66.75;57.52;62.87;65.21;69.73;62.62;62.39;61.18;50.98;69.68;63.67;66.25;71.56;72.1;59.86;61.69;66.57;68.45;65.11;64.26;65.4;60.5;66.4
O3;uur;µg/m³;2023-01-08T16:00:00+01:00;2023-01-08T17:00:00+01:00;63;52.4;61.3;51.3;58.7;60.03;67.03;69.27;71.76;68.73;63.1;65.97;68.67;68.2;68.36;69.73;57.5;67.86;68.19;69.55;67.57;66.45;62.08;57.48;62.67;64.41;70.06;58.7;59.72;57.07;43.61;65.87;58.65;65.91;71.73;67.51;57.45;59.08;61.43;68.48;62.58;57.62;60.9;57.4;64.3
O3;uur;µg/m³;2023-01-08T17:00:00+01:00;2023-01-08T18:00:00+01:00;64.8;49.4;61;46;49.9;;64.52;66.22;68.5;67.04;61.81;64.84;66.12;66.31;66.93;67.78;54.19;60.82;64.93;67.29;65.94;66.49;64.61;55.25;61.35;63.8;66.26;57.82;53.92;50.18;48.84;59.41;55.46;61.07;68.62;61.34;55.34;54.49;64.45;66.81;59.38;55.06;57.9;50.2;58.6
O3;uur;µg/m³;2023-01-08T18:00:00+01:00;2023-01-08T19:00:00+01:00;65.1;50;59.4;55.6;44.6;55.45;62.59;65.27;68.02;67.62;55.22;59.07;68.12;62.81;64.83;65.71;53.48;62.94;65.49;66.15;66.54;66.76;62.2;56.81;58.39;62.08;65.44;59.26;54.36;54.87;55.12;59.37;57.29;57.2;64.11;60.33;57.36;55.18;66.13;62.57;57.13;55.89;54.1;54.5;60.7
O3;uur;µg/m³;2023-01-08T19:00:00+01:00;2023-01-08T20:00:00+01:00;61.9;52.9;55;54.3;44;54.15;59.88;62.67;67.14;67.45;54.21;54.36;67.14;57.99;61.82;65.82;52.99;62.59;65.38;65.41;65.44;63.33;57.9;58.19;58.96;58.87;63.97;57.93;55.54;56.11;57.8;60.07;58.51;57.26;62.43;61.93;55.51;55.28;65.4;60.22;56.96;56.56;56.7;51.6;57.1
O3;uur;µg/m³;2023-01-08T20:00:00+01:00;2023-01-08T21:00:00+01:00;61.5;53.9;58.1;59.5;48.5;52.18;55.63;59.42;65.85;66.36;55.41;49.2;65.86;54.43;62.58;65.17;52.34;63.44;62.25;64.34;62.62;63.35;59.39;56.11;61.84;60.82;65.36;59.26;56.93;58.47;57.91;62.27;56.7;54.15;62.71;58.71;54.14;55.64;63.34;58.59;60.6;56.53;;55.6;60.2
O3;uur;µg/m³;2023-01-08T21:00:00+01:00;2023-01-08T22:00:00+01:00;59.3;52.7;55.9;56.2;52.9;50.47;53.21;62.98;65.75;63.68;58.18;51.29;62.91;56.35;62.83;71.57;51.69;61;62.52;62.48;63.86;60.72;59.03;54.73;63.79;59.75;64.83;57.11;56.15;56.83;58.16;61.39;55.46;42.68;62.07;56.96;54.68;56.7;61.84;57.83;61.87;58.23;60.5;55.5;58.4
O3;uur;µg/m³;2023-01-08T22:00:00+01:00;2023-01-08T23:00:00+01:00;58.2;53.6;55.8;54.4;60.8;52.44;54.26;56.66;67.88;61.96;67.5;54.45;61.07;57.47;69.83;74.35;63.36;56.99;69.04;62.58;64.77;60.13;59.05;60.52;62.96;60.04;63.34;57.59;54.08;56.05;56.94;59.47;56.14;35.91;59.69;57.07;50.47;54.48;60.87;55.48;60.43;56.81;60.5;55.5;59
O3;uur;µg/m³;2023-01-08T23:00:00+01:00;2023-01-09T00:00:00+01:00;67.3;56.2;61.3;61.9;66.2;52.8;54.81;64.17;71.59;66.61;63.17;59.97;73.81;60.75;68.66;69.8;69.57;52.52;76.24;72.52;72.44;71.64;67.77;66;62.67;70.55;63.1;59.35;59.24;61.26;52.74;64.62;63.97;49.41;58.76;56.53;49.8;52.32;62.84;50.13;58.61;56.32;61.9;58.3;62.2
O3;uur;µg/m³;2023-01-09T00:00:00+01:00;2023-01-09T01:00:00+01:00;70.4;64.7;60.7;57.3;61.4;56.37;63.41;69.45;73.83;64.9;57.32;66.67;66.19;67.04;68.09;66.06;67.62;56.78;67.48;72.29;71.87;72.59;66.04;66.63;67.05;73.36;64.61;64.04;68.02;71.98;62.67;74.91;67.1;40.15;61.96;60.13;51.67;52.03;61.38;49.3;56.64;51.07;60.6;57.7;61.9
O3;uur;µg/m³;2023-01-09T01:00:00+01:00;2023-01-09T02:00:00+01:00;67.7;62.2;60.5;60.9;61.8;59.73;66.5;67.98;71.08;66.82;58.31;69.71;58.13;68.1;65.54;60.8;62.53;57.97;68.62;69.27;65.29;68.34;65.22;60.05;74.55;69.63;68.64;58.2;65.14;67.51;61.66;71.41;62.45;50.85;68.78;70.09;56.04;61.48;61.25;52.77;57.95;59.81;68.6;65.7;67.4
O3;uur;µg/m³;2023-01-09T02:00:00+01:00;2023-01-09T03:00:00+01:00;63.7;56;60.6;60.4;60.6;61.6;64.84;63.87;72.02;64.22;56.34;64.02;60.72;63.07;62.93;62.67;59.96;63.2;63.37;58.37;60.82;63.7;60.2;58.34;75.35;63.47;68.93;59.22;61.65;62.23;55.29;66.93;54.11;56.46;68.12;66.17;59.41;64.67;61.87;64.85;61.33;71.03;62.5;60;62.7
O3;uur;µg/m³;2023-01-09T03:00:00+01:00;2023-01-09T04:00:00+01:00;57.8;47.5;54;56.5;57.5;58.02;61.62;64.19;73.6;61.88;49.35;62.13;62.87;60.5;62.21;65.13;57.93;60.26;64.52;56.47;63.49;58.71;53;58.75;58.05;60.95;66.01;58.83;53.52;51.68;52.15;57.95;49.27;60.91;60.09;63.33;55.86;59.78;65.05;61.43;59.32;59.99;59.2;55.7;59.3
O3;uur;µg/m³;2023-01-09T04:00:00+01:00;2023-01-09T05:00:00+01:00;60.8;51.8;54.8;57.7;50.5;58.51;60.5;68.56;73.66;60.67;52.81;61.34;63.56;62.22;65.14;66.3;56.1;64.06;64.32;54.61;62.98;55.64;60.66;57.44;56.57;59.06;58.07;52.13;49.91;51.51;42.94;54.45;50.28;58.29;59.2;58.39;53.31;59.01;63.84;63.82;56.44;58.37;55.9;57.1;59.2
O3;uur;µg/m³;2023-01-09T05:00:00+01:00;2023-01-09T06:00:00+01:00;62.8;53.8;57.8;57.3;55.3;58.19;61.64;68.18;72.46;62.95;56.57;62.45;66.08;62.7;65.34;67.03;53.84;64.36;62.89;59.21;59.59;61.52;60.43;52.09;53.52;57.73;56.78;48.48;53.48;54.85;41.75;58.62;53.49;53.51;58.73;57.48;50.51;52.02;62.97;63.35;58.72;57.68;51.9;50.6;53.6
O3;uur;µg/m³;2023-01-09T06:00:00+01:00;2023-01-09T07:00:00+01:00;61.6;50.5;54.7;56.6;53.5;58.11;62;65.68;70.78;62.33;58.86;62.13;65.61;61.85;68.25;68.02;49.26;61.08;65.18;62.3;60.75;59.27;58.32;43.94;50.85;56.41;57.36;53.94;52.34;49.44;45.23;58.18;52.01;54.82;57.67;57.14;50.21;51.14;57.97;60.37;56.69;55.44;48.7;43.2;47.7
O3;uur;µg/m³;2023-01-09T07:00:00+01:00;2023-01-09T08:00:00+01:00;66.2;50.6;51.7;57.5;61.7;56.98;60.77;64.46;69.76;67.46;64.22;61.56;62.5;63.87;77.98;70.87;57.1;57.81;70.24;61.13;52.84;56.96;55.49;47.33;34.52;43.29;56.78;57.89;49.06;46.32;44.73;55.62;57.51;57.84;54.3;57.18;50.03;49.43;55.46;59.75;54.39;52.07;43.4;38.9;47.2
O3;uur;µg/m³;2023-01-09T08:00:00+01:00;2023-01-09T09:00:00+01:00;70.1;48.7;52.7;45.4;62.9;59.21;63.16;63.07;67.69;67.73;65.06;64.49;64.1;67.22;73.4;67.3;74.82;50.73;72.33;66.63;44.5;70.29;52.39;70.66;38.71;21.83;57.8;60.09;48.65;46.71;36.67;56.83;63.51;56.54;54.63;56.26;51.26;49.41;56.48;57.1;54.55;51.57;;24.7;43.4
O3;uur;µg/m³;2023-01-09T09:00:00+01:00;2023-01-09T10:00:00+01:00;60.9;39.3;44.3;47.6;61.6;58.21;65.6;62.08;67.76;64.55;64.49;66.56;60.09;66.91;73.17;66.91;67.04;50.65;72.14;63.83;58.07;66.9;51.6;63.77;44.57;14.59;59.1;71.47;56.03;58.37;57.63;64.04;62.03;57.68;66.48;62.26;51.38;49.28;55.46;54.63;54.03;47.35;;19.1;30.5
O3;uur;µg/m³;2023-01-09T10:00:00+01:00;2023-01-09T11:00:00+01:00;60.2;50.4;55.8;;49.8;58.51;63.08;64.62;68.13;61.17;61.21;63.91;60.55;66.24;71.65;60.2;66.86;49.14;67.85;60.34;72.88;63.92;58.98;57.77;39.33;52.04;57.42;67.45;52.84;53.6;60.1;62.43;60.41;59.85;64.29;63.12;53.15;47.53;50.22;54.99;48.43;44.54;44.5;34.7;38.3
O3;uur;µg/m³;2023-01-09T11:00:00+01:00;2023-01-09T12:00:00+01:00;60.4;52.1;59.1;54.2;54;60.78;60.62;67.99;70.08;59.04;58.79;61.29;58.42;63.42;70.51;58.82;61.79;47.57;66.01;59.49;73.2;61.62;60.56;55.48;39.97;60.29;58.62;65.41;57.2;55.99;54.47;69.76;55.48;61.02;68.59;61.78;52;50.36;49.04;56.68;49.85;44.84;57.8;55.7;55.8
O3;uur;µg/m³;2023-01-09T12:00:00+01:00;2023-01-09T13:00:00+01:00;59.2;54.7;59.5;;50.8;62.02;61.4;67.5;69.11;56.44;55.27;58.77;55.14;61.53;69.94;58.06;62.88;48.77;66.96;63.91;72.65;63.16;61.17;57.52;63.28;59.89;63.29;62.05;48.94;51.6;55.02;60.37;52.96;62.44;66.97;61.47;51.96;49.42;47.87;59.96;49.11;48.14;60.8;53.9;58.8
O3;uur;µg/m³;2023-01-09T13:00:00+01:00;2023-01-09T14:00:00+01:00;60.9;54;59.1;;50.7;60.45;60.28;66.64;70.07;56.66;55.84;58.92;57.45;61.49;69.73;57.34;63.45;60.14;70.77;54.04;74.58;66.46;59.48;62.26;67.58;62.59;67.36;65.22;47.66;53.55;54.52;63.19;53.71;61.61;60.67;60.95;55.71;51.78;55.98;55.98;52.31;46.61;59.1;54.6;58.3
O3;uur;µg/m³;2023-01-09T14:00:00+01:00;2023-01-09T15:00:00+01:00;58.3;51.5;55.9;;54.9;58.46;59.59;66.94;69.99;58.72;57.39;52.75;52.69;60.46;68.06;62.16;66.64;57.26;69.91;64.47;74.84;65.33;54.81;59.48;66.29;65.98;66.21;66.96;51.17;55.89;57.63;61.71;55.24;57.49;65.23;61.96;52.05;63.78;62.49;52.2;51.78;42.58;62.6;57.7;61.2
O3;uur;µg/m³;2023-01-09T15:00:00+01:00;2023-01-09T16:00:00+01:00;52.6;48.2;52.9;;49.7;57.11;54.73;63.79;68.09;59.86;59.17;46.66;54.01;55.35;67.62;58.93;64.23;55.41;68.87;57.93;73.62;64.06;52.56;56.63;67.27;62.03;63.18;65.79;50.11;55.35;55.93;56.38;50.2;57.83;60.09;56.62;50.58;60.46;58.35;53.04;55.42;41.7;62.2;56.3;58.6
O3;uur;µg/m³;2023-01-09T16:00:00+01:00;2023-01-09T17:00:00+01:00;53.4;37.7;48.1;;60.7;54.3;54.62;60.78;60.4;67.12;56.29;44.34;52.65;53.45;68.07;60.3;63.6;49.89;65.05;47.86;71.49;55.52;48.09;56.07;66.18;59.26;64.74;60.52;41.05;42.21;49.86;59.74;52.58;52.6;57.85;51.16;49.48;57.27;59.26;56.35;65.44;43.78;58.7;51.6;56
O3;uur;µg/m³;2023-01-09T17:00:00+01:00;2023-01-09T18:00:00+01:00;40.3;43.2;48.3;;41.7;50.45;62.06;57.51;54.76;55.98;57.01;41.74;51.93;51.43;68.68;66.67;64.5;52.09;64.58;54.35;73.52;64.47;40.32;60.73;65.12;59.16;64.36;59.12;36.69;30.68;51.77;42.49;52.29;47.61;48.11;47.92;48.82;58.87;49.4;59.23;55.38;50.84;52.9;48.7;55.7
O3;uur;µg/m³;2023-01-09T18:00:00+01:00;2023-01-09T19:00:00+01:00;31.7;47.3;52.8;41.7;54.3;48.87;49.53;56.21;55.61;54.96;61.6;44.64;55.31;46.64;68.73;70.55;66.53;56.74;67.07;42.52;75.7;66.26;57.96;63.9;67.61;64.56;62.62;69.26;39.39;49.31;53.2;49.51;54;41.48;45.62;47.57;44.04;54.1;54.67;57.41;54.71;44.85;56;50.3;58.5
O3;uur;µg/m³;2023-01-09T19:00:00+01:00;2023-01-09T20:00:00+01:00;37.2;50.7;55.2;31.5;46.7;43.8;48.08;55.6;58.48;62.48;60.91;43.01;65.37;53.27;67.59;65.94;64.53;61.12;64.74;47.21;71.91;65.08;40.47;62.32;69.8;67.25;61.92;65.86;51.54;55.37;59.08;57.61;61.46;41.5;48.81;48.96;38.7;57.03;62.84;53.02;51.91;43.43;50.7;50.4;62
O3;uur;µg/m³;2023-01-09T20:00:00+01:00;2023-01-09T21:00:00+01:00;40.8;52.2;53.3;38;26.9;48.98;43.2;55.45;59.17;61.74;57.59;55.26;61.45;59.05;68.41;67.21;65.98;60.21;66.37;45.42;72.01;68.1;48.47;64.92;68.17;67.46;67.43;63.76;54.57;59.58;57.64;61.89;55.9;42.39;57.48;51.56;40.39;60.99;63.01;49.87;47.56;47.23;51.8;48.8;60.7
O3;uur;µg/m³;2023-01-09T21:00:00+01:00;2023-01-09T22:00:00+01:00;44.9;50.5;48;36.1;30.3;47.98;52.45;57.1;57.61;56.93;61.35;51.34;65.11;50.15;69.08;66.15;66.58;56.91;65.18;47.67;72.85;70.03;48.61;65.96;68.93;70.21;63.47;64.92;54.44;60.2;58.53;60.38;56.71;44.06;56.96;45.61;54.13;71.28;65.47;48.93;61.11;48.37;52.9;51.7;62.1
O3;uur;µg/m³;2023-01-09T22:00:00+01:00;2023-01-09T23:00:00+01:00;52.2;46.2;49.2;38.6;36.7;44.84;51.44;52.1;57.55;58.16;59.5;55.55;56.38;51.71;68.15;62.11;65.58;51.87;65.43;59.08;71.15;67.86;43.99;64.57;69.38;68.66;65.25;63.93;53.16;54.52;57.56;59.89;55.11;44.01;55.08;47.72;55.43;62.44;64.88;57.63;63.35;56.37;53.1;50.7;61.6
O3;uur;µg/m³;2023-01-09T23:00:00+01:00;2023-01-10T00:00:00+01:00;58.2;45.9;50.9;43.4;43.3;42.85;48.45;50.26;56.13;49.69;59.52;46.91;57.17;42.7;67.57;60.14;61.81;51.78;63.78;57.22;70.18;54.85;59.01;57.95;68.24;68.69;64.94;60.59;50.04;54.17;55.67;56.16;51.22;47.23;51.88;47.99;42.63;57.08;61.65;63.24;66.57;59.49;55;56.8;60.2
O3;uur;µg/m³;2023-01-10T00:00:00+01:00;2023-01-10T01:00:00+01:00;60.8;53.8;57.1;47.3;53.8;43.77;43.68;52.94;56.16;48.4;52.19;43.7;55.25;42.72;67.29;56.46;61.75;53.97;63.12;57.34;68.43;55.56;59.71;54.73;65.1;68.11;60.79;52.54;47.62;50.17;51.25;55.11;44.95;43.93;53.73;45.09;40.94;59.74;54.59;61.35;60.11;57.85;58.8;60.4;59.7
O3;uur;µg/m³;2023-01-10T01:00:00+01:00;2023-01-10T02:00:00+01:00;59.9;51.4;55.1;45.5;56.6;44.31;42.98;46.34;54.39;40.61;50.85;42.35;56.93;41.72;66.74;50.72;64.07;55.85;65.03;62.56;68.05;62.72;57.72;62.84;63.8;66.67;58.05;53.87;41.84;45.53;51.18;45.84;47.42;40.09;52.38;48.53;44.01;59.99;55.89;54.48;58.23;53.33;59.9;60;60.2
O3;uur;µg/m³;2023-01-10T02:00:00+01:00;2023-01-10T03:00:00+01:00;62.2;57.2;58.9;41.9;47.7;42.06;40.44;47.48;53.15;38.79;49.41;42.38;49.81;42.8;64.21;50.62;64.18;53.45;64.33;60.83;68.52;63.63;63.94;61.79;62.45;67.73;57.85;60.05;43.71;48.54;52.91;50.17;46.94;37.06;46.96;51.27;44.67;53.86;56.42;54.03;56.53;52.98;56.2;59.9;59.3
O3;uur;µg/m³;2023-01-10T03:00:00+01:00;2023-01-10T04:00:00+01:00;61;58.8;59.7;46.9;51.9;42.59;38.63;48.22;53.51;41.06;47.03;43.86;50.83;45.66;64.03;49.2;62.72;55.25;63.41;61.41;69.34;61.85;63.27;59.18;62.53;67.9;58.03;60.94;45.38;48.69;56.68;51.63;50.82;35.69;52.07;50.85;42.56;52.09;55.13;52.51;60.15;52.75;61.1;61.7;62.1
O3;uur;µg/m³;2023-01-10T04:00:00+01:00;2023-01-10T05:00:00+01:00;54.1;53.2;56;43.1;57.4;41.4;42.67;49.22;49.68;39.21;49.18;45.09;48.82;44.9;64.37;48.05;60.84;56.42;61.1;59.69;67.51;58.58;58.57;59.56;63.54;67.78;56.73;59.53;52.33;52.54;57.32;56.7;53.19;44.43;52.85;38.74;38.86;52.57;55.22;49.22;58;52.4;61;61.3;61.7
O3;uur;µg/m³;2023-01-10T05:00:00+01:00;2023-01-10T06:00:00+01:00;57;47.5;52;35.8;52.5;;41.53;51.98;49.92;39.68;43.85;43.85;46.45;46.15;60.9;47.89;53.96;53.93;59.12;57.21;66.67;56.13;52.17;45.92;62.56;65.39;57.29;57.02;51.21;50.43;51.18;55.68;48.09;42.44;46.07;40.12;40.5;52.58;57.02;49.66;54.93;50.18;59.3;58.4;59.5
O3;uur;µg/m³;2023-01-10T06:00:00+01:00;2023-01-10T07:00:00+01:00;50.6;36;41.6;16.8;32.6;;42.11;51.61;49.88;46.47;31.89;42.93;32.88;47.7;43.84;48.27;50.9;33.98;50.26;44.52;66.11;40.65;38.74;42.92;57.21;58.25;59.38;44.85;37.24;25.9;32.28;47.21;33.89;35.34;40.92;38.89;40.45;51.82;55.17;49.02;54.79;49.27;55.5;52.6;55.4
O3;uur;µg/m³;2023-01-10T07:00:00+01:00;2023-01-10T08:00:00+01:00;44.2;21.8;27.3;18.2;30.8;;43.14;41;51.34;46.65;28.55;43.66;31.88;46.66;36.72;47.38;46.76;22.34;39.52;29.23;62.77;12.26;27.1;19.54;40.16;55.04;51.06;29.39;29.6;21.08;26.59;36.5;31.44;31.31;39.17;38.5;34.61;52.05;51.53;45.37;52.94;48.19;40.2;39.4;37.7
O3;uur;µg/m³;2023-01-10T08:00:00+01:00;2023-01-10T09:00:00+01:00;30.2;18.2;24.7;27.9;33;;45.33;41.12;46.16;45.68;25.15;37.4;29.45;40.44;31.85;43.54;31.35;15.31;29;24.11;54.8;30.79;22.26;16.06;39.03;48.66;41.15;24.5;27.96;24.44;19.33;30.98;28.8;30.66;35.37;35.43;32.62;42.7;45.82;45.95;51.27;42.44;38.6;21.7;29.9
O3;uur;µg/m³;2023-01-10T09:00:00+01:00;2023-01-10T10:00:00+01:00;30.3;16;22;21.9;27.4;;46.17;41.91;50.07;42.69;16.67;36.2;34;41.99;42.2;43.45;21.61;19.93;37.23;24.11;47.67;24.53;22.52;14.05;48.93;40.4;34.35;29.24;21.68;22.67;18.7;28.72;22.1;34.19;37.68;37.44;31.89;37.84;52.3;45.27;47.01;42.11;23.4;16.3;23.6
O3;uur;µg/m³;2023-01-10T10:00:00+01:00;2023-01-10T11:00:00+01:00;31.2;19.2;26;29.1;32.6;;47.9;52.42;54.46;47.57;25.27;39.92;42.3;47.18;45.52;47.41;23.81;32.09;34.94;30.3;32.62;23.37;23.8;20.13;47.81;27.42;36.3;30.32;27.99;24.51;16.31;32.82;27.54;40.29;38.01;41.57;35.13;36.5;45.45;42.53;51.25;44.15;23.4;17.7;23.3
O3;uur;µg/m³;2023-01-10T11:00:00+01:00;2023-01-10T12:00:00+01:00;32.9;22.5;29.9;33.1;34.7;;49.02;55.91;60.54;49.37;39.12;44.11;42.23;48.92;44.38;45.82;33.28;35.2;39.43;35.81;33.06;29.42;32.23;30.79;32.85;26.14;39.26;27.09;30.82;29.15;23.55;36.08;36.45;42.15;42.23;43.08;37.18;38.14;39.4;40.88;49.45;41.22;25;21.4;25.8
O3;uur;µg/m³;2023-01-10T12:00:00+01:00;2023-01-10T13:00:00+01:00;40.7;23.5;35.5;38.3;34.8;;49.24;62.18;65.28;51.24;44.5;48.68;38.43;50.61;40.8;48.82;;35.02;37.28;39.89;34.93;35.94;36.86;29.3;24.14;32.03;43.14;32.5;34.24;31.92;27.33;38.7;39.65;46.64;44.25;42.96;38.34;38.49;37.73;43.7;43.06;39.1;25.6;21.6;25.4
O3;uur;µg/m³;2023-01-10T13:00:00+01:00;2023-01-10T14:00:00+01:00;44;24;41.4;37.8;32.4;;51.35;64.15;66.82;52.38;44.77;51.38;44.78;53.82;50.02;49.65;;34.71;38.17;44.1;38.09;40.17;41.64;32.05;31.01;34.78;46.07;39.62;38.25;34.98;26.56;42.59;37.3;46.32;48.84;44.65;42.08;41.53;38.05;48.12;40.49;39.14;31.1;23.8;29.4
O3;uur;µg/m³;2023-01-10T14:00:00+01:00;2023-01-10T15:00:00+01:00;45.6;35.8;39.4;38.8;34.5;;52.86;63.78;67.48;55.88;41.12;57;48.4;58.66;51.07;54.83;;47.32;48.76;45.68;46.78;44.54;41.91;33.71;33.69;36.62;52.39;42.47;40.79;37.06;29.53;46.44;43.16;46.14;49.2;47.2;43.6;46.62;47.88;48.28;43.92;40.92;38.9;33.1;37
O3;uur;µg/m³;2023-01-10T15:00:00+01:00;2023-01-10T16:00:00+01:00;47.2;38.7;38.4;44.1;36.7;;57.95;61.37;63.57;56.01;47.37;55.2;54.35;56.34;53.49;61.62;47.06;47.57;53.63;50.67;53.39;49.03;42.49;44.48;40.67;45.36;53.46;47.66;44.87;42.9;36.84;50.95;46.8;51.68;53.05;52.38;45.01;46.44;52.42;51.24;47.46;41.14;41;36.5;40.2
O3;uur;µg/m³;2023-01-10T16:00:00+01:00;2023-01-10T17:00:00+01:00;50.5;46.9;42.1;51;48.2;;56.8;59.49;63.01;56.53;44.57;51.02;57.47;53.59;56.03;59.27;49.18;55.23;58.5;56.66;54.36;48.29;48.04;45.66;51.34;52.19;58.33;54.44;47.15;46.89;46.81;52.57;50.75;55.13;58.81;55.17;48.38;50.36;55.54;52.14;50.37;45.13;49.3;46.6;50.2
O3;uur;µg/m³;2023-01-10T17:00:00+01:00;2023-01-10T18:00:00+01:00;51.8;42.6;46.2;51.1;42.4;;54.73;61.98;64.25;57.76;49.72;51.68;57.01;55.66;53.62;56.44;51.54;52.05;53.72;56.07;55.23;50.96;51.37;46.47;57.3;53.02;61.04;54.9;49.9;48.94;49.78;55.27;51.38;59.83;59.77;54.26;52.72;55.22;61.16;57.51;53.87;47.18;54;50.5;54
O3;uur;µg/m³;2023-01-10T18:00:00+01:00;2023-01-10T19:00:00+01:00;53.3;45.7;49.5;47.6;34.8;;56.22;67.88;70.1;59.84;48.18;56.42;54.27;59.05;52.5;53.52;50.13;54.14;55.5;53.37;52.87;50.41;52.42;47.8;55.2;51.25;59.32;52.84;47.86;46.54;42.19;53.21;50.48;51.97;59.18;54.33;55.49;58.53;60;63.03;60.32;54.42;50.1;48.5;51.3
O3;uur;µg/m³;2023-01-10T19:00:00+01:00;2023-01-10T20:00:00+01:00;50.7;44.2;48.3;45;32.8;;58.98;65.33;68.18;56.89;46.5;56.73;52.16;56.48;48.38;49.79;45.4;53.94;52.46;51.85;51.56;48.99;49.06;44.5;49.6;52.16;58.39;50.48;47.73;48.83;44.33;52.79;50.53;46.98;59.59;55.46;53.33;57.89;56.55;62.48;62.05;58.93;46.8;45.5;48.1
O3;uur;µg/m³;2023-01-10T20:00:00+01:00;2023-01-10T21:00:00+01:00;47.4;39;45.7;41.5;28.6;;57.45;63.12;65.56;53.81;42.07;54.04;51.23;54.21;48.41;47.93;43.61;49.49;48.81;50.24;49.86;45.49;45.26;43.64;48.72;49.66;56.55;48.13;46.39;48.13;45.03;52.22;48.99;52.79;57.27;55.82;51.28;56.21;54.33;56.01;58.88;56.72;43.8;46.2;47.4
O3;uur;µg/m³;2023-01-10T21:00:00+01:00;2023-01-10T22:00:00+01:00;44;34.7;40.8;36;33;;54.69;59.75;62.07;51.36;39.05;52.36;51.04;52.35;46.71;46.24;40.84;47.78;49.8;47.37;47.31;41.52;39.97;39.06;47.18;46.77;54.31;45.35;44.94;45.4;42.02;49.56;46.54;52.63;54.34;53.33;51.06;54.13;51.44;57.67;56.88;53.88;42.8;43;43.7
O3;uur;µg/m³;2023-01-10T22:00:00+01:00;2023-01-10T23:00:00+01:00;42.9;34.4;40.8;34.4;31.3;;52.31;56.85;59.09;49.41;33.93;49.87;48.77;49.15;44.46;46.49;40.44;45.91;47.31;44.68;44.84;37.39;35.21;37.39;43.66;44.6;51.74;42.15;43.2;44.05;41.77;47.34;44.6;51.31;50.88;50.77;48.88;51.45;49.83;57.43;55.26;51.75;41.6;42.3;43.7
O3;uur;µg/m³;2023-01-10T23:00:00+01:00;2023-01-11T00:00:00+01:00;41.7;37.3;40.3;37.8;35.5;;49.88;54.83;57.11;48.32;35.26;48.09;47.1;47.5;46.97;48.02;40.64;43.3;44.47;42.59;46.9;40.95;30.9;41.2;43.04;46.37;49.84;42.71;41.3;43.21;39.63;45.45;41.84;50.24;49.75;49.97;47.2;49.41;47.67;55.01;53;49.64;42.1;44.2;44.5
O3;uur;µg/m³;2023-01-11T00:00:00+01:00;2023-01-11T01:00:00+01:00;41.9;36.9;37.6;40.5;34.5;;48.81;52.98;55.95;47.66;38.2;46.55;48.13;46.26;45.44;47.91;44.01;44.2;46.53;42.74;49.02;44.56;31.67;42.56;48.69;48.47;47.88;43.49;40.72;43.49;40.13;45.23;41.16;50.12;48.79;47.95;44.86;47.95;46.27;53.39;50.73;47.61;44.4;44.3;44.5
O3;uur;µg/m³;2023-01-11T01:00:00+01:00;2023-01-11T02:00:00+01:00;46;41.9;33;36.6;36.4;;47.84;51.59;54.73;48.08;37.88;46.39;49.63;45.56;45.94;48.33;46.49;40.63;49.24;43.91;50.31;47.29;38.24;43.19;48.71;49.77;47.7;45.2;41.35;43.76;40.84;45.58;41.29;47.64;48.44;47.08;42.9;46.11;45.22;51.75;48.68;45.98;43.6;43.3;43.6
O3;uur;µg/m³;2023-01-11T02:00:00+01:00;2023-01-11T03:00:00+01:00;44.2;41.6;31.3;30;41.4;;46.57;50.99;53.98;47.53;43.31;45.27;48.88;44.84;46.53;49.07;50.44;38.72;48.45;42.89;51.13;48.71;41.64;49.66;52.27;53.16;47.6;46.88;42.5;44.92;45.08;46.47;41.55;44.14;48.15;46.41;41.73;45.91;44.4;50.19;47.02;44.24;44.3;45.3;44.8
O3;uur;µg/m³;2023-01-11T03:00:00+01:00;2023-01-11T04:00:00+01:00;47.4;44.3;27.8;40.6;36;;45.29;49.45;53.46;48.81;40.48;45.56;47.05;46.37;51.35;48.21;50.24;44.53;48.48;47.03;53.53;51.61;43.97;50.36;53.51;54.66;46.41;46.95;43.25;45.4;44.45;47.6;42.82;43.09;47.57;46.1;40.9;45.12;46.02;48.3;47.21;43.61;51.8;54.4;53.2
O3;uur;µg/m³;2023-01-11T04:00:00+01:00;2023-01-11T05:00:00+01:00;51.9;36.9;42.6;46.5;27.7;;44.95;47.91;51.95;47.8;44.94;45.02;47.08;46.64;57;50.63;50.28;54.65;51.63;48.38;52.54;47.87;39.91;46.3;56.1;54.54;49.25;52.78;44.58;46.61;48.57;48.97;44.79;45.63;47.67;45.89;39.4;44.71;51.05;46.67;53.56;42.87;54.6;56.5;54.6
O3;uur;µg/m³;2023-01-11T05:00:00+01:00;2023-01-11T06:00:00+01:00;53.6;43.6;47.9;48.5;38;;44.82;47.09;51.05;48.89;43.5;44.84;49.7;46.49;58.79;60.05;53.73;44.57;58.29;50.63;50;49.15;51.11;49.96;59.91;50.85;54.67;52.66;46.6;48.84;47.1;51.08;51.02;43.75;48.81;44.25;37.61;51.49;53.37;45.46;60.13;54.67;51.8;51.7;51.3
O3;uur;µg/m³;2023-01-11T06:00:00+01:00;2023-01-11T07:00:00+01:00;63.7;55.4;60.5;58.6;51.3;;42.37;45.07;48.21;52.81;52.65;48.07;56.61;50.16;68.88;61.17;67.62;53.72;65.75;57.37;64.96;62.34;61.54;56.81;62.52;61.65;57.25;57.47;46.47;47.04;48.05;52.72;51.43;41.98;52.5;43.48;37.73;52.95;55.86;49.2;61.98;61.07;54.1;52.6;53.4
O3;uur;µg/m³;2023-01-11T07:00:00+01:00;2023-01-11T08:00:00+01:00;64.4;56.4;61.5;51.4;55.1;;47.98;43.3;46.75;58.94;52.95;48.15;56.2;54.56;71.62;63.94;67.52;44.67;71.62;58.48;68.63;57.79;57.53;60.45;70.63;67.14;55.48;64.22;44.95;47.93;54.62;53.66;59.62;40.77;53.08;51.16;41.45;47.35;57.91;54.81;61.96;52.62;62.1;58.4;57.6
O3;uur;µg/m³;2023-01-11T08:00:00+01:00;2023-01-11T09:00:00+01:00;62.5;52.1;56.3;48.6;42.5;;54.71;49.71;51.31;59.76;57.77;48.9;51.88;56.46;68.76;61.62;65.14;23.95;67.35;57.05;71.66;55.38;53.66;57.77;66.83;62.06;62.2;64.07;43.71;47.04;54.73;55.27;58.26;38.99;56.43;56.64;43.54;48.8;64.39;50.93;68.62;50.68;63.5;58.2;59
O3;uur;µg/m³;2023-01-11T09:00:00+01:00;2023-01-11T10:00:00+01:00;60.9;47.7;54.4;47;45.1;;56.23;55.64;55.41;61.35;53.95;51.5;49.59;59.9;69.1;56.14;63.47;32.51;68.05;60.67;71.53;49.44;46.22;49.64;66.38;63.95;66.44;59.61;43.59;42.31;51.28;51.92;51.75;44.67;55.97;56.35;46.73;59.69;60.17;54.72;63.41;52.58;57.9;52.2;56.7
O3;uur;µg/m³;2023-01-11T10:00:00+01:00;2023-01-11T11:00:00+01:00;59.1;39.5;47;45.2;39.6;;58.37;60.42;60.15;60.75;54.19;53.13;50.9;57.7;65.97;57.07;64.26;51.74;68.26;64.28;70.96;57.52;50.33;52.88;62.37;67;64.03;56;36.59;46.54;49.47;48.09;53.25;54.02;56.14;58.16;50.93;59.17;57.74;59.08;66.57;56.8;55.3;56.8;60
O3;uur;µg/m³;2023-01-11T11:00:00+01:00;2023-01-11T12:00:00+01:00;61;39.2;42.9;50.9;48.9;;60.13;63.89;66.85;61.37;56.79;56.89;56.16;58.89;65.97;63.32;63.31;52.53;66;61.55;64.46;61.46;51.54;47.15;70.06;67.55;66.48;56.67;48.16;50.96;47.91;58.51;60.24;57.47;59.28;57.43;54.71;62.25;61.77;59.81;64.68;58.73;63.3;61.7;63.6
O3;uur;µg/m³;2023-01-11T12:00:00+01:00;2023-01-11T13:00:00+01:00;63.5;47.6;53.6;46.8;54.4;;59.51;65.7;69.59;61.84;61.99;56.3;60.54;60.79;70.55;67.38;63.6;62.69;69.19;60.51;71.19;66.55;58.97;54.24;72.05;68.47;65.23;65.7;56.15;60.51;56.91;64.53;60.9;55.13;65.43;61.12;53.82;62.92;64.23;66.19;66.54;62.3;64.4;63.4;64.1
O3;uur;µg/m³;2023-01-11T13:00:00+01:00;2023-01-11T14:00:00+01:00;64.4;50.7;57.5;45.9;53.1;;60.82;65.59;69.37;65.42;66.3;61.23;63.54;62.86;68.98;68.46;66.23;65;70.44;67.57;69.9;65.93;60.81;57.89;72.89;69.21;66.08;68.46;58.39;60.87;61.58;65.05;66.9;57.83;67.43;62.9;54.25;65.59;67.72;67.81;68.89;63.06;65.6;65.8;66.9
O3;uur;µg/m³;2023-01-11T14:00:00+01:00;2023-01-11T15:00:00+01:00;63.4;48.6;55.1;51.1;53.6;;;66;68.15;65;68.15;62.77;64.17;65.87;71.91;69.77;69.68;64.25;71.03;68.5;69.57;67.74;57.54;56.39;72.29;68.77;70.91;69.07;62.03;59.59;60.24;68.11;67.27;60.5;68.47;64.08;56.95;68.25;67.04;66.43;70.24;63.45;66.1;64.2;65.5
O3;uur;µg/m³;2023-01-11T15:00:00+01:00;2023-01-11T16:00:00+01:00;66;49.6;49.5;60.7;53.8;;;65.97;69.24;64.81;66.91;60.3;65.82;64.42;73.29;71.57;61.98;56.96;69.31;65.9;67.55;65.15;59.68;52.13;71.57;67.19;68.1;66.25;57.42;61.07;58.83;65.34;64.37;59.19;68.98;62.37;55.81;66.76;65.38;70.62;68.77;64.66;66.8;64.9;65.2
O3;uur;µg/m³;2023-01-11T16:00:00+01:00;2023-01-11T17:00:00+01:00;68.1;55.8;48.9;62.6;59.7;61.5;;64.8;69.22;62.75;68.72;56.59;65.01;61.17;68.83;69.92;63.69;63.77;71.76;63.87;67.1;66.33;59.83;52.39;67.99;65.13;67.51;65.81;58.27;60.79;57.68;66.07;63.27;56.62;65.47;62.41;53.91;63.79;63.05;68.27;64.82;62.52;55.9;60.2;57.1
O3;uur;µg/m³;2023-01-11T17:00:00+01:00;2023-01-11T18:00:00+01:00;64.2;55.3;48.3;63.9;61.2;62.08;62.51;64.94;65.94;63.85;61.45;62.07;64.79;63.67;67.79;68.1;62.23;54.2;68.85;65.93;70.45;68.02;61.26;54.69;62.01;68.08;65.08;66.81;58.83;59.26;58.81;66.81;61.83;55.21;63.36;56.25;54.06;62.02;63.61;63.48;63.83;59.23;61.3;57.1;51.3
O3;uur;µg/m³;2023-01-11T18:00:00+01:00;2023-01-11T19:00:00+01:00;62.1;56.1;50.9;52.4;57.2;62.16;63.13;62.29;66.3;66.17;58.91;61.19;63.15;63.96;66.39;68.88;66.02;56.59;67.57;66.19;70.74;64.98;56.68;55.44;59.77;71.41;68.25;64.9;56.35;57.55;60.27;65.35;61.15;53.58;67.92;58.78;53.37;62.89;63.53;61.73;62.64;60.32;64.9;62.1;57.7
O3;uur;µg/m³;2023-01-11T19:00:00+01:00;2023-01-11T20:00:00+01:00;63.7;59.6;56.8;49.3;57.9;61.75;63.73;60.58;66.44;68.59;64.89;63.8;65.49;66.52;64.89;68.29;64.91;59.05;67.91;66.78;71.93;63.94;58.74;57.34;73.43;71.98;67.44;65.22;59.66;60.2;59.78;66.83;64.34;58.49;67.35;64.39;57.39;66.41;69.18;65.05;63.88;58.1;66.5;61.9;64.1
O3;uur;µg/m³;2023-01-11T20:00:00+01:00;2023-01-11T21:00:00+01:00;64.6;62.4;50.5;53.2;63.2;62.31;62.94;61.83;66.09;69.1;63.29;64.2;65.32;66.51;65.82;66.37;67.51;60.89;67.88;65.73;73.55;69.92;63.55;64.94;73.97;73.91;69.47;68.04;63.9;65.64;63.27;70.75;66.96;61.54;67.91;65.82;55.91;67.05;70.78;65.35;69.03;61.25;63.9;61.1;64.4
O3;uur;µg/m³;2023-01-11T21:00:00+01:00;2023-01-11T22:00:00+01:00;62.4;59.2;50.8;46.4;59.4;61.55;63.01;63.71;67.27;66.29;59.8;62.61;65.53;64.44;70.3;71.54;66.53;58.21;67.35;65.01;69.18;67.25;62.51;62.68;74.6;73.1;71.86;66.58;62.64;63.97;61.91;69.36;62.73;60.83;69.42;65.33;58.08;67.86;67.01;65.63;69.97;60.78;66.6;62.3;60.3
O3;uur;µg/m³;2023-01-11T22:00:00+01:00;2023-01-11T23:00:00+01:00;65.7;61.8;50.8;61.4;58;62.51;62.8;62.57;67;67.09;67.82;67.54;67.05;69.56;68.58;74.47;62.57;58.86;67.48;65.87;71.09;68.59;62.67;62.98;75.25;70.64;68.23;63.01;57.75;61.44;58.31;64.63;61.23;60.82;66.64;63.54;58.62;68.91;68.49;66.47;68.92;63.15;62;65.5;54.3
O3;uur;µg/m³;2023-01-11T23:00:00+01:00;2023-01-12T00:00:00+01:00;65.1;59.9;53.5;59.4;60.4;58.77;68.22;61.39;65.96;71.22;63.44;68.06;71.52;67.46;71.98;71.56;64.55;63.05;75.48;74.66;75.49;71.66;66.53;64.67;72.28;77.15;66.2;66.58;59.99;65.86;61.34;67.23;64.98;60.77;66.38;66.78;55.7;64.85;65.92;67.86;74.54;69.22;69.4;71.3;70.3
O3;uur;µg/m³;2023-01-12T00:00:00+01:00;2023-01-12T01:00:00+01:00;67.7;63.4;48;50.9;54.4;56.88;61.88;59.73;64.49;64.95;60.74;62.5;68.17;62.78;70.22;67.63;69.65;64.14;72.99;72.32;76.05;71.42;61.54;64.05;74.16;75.26;68.05;65.4;66.04;70.88;63.44;72.71;68.88;64.07;73.02;70.6;54.65;64.82;67.97;67.01;78.48;70.78;69.8;71.9;69.4
O3;uur;µg/m³;2023-01-12T01:00:00+01:00;2023-01-12T02:00:00+01:00;66.5;64.6;49.8;63.4;58.4;56.13;61.2;56.83;63.86;63.14;59.7;61.12;64.89;61.34;66.17;70.33;69.58;63.6;70.17;68.37;72.76;73.17;67.05;67.38;73.93;75.75;67.76;63.1;64.26;68.55;61.46;70.47;65.4;65.26;72.53;65.61;56.6;66.29;68.53;67.59;76.94;66.24;69.3;73.2;71.1
O3;uur;µg/m³;2023-01-12T02:00:00+01:00;2023-01-12T03:00:00+01:00;64.6;65.6;52.6;53.2;61;;;;;;;;;;;;;;;;;;;;;;;;;;;;;;;;;;;;;;70.4;72.7;70.5
O3;uur;µg/m³;2023-01-12T03:00:00+01:00;2023-01-12T04:00:00+01:00;67.9;65.9;55.3;55.3;62.6;62.24;61.49;62.66;68.07;65.06;58.2;62.57;62.66;63.25;70.22;65.59;72.75;66.87;69.38;66.14;71.98;72.37;69.06;71.55;70.28;74.78;69.48;69.69;65.51;68.02;65.5;71.08;67.64;60.55;66.95;63.62;55.67;66.87;71.18;67.94;69.89;;70.3;71;69.9
O3;uur;µg/m³;2023-01-12T04:00:00+01:00;2023-01-12T05:00:00+01:00;61.5;59.9;62.6;62.2;62.5;62.69;62.98;62.55;66.96;67.32;58.49;63.48;66.75;63.1;66.57;64.68;70.25;66.26;65.57;65.09;76.26;71;60.7;68.77;74.79;79.06;72.91;68.37;63.35;65.17;66.52;68.73;62.08;60.97;68.33;64.57;58.74;68.9;74.44;65.52;69.93;63.11;74.8;76;75
O3;uur;µg/m³;2023-01-12T05:00:00+01:00;2023-01-12T06:00:00+01:00;59.4;61.2;52.6;57.4;64.2;62.6;63.66;64.05;67.51;68.92;62.78;65.63;68.28;64.81;69.93;67.67;68.95;63.31;66.94;64.39;73.5;67.24;59.09;62.79;74.45;74.41;69.49;66.16;61.39;63.42;60.71;66.74;62.84;63.3;67.85;65.09;59.44;70.08;77.17;67.7;75.12;67.73;66.1;66.3;66
O3;uur;µg/m³;2023-01-12T06:00:00+01:00;2023-01-12T07:00:00+01:00;65;61.2;52.9;67.6;61.5;64.06;64.08;66.28;68.95;68.54;62.26;63.73;63.74;64.41;72.85;70.87;70.3;63.38;68.54;62.02;75.03;70.29;64.99;64.16;72.01;75.51;67.6;63.83;59.31;61.32;58.53;65.75;62.46;65.76;68.59;65.98;59.54;67.28;68.17;69.74;73.05;66.6;65;66.8;65.3
O3;uur;µg/m³;2023-01-12T07:00:00+01:00;2023-01-12T08:00:00+01:00;67.7;56.1;58;58.5;61.2;63.73;63.62;63.64;68.62;66.8;65.34;63.78;64.26;65.3;72.81;71.23;69.76;69.19;71.51;67.62;73.42;67.08;62.05;63.1;71.51;73.54;65.19;69.32;57.05;60.5;61.24;64.15;64.49;64.69;65.67;64.71;57.55;64.17;70.95;68.02;66.83;61.68;68.8;69.3;68.7
O3;uur;µg/m³;2023-01-12T08:00:00+01:00;2023-01-12T09:00:00+01:00;67.2;48.3;58;50.4;56.1;62.05;64.13;61.6;66.41;65.52;62.55;62.81;62.88;64.02;72.23;70.99;68.91;67.05;71.44;67.55;72.62;64.82;61.02;59.07;69.33;71.25;67.12;69.2;58.79;62.7;64.32;66.48;67.47;63.59;66.26;62.3;55.1;62.74;71.26;65.81;71.3;61.52;67.8;68.6;68.1
O3;uur;µg/m³;2023-01-12T09:00:00+01:00;2023-01-12T10:00:00+01:00;68.4;;52.5;58.5;53.8;61.26;63.52;59.44;65.46;63.59;63.52;61.65;62.88;63.03;72.21;69.86;68.5;64.92;71.58;66.11;69.64;64.51;60.72;58.94;70.22;70.81;69.04;68.34;56.49;64;60.87;65.73;67.65;61.98;66.88;61.3;52.95;67.06;70.12;63.29;71.05;65.12;67.2;66.8;67.3
O3;uur;µg/m³;2023-01-12T10:00:00+01:00;2023-01-12T11:00:00+01:00;68.2;;59.2;48;53.7;59.92;61.95;59.63;65.03;62.19;61.37;60.76;62.33;62.15;71.87;68.74;67.84;66.17;72.17;64.77;69.28;64.68;57.22;58.77;70.49;70.81;69.64;68.52;56.96;63.88;62.17;65.04;67.51;60.64;65.72;60.21;54.3;66.71;69.05;66.13;71.9;64.82;65.8;65.7;63.3
O3;uur;µg/m³;2023-01-12T11:00:00+01:00;2023-01-12T12:00:00+01:00;66.5;;54;53.5;51.7;59.68;61.55;58.12;64.4;60.16;59.51;59.68;62.12;60.92;71.78;68.1;65.25;60.53;71.41;63.73;67.88;63.93;57.47;57.29;69.39;69.39;68.11;65.97;56.55;62.79;59.86;63.6;67.05;56.2;65;59.59;52.04;66.31;67.57;70.13;70.52;63.24;65.2;65.2;65.2
O3;uur;µg/m³;2023-01-12T12:00:00+01:00;2023-01-12T13:00:00+01:00;65.8;55.3;52.7;55.6;52.3;58.43;61;57.53;63.64;60.23;60.21;58.91;60.33;60.06;69.88;68.14;61.57;66.08;70.43;62.53;68.77;63.96;60;56.64;67.24;68.43;66.25;66.19;56.69;63.26;59.55;64.16;66.78;58.12;64.78;56.77;52.6;65.11;65.65;69.24;68.44;62.75;63.1;63.1;63.5
O3;uur;µg/m³;2023-01-12T13:00:00+01:00;2023-01-12T14:00:00+01:00;64.6;54.6;51.1;65.7;58.5;58.14;60.98;57.73;61.92;61.56;59.71;58.57;59.36;60.97;69.07;67.29;63.9;62.75;68.42;63.43;70.28;68.04;61.12;55.9;67.07;70.91;64.9;66.26;59.16;62.56;;65.62;63.36;57.02;64.97;57.73;50.35;63.29;64.58;68.53;68.49;63.32;65.1;63.5;65
O3;uur;µg/m³;2023-01-12T14:00:00+01:00;2023-01-12T15:00:00+01:00;63.4;58.6;46.9;65;58.4;57.22;60.19;58.01;61.39;60.67;56.61;57.79;53.68;60.83;66.7;67.18;64.99;60.56;67.25;65.16;71.62;67.43;61.66;56.97;66.77;70.92;65.91;65.39;54.49;55.57;;61.94;59.22;55.53;64.03;57.65;50.52;60.16;62.51;66.98;67.34;59.87;62.9;62.8;61.5
O3;uur;µg/m³;2023-01-12T15:00:00+01:00;2023-01-12T16:00:00+01:00;60.9;57;45.2;61.4;59.5;57.99;60.02;59.57;61.84;60.94;50.54;58.1;52.65;60.16;66.97;66.46;65.21;55.05;67.11;62.99;70.36;67.76;60.55;56.95;69.4;70.33;64.06;65.64;52.07;55.95;;61.08;59.34;57.44;60.64;57.26;49.29;61.49;60.39;62.47;63.55;57.87;55.5;60.9;58
O3;uur;µg/m³;2023-01-12T16:00:00+01:00;2023-01-12T17:00:00+01:00;60.7;57.9;46.3;60.8;54.4;58.51;59.65;58.93;62.54;62;54.24;57.62;54.05;59.73;67.54;65.28;62.44;54.23;67.55;60.6;69.56;67.12;60.1;52.47;68.86;70.06;62.8;62.67;53.1;55.56;;61.78;59.36;56.6;56.92;57.74;49.39;60.15;61.81;58.26;61.89;54.26;55.8;61.1;57
O3;uur;µg/m³;2023-01-12T17:00:00+01:00;2023-01-12T18:00:00+01:00;61.6;55.5;39.4;62.5;43.4;58.35;59.2;58.52;62.66;61.95;54.06;58.28;54.74;60.83;66.49;64.56;61.49;57.76;67.37;62.45;69.52;66.48;60.18;54.33;67.33;69.05;64.46;65.22;54.07;55.64;60.04;60.96;59;57.06;56.8;57.91;49.66;59.69;64.46;60.29;64.41;57.66;59.6;61.4;57.5
O3;uur;µg/m³;2023-01-12T18:00:00+01:00;2023-01-12T19:00:00+01:00;60.2;58.2;39.3;62.4;57.3;58.18;59.46;60.04;62.84;60.86;49.54;58.34;54.04;59.89;69.65;61.98;62.98;56.97;65.94;61.34;71.59;69.71;61.1;58.22;70.16;72.85;66;66.79;56.54;57.75;61.83;64.28;60.29;58.01;59.84;59.24;49.77;62.67;66.28;59.74;65.98;58.94;59.3;62.7;61.8
O3;uur;µg/m³;2023-01-12T19:00:00+01:00;2023-01-12T20:00:00+01:00;64.2;62.3;51.3;55.7;61.7;58.45;57.84;60.56;63.81;60.03;57.25;58.12;55.14;59.45;70.36;68.66;67.8;58.84;66.54;60.44;71.76;71.75;60.35;62.64;72.01;73.54;67.09;66.35;56.38;59.77;62.5;63.42;60.27;58.29;60.78;58.84;51.03;65.48;69.54;63.8;69.27;62.92;62.1;66.5;65.2
O3;uur;µg/m³;2023-01-12T20:00:00+01:00;2023-01-12T21:00:00+01:00;66.2;63.6;50.2;56.1;59.5;59.12;59.21;61.58;64.87;59.89;56.86;59.3;59.55;60.08;72.36;68.55;70.69;63.26;68.32;64.89;75.63;75.64;69.54;66.5;74.89;77.34;69.05;69.95;57.42;60.13;65.18;64.34;62.41;58.82;62.69;58.07;52.3;66.91;72;64.69;69.17;64.74;66.9;69.7;69.7
O3;uur;µg/m³;2023-01-12T21:00:00+01:00;2023-01-12T22:00:00+01:00;69.6;64.5;57.2;61.4;59;57.7;59.08;60.52;64.75;62.86;60.4;59.18;63.73;60.46;76.54;73.07;73.8;70.75;71.53;66.71;79.59;78.01;72.91;68.22;76.22;80.81;70.53;74;62.26;66.55;69.16;68.91;68.92;58.66;66.25;60.45;55.76;68.46;72.63;65.61;72.62;68.02;67.9;74.3;72.4
O3;uur;µg/m³;2023-01-12T22:00:00+01:00;2023-01-12T23:00:00+01:00;72.2;60.2;61.5;48.4;57.5;57.8;60.42;58.11;63.91;65.47;69.18;62.08;68.93;62.88;76.89;77.53;75.34;74.87;77.29;73.09;80.67;78.48;64.77;67.91;77.24;81.47;77.25;77.97;69.25;73.03;73.1;76.11;71.78;61.08;71;63.99;62.89;74.76;72.29;69.06;74.2;69.99;74.4;75.7;75.9
O3;uur;µg/m³;2023-01-12T23:00:00+01:00;2023-01-13T00:00:00+01:00;71.9;58.8;63.8;52.3;61.2;59.54;62.38;57.92;63.27;71.98;74.7;70.42;74.74;71.68;77.9;77.63;72.86;73.8;77.91;74.7;76.78;73.15;66.03;65.83;76.58;79.61;78.15;73.19;68.28;73.14;71;75.42;73.11;64.57;73.92;67.07;69.16;77.28;73.13;79.71;74.09;69.73;71.9;72;72.8
O3;uur;µg/m³;2023-01-13T00:00:00+01:00;2023-01-13T01:00:00+01:00;72.6;58.6;63.5;52.3;58.2;62.76;70.35;66.13;68.61;73.81;74.2;75.38;77.02;75.35;73.74;74.96;68.56;73.28;76.56;74.36;74.15;74.03;67.3;65.34;75.6;76.69;74.95;71.28;68.22;73.04;67.78;75.52;74.36;65.59;74.96;69.24;64.58;74.47;74.11;77.44;74.41;68.69;69;69.2;70.9
O3;uur;µg/m³;2023-01-13T01:00:00+01:00;2023-01-13T02:00:00+01:00;71.2;66;56.4;56.3;60.9;69.41;70.13;69.46;69.29;75.34;66.48;75.7;72.88;74.85;70.84;74.81;69.45;66.76;74.2;74.19;77.37;74.28;69.51;66.53;74.23;78.61;72.98;70.63;67.59;72.74;69.12;74.71;70.75;67.12;75.49;71.67;65.5;72.55;72.49;75.37;74.31;69.49;68.2;69.2;69.7
O3;uur;µg/m³;2023-01-13T02:00:00+01:00;2023-01-13T03:00:00+01:00;65.9;62.5;49.5;53.1;60.4;71.69;70.17;78.23;81.1;75.5;67.76;75;72.68;74.94;71.95;72.54;67.59;60.92;75.09;74.77;74.3;73.49;64.35;66.59;74.53;76.53;73.14;68.43;66.24;70.75;67.45;72.82;68.47;67.51;74.91;69.81;65.37;71.26;71.18;72.93;72.09;68.06;67.8;68.4;67
O3;uur;µg/m³;2023-01-13T03:00:00+01:00;2023-01-13T04:00:00+01:00;68.6;63.5;49.9;42;63.3;73.15;70.84;72.52;79.32;75.09;65.56;74.64;71.26;73.9;71.04;77.71;68.98;62.98;71.47;73.44;75.72;70.68;64.74;66.94;74.64;77.56;71.67;66.95;67.35;71.39;66.14;74.22;69.6;67.62;74.83;71.47;63.16;70.64;71.15;72.02;70.77;66.38;68.5;68.8;68.8
O3;uur;µg/m³;2023-01-13T04:00:00+01:00;2023-01-13T05:00:00+01:00;69.3;65.6;51.3;52.4;61;70.3;70.21;70.96;78.57;78.45;72.59;74.85;76.71;74.09;74.38;77.6;66.47;66.37;74.05;76.18;78.82;71.31;68.03;65.77;74.72;79.9;72.45;68.96;66.74;70.32;66.99;73.5;70.11;69.05;74.8;72.36;63.04;70.18;70.97;71.19;70.86;67.52;71.4;72.7;72.7
O3;uur;µg/m³;2023-01-13T05:00:00+01:00;2023-01-13T06:00:00+01:00;69.5;66.4;54.9;56;53.7;68.84;70.92;68.97;76.47;75.35;67.21;73.22;72.77;72.07;72.64;74.38;71.89;68.45;76.79;76.29;76.08;70.32;65.27;61.8;76.17;78.67;72.42;68.84;68.44;67.19;66.54;75.33;72.69;69.21;74.19;74.21;62.52;70.37;71.83;71.65;70.03;66.78;66.9;68.5;66
O3;uur;µg/m³;2023-01-13T06:00:00+01:00;2023-01-13T07:00:00+01:00;67.8;58.8;57.9;46.3;55.8;69.93;69.44;71.8;73.35;72.05;66.6;71.96;68.16;71.69;75.86;74.31;73.32;61.8;72.34;70.47;75.59;67.73;61.59;58.95;75.56;77.19;72.49;70.09;65.92;69.11;63.83;72.85;69.33;70.37;75.97;72.84;61.9;70.31;73.72;71.13;72.87;68.68;67.9;69.6;69.4
O3;uur;µg/m³;2023-01-13T07:00:00+01:00;2023-01-13T08:00:00+01:00;70.1;54.2;53.8;43.2;61;70.23;66.47;73.35;75.71;71.56;66.77;69.62;64.89;70.44;76.99;72.88;74.23;63.09;74.37;68.81;77.55;69.01;54.98;61.55;77.27;76.82;70.07;70.18;61.5;63.17;64.55;68.93;65.51;69.57;73.66;67.15;64.11;69.25;74.42;71.37;73.14;67.18;65.3;68.7;68.3
O3;uur;µg/m³;2023-01-13T08:00:00+01:00;2023-01-13T09:00:00+01:00;70.4;50.1;51.8;49.1;58.5;69.24;67.03;68.03;66.9;70.43;64.33;67.82;65.36;67.93;74.75;70.04;72.35;66.38;74.48;70.74;78.23;67.27;59.02;62.39;78.68;76.99;69.89;70.8;60.83;65.37;65.25;68.91;69.78;66.03;70.26;64.82;63.11;69.27;74.97;71.45;74.04;66.14;69.2;67.6;70.4
O3;uur;µg/m³;2023-01-13T09:00:00+01:00;2023-01-13T10:00:00+01:00;70.2;57.3;53.6;54.7;56.6;67.36;65.94;67.62;68.66;66.94;60.46;66.47;63.04;66.62;74.48;71.67;72.2;65.09;73.6;65.96;78.47;64.2;61.31;65.33;78.05;76.87;71.99;69.76;63.45;67.06;64.11;69.82;70.17;65.73;70.95;64.1;61.26;69.47;76.36;70.22;74.39;67.54;66.8;66.2;67.2
O3;uur;µg/m³;2023-01-13T10:00:00+01:00;2023-01-13T11:00:00+01:00;68.3;55.3;63.3;63;54.2;68.04;66.52;68.64;70.33;69.04;67.51;68.3;63.28;68.08;74.39;72.02;73.32;59.35;73.95;70.47;77.97;66.46;64.17;67.87;76.42;75.15;70.08;66.57;61.65;66.03;61.06;67.77;69.86;64.95;66.86;62.97;60.2;69.11;75.07;69.23;75.7;69.11;69.5;67.2;70.4
O3;uur;µg/m³;2023-01-13T11:00:00+01:00;2023-01-13T12:00:00+01:00;68;60.6;65.9;64.9;55;68.95;66.77;69.49;71.73;66.17;67.93;66.98;63.22;67.57;74.58;71.77;73.5;57.67;74.2;70.24;76.77;70.12;68.11;68.97;75.12;74.22;70.59;71.92;60.6;61.88;67.18;67.24;67.19;61.4;68.34;64.01;57.84;69.01;73.95;69.58;73.85;68.06;69.8;67.9;69.7
O3;uur;µg/m³;2023-01-13T12:00:00+01:00;2023-01-13T13:00:00+01:00;65.8;60;65.4;59.4;60.9;68.35;64.43;69.82;73.36;65.91;65;63.78;64.14;65.57;73.03;71.06;72.1;56.47;72.83;70;75.34;69.76;68;67.46;73.81;72.48;72.58;70.68;59.41;62.91;66.44;67.47;64.18;60.82;69.26;65.07;57.81;70.2;72.43;68.99;72.62;66.1;69.6;66.1;68.3
O3;uur;µg/m³;2023-01-13T13:00:00+01:00;2023-01-13T14:00:00+01:00;61.8;60.3;64.5;59.2;54.8;64.93;62.6;68.55;70.83;70.07;67.44;63.69;63.91;64.51;72.08;69.03;70.21;56.96;70.86;67.84;75.51;67.05;66.46;65.36;72.29;71.47;71.01;69.35;59.75;61.03;65.18;67.76;65.25;62.21;66.37;63.32;57.18;69.52;71.09;68.16;72.03;65.23;69.5;65.4;68.4
O3;uur;µg/m³;2023-01-13T14:00:00+01:00;2023-01-13T15:00:00+01:00;62.6;56.3;61.8;58.2;52.9;64.3;64.82;66.78;70.39;69.73;64.4;63.34;62.39;62.55;70.91;67.32;67.74;52.19;68.8;64.82;73.25;64.62;63.06;60.12;72.61;70.05;71.33;66.93;59.41;59.75;63.29;66.98;63.02;60.23;66.38;62.54;58.98;70.32;71.35;70.44;71.59;65.85;68.2;63.2;65.7
O3;uur;µg/m³;2023-01-13T15:00:00+01:00;2023-01-13T16:00:00+01:00;61.5;57.4;60.5;54.6;47.6;60.31;64.04;62.85;68.05;67.23;64.52;62.15;58.59;62.5;70.08;66.72;67.18;49.77;67.33;62.64;72.37;60.3;60.75;59.51;73.06;67.55;70.29;65.51;56.83;56.71;61.46;64.47;61.37;59.24;63.45;60.46;59.61;68.73;70.67;70.1;74.34;63.81;65.3;60.4;62.9
O3;uur;µg/m³;2023-01-13T16:00:00+01:00;2023-01-13T17:00:00+01:00;59.5;55.3;59.4;48.9;40.7;60.74;62.03;58.13;62.16;65.18;61.6;58.32;57.29;57.96;69.35;64.76;65.66;46.91;66.89;61.72;73.85;59.19;60.62;52.02;71.38;70.08;67.71;62.69;52.85;52.97;60.08;59.81;59.11;58.49;60.92;59.74;58.99;67.38;70.58;70.07;74.5;65.46;65.9;62.2;63.8
O3;uur;µg/m³;2023-01-13T17:00:00+01:00;2023-01-13T18:00:00+01:00;60.6;54.1;58.9;57.5;36.8;52.9;58.79;59.27;62.68;64.99;59.74;58.71;57.29;60.23;67.48;62.26;64.82;52.68;66.8;63.18;72.13;60.31;64.49;58.81;71.32;68.26;68.61;64.27;49.31;54.81;60.68;58.07;58.5;55.75;60.54;58.8;57.85;66.45;70.69;71.2;73.26;66.87;67.3;63.5;64.8
O3;uur;µg/m³;2023-01-13T18:00:00+01:00;2023-01-13T19:00:00+01:00;58;48.5;54;56.1;33.5;58.26;60.1;61.83;66.13;62.89;50.31;56.86;58.12;56.47;65.05;62.61;64.66;54.14;66.72;62.34;71.91;62.95;61.21;60.02;72.22;68.53;68.55;67.93;60.05;62.29;62.77;69.02;59.06;54.51;63.04;59.7;57.97;66.87;72.55;70.93;72.81;66.81;63.9;60.3;62.2
O3;uur;µg/m³;2023-01-13T19:00:00+01:00;2023-01-13T20:00:00+01:00;62.7;56.1;60.4;54.6;50.7;61.27;55.63;63.2;67.23;61.27;51.78;52.49;57.4;56.94;66.62;61.5;67.84;58.76;67.63;64.51;70.93;64.28;65.77;63.02;71.01;70.45;68.35;65.51;57.06;60.29;61.64;63.41;57.9;60.58;68.76;59.86;57.84;66.97;72.23;70.51;70.38;64.18;64.8;62.9;64.5
O3;uur;µg/m³;2023-01-13T20:00:00+01:00;2023-01-13T21:00:00+01:00;64;60.6;64.1;52.7;47;60.77;53.77;63.25;66.79;60.81;47.08;55.29;53.77;58.49;67.83;60.16;68.84;42.72;68.98;66.17;73.21;67.14;65.18;65.37;72.84;72.01;64.83;67.27;57.71;60.35;63.07;64.39;61.27;63.4;63.79;54.34;60.65;69.06;71.17;69.82;72.21;64.57;67.1;64.1;65.2
O3;uur;µg/m³;2023-01-13T21:00:00+01:00;2023-01-13T22:00:00+01:00;62.8;58.9;64.4;54.5;49.4;58.12;52.55;62.08;66.04;59.36;46.99;54.21;48.55;57.03;66.57;59.96;63.88;53.92;69.36;66.88;72.11;58.96;67.14;57.33;72.1;70.31;68.69;67.84;62.37;66.41;63.01;70.04;60.6;59.49;65.5;56.34;58.45;66.69;71.58;67.98;72.78;68.69;66.6;63.9;64.3
O3;uur;µg/m³;2023-01-13T22:00:00+01:00;2023-01-13T23:00:00+01:00;59.8;58.7;64.8;54.2;39.2;57.86;47.72;62.73;66.41;59.17;55.49;53.15;51.08;55.42;65.37;56.95;64.58;60.46;68.6;63.74;70.51;63.21;67.77;60.97;70.69;66.91;68.49;63.03;55.79;57.3;61.45;63.05;60.78;57.28;66.05;52.63;55.56;69.04;71.2;71.09;72.08;65.5;64.5;61.3;62.8
O3;uur;µg/m³;2023-01-13T23:00:00+01:00;2023-01-14T00:00:00+01:00;61.3;55.3;60.9;54;53.8;58.38;48.35;63.61;66.36;58.42;53.32;52.47;52.23;54.71;62.62;56.63;65;58.15;68.31;60.52;69.62;62.99;64.69;61.4;70.54;69.77;66.87;62.72;56.75;57.13;60.06;63.05;60.08;56.76;57.84;48.98;55.55;66.86;69.99;69.56;70.39;63.92;64;61.2;63
O3;uur;µg/m³;2023-01-14T00:00:00+01:00;2023-01-14T01:00:00+01:00;60;50.6;58.2;45.1;37.6;59.24;50.82;62.45;61.29;58.42;53.02;51.25;55.05;53.09;63.22;53.06;66.47;53.47;61.9;59.3;68.79;66.72;62.78;62.8;69.34;69.83;67.01;59.21;57.05;58.66;61.3;63.42;55.51;48.35;57.86;49.93;55.94;65.77;68.98;66.86;71.91;61.17;65.6;62.5;62.5
O3;uur;µg/m³;2023-01-14T01:00:00+01:00;2023-01-14T02:00:00+01:00;57.4;38.9;47.5;30.4;27.5;61.37;52.42;63.81;62.09;49.93;51.89;52.07;53.64;54.1;51.61;52.27;62.15;53.85;56.63;55.55;66.15;51.31;54.31;57.53;66.8;67.44;66.83;56.69;54.69;53.45;58.06;60.32;51.77;45.68;57.52;50.84;53.55;60.74;67.68;64.6;66.37;60.2;62.7;60.3;60.6
O3;uur;µg/m³;2023-01-14T02:00:00+01:00;2023-01-14T03:00:00+01:00;52;45.9;30.5;27.2;34;60.89;52.94;60.41;63.15;52.48;39.88;54.71;50.25;55.87;50.6;48.74;57.22;43.84;52.09;51.45;64.04;41.99;43.46;50.5;66.83;64.39;64.2;45.04;50.42;52.68;47.09;56.4;50.58;47.12;55.3;51.1;49.52;61.51;63.9;63.2;65.85;61.47;58.5;56.1;58.3
O3;uur;µg/m³;2023-01-14T03:00:00+01:00;2023-01-14T04:00:00+01:00;46.5;37.8;39.1;44.6;41.8;57.84;52.18;57.73;63.67;52.73;43.29;53.55;42.56;55.25;49.96;52.29;41.63;43.21;49.38;44.19;58.04;49.77;40.3;36.34;60.52;59.35;58.98;49.12;49.83;47.81;38.89;54.76;42.61;45.93;50.78;49.2;45.6;60.38;59.92;58.4;64.8;58.78;53.8;46.5;51.6
O3;uur;µg/m³;2023-01-14T04:00:00+01:00;2023-01-14T05:00:00+01:00;46.6;41;47.1;46;43.2;56.57;53.07;60.99;64.99;55.08;38.93;53.38;51.81;54.88;51.8;54.56;41.67;44.43;51.28;45.42;47.7;51.75;41.75;44.05;55.12;50.6;51.97;43.75;44.35;46.05;39.17;48.68;41.18;45.13;47.86;50;42.23;50.91;59.31;58.24;60.27;57.44;46.4;42.7;46.8
O3;uur;µg/m³;2023-01-14T05:00:00+01:00;2023-01-14T06:00:00+01:00;46;40.6;47.3;46.2;42;57.13;53.08;61.61;65.07;55;46.37;53.42;52.86;51.44;53.62;57.66;43.02;51.86;54.31;46.89;52.7;47.71;40.57;47.47;48.35;47.71;46.86;45.97;39.49;39.4;34.15;43.29;41.15;51.23;52.1;51.19;41.93;44.63;55.45;52.59;58.41;55.89;44.1;40.9;44.2
O3;uur;µg/m³;2023-01-14T06:00:00+01:00;2023-01-14T07:00:00+01:00;51.8;42.7;51.1;44.4;42.7;58.22;53.19;59.58;63.68;56.31;51.17;55.31;54.73;54.91;54.51;55.07;47.49;50.98;49.97;53.74;48.25;49.91;48.98;48.1;43.58;47.26;48.61;43.31;43.6;45.45;39.98;48.93;45.95;52.73;51.45;51.06;46.18;45.2;52.26;48.74;54.88;51.37;41.7;40.7;43.8
O3;uur;µg/m³;2023-01-14T07:00:00+01:00;2023-01-14T08:00:00+01:00;52.1;41.5;51.6;34.6;29.6;58.42;54.65;62.19;65.24;56.95;40.09;57.04;55.5;56.89;50.08;54.68;44.96;50.15;49.68;55.36;52.19;52.88;50.58;45.29;45.9;52.9;52.56;51.92;49.38;49.47;43.1;54.52;48.79;51.96;50.43;53.67;47.73;49.71;48.49;52.29;49.41;46.43;45.1;41.9;44.3
O3;uur;µg/m³;2023-01-14T08:00:00+01:00;2023-01-14T09:00:00+01:00;48.1;41.1;43.2;41.9;38.9;59.14;53.48;60.65;63.14;55.07;50.48;53.75;54.53;54.32;53.39;57.4;42.61;48.74;49.26;53.23;51.23;50.12;47.68;46.06;46.47;51.58;55.59;52.42;50.04;51.32;49.73;55.76;50.66;52.73;55.13;53.74;49.42;49.32;54.76;54.41;49.07;46.22;50.7;47.5;51
O3;uur;µg/m³;2023-01-14T09:00:00+01:00;2023-01-14T10:00:00+01:00;52.4;43.5;49.2;48.3;40.9;57.49;53.9;60.71;63.06;55.4;54.4;53.44;55.73;54.14;59.7;61.61;48.15;53.69;56.35;53.28;51.43;53.13;50.22;46.86;54.32;50.47;56.65;51.06;49.93;50.64;50.64;54.99;50.1;54.12;55.49;52.27;49.58;51;58.38;55.33;53.78;50.35;51.8;46.2;50.2
O3;uur;µg/m³;2023-01-14T10:00:00+01:00;2023-01-14T11:00:00+01:00;56.2;51;55.7;53;48.6;61.2;55.79;65.86;68.95;60.98;58.65;56.88;58.99;56.72;62.37;64.42;54.6;60.52;61.02;58.72;59.07;56.71;51.6;51.59;53.91;55.21;57.51;54.77;49.22;46.6;45.38;54.22;52.59;52.61;57.56;54.06;50.7;52.54;58.15;56.34;56.92;51.79;52;46.7;50.6
O3;uur;µg/m³;2023-01-14T11:00:00+01:00;2023-01-14T12:00:00+01:00;57.1;54.3;57.7;56;44.7;64.56;58.02;67.23;70.83;65.09;57.86;61.21;63.22;61.12;66.13;65.15;57.67;63.37;65.49;62.62;62.4;59.8;56.88;56.42;56.78;63.25;61.76;59.36;51.77;48.94;50.9;56.84;57.64;52.68;61.8;55.51;50.64;56.07;62;53;57.3;52.26;56.6;52.1;55.6
O3;uur;µg/m³;2023-01-14T12:00:00+01:00;2023-01-14T13:00:00+01:00;59.7;55.9;58.6;56.6;52;65.16;61.91;66.19;68.89;66.09;56.33;62.9;63.75;63.13;64.49;62.85;59.72;64.1;65.88;62.32;65.01;59.44;57.03;56.92;59.02;64.2;63.06;61.26;56.46;56.71;55.36;62.9;60.43;53.26;62.01;60.46;52.2;59.65;64.32;57.05;59.15;53.91;59.9;56.1;60
O3;uur;µg/m³;2023-01-14T13:00:00+01:00;2023-01-14T14:00:00+01:00;55.7;53.5;49.6;54.2;52.6;63.79;61.78;64.7;67.84;64.31;55.44;60.91;61.15;61.54;61.58;61.24;58.63;59.84;63.56;61.07;64.07;61.03;46.36;53.03;63.6;63.24;64.54;60.91;54.5;55.13;55.54;60.88;58.69;58.32;64.41;62.68;54.15;62.17;64.39;58.7;60.39;55.14;60.4;56.3;61
O3;uur;µg/m³;2023-01-14T14:00:00+01:00;2023-01-14T15:00:00+01:00;56;51.2;42.5;49.3;52.4;61.24;60.09;62.59;65.68;62.16;53.24;59.18;59.62;60.2;58.55;59.25;58.67;54.76;61.68;57.07;63.94;60.01;49.01;53.72;62.53;62.87;62.84;59.36;54.12;54.47;55;60.24;55.91;62.15;62.72;59.92;54.69;61.2;62.63;61.48;61.32;56.21;57;52.4;57.5
O3;uur;µg/m³;2023-01-14T15:00:00+01:00;2023-01-14T16:00:00+01:00;54;49.6;42.8;44.1;50.5;59;57.45;60.46;64.04;59.69;51.09;56.4;56.56;57.54;57.26;55.96;58.06;52.36;58.18;54.29;64.28;56.19;51.32;52.83;57.48;64.88;60.71;57.22;51.83;51.25;54.5;57.88;54.67;59.86;60.38;57.93;52.98;59.21;60.51;63.47;61.2;56.61;55.6;48.7;55.7
O3;uur;µg/m³;2023-01-14T16:00:00+01:00;2023-01-14T17:00:00+01:00;49.3;45.5;40.2;34.8;50.6;57.75;56.37;59.93;63.04;57.65;50.84;54.2;54.08;56.21;58.22;55.27;59.09;47.31;54.31;50.18;63.65;52.46;47.24;52.1;65.34;65.14;57.75;53.19;49.72;50.1;51.58;56.05;51.83;58.2;58.31;55.8;50.54;57.09;58.74;60.87;59.36;54.92;54.1;42.5;53.4
O3;uur;µg/m³;2023-01-14T17:00:00+01:00;2023-01-14T18:00:00+01:00;55.4;44.6;42.4;36.8;45.9;56.69;55.15;58.46;61.39;55.61;48.16;52.8;51.09;54.63;64.35;61.24;59.79;53.51;55.99;51.21;61.44;60.08;55.24;54.28;66.66;64.05;55.31;53.11;46;47.55;47.95;52.64;49.76;56.57;56.75;55.27;48.45;54.86;63.1;58.18;59.4;52.52;54.4;57.5;55.9
O3;uur;µg/m³;2023-01-14T18:00:00+01:00;2023-01-14T19:00:00+01:00;58.9;47.1;52.1;46.6;40.7;54.47;53.07;56.44;59.7;53.97;54.67;50.36;56.32;51.95;64.74;66.23;62.1;53.48;66.11;59.39;53.32;52.69;58.77;58.93;70.49;62.34;56.86;60.73;50.56;51.47;58.21;55.54;55.25;55.04;54.6;53.6;47.01;52.11;65.67;56.01;63.88;51.98;58.7;55.9;59.4
O3;uur;µg/m³;2023-01-14T19:00:00+01:00;2023-01-14T20:00:00+01:00;62.3;54.2;58.2;49.5;55.8;51.84;51.15;55.37;57.51;61.73;56.55;52.77;64.36;53.75;66.49;67.52;69.18;59.23;66.31;64.65;77.36;63.47;65.68;66.11;80.19;76.19;65.26;63.38;56.87;56.08;60.23;63.53;63.1;52.94;58.43;54.28;46.18;59.63;75.77;53.93;70.14;61.22;62;59.6;66.3
O3;uur;µg/m³;2023-01-14T20:00:00+01:00;2023-01-14T21:00:00+01:00;60.3;53.4;57.9;61.3;56.8;50.29;56.16;54.08;55.49;69.08;64.49;59.39;68.44;58.67;74.52;67.56;75.14;64.05;76.17;69.53;83.6;77.67;63.26;70.52;81.96;81.2;75.69;77.55;66.9;69.77;72.85;73.61;71.32;56.53;69.29;65.78;53.63;74.39;80.65;65.06;80.24;69.37;76.2;72.4;75.2
O3;uur;µg/m³;2023-01-14T21:00:00+01:00;2023-01-14T22:00:00+01:00;67.5;54.4;64.5;67;58.3;57.71;63.9;61.52;61.56;71.14;69.03;63.89;72.62;61.85;76.81;65.57;70.31;64.77;74.06;69.56;78.16;71.68;70.82;66.52;78.72;76.62;78.95;74.38;64.29;67;69.07;72.29;65.11;65.26;77.62;68.72;67.13;79.25;80.5;79.5;82.71;75.22;73.8;70.5;72.3
O3;uur;µg/m³;2023-01-14T22:00:00+01:00;2023-01-14T23:00:00+01:00;68.1;62;71.1;65.4;62.7;65.87;66.5;67.8;70.24;74.19;66.79;68.02;75.7;67.54;72.73;71.32;72.07;65.31;75.93;71.7;79.13;71.28;74.44;67.67;75.7;76.57;76.05;71.18;59.64;61.12;67.15;66.68;63.72;71.59;73.76;66.02;65.85;77.14;75.51;78.65;78.05;74.36;70.5;66;68.8
O3;uur;µg/m³;2023-01-14T23:00:00+01:00;2023-01-15T00:00:00+01:00;68;62;69.6;63.6;55.2;76.07;70.98;82.13;84.99;71.81;65.27;68.01;68.01;67.47;72.67;72.36;73.92;56.01;72.65;70.4;77.78;74.42;71.89;70.58;75.96;77.22;71.77;70.68;60;61.43;65.44;66.79;67.86;67.36;63.93;67.12;63.52;71.01;74.32;77.38;74.08;71.46;70.8;67.2;70.7
O3;uur;µg/m³;2023-01-15T00:00:00+01:00;2023-01-15T01:00:00+01:00;64.9;55.1;62.4;64.2;47.1;73.26;67.65;80.03;84.15;69.36;62.64;62.22;64.29;64.01;74.11;66.51;74.18;65.09;72.43;70.17;77.06;71.88;69.51;70.58;75.81;76.7;72.46;71.17;59.01;65.04;67.42;65.11;64.83;61.38;66.68;69.68;60.12;70.14;74.55;72.53;74.49;67.93;69.5;68;69.2
O3;uur;µg/m³;2023-01-15T01:00:00+01:00;2023-01-15T02:00:00+01:00;68.5;55.2;64.6;61.3;54.3;72.44;66.71;75.61;79.98;65.78;59.76;63.54;64.12;66.91;75.6;65.74;75.11;67.79;74.25;73.01;77.49;73.58;71.11;72.69;77.16;78.29;70.46;68.26;62.26;64.78;67.84;68.05;67.81;64.42;67.99;64.79;56.05;70.94;75.09;68.23;73.23;67.28;70.1;70.2;71.5
O3;uur;µg/m³;2023-01-15T02:00:00+01:00;2023-01-15T03:00:00+01:00;69.1;55.7;64.6;65.8;50.6;69.81;63.35;70.37;77.97;61.88;62.2;65.65;62.99;66.42;75.35;66.24;74.63;69.37;75.38;74.38;78.6;72.1;70.06;72.64;76.82;79.66;71.09;69.97;62.84;68.89;68.78;69.19;69.09;62.88;69.94;64.59;56.82;69.91;74.54;66.7;72.09;68.01;69.4;71.4;72.7
O3;uur;µg/m³;2023-01-15T03:00:00+01:00;2023-01-15T04:00:00+01:00;70.9;57.9;66.2;66.2;61;67.27;63.05;72.9;77.59;63.32;64.79;65.3;64.89;66.18;74.8;68.25;75.99;69.33;75.24;74.03;79.35;74.84;73.78;73.74;77.36;80.78;71.83;68.59;65.04;70.79;67.76;71.26;70.82;61.45;72.13;62.95;57.71;70.37;74.63;66.3;72.02;68.56;72.8;72.1;72.8
O3;uur;µg/m³;2023-01-15T04:00:00+01:00;2023-01-15T05:00:00+01:00;71.9;56.3;64.4;62.2;60;66.94;63.05;70.72;77.02;65.67;65.22;66.64;67.25;66.51;74.81;70.39;75.48;70.2;74.22;73.59;78;75.11;70.75;74.35;77.7;79.55;69.79;71.95;64.78;71.13;70.48;71.17;70.72;58.2;70.57;61.78;59.78;70.7;76.14;64.52;72.52;68.08;72.8;72.6;73.4
O3;uur;µg/m³;2023-01-15T05:00:00+01:00;2023-01-15T06:00:00+01:00;72.9;59.7;65.4;66.1;58.2;67.56;64.66;69.43;74.9;68.03;67.19;67.85;67.39;67.43;77.23;70.35;76.39;69.55;74.76;66.97;80.04;73.65;71.54;74.23;77.58;81.18;73.55;70.27;65.84;71.44;70.12;71.79;68.91;59.14;68.54;61.85;59.61;69.74;75.69;64.31;73.37;69.52;70.5;72.5;73.7
O3;uur;µg/m³;2023-01-15T06:00:00+01:00;2023-01-15T07:00:00+01:00;73.1;59.7;68.9;70.2;65.8;67.22;64.82;70.05;74.63;66.71;68.1;67.58;69.8;67.37;78.53;69.03;79.64;71.95;77.55;70.92;82.68;80.03;77.05;77.91;79.14;83.32;72.47;73.58;66.89;70.58;72.04;72.99;70.34;60.2;65.63;63.36;59.57;71.49;75.49;67.16;74.13;69.82;74.8;75.1;76
O3;uur;µg/m³;2023-01-15T07:00:00+01:00;2023-01-15T08:00:00+01:00;73.5;57.2;68.8;66.9;59.3;70.28;65.66;72.49;74.06;67.99;66.44;68.83;69.22;69.2;78.37;70.45;80.11;72.27;78.83;75.2;83.33;78.5;71.74;77.21;80.8;84.44;75.14;77.1;69.28;72.31;75.61;75.01;72.93;62.71;69.45;65.18;60.9;70.93;77.46;70.18;74.92;69.9;77.6;78.2;78.5
O3;uur;µg/m³;2023-01-15T08:00:00+01:00;2023-01-15T09:00:00+01:00;76.1;57.6;50;54.6;51.7;71.88;67.16;74.48;76.71;70.41;68.78;69.72;68.81;70.12;79.56;74.69;78.35;75.45;78.85;77.45;81.88;72.92;63.93;73.16;80.85;83.71;78.06;74.07;69.27;74.59;73.71;75.59;74.23;64.27;69.19;64.23;61.63;76.45;78.62;69.02;76.84;71.34;75.9;76.9;77.3
O3;uur;µg/m³;2023-01-15T09:00:00+01:00;2023-01-15T10:00:00+01:00;75;59.3;65.9;36.5;68;70.24;69.48;69.99;71.89;71.51;67.57;72.2;69.33;72.13;78.11;71.82;77.24;75.38;78.44;72.49;81.03;74.96;68.57;71.77;78.79;82.55;76.04;74.09;68.92;73.17;72;76.06;72.42;64.56;68.23;66.54;59.28;75.93;77.55;69.33;77.8;72.97;75.2;75.3;76.6
O3;uur;µg/m³;2023-01-15T10:00:00+01:00;2023-01-15T11:00:00+01:00;74.3;59.8;66.1;40.8;65.6;69.39;70.55;70.97;74.62;72;63.52;71.65;68.12;71.52;73.82;71.49;77.74;74.79;75.09;72.11;80.96;73.95;71.64;70.69;78.85;81.94;75.12;74.25;67.77;70.48;72;74.41;67.81;68.38;72.59;70.97;61.54;74.43;77.12;75.42;75.82;72.55;73.8;74.8;75.2
O3;uur;µg/m³;2023-01-15T11:00:00+01:00;2023-01-15T12:00:00+01:00;71.2;61.8;65.8;56.4;69.3;71.73;71.09;73.13;76.68;73.62;68.47;72.5;68.98;73.16;73.38;74.83;77.37;70.4;73.94;74.17;80.7;77.3;69.87;71.78;78.85;81.66;76;75.06;66.33;69.49;72.13;72.61;68.31;71.52;75.13;72.69;64.86;74.15;77.62;75.03;76.85;72.16;75.6;74.7;76.2
O3;uur;µg/m³;2023-01-15T12:00:00+01:00;2023-01-15T13:00:00+01:00;66.8;61.3;54.7;65.8;68.4;73.39;72.32;72.91;75.2;77.54;72.01;74.55;72.32;74.48;73.58;74.12;78.33;68.22;76.27;75.19;80.8;78.17;65.63;73.22;79.36;80.56;72.88;74.39;65.69;70.31;73.2;71.62;68.76;68.57;75.33;72.12;64.76;72.63;77.73;73.9;77.31;72.72;75.2;73.9;75.8
O3;uur;µg/m³;2023-01-15T13:00:00+01:00;2023-01-15T14:00:00+01:00;68.9;62.2;61.9;70.3;61.6;72.05;72.13;72.35;74.07;75.95;70.4;73.69;71.96;73.5;74.65;74.13;76.76;68.49;75.32;74.66;80.38;73.76;74.12;70.92;78.45;79.44;73.57;72.93;65.34;69.23;69.45;71.4;70.32;67.16;75.26;74.5;64.69;75.37;77.96;73.19;76.95;71.86;75.4;73.8;75.8
O3;uur;µg/m³;2023-01-15T14:00:00+01:00;2023-01-15T15:00:00+01:00;70.3;62;69.3;64;62.4;72.13;70.56;72.37;73.75;74.45;71.24;71.88;70.66;72.07;73.5;74.37;77.47;70.59;74.83;73.46;79.68;72.95;75.18;73.66;76.23;78.62;73.08;74.09;63.62;68.3;71.11;70.58;69.1;71.74;74.89;72.13;64;75.41;75.75;73.94;74.06;70.07;74.6;72.6;73.5
O3;uur;µg/m³;2023-01-15T15:00:00+01:00;2023-01-15T16:00:00+01:00;73.7;59.8;68.2;66.6;59.2;71.5;69.74;70.47;72.74;74.25;72.03;70.36;71.31;70.42;73.22;71.26;76.55;71.23;73.49;73.06;79.7;72.55;75.78;72.07;74.65;77.52;76.93;73.14;63.66;66.64;71.89;69.93;66.88;67.26;74.24;70.64;62.88;74.31;73.24;73.83;72.19;66.67;75.1;69.8;71.6
O3;uur;µg/m³;2023-01-15T16:00:00+01:00;2023-01-15T17:00:00+01:00;67.8;59.3;64;42;61.2;68.91;69.29;68.85;72.55;72.69;67.93;70.78;69.25;70.62;69.68;70.8;75.22;65.21;72.59;73.32;79.21;70.4;64.62;68.5;74.57;76.64;77.94;73.01;63.86;65.46;69.25;70.29;70.1;67.17;73.63;69.34;62.8;74.08;72.24;74.19;70.39;65.79;72.2;67.5;71.1
O3;uur;µg/m³;2023-01-15T17:00:00+01:00;2023-01-15T18:00:00+01:00;66.5;59.4;56.1;43.3;58.1;67.79;67.85;68.42;69.69;72.4;63.35;69.91;65.75;70.55;69.48;73.8;67.56;64.54;70.93;71.48;78.88;66.98;63.59;60.25;72.35;76.01;73.46;72.59;62.49;66.11;70.8;71.11;67.97;66.33;72.42;70.26;61.94;73.26;70.71;72.83;68.86;65.2;68.1;64.5;68.9
O3;uur;µg/m³;2023-01-15T18:00:00+01:00;2023-01-15T19:00:00+01:00;66.5;57.8;58.2;56.6;62.3;67.19;68.21;66.14;70.59;73.43;66.81;71.19;68.62;70.97;73;74.8;63.27;61.63;72.74;64.24;75.83;65.94;65.45;58.96;71.02;78.47;73.78;67.39;62.26;64.53;63.36;70.16;66.72;67.4;69.14;69.64;63.29;69.38;65.01;72.59;67.03;62.87;63.7;63.6;65.7
O3;uur;µg/m³;2023-01-15T19:00:00+01:00;2023-01-15T20:00:00+01:00;71.6;60.8;60.5;59.5;65.5;64.5;67.38;64.82;67.58;73.27;64.88;67.79;70.19;68.21;73.03;76.17;67.25;61.22;72.77;66.92;66.47;70.75;70.49;63.34;70.94;70;71.36;68.66;60.83;62.42;62.87;67.26;65.51;68.11;69.8;70.46;62.57;71.29;66.05;70.01;64.01;60.28;68.6;64.6;62.7
O3;uur;µg/m³;2023-01-15T20:00:00+01:00;2023-01-15T21:00:00+01:00;70.1;56.5;60;64.2;68.8;63.64;64.27;64.71;66.64;68.8;48.38;65.74;62.67;65.78;73.24;67.3;69.05;65.62;73.48;64.57;68.85;73.53;68.96;62.13;69.5;67.6;68.03;69.59;64.24;67.13;64.51;71.03;64.87;68.87;71.86;70.4;60.34;68.36;68.34;70.07;60.92;57.98;63.5;57;64.1
O3;uur;µg/m³;2023-01-15T21:00:00+01:00;2023-01-15T22:00:00+01:00;67.7;55.4;60.5;62.3;70.8;63.18;60.02;66.61;69.46;64.09;52.32;62.67;59.62;63.3;67.78;66.16;68.43;65.78;66.51;62.28;70.12;73.32;66.26;62.85;68.63;69.87;70.56;68.39;62.96;63.78;59.11;70.37;62.9;67.2;71.26;65.12;61.48;66.17;71.17;68.45;61.1;60.78;64.6;57.7;63.5
O3;uur;µg/m³;2023-01-15T22:00:00+01:00;2023-01-15T23:00:00+01:00;62.9;49.1;53.4;57.5;58.5;63.14;61.21;66.45;70.09;65.91;60.5;64.44;65.96;64.84;60.39;71.86;63.18;51.97;61.29;57.17;65.6;67.68;60.2;55.63;67.43;66.64;67.78;60.65;54.64;54.26;46.49;59.9;52.7;62.68;65.7;59.91;60.47;67;67.85;67.15;66.95;62.51;63.4;54.2;60
O3;uur;µg/m³;2023-01-15T23:00:00+01:00;2023-01-16T00:00:00+01:00;59.6;36.4;51.3;55;51.9;63.9;63.62;66.51;70.46;69.91;61.32;67.06;66.5;68.58;67.31;70.07;56.38;53.6;63.2;65.99;61.58;64;57.56;50.86;62.78;62.81;62.44;48.61;51.12;51.44;42.77;55.47;57.07;59.6;62.14;59.98;55.57;63.88;68.88;67.93;67.16;62.48;62;54.1;59.2
O3;uur;µg/m³;2023-01-16T00:00:00+01:00;2023-01-16T01:00:00+01:00;65.5;44.1;57;53.8;58.3;63.97;68.53;64.89;68.45;72.63;60.81;70.75;63.14;70.73;66.59;64.95;51.64;58.46;65;57.99;59.19;59.74;61.72;47.52;60.07;57.55;61.26;51.32;54.89;56.75;43.21;60.97;56.54;60.17;64.82;65.27;54.12;59;68.69;66.28;65.35;62.82;51.3;47;51.6
O3;uur;µg/m³;2023-01-16T01:00:00+01:00;2023-01-16T02:00:00+01:00;60.9;43.8;61.3;60.2;58.4;62.95;67.49;64.46;68.82;68.56;56.68;67.59;63.58;66.62;63.76;65.28;50.17;63.3;61.37;58.55;56.8;60.57;57.04;53.97;55.09;57.44;61.12;56.82;55.12;56.89;53.82;60.53;54.41;65.56;66.71;67.73;54.53;55.62;63.4;61.82;65.32;60.43;49.8;44;50.3
O3;uur;µg/m³;2023-01-16T02:00:00+01:00;2023-01-16T03:00:00+01:00;58.1;47.9;54.1;54.7;48.7;;;;;;;;;;;;;;;;;;;;;;;;;;;;;;;;;;;;;;54.5;49.8;54.2
O3;uur;µg/m³;2023-01-16T03:00:00+01:00;2023-01-16T04:00:00+01:00;59.4;54.1;56.8;50.3;49.9;59.45;61.55;64.3;68.06;62.24;54.24;62.88;64.01;61.14;63.44;50.76;51.97;62.98;58.45;60.99;56.35;59.91;56.06;55.26;53.27;55.28;63.57;51.37;53.76;55.27;48.13;58.84;54.03;64.77;68.41;61.75;55.37;57.23;62.59;58.87;55.91;52.47;57.6;53.2;55.8
O3;uur;µg/m³;2023-01-16T04:00:00+01:00;2023-01-16T05:00:00+01:00;52.2;51.4;52.7;51.2;47.4;60.28;54.97;61.31;66.07;56.34;56.87;57.05;61.04;56.7;61.21;58.19;53.24;59.72;62.52;61.9;57.22;56.4;52.55;53.6;57.34;60.94;65.79;52.94;55.84;58.46;51.28;60.74;54.18;59.04;65.04;59.93;57.49;61.06;66.32;59.88;54.49;49.93;52.9;50.2;52.2
O3;uur;µg/m³;2023-01-16T05:00:00+01:00;2023-01-16T06:00:00+01:00;52.6;50.4;32.8;45.4;27.6;54.79;49.68;64.38;68.58;56.74;58.47;51.99;59.02;51.81;53.88;65.39;41.47;58.59;58.13;60.31;53.97;54.42;47.99;34.57;59.08;53.68;64.88;53.37;52.15;51.05;53.56;57.28;51.8;49.25;58.17;57.6;56.52;60.96;62.12;64.71;56.85;52.17;55;51.5;53.5
O3;uur;µg/m³;2023-01-16T06:00:00+01:00;2023-01-16T07:00:00+01:00;49.6;41.4;43.5;45.2;34.6;54.25;53.21;66.92;68.65;56.27;57.55;53.99;53.97;53.68;60.18;68.23;40.24;52.27;57.49;54.29;53.09;52.49;29.38;29.6;54.94;29.82;60.74;50.1;47.28;42.07;51.65;53.95;50.13;46.8;53.61;57.61;51.51;55.85;62.21;64.9;58.99;52.24;49.2;;49.8
O3;uur;µg/m³;2023-01-16T07:00:00+01:00;2023-01-16T08:00:00+01:00;48.8;36.1;43.5;45.4;42;52.74;50.75;67.3;69.39;58.37;60.49;53.99;54.12;53.79;64.24;67.82;39.72;50.19;60.49;52.36;50.5;51.95;18.68;31.52;60.38;22.23;56.56;49.99;40.41;39.04;49.81;49.41;47.48;43.31;49.74;56.04;45.22;54.03;57.38;60.58;56.88;45.97;45.9;28.7;47.3
O3;uur;µg/m³;2023-01-16T08:00:00+01:00;2023-01-16T09:00:00+01:00;50.3;38.1;46.1;41.5;41.5;57.6;48.33;64.38;64.74;60;62.16;57.64;57.81;55.65;63.73;65.77;48.23;48.2;62.2;54.49;57.21;57.98;32.73;41.18;60.65;35.65;54.09;55.55;45.33;46.76;55.38;53.63;55.37;45.38;50.65;49.33;39.87;51.05;51.63;53.31;55.17;54.01;42;;45.3
O3;uur;µg/m³;2023-01-16T09:00:00+01:00;2023-01-16T10:00:00+01:00;50.8;40.4;44.9;44.8;30.9;58.95;51.23;63.16;65.62;58.46;60.99;53.61;56.67;54.24;61;55.64;45.37;50.9;60.68;57.81;61.04;57.31;36.89;40.24;60.68;50.88;48.31;58.54;44.52;48.18;59.21;56.15;56.6;49.74;51.64;54.45;43.94;45.04;50.25;47.78;52.75;47.47;51.1;37.6;52.3
O3;uur;µg/m³;2023-01-16T10:00:00+01:00;2023-01-16T11:00:00+01:00;47.7;40.3;32.6;41.1;32.8;58.24;58.27;61.55;65.1;59.6;57.86;49.41;56.74;56.06;60.74;51.93;42.38;48.69;55.24;55.17;59.55;54.63;34.55;39.57;57.37;50.48;53.31;54.61;46.97;48.47;52.36;53.82;51.46;56.69;54.55;54.22;48.61;50.13;45.69;51.31;47.58;44.52;52.7;39.7;46.2
O3;uur;µg/m³;2023-01-16T11:00:00+01:00;2023-01-16T12:00:00+01:00;44.6;37.8;31.4;40.8;39.3;57.59;54.8;62.21;65.9;59.78;55.57;46.38;57.87;56.71;61.05;61.06;36.25;45.22;62.07;58.47;53.56;49.36;51.01;24.05;57.45;44.6;56.45;53.24;47.86;47.96;51.22;53.97;50.44;55.74;54.54;54.5;49.54;53.23;51.2;54.97;41.42;46.09;46.1;34.4;46.4
O3;uur;µg/m³;2023-01-16T12:00:00+01:00;2023-01-16T13:00:00+01:00;48.5;43.9;48.1;47;40.7;60.66;52.16;62.67;66.71;59.53;52.25;42.79;52.78;56;64.23;59.69;34.66;52.85;62;59.33;53.93;49.07;51.94;15.93;58.22;49.71;56.05;48.99;42.56;40.06;49.15;51.34;53.65;57.28;56.79;55.82;51.75;53.18;52.64;59.04;49.3;52.03;32.1;41.8;47
O3;uur;µg/m³;2023-01-16T13:00:00+01:00;2023-01-16T14:00:00+01:00;45.6;38.6;50.6;47.4;40.4;60.68;49.76;62.16;65.38;59.61;45.65;45.26;45.7;57.79;61.16;59.54;35.98;49.2;58.04;52.16;47.21;53.94;51.3;25.39;56.16;33.78;56.01;;35.89;40.47;45.86;48.09;51.02;55.2;56.35;54.6;50.4;52.21;51.36;59.04;52.99;50.56;31.2;32.7;39.4
O3;uur;µg/m³;2023-01-16T14:00:00+01:00;2023-01-16T15:00:00+01:00;44.8;29.7;39.6;38.5;32.3;58.81;48.76;59.48;62.39;55.77;47.04;49.35;49.94;56.24;56.62;60.78;40.62;43.64;54.29;46.02;47.43;45.82;42.84;23.87;57.1;24.92;54.58;;32.5;30.97;40.88;43.63;41.8;54.99;50.97;51.82;49.44;49.23;56.01;59.45;53.68;49.49;27.4;28.5;41
O3;uur;µg/m³;2023-01-16T15:00:00+01:00;2023-01-16T16:00:00+01:00;41.3;24.6;31;37.6;37;58.15;50.41;55.99;58.43;53.62;44.4;52.44;40.9;54.19;70.66;66.19;42.89;41.94;48.62;44.07;50.35;32.5;31.5;27.82;54.38;30.25;49.88;47.33;32.3;25.19;23.46;39.48;41.91;52.98;51.54;47.25;48.08;40.13;51.36;58.26;54.2;50.76;20.2;24.7;42.7
O3;uur;µg/m³;2023-01-16T16:00:00+01:00;2023-01-16T17:00:00+01:00;41.6;26.4;41.3;45.4;56.8;54.03;50.33;52.15;45.8;48.23;56.71;46.34;24.28;47.17;59.01;66.23;52.89;41.96;60.62;30.81;61.45;40.59;39.79;48.8;52.42;42.35;51.09;38.97;31.55;18.99;16.8;41.45;28.03;53.23;43.47;41.73;48.53;41;45.43;57.08;52;48.47;16.1;13.6;30.7
O3;uur;µg/m³;2023-01-16T17:00:00+01:00;2023-01-16T18:00:00+01:00;29.1;36.5;41.8;43.3;59.7;43.1;38.7;47.08;49.53;39.79;54.96;37.77;48.4;38.78;74.51;74.84;50.99;48.42;48.15;47.65;56.64;43.95;43.34;48.9;47.01;41.12;49.37;51.45;26.81;26.2;32.73;35.97;41.25;48.62;40.34;36.67;44.34;46.37;51.7;55.26;51.59;47.99;36.1;19.9;25.2
O3;uur;µg/m³;2023-01-16T18:00:00+01:00;2023-01-16T19:00:00+01:00;49.2;48.4;57.9;56.4;70.8;39.94;34.88;45.88;52.22;54.55;70.13;39.34;45.41;46.63;77.04;76.28;66.8;58.89;56.26;47.33;66.77;65.74;60.37;67.58;50.23;52.93;45.04;49.76;35.39;44.41;37.75;44.85;48.07;47.57;41.3;33.4;39.19;40.67;55.41;54.08;51.62;49.67;39.8;25;29
O3;uur;µg/m³;2023-01-16T19:00:00+01:00;2023-01-16T20:00:00+01:00;53.4;54;62.2;68.7;75.3;48.88;39.47;50.76;53.61;46.91;75.48;46.09;57.58;46.66;74.01;75.6;74.31;64.63;62.56;58.27;78.42;71.19;67.68;73.79;57.4;70.49;46.62;55.54;40.93;37.67;41.27;46.09;54.23;46.13;42.28;39.93;40.34;41.73;53.64;54.05;50.81;46.48;46.2;27.9;39.2
O3;uur;µg/m³;2023-01-16T20:00:00+01:00;2023-01-16T21:00:00+01:00;52.2;63.6;70;65.6;74;47.67;45.31;57.12;56.78;57.65;72.42;49.81;65.81;53.87;77.04;80.19;76.1;75.52;63.69;60.93;84.53;74.98;66.46;76.07;70.11;81.54;51.47;70.31;42.09;45.94;46.89;46.23;60.72;42.75;47.86;40.71;38.76;50.64;50.91;51.75;52.31;40.28;60.8;39.6;48.8
O3;uur;µg/m³;2023-01-16T21:00:00+01:00;2023-01-16T22:00:00+01:00;58.6;64;71.7;74.2;78.6;63.25;57.41;67.66;70.42;65.1;76.65;59.61;68.96;65.09;80.58;81.67;78.8;75.54;66.04;70.67;82.15;80.16;76.81;79.19;76.87;79.26;58.07;76.41;52.98;61.27;61.01;60.1;69.48;40.07;53.34;43.18;43.46;49.48;66.37;48.12;51.58;40.69;64.8;52;59.2
O3;uur;µg/m³;2023-01-16T22:00:00+01:00;2023-01-16T23:00:00+01:00;59.8;73.7;78.2;77.6;78.7;64.39;59.85;63.62;67.8;68.14;79.24;63.86;68.86;66.32;80.63;79.59;81.1;81.62;73.87;75.61;86.2;84.31;80.85;81.68;78.81;85.18;72.36;77.56;66.1;72.34;67.2;72.58;72.82;42.61;59.93;59.79;43.5;59.04;72.77;47.96;55.39;44.11;74;60.7;68.9
O3;uur;µg/m³;2023-01-16T23:00:00+01:00;2023-01-17T00:00:00+01:00;56.2;70.8;76.9;63.6;74.5;61.76;63.88;66.58;69.87;75.07;79;68.66;76.27;69.41;77.42;74.46;79.38;80.05;75.83;78.99;85.64;82.38;74.51;79.41;83.93;86.44;76.75;80.97;68.43;71.36;75.96;74.95;77.48;51.61;67.04;69.21;53.21;71.87;80.47;50.37;77.1;46.81;79.3;65.1;76.5
O3;uur;µg/m³;2023-01-17T00:00:00+01:00;2023-01-17T01:00:00+01:00;52.1;68.1;71.3;68.6;71.2;68.69;66.72;68.94;71.73;74.42;75.85;71.01;77.67;71.67;73.89;68.1;74.05;75.28;68.93;72.54;82.91;76.83;74.3;73.1;82.62;85.09;80.87;80.19;71.96;71.06;72.12;78.82;75.58;60.36;76.22;71.93;62.97;79.01;81.79;62.93;80.59;63.9;78.5;65.4;71.2
O3;uur;µg/m³;2023-01-17T01:00:00+01:00;2023-01-17T02:00:00+01:00;53.2;63;67.4;65.1;69.3;72.93;69.22;73.33;76.38;73.15;71.36;72.19;64.49;73.7;71.89;65.29;72.08;71.32;63.22;69.71;76.82;75.15;67.29;72.98;76.9;78.42;80.88;76.98;72.74;77.53;73.66;78.15;74.31;66.65;80.92;72.95;69.17;80.17;80.39;76.26;83.49;75.65;75;59.9;68.6
O3;uur;µg/m³;2023-01-17T02:00:00+01:00;2023-01-17T03:00:00+01:00;52.8;53.9;61.9;64.8;69.8;69.35;70.06;67.79;73.1;67.79;70.1;69.75;67.54;69.87;67.31;55;70.18;65.93;65.92;61.9;73.09;68.16;61.65;69.01;72.32;74.45;76.56;67.87;68.32;72.03;65.25;72.84;68.58;73.02;77.99;74.8;70.71;78.7;74.75;80.33;81.01;77.29;68.7;54.6;60.1
O3;uur;µg/m³;2023-01-17T03:00:00+01:00;2023-01-17T04:00:00+01:00;43.6;32.1;46.6;55.2;64.1;65.92;66.67;62.91;68.4;66.17;64.07;66.9;65.94;66.68;64.57;51.28;69.19;44.9;65.06;58.29;71.11;71.35;55.56;69.26;71.62;53.24;71.06;64.29;56.09;64.73;61.43;63.16;64.21;73.89;72.39;72.32;66.86;73.61;70.07;80.48;73.24;72.58;68.4;46.9;61.5
O3;uur;µg/m³;2023-01-17T04:00:00+01:00;2023-01-17T05:00:00+01:00;29.1;30.1;53.3;57.3;63.9;58.31;62.16;60.84;65.56;62.08;55.92;65.31;62.29;62.82;65.06;49.87;66.63;37.45;65.02;57.14;72.01;69.15;50.13;66.47;68;65;71.2;55.94;53.22;58.91;51.51;59.22;59.84;69.05;67.26;65.33;60.81;69.39;68.48;75.84;71.59;65.78;58.9;39.2;50.1
O3;uur;µg/m³;2023-01-17T05:00:00+01:00;2023-01-17T06:00:00+01:00;40.7;38.4;47;28.3;57.9;54.46;57.68;55.55;61.67;57.27;45.62;61.19;50.02;56.71;66.5;46.18;64.56;46.78;59.35;47.67;70.14;65;39.46;60.5;66.27;65.32;66.51;49.6;46.53;49.1;42.14;57.06;47.62;64.55;63.6;58.18;57.47;66.34;67.09;70.4;69.63;63.3;43.1;32.6;36.4
O3;uur;µg/m³;2023-01-17T06:00:00+01:00;2023-01-17T07:00:00+01:00;36;24.4;27.8;26;57.4;50.04;55.81;51.68;56.27;51.36;31.15;50.41;34.56;45.16;64.39;39.98;61.12;26.49;53.47;41.23;70.04;50.54;23.15;50.55;65.1;57.91;57.7;39.8;37.82;22.17;24.16;50.32;30.17;58.97;57.93;57.47;56.77;62.7;65.66;66.88;67.22;57.59;37.2;33;29.3
O3;uur;µg/m³;2023-01-17T07:00:00+01:00;2023-01-17T08:00:00+01:00;33.2;8.7;18.8;26;41.5;44.64;42.83;46.74;48.39;38.52;9.45;39.13;13.03;37.06;57.36;34.8;54.7;25.49;44.2;20.39;68.9;31.96;15.18;39.56;57.31;49;48.7;43.12;17.66;15.35;25.71;28.65;37.48;52;47.11;46.62;50.13;59.61;65.66;61.09;65.19;52.22;43.6;23.2;32.4
O3;uur;µg/m³;2023-01-17T08:00:00+01:00;2023-01-17T09:00:00+01:00;15.8;0.7;3.9;7.7;48.6;34.5;37.29;29.38;35.64;30.41;10.3;25.54;3.2;24.58;26.43;30.54;48.87;15.83;29.4;11.61;66.01;4.41;4.31;26.15;57.38;29.76;45.15;38.62;7.01;14.66;24.88;16.13;21.52;44.85;41.44;32.44;43.58;52.15;61.75;57.17;66.93;46.34;41.7;14.6;30.9
O3;uur;µg/m³;2023-01-17T09:00:00+01:00;2023-01-17T10:00:00+01:00;14;4.5;5.6;18.9;49.1;32.6;30.71;28.19;38.7;26.06;21.32;21.53;7.81;25;29.57;26.83;52.45;7.48;36.68;9.99;67.19;4.16;3.31;25.92;58.49;39.77;39.53;25.68;11.74;16.85;26.29;17.68;11.42;37.81;33.58;29.77;37.04;46.64;58.45;54.83;56.25;46.44;38.2;9.3;23.5
O3;uur;µg/m³;2023-01-17T10:00:00+01:00;2023-01-17T11:00:00+01:00;14.1;7.4;10.2;15.7;46.7;35.02;30.33;43.61;49.34;24.47;16.02;25.43;12.73;31.21;31.07;31.94;51.34;6.35;30.39;14.12;65.49;5.9;7.7;25.79;57.91;45.75;36.9;17.02;14.43;12.54;19.23;26.64;15.08;33.59;31.05;28.67;35.49;43.9;59.33;53.68;66.56;52.04;38.8;24.8;32.2
O3;uur;µg/m³;2023-01-17T11:00:00+01:00;2023-01-17T12:00:00+01:00;27.9;4.9;11.2;21.9;53.9;41.46;36.46;51.22;52.49;26.13;12.67;30.88;15.7;32.5;32.25;29;57.71;16;32.96;11.35;65.16;10.53;20.88;33.16;61.94;51.9;40.25;13.6;17.34;14.54;14.74;27.31;17.54;31.53;31.72;30.9;36.66;44;59.53;51.71;65.54;62.37;43.8;29.6;30.2
O3;uur;µg/m³;2023-01-17T12:00:00+01:00;2023-01-17T13:00:00+01:00;42.1;26.4;38.1;42.2;55.5;49.8;36.2;56.53;59.77;30.6;14.66;40.49;21.63;45;37.68;35.13;62.46;;42.58;23.88;67.02;50.72;38.6;56.16;66.02;57.34;48.77;19.62;19.52;18.89;18.19;30.11;23.72;35.04;29.84;35.88;41.11;46.35;62.92;52.79;61.56;58.17;36.4;22.8;32.2
O3;uur;µg/m³;2023-01-17T13:00:00+01:00;2023-01-17T14:00:00+01:00;49.3;39.1;49.5;50;60.1;53.77;39.23;59.47;65.46;43.55;33.54;47.16;34.29;54.78;49.14;36.78;63.07;;51.5;47.4;67.75;58.94;51.44;56.55;65.81;59.9;50.64;31.37;23.89;29.59;20.04;34.07;31.62;37.95;40.02;42.3;46.15;48.75;64.22;51.17;60.93;54.49;56.4;44.1;54.3
O3;uur;µg/m³;2023-01-17T14:00:00+01:00;2023-01-17T15:00:00+01:00;50.8;38.1;51.3;49.8;57.8;55.09;50.57;60.88;66.3;51.28;42.03;50.96;43.8;54.27;55.27;40.66;59.42;;57.46;49.56;68.89;60.4;46.8;53.58;63.83;58.11;41.83;61.56;26.41;30.95;34.44;37.85;40.28;41.26;46.53;48.53;50.81;52.17;61.91;54.79;62.71;57.65;58;41.8;55.3
O3;uur;µg/m³;2023-01-17T15:00:00+01:00;2023-01-17T16:00:00+01:00;50.6;31.2;48.4;43.9;56.7;56.55;51.07;57.65;60.53;49.69;39.45;43.37;31.89;55.07;63.34;48.13;62.84;;56.39;42.83;67.51;56.85;42.37;53.01;60.98;52.3;44.87;59.66;26;29.59;44.31;37.87;43.92;39.04;45.04;49.68;46.99;43.79;60.51;55.02;62.66;57.09;59.3;35.5;55.3
O3;uur;µg/m³;2023-01-17T16:00:00+01:00;2023-01-17T17:00:00+01:00;40.9;25.8;37.9;26.5;50;45.58;18.17;43.93;50.11;42.53;29.24;21.56;30.9;46.22;61.25;37.97;55.11;;49.3;24.34;65.75;36.26;35.45;45.39;58.49;43.42;39.56;52.65;16.21;19.25;35.42;27.91;32.37;26.36;37.37;38.95;38.19;35.93;56.22;50.04;57.99;51.46;54.2;33.2;49.3
O3;uur;µg/m³;2023-01-17T17:00:00+01:00;2023-01-17T18:00:00+01:00;14.2;11.4;23.6;21.3;40.7;15.96;11.01;19.67;31.95;14.91;13.3;0.99;3.66;14.74;58.75;27.95;47.33;;36.41;9.87;65.98;13.55;14.53;25.84;49.24;31.23;37.85;35.06;4.51;4.24;19.78;14.25;12.74;30.21;6.36;12.88;26.15;33.49;46.47;43.96;48.56;45.36;43.7;16.8;35.4
O3;uur;µg/m³;2023-01-17T18:00:00+01:00;2023-01-17T19:00:00+01:00;12.8;2;5.9;12.1;50.7;2.03;11.83;8.89;8.15;4.77;13.83;-0.59;1.38;1.96;54.76;22.57;46.61;9.52;20.66;2.02;66.14;2.59;2.9;18.92;45.69;24.74;40.36;17.77;1.8;1.69;16.79;17.05;13.12;20.26;5.11;4.11;25.74;26.13;49.77;37.86;48.72;45.05;32.5;6;13.9
O3;uur;µg/m³;2023-01-17T19:00:00+01:00;2023-01-17T20:00:00+01:00;18.6;0;3.1;5;;1.07;8.25;6.22;3.69;12.49;10.61;-0.65;1.39;3.85;61.19;12.67;56.6;9.33;25.08;1.39;67.06;0.6;7.79;26.13;43.22;29.63;28.36;1.81;6.71;1.52;4.91;15.43;1.52;27.19;2.65;2.47;22.7;19.61;47.69;39.23;46.7;44.52;15.2;3.3;-1.8
O3;uur;µg/m³;2023-01-17T20:00:00+01:00;2023-01-17T21:00:00+01:00;3.6;0.7;0.9;0.7;;11.34;3.27;6.02;4.35;13.54;4.89;-0.63;0.97;1.2;66.07;10.26;48.95;6.7;12.69;1.69;64.3;0.31;4.07;21.52;38.36;28.74;3.38;5.78;7.03;1.72;3.57;8.91;1.43;23.7;6.26;6.41;20.48;18.96;46.53;35.56;46.45;46.65;3;-2.3;-1.5
O3;uur;µg/m³;2023-01-17T21:00:00+01:00;2023-01-17T22:00:00+01:00;3.4;3.4;2.8;1.1;;9.91;2.66;7.42;4.53;5.53;1.42;1.75;2.32;2.38;63.07;9.16;19.36;3.99;5.39;1.16;63.71;0.14;6.09;3.93;36.66;16.34;8.32;8.74;8.75;2.41;6.69;9.34;0.82;21.88;11.6;5.01;18.39;25.28;44.03;28.05;51.36;45.97;11;-1.9;2.3
O3;uur;µg/m³;2023-01-17T22:00:00+01:00;2023-01-17T23:00:00+01:00;11.6;4.8;12.4;0;;5.13;3.74;3.76;5.58;5.24;4.9;3.18;3.73;3.63;55.74;8.26;20.2;4.36;17.18;1.15;63.39;0.06;1.32;2.14;37.22;14.92;13.14;11.58;12.28;6.57;9.89;25.93;-0.01;18.2;19.14;2.72;18.03;24.74;47.45;29.35;60.62;44.24;5.7;-4.9;-1.6
O3;uur;µg/m³;2023-01-17T23:00:00+01:00;2023-01-18T00:00:00+01:00;17.7;0.8;1.7;0.3;;5.67;3.86;1.04;5.42;2.86;7.65;0.29;1.82;1.93;56.29;12.16;38.92;0.93;25.27;1.28;59.14;0.02;1.73;15.29;39.99;7.1;12.49;8.17;6.87;13.61;6.32;13.58;0.41;14.98;16.39;9.05;16.04;16.2;42.63;32.3;48.93;37.45;5;-4.6;-2.1
O3;uur;µg/m³;2023-01-18T00:00:00+01:00;2023-01-18T01:00:00+01:00;26.9;1.4;3.2;6.3;;2.28;6.59;0.69;6.27;2.02;2.99;1.7;2.49;1.37;56.85;13.78;52.9;1.64;39.71;0.92;62.63;-0.44;2.59;38.1;32.43;10.71;14.06;4.15;4.96;15.16;6;9.93;9.93;7.41;34.6;9.77;16.69;22.8;36.1;27.68;44.78;31.82;12.6;5.5;4
O3;uur;µg/m³;2023-01-18T01:00:00+01:00;2023-01-18T02:00:00+01:00;24.4;1;1;14.7;;1.29;3.59;2.72;6.34;1.41;2.66;3.74;3.91;0.96;57.28;18.64;52.12;1.94;38.04;1.64;60.76;17.89;3.93;48.83;32.07;48.91;14.3;0.46;7.04;8.33;1.07;8.2;8.9;4.92;26.69;9.26;17.81;23.1;40.62;25.39;43.81;30.32;41.2;29.5;26.6
O3;uur;µg/m³;2023-01-18T02:00:00+01:00;2023-01-18T03:00:00+01:00;19.5;7.1;4.1;17.5;;0.9;5.2;4;5.87;1.21;1.54;5.15;3.23;8.92;56.86;21.29;53.75;8.79;37.09;0.57;54.22;49.99;1.12;52.49;39.71;53.04;17.21;0.53;6.92;6.13;1.5;10.26;6.78;8.57;16.58;10.85;14.06;13.08;37.69;23.83;40.97;31.2;48.1;37.4;40.2
O3;uur;µg/m³;2023-01-18T03:00:00+01:00;2023-01-18T04:00:00+01:00;42.4;3.3;10.4;17.6;;1.01;7.42;7.62;5.29;1.17;0.25;0.47;0.72;4.87;57.42;21.66;54.99;8.86;48.23;3.69;57.37;49.91;27.94;53.73;48.86;52.26;20.47;0.83;10.72;4.47;1.78;18.3;7.98;8.08;6.02;10.43;13.61;13.36;43.22;23.6;40.1;26.9;43.1;34.7;35.7
O3;uur;µg/m³;2023-01-18T04:00:00+01:00;2023-01-18T05:00:00+01:00;41.4;18.4;30.3;15;;0.8;8.47;4.21;4.9;1.26;-1.07;-0.59;-0.18;0.79;59.85;25.04;57.9;4.93;47.89;2.75;62.18;46.27;34.59;54.8;48.07;57.89;21.12;3.31;6.3;2.21;3.45;8.06;6.22;4.85;4.48;12.15;12.75;18.24;42.21;27.15;43.02;23.19;22.1;20;24.6
O3;uur;µg/m³;2023-01-18T05:00:00+01:00;2023-01-18T06:00:00+01:00;44.5;23.6;34.9;14.2;;0.91;6.58;0.88;4.8;1.67;-1.02;-1.33;-0.23;0.73;56.42;29.4;59.34;5.33;47.26;1.1;64.82;33.29;30.83;43.03;42.64;58.63;16.85;12.2;12.9;2.97;4.47;17.04;6.16;4.31;5.23;7.67;13.7;15.89;43.68;26.02;41.38;21.83;16.6;1.2;5.4
O3;uur;µg/m³;2023-01-18T06:00:00+01:00;2023-01-18T07:00:00+01:00;32.4;1;19.1;12.1;;0.8;3.33;1.99;4.92;1.16;-1.2;-1.3;-0.29;0.76;51.93;30.03;63.3;0.72;39.34;2.53;68.78;7.33;22.26;40.57;31.03;54.57;11.31;21.75;13.88;2.49;4.07;17.12;6.64;7.35;5.33;2.68;11.41;14.9;48.53;25.27;39.21;22.52;11.3;-1.7;0.2
O3;uur;µg/m³;2023-01-18T07:00:00+01:00;2023-01-18T08:00:00+01:00;27.6;0.9;1.1;9.1;;0.65;2.82;3.37;5.1;1.39;-1.25;-1.39;-0.14;0.62;32.31;23.84;60.95;1.82;35.86;-0.53;67.89;7.99;5.67;46.35;36.18;49.42;6.13;19.38;6.19;2.01;3.42;9.25;2.12;5.74;4.33;0.5;8.97;12.79;52.02;18.15;35.62;18.35;9.5;-3.2;1
O3;uur;µg/m³;2023-01-18T08:00:00+01:00;2023-01-18T09:00:00+01:00;18.8;2.3;10.3;19.4;;1.57;2.28;5.39;8.64;2.08;-0.95;-1.01;0.1;1.54;24.21;17.93;58.32;12.97;12.84;-0.14;68.96;16.49;3.54;44.69;24.41;37.06;8.06;16.24;12.56;4.63;3.19;15.56;3.16;2.56;4.47;0.84;10.99;10.31;50.78;10.4;31.67;15.73;2.6;-4.7;-1
O3;uur;µg/m³;2023-01-18T09:00:00+01:00;2023-01-18T10:00:00+01:00;23.1;7.9;11.9;20.7;;8.17;10.06;10.44;17.27;8.3;0.23;3.09;3.19;6.56;20.97;22.47;51.88;8.72;19.84;5.23;66.51;10.26;12.25;23.31;17.4;21.75;16.47;18.72;13.94;7.51;9.61;17.88;7.84;6.46;8.18;4.68;15.81;18.32;43.82;18.02;30.77;22.63;10.1;-0.6;5.8
O3;uur;µg/m³;2023-01-18T10:00:00+01:00;2023-01-18T11:00:00+01:00;29.6;;18.1;25.3;;15.6;18.48;14.14;23.22;17.7;14.5;11.56;8.39;16.21;24.09;28.43;59.56;14.27;24.49;14.64;68.33;29.62;20.39;15.93;23.11;18.45;23.82;22.19;15.71;12.83;18.4;20.5;14.78;13.45;15.13;11.17;20.83;26.05;43.38;26.87;34.96;30.35;18;5.7;14.4
O3;uur;µg/m³;2023-01-18T11:00:00+01:00;2023-01-18T12:00:00+01:00;30.9;17.9;26.9;24.8;;21.15;26.34;20.38;27.68;24.62;23.52;19.5;12.27;23.06;41.96;35.53;62.12;23.2;34.52;23.48;68.07;38.42;24.45;26.87;30.04;50.11;31.06;26.94;21.34;;20.24;26.22;18.11;19.8;23.19;20.81;26.69;30.01;45.92;35.81;39.72;33.92;25.6;16.2;27.5
O3;uur;µg/m³;2023-01-18T12:00:00+01:00;2023-01-18T13:00:00+01:00;40.4;29.7;26.3;24;;25.93;32.23;23.93;33.78;35.41;29.12;29.81;21.37;31.73;45.61;41.56;60.57;36.01;52.11;34.08;66.43;35.5;33.45;35.92;57.36;63.35;34.49;;23.18;;24.34;29.45;23.03;27.32;28.1;25.32;30.81;34.87;44.79;40.62;43.46;36.28;37;26;35.7
O3;uur;µg/m³;2023-01-18T13:00:00+01:00;2023-01-18T14:00:00+01:00;42.6;35.5;33.5;25.2;;33.6;36.95;34.7;33.97;43.58;43.99;37.12;35.17;38.78;55.09;46.09;59.46;42.37;52.81;41.75;64.65;52.63;36.02;46.77;;60.13;33.97;43.21;;;30.91;35.22;43.76;32.64;31.51;29.51;32.97;41.8;47.89;40.31;44.1;39.36;52;41.8;46.1
O3;uur;µg/m³;2023-01-18T14:00:00+01:00;2023-01-18T15:00:00+01:00;45.3;29.7;31.4;29;;40.4;42.52;43.2;43.79;42.99;49.42;40.71;47.76;42.59;54.72;52.33;58;41.61;52.16;47.81;63.41;44.61;33.22;50.09;;59.05;35.89;43.63;;;36.65;48.16;46.98;33.79;43.5;38.32;42.41;38.11;56.32;44.47;41.73;34.66;48.6;41;49.4
O3;uur;µg/m³;2023-01-18T15:00:00+01:00;2023-01-18T16:00:00+01:00;39.6;32.8;23;23.9;;44.99;46.45;45.06;51.83;43.63;46.47;45.48;46.19;49.73;55.73;51.03;55.19;37.37;50.66;44.24;64.23;45.7;31.89;50.58;;58.95;43.82;36.42;;35.75;30.36;46.73;41.06;34.03;40.14;43.81;36.49;31.62;58.63;41.46;40.55;35.26;47.9;41.9;49.4
O3;uur;µg/m³;2023-01-18T16:00:00+01:00;2023-01-18T17:00:00+01:00;42.5;31;33.5;35.8;;46.05;43.66;41.96;43.22;37.4;41.3;41.29;37.99;44.38;51.56;45.98;55.77;31.61;49.84;38.8;66.44;49.07;39.85;48.89;;60.92;44.64;36.87;;29.77;30.61;43.17;35.22;32.78;38.08;40.24;34.29;35.76;64.32;36.95;57.79;33.44;55.2;47.4;54.9
O3;uur;µg/m³;2023-01-18T17:00:00+01:00;2023-01-18T18:00:00+01:00;40.2;31;37.8;42.2;;39.49;41.45;40.82;36.95;33.14;36.21;29.71;32.25;36.1;50.18;42.91;56.18;34.01;50.98;40.92;65.87;44.21;35.43;48.31;66.7;60.89;43.56;44.07;;30.04;36.54;37.19;35.79;32.54;35.99;37.07;34.82;42.9;62.94;36.13;65.14;35.3;53.1;44.7;52.8
O3;uur;µg/m³;2023-01-18T18:00:00+01:00;2023-01-18T19:00:00+01:00;36.9;32.1;40.7;40.2;;38.58;39.88;35.98;42.52;34.29;34.66;26.06;24.27;33.53;49.06;37.58;58.19;31.08;43.8;39.44;66.31;53.03;41.56;52.97;74.32;60.74;42.25;40.09;;31.32;34.06;43.31;36.79;35.59;37.67;34.14;33.43;44.17;;36.31;63.74;39.14;50.8;47.4;53.7
O3;uur;µg/m³;2023-01-18T19:00:00+01:00;2023-01-18T20:00:00+01:00;48.3;41.7;50;45;;39.52;38.44;33.88;45.53;33.17;27.79;30.21;26.95;33.55;57.64;36.14;61.4;37.55;39.31;37.04;67.87;58.36;52.69;56.11;75.97;64.23;44.51;42.5;;34;33.35;40.34;37.18;36.43;34.65;33.3;32.92;42.11;72.64;35.45;68.3;45.83;55.6;49.8;55
O3;uur;µg/m³;2023-01-18T20:00:00+01:00;2023-01-18T21:00:00+01:00;51.9;42.5;49.1;41.8;;38.28;35.77;34.11;44.35;31.36;23.77;28;28.3;30.15;61.79;35.36;62.55;38.12;36.74;33.95;68.3;61.33;52.33;59.21;76.02;66.55;43.04;51.02;;32.05;43.35;39.7;33.02;35.44;33.09;34.39;30.54;46.14;73.9;37.09;71.61;59.88;60.5;51.9;56.4
O3;uur;µg/m³;2023-01-18T21:00:00+01:00;2023-01-18T22:00:00+01:00;53.8;45.9;51.7;44.3;;40.77;34.14;36.55;43.31;30.04;28.1;27.9;25.07;30.72;63.03;32.45;62.25;35.26;36.72;29.81;81.45;62.09;54.79;59.13;78.81;78.44;43.11;55.27;;31.29;45.7;39.58;33.86;34.16;31.51;31.99;30.45;58.82;73.94;39.72;72.1;64.42;65.3;60.5;65.8
O3;uur;µg/m³;2023-01-18T22:00:00+01:00;2023-01-18T23:00:00+01:00;55.5;47.7;53.8;41.5;;39.32;33.33;43.79;43.09;29.91;23.97;29.94;22.6;32.07;61.79;30.67;60.4;44.36;42.63;23.7;67.46;60.67;56.6;58.45;80.28;73.02;52.14;70.31;;40.5;68.18;50.61;29.13;31.87;30.92;30.63;30.78;49.41;72.93;37.07;73.21;67.85;70;65.8;72.4
O3;uur;µg/m³;2023-01-18T23:00:00+01:00;2023-01-19T00:00:00+01:00;50.1;39.7;42;33;;39.39;33.57;43.12;46.81;30.92;24.26;32.77;17.81;33.95;61.27;32.25;64.77;45.8;54.03;29.61;81.57;62.63;48.14;62.85;80.09;80.67;73.56;59.7;;50.75;56.7;60.33;35.24;30.56;34.69;31.27;31.15;55.1;74.3;36.32;70.93;65.48;73.1;67.3;73.2
O3;uur;µg/m³;2023-01-19T00:00:00+01:00;2023-01-19T01:00:00+01:00;60.7;46.9;53.2;46.5;;39.52;34;45.75;48.02;30.45;27.41;32.53;22.68;32.38;63.65;32.79;68.29;52.42;63.04;33.81;79.13;68.6;60.56;66.85;77.92;77.75;68.14;63.58;;38.32;68.31;43.78;37.3;31.38;30.61;33.52;29.82;73.29;74.45;39.65;69.36;61.06;69.5;65.2;70.3
O3;uur;µg/m³;2023-01-19T01:00:00+01:00;2023-01-19T02:00:00+01:00;56.8;60;65;61.7;;41.08;34.59;42.43;49.07;30.72;28.01;32.63;27.48;33.07;64.69;31.88;75.91;63;68.77;48.42;79.68;78.26;70.38;76.05;78.68;80.09;66.1;74.25;;38.36;66.94;48.42;46.72;32.9;34.07;36.46;26.78;66.11;72.54;47.64;69.26;60.68;67.6;54.7;70.8
O3;uur;µg/m³;2023-01-19T02:00:00+01:00;2023-01-19T03:00:00+01:00;45.1;68.4;70.9;64.2;;41.9;35.96;42.92;50.84;30.48;30.7;33.39;40.49;34.75;73.36;32.97;75.29;73.91;72.06;58.14;80.91;78.91;73.6;76.3;77.32;81.58;70.27;75.53;;67.48;70.19;69.74;68.27;35.05;37.74;36.84;31.79;60.17;73.06;46.07;67.51;63.03;70;61;63.8
O3;uur;µg/m³;2023-01-19T03:00:00+01:00;2023-01-19T04:00:00+01:00;52;69.7;71.1;68.5;;41.53;36.71;43.21;50.26;28.41;50.69;35.23;71.46;35.48;71.19;41.98;75.03;75.56;65.89;66.43;77.56;78.21;74.47;74.96;74.93;75.35;72.11;76.21;;73.31;70.82;75.46;68.87;35.52;43.38;34.29;32.61;65.99;72.24;40.71;68.04;63.29;74.4;61.4;69.1
O3;uur;µg/m³;2023-01-19T04:00:00+01:00;2023-01-19T05:00:00+01:00;54;59.4;61;34.3;;40.34;34.24;40.96;50.43;25.67;38.65;31.53;68.57;32.45;60.27;41.79;70.54;62.23;65.54;64.92;76.88;72.48;52.83;70.76;73.05;76.21;74.14;71.04;;70.74;64.54;71.92;68.63;35.65;60.48;41.1;35.41;66.61;72.65;39.23;65.55;60.68;60.3;54.6;59.7
O3;uur;µg/m³;2023-01-19T05:00:00+01:00;2023-01-19T06:00:00+01:00;40.8;46.4;57.8;48;;39.5;35.17;41.48;46.03;45.57;37.36;33.92;63.27;34.42;59.16;44.46;71.63;60.97;68.53;55;76.16;69.07;51.52;69.74;72.17;76.48;70.05;64;;67.01;60.02;68.43;64.18;38.86;71.54;56.77;48.98;71.43;71.57;43.71;59.56;57.38;63.9;52.2;55.7
O3;uur;µg/m³;2023-01-19T06:00:00+01:00;2023-01-19T07:00:00+01:00;22.2;35.9;51.4;43.8;;34.79;41.25;39.88;40.5;47.87;28.29;37.05;53.82;31.74;59.67;38.49;68.14;54.4;60.5;56.19;75.82;59.67;48.49;64.46;71.75;72.02;64.77;65.37;;52.8;52.33;57.51;54.56;52.87;67.23;58.34;55.03;69.55;70.86;50.57;66.15;51.59;64.3;;49.3
O3;uur;µg/m³;2023-01-19T07:00:00+01:00;2023-01-19T08:00:00+01:00;29.2;34;42.2;17.5;;33.71;40.02;35.39;36.23;35;23.36;32.21;24.66;29.72;60.57;26.83;63.7;50;57.52;35.36;74.53;48.68;28.46;59.1;70.59;63.54;67.48;60.22;;25.74;41.53;35.71;43.79;58.44;60.65;52.4;53.51;67.55;69.14;57.54;70.73;56.8;60.6;32.6;37.4
O3;uur;µg/m³;2023-01-19T08:00:00+01:00;2023-01-19T09:00:00+01:00;32.5;29.7;35.3;22.6;;29.44;30.86;27.48;32.72;20.33;14.2;18.84;13.93;19.1;61.97;22.11;60.42;36.34;53.01;23.59;70.71;54.91;28.04;56.41;70.5;60.47;65.99;58.37;;21.99;37.84;19.23;48.62;48.05;58.68;42.69;48.01;63.98;69.79;59.66;70.05;53.06;49.3;27.3;41.4
O3;uur;µg/m³;2023-01-19T09:00:00+01:00;2023-01-19T10:00:00+01:00;26.4;16.9;29;28.2;;27.12;26.45;31.71;34.76;18.58;12.43;20.16;19.58;20.11;61.29;28.19;59.14;30.26;53.04;24.81;70.9;53.04;19.08;55.5;69.64;54.25;66.66;61.07;;33.08;40.69;35.16;49.5;44.18;42.79;33.82;45.33;65.42;65.78;63.1;70.07;57.98;36.7;29.1;49.2
O3;uur;µg/m³;2023-01-19T10:00:00+01:00;2023-01-19T11:00:00+01:00;45.7;30;42;29.8;;30.27;24.15;33.77;37.42;23.21;21.72;20.37;18.85;24.14;63.4;36.77;61.59;39.39;55.89;35.79;71.37;58.93;43.97;58.92;67.31;60.79;63.1;54.39;33.13;41.88;40.84;47.12;41.79;42.24;42.6;35.01;46.44;62.19;66.98;59.71;68.9;55.62;48.8;35.3;45.1
O3;uur;µg/m³;2023-01-19T11:00:00+01:00;2023-01-19T12:00:00+01:00;49.8;38.4;51;42.2;;30.34;24.18;34.2;39.53;25.85;28.42;24.2;23.99;25.84;63.52;38.26;64.27;51.34;63.39;47.86;67.93;65.29;50.79;62.47;69.53;57.37;62.62;60.91;40.63;42.01;49.46;52.78;46.05;42.57;48.95;30.98;51.6;62.6;69.41;65.07;67.78;58.36;58.7;42;56
O3;uur;µg/m³;2023-01-19T12:00:00+01:00;2023-01-19T13:00:00+01:00;51.3;40.2;53.4;47.6;;31.3;29.32;32.08;39.27;28.69;35.02;27.34;30.6;29.06;63.22;41.24;64.39;54.38;66.02;55.85;68.22;62.8;54.04;60.2;67.09;56.68;64.63;64.4;50.86;56.65;55.47;60.23;60.36;39.43;54.18;27.99;48.55;64;68.99;67.88;69.03;60.47;58.5;44.6;52.7
O3;uur;µg/m³;2023-01-19T13:00:00+01:00;2023-01-19T14:00:00+01:00;50.5;50.6;58.5;49.3;;34.27;30.98;36.91;41.04;32.21;36.8;29.9;37.02;31.84;61.89;35.59;64.74;60.51;66.56;54.75;68.21;62.75;57.73;62.2;68.51;59.57;63.35;63.98;53.89;58.77;56.67;63.21;58.22;42.26;60.07;27.84;48.86;66.61;67.66;70.74;72.49;62.42;57.2;;55.5
O3;uur;µg/m³;2023-01-19T14:00:00+01:00;2023-01-19T15:00:00+01:00;53.8;41.4;51.9;43.5;;35.88;32.34;41.69;45.65;33.24;32.56;29.47;32.54;30.98;65.71;24.29;64.7;53.76;67.49;60.88;70.59;64.37;53.33;63.05;69.28;61.02;61.85;64.47;46.07;56.34;55.17;59.1;55.88;28.67;60.44;28.21;51.61;65.35;60.86;70.54;71.71;58.39;60.6;54.7;55.3
O3;uur;µg/m³;2023-01-19T15:00:00+01:00;2023-01-19T16:00:00+01:00;54.6;35.3;48.1;38.7;;34.45;31.79;45.29;46.74;32.42;11.53;26.68;34.31;29.47;65.88;25.58;62.38;47.33;64.04;57.35;68.76;60.77;41.4;60.37;68.88;51.22;57.12;62.7;49.2;49.3;46.03;59.25;51.63;19.57;62.74;23.06;48.39;59.68;60.86;67.91;71.15;57.87;61.2;52.4;52.2
O3;uur;µg/m³;2023-01-19T16:00:00+01:00;2023-01-19T17:00:00+01:00;40.3;24;42.5;30;45.2;36.13;30.77;45.08;43.33;26.44;7.04;25.07;13.75;26.66;64.75;17.05;56.11;46.43;57.05;48.1;67.81;43.59;35.96;43.2;60.3;46.32;54.37;58.25;40.88;37.5;40.4;59.79;46.18;19.81;50.3;20.26;46.41;58.6;58.11;54.81;72.16;52;53.6;38.8;47.2
O3;uur;µg/m³;2023-01-19T17:00:00+01:00;2023-01-19T18:00:00+01:00;33.9;24.3;41.1;35.3;21.3;26.7;30.12;41.03;38.02;21.35;0.1;15.08;1.63;18.22;63.72;20.34;57.26;33.83;49.67;27.51;67.67;44.6;36.47;39.48;61.12;35.58;50;41.89;27.66;17.07;30.62;39.59;45.88;16.25;36.81;18.57;46.4;47.35;49.56;50.48;67.11;42.01;43.5;22.9;42
O3;uur;µg/m³;2023-01-19T18:00:00+01:00;2023-01-19T19:00:00+01:00;23.7;29.5;39.4;28.1;6.4;28.88;23.48;24.05;31.15;18.33;-1.12;12.06;0.83;19.15;59.91;19.69;48.69;37.4;37.37;33.71;66.16;48.69;26.12;21.85;65.92;43.53;48.71;43.31;11.58;14.78;23.63;23.67;37.55;15.36;23.69;14.7;39.42;57.84;49.43;50.15;72.38;42.2;41.5;30.7;23.7
O3;uur;µg/m³;2023-01-19T19:00:00+01:00;2023-01-19T20:00:00+01:00;26.7;18.5;23.1;26.4;11.9;19.11;21.21;41.19;31.07;16.1;-0.57;11.03;2.05;15.37;61.2;16.36;39.05;41.89;39.99;33.33;59.06;30.18;24.08;24.33;62.7;30.71;38.12;54.09;35.93;41.34;44.36;42.13;59.84;17.93;6.88;14.11;32.99;63.82;65.07;53.72;71.24;48.71;57.8;44;41.9
O3;uur;µg/m³;2023-01-19T20:00:00+01:00;2023-01-19T21:00:00+01:00;41.5;16.9;21;13.7;1.6;20.1;16.5;36.43;36.93;12.55;0.27;10.06;0.86;12.11;66.92;14.59;55.99;27.99;55.71;8.87;71.34;44.22;20.48;41.3;53.13;37.33;60.68;60.54;51.67;54.34;49.47;60.11;54.99;21.45;5.16;11.27;20.02;66.16;61.07;39.06;62.11;45.92;25.5;22.6;35.7
O3;uur;µg/m³;2023-01-19T21:00:00+01:00;2023-01-19T22:00:00+01:00;51.9;10.2;7.6;30.6;7.6;22.95;8.01;32.1;29.45;14.53;10.27;10.4;2.32;11.06;40.82;18.36;40.15;17;64.98;56.7;69.36;29.28;11.73;37.49;56.95;40.57;62.48;62.12;44.43;52.16;39.09;56.17;41.63;19.68;15.66;11.07;10.45;71.52;62.4;50.69;56.96;43.85;40.2;34.9;44.2
O3;uur;µg/m³;2023-01-19T22:00:00+01:00;2023-01-19T23:00:00+01:00;55.2;30;33.8;39;28.9;25.79;6.72;34.42;27.85;15.59;11.09;14.62;44.71;13.27;21.49;29.01;22.56;50.95;63.06;49.13;70.52;23.66;39.38;24.85;48.13;70.29;55.11;41.07;41.31;41.29;38.46;52.3;47.47;15.31;28.55;10.21;13.23;68.92;63.6;53.69;55.9;47;40.5;30;46.8
O3;uur;µg/m³;2023-01-19T23:00:00+01:00;2023-01-20T00:00:00+01:00;43.3;29.5;43.1;32;35.3;29.54;9.5;28.8;30.67;16.72;12.72;19.98;40.62;22.85;25.04;40.02;4.75;44.02;34.75;46.75;50.68;40.85;35.97;20.86;63;61.76;57.31;39.74;41.82;44.07;28.61;49.11;51.21;12.18;47.56;7.08;13.5;63.19;60.28;47.5;59.9;52.77;48;41.7;49.3
O3;uur;µg/m³;2023-01-20T00:00:00+01:00;2023-01-20T01:00:00+01:00;20.1;18;24.7;17.7;23.5;30.43;11.7;34.48;33.39;23.98;17.45;19.78;12.7;19.18;37.19;33.28;6.39;23.4;32.81;20.12;56.76;25.69;9.04;21.63;66.75;42.79;54.75;48.91;49.78;47.69;36.32;55.3;45.77;11.94;55.05;10.7;16.2;57.6;54.11;39.5;60.6;53.28;46;35.6;34.8
O3;uur;µg/m³;2023-01-20T01:00:00+01:00;2023-01-20T02:00:00+01:00;15.6;10.3;17.5;15;51.7;31.88;14.33;39.12;36.52;17.35;29.08;22.54;19.89;21.53;39.72;28.47;2.72;15.3;31.59;30.01;60.6;13.34;8.02;3.06;54.99;55.03;51.61;43.34;43.01;41;44.6;47.27;29.19;15.76;54.82;16.91;36.16;55.06;58.95;45.37;59.58;53.32;36.1;32.8;34.5
O3;uur;µg/m³;2023-01-20T02:00:00+01:00;2023-01-20T03:00:00+01:00;15.5;6.5;15.5;15.9;27;;;;;;;;;;;;;;;;;;;;;;;;;;;;;;;;;;;;;;40.4;41.9;41.5
O3;uur;µg/m³;2023-01-20T03:00:00+01:00;2023-01-20T04:00:00+01:00;22.9;6.8;20.1;21.5;25.2;31.93;33.75;37.51;42.1;35.14;7.99;37.32;17.06;38.67;25.1;27.39;1.42;17.29;27.68;16.55;12.5;10.46;15.77;8.04;43.51;18.17;45.94;24.27;21.9;22.33;21.76;24.84;19.5;38.33;41.9;40.4;51.86;53.2;51.51;54.93;49.82;46.92;28.5;24.6;19.9
O3;uur;µg/m³;2023-01-20T04:00:00+01:00;2023-01-20T05:00:00+01:00;15.9;5.1;15.7;16.1;25.9;36.82;37.01;37.87;37.42;31.47;0.81;38.6;15.01;37.31;25.73;25.87;2.17;21.59;21.93;10.43;9.38;18.93;12.42;5.78;45.35;7.52;38.24;22.88;22.08;20.74;12.61;24.27;18.28;33.76;33.53;32.49;45.45;47.95;52.8;55.77;49.01;45.19;22.5;18.2;17.5
O3;uur;µg/m³;2023-01-20T05:00:00+01:00;2023-01-20T06:00:00+01:00;18.7;5.5;15.1;25.1;22.8;38.02;39.46;39.37;39.55;35.79;3.49;34.2;17.18;35.07;25.97;32.05;7.97;17.18;15.42;9.7;18.4;7.85;14.25;9.81;22.46;21.25;32.14;19.52;18.74;18.22;10.3;21.92;15.37;37.68;27.43;36.17;40.84;44.39;48.57;56.72;47.03;45.93;17.3;13.2;12.6
O3;uur;µg/m³;2023-01-20T06:00:00+01:00;2023-01-20T07:00:00+01:00;29.7;4.6;13.4;18.3;41.2;33.22;36.09;41.25;40.18;35.5;7.17;33.16;18.96;33.07;35.52;34.28;44.75;12.96;23.61;2.46;23.45;14.77;19.18;17.6;17.39;20.32;30.07;11.93;12.27;9.76;3.38;15.15;10.11;40.51;35.13;38.91;37.51;36.32;34.29;56.5;49.79;47.85;14.4;5.9;6.3
O3;uur;µg/m³;2023-01-20T07:00:00+01:00;2023-01-20T08:00:00+01:00;25.7;7.9;18.4;22.2;47.3;31.85;33.82;38.69;38.8;31.79;9.15;29.19;16.41;28.57;63.17;26.78;12.23;19.86;19.38;6.1;10.2;23.13;16.22;4.82;18.07;5.88;29.73;9.05;6.18;5.31;3.44;8.64;6.7;38.22;30.72;33.19;35.32;32.96;28.15;52.4;49.92;45.07;7.4;5.1;8.2
O3;uur;µg/m³;2023-01-20T08:00:00+01:00;2023-01-20T09:00:00+01:00;10.1;4.2;10.2;16.3;60.7;36.42;32.57;33.21;37.16;29.56;19.14;25.81;13.31;26.56;56.25;29.61;5.27;15.04;15.74;8.36;16.86;4.04;8.3;0.86;7.92;10.77;25.49;5.77;4.62;4.22;2.13;8.08;13.38;39.07;29.34;29.09;34.64;32.81;26.41;46.15;47.28;42.74;5.2;2.5;2.5
O3;uur;µg/m³;2023-01-20T09:00:00+01:00;2023-01-20T10:00:00+01:00;16.1;3.5;2.2;43.3;67.3;32.13;30.9;40.44;40.51;26.67;11.79;22.1;8.2;27.44;55.73;31.48;18.7;7.32;23.56;10.23;25.09;1.26;20.71;7.78;7.17;9.05;24.6;10.74;6.75;5.72;6.93;9.86;12.51;38.02;27.51;26.97;36.76;31.36;24.49;43.76;42.67;38.34;5.1;4.1;6.5
O3;uur;µg/m³;2023-01-20T10:00:00+01:00;2023-01-20T11:00:00+01:00;22.6;2.6;4.5;44.5;64.8;34.38;31.58;41.36;41.61;21.45;15.75;22;6.42;27.32;60.81;34.3;8.53;3.11;35.64;8.65;38.58;4.62;16.92;2.63;12.2;15.64;28.41;15.16;8.31;7.66;6.25;11.22;11.03;37.51;26.26;26.54;38.31;32.79;24.51;42.9;41.65;38.81;5.8;2.6;3.1
O3;uur;µg/m³;2023-01-20T11:00:00+01:00;2023-01-20T12:00:00+01:00;9.7;3.2;4.3;27.3;56.9;39.05;33.19;42.85;44.32;21.14;46.72;18.16;21.27;21.73;58.25;55.14;56.13;5.91;25.89;9.96;28.07;9.97;23.09;23.85;24.59;17.09;29.2;19.62;5.25;6.06;10.51;8.75;17.67;37.71;24.49;24.44;35.62;32.88;26.87;41.84;42.07;39.93;7.9;10.4;12
O3;uur;µg/m³;2023-01-20T12:00:00+01:00;2023-01-20T13:00:00+01:00;27.9;6.6;18.6;25.8;56.1;39.08;31.61;42.23;43.88;22.96;56.75;13.95;15.24;17.58;57.14;57.42;57.99;10.5;57.6;12.49;12.53;46.62;23.3;53.47;30.6;14.69;29.12;11.54;8.68;8.52;13.41;13.08;7.03;37.81;24.87;23.87;35.23;31.66;29.39;44.52;43.52;39.57;13.6;11.5;13.3
O3;uur;µg/m³;2023-01-20T13:00:00+01:00;2023-01-20T14:00:00+01:00;33.1;29.5;43.7;50.8;63.7;38.63;30.58;34.64;37.25;21.46;51.11;10.65;29.64;20.39;59.14;57.15;51.82;45.04;58.18;13.14;18.12;34.9;44.66;41.97;31.52;14.02;29.81;10.15;9.58;9.64;13.6;13.41;3.77;33.67;27.05;30.4;36.58;33;29.72;45.46;46.17;40.87;16.8;11.2;14.2
O3;uur;µg/m³;2023-01-20T14:00:00+01:00;2023-01-20T15:00:00+01:00;18.9;21.1;23.8;28.7;61.6;35.87;30.84;30.03;28.43;21.49;49.35;6.67;14.44;19.1;60.61;55.65;31.72;32.25;52.26;22.37;27.77;28.05;28.84;10.1;32.17;10.22;34.22;16.01;9.34;8.18;12.15;15.31;8.97;32.95;30.14;28.11;35.96;34.4;34.97;46.45;45.74;41.72;8;4.8;8.2
O3;uur;µg/m³;2023-01-20T15:00:00+01:00;2023-01-20T16:00:00+01:00;26.1;12.8;6.4;21.6;47.6;29.79;31.55;27.53;23.83;17.35;49.87;4.18;19.2;8.01;65.73;59.03;18.15;16.38;47.12;19.65;19.39;28.43;9.59;5.21;38.84;8.78;34.93;12.12;10.37;8.42;15.38;13.88;11.48;32.47;31.65;30.9;35.58;40.21;36.93;45.07;46.82;43.09;12.4;7.2;8.1
O3;uur;µg/m³;2023-01-20T16:00:00+01:00;2023-01-20T17:00:00+01:00;10.1;7.2;5.6;4.3;12.8;26.24;32.46;14.71;12.46;10.93;50;6.71;28.53;5.23;64.68;64.77;14.82;8.31;29.24;21.93;9.46;13.09;6.7;4.95;43.63;8.42;37.65;10.86;13.62;13.72;19.95;16.18;8.94;32.48;33.96;31.19;33.44;43.08;35.28;41.19;44.68;40.47;27.2;15.4;14
O3;uur;µg/m³;2023-01-20T17:00:00+01:00;2023-01-20T18:00:00+01:00;3.8;6.8;6.8;8;6.6;32.53;37.51;11.75;6.09;3.82;41.54;12.46;11.91;7.54;54.8;65.95;11.97;5.87;21.67;5.86;22.08;7.84;11.12;4.95;46.01;15.15;35.9;20.15;14.21;21.17;19.54;13.86;17.15;28.08;34.23;27.8;33.29;45.17;45.82;40.89;45.84;44.68;33.2;26.7;20.6
O3;uur;µg/m³;2023-01-20T18:00:00+01:00;2023-01-20T19:00:00+01:00;1.4;8.5;7.8;8.7;8.4;36.66;32.6;3.06;14.33;23.11;27.08;24.79;8.39;22.58;36.26;57.27;16.11;10.58;14.23;18.02;27.72;15.18;9.73;7.79;50.37;28.87;34.24;22.13;19.62;16.78;20.54;17.37;25.67;33.68;25.3;10.41;37.38;43.52;46.89;47.2;48.74;41.35;39;31.4;32.8
O3;uur;µg/m³;2023-01-20T19:00:00+01:00;2023-01-20T20:00:00+01:00;2.6;16.5;12.5;20.3;16.8;23.36;23.86;24.92;36.29;35.67;17.42;24.05;26.42;27.33;22.71;41.89;23.92;24.3;19.23;20.11;40.02;25.45;19.05;12.56;54.62;36.47;37.1;25.47;19.25;19.57;24.3;20.68;21.15;30.79;21.69;11.55;37.01;37.83;47;49.78;48.22;42.46;38.2;32.1;32.8
O3;uur;µg/m³;2023-01-20T20:00:00+01:00;2023-01-20T21:00:00+01:00;2.3;14.3;14.1;20.1;18.6;26.07;25.61;31.19;33.02;36.4;26.07;18.86;27.2;20.11;32.82;26.88;27.07;22.6;22.08;20.8;39.18;26.84;15.82;17.5;52.01;33.72;36.42;23.73;20.49;16.2;21.13;21.86;18.68;24.41;22.41;14.47;40.78;37.48;45.65;44.61;48.89;47.29;37.6;33.1;31.6
O3;uur;µg/m³;2023-01-20T21:00:00+01:00;2023-01-20T22:00:00+01:00;7.3;13.6;14;20.8;14.7;21.47;21.55;30.61;32.48;26.89;29.58;19.23;19.74;21.46;28.48;30.81;25.57;18.69;15.53;17.02;35.83;26.15;14.96;18.54;50.27;28.02;32.18;27.48;26.42;21.04;25.46;28.76;21.74;32.46;31.98;23.91;35.77;38.86;46.91;42.02;49.86;44.02;39;34.7;35.3
O3;uur;µg/m³;2023-01-20T22:00:00+01:00;2023-01-20T23:00:00+01:00;8.1;17.5;16.3;21.8;14.3;20.8;17.47;19.31;25.88;19.93;24.69;16.78;13.99;20.46;21.84;31.8;28.56;27.86;20.18;21.44;32.97;28.43;16.52;22.11;51.6;21.01;32.51;31.02;28.35;26.53;28.2;30.69;26.02;31.73;27.03;23.52;30.81;41.03;44.35;39.84;42.95;45.43;37.8;36.7;33.3
O3;uur;µg/m³;2023-01-20T23:00:00+01:00;2023-01-21T00:00:00+01:00;17.1;19.2;14.4;22.5;22.6;15.39;22.55;13.4;21.56;19.6;12.3;20.77;21.54;19.04;24.72;23.12;28.7;25.82;26.25;23.61;28.16;29.64;15.42;22.33;50.12;28.91;38.85;33.09;26.99;29.03;29.62;28.38;27;28.19;30.86;25.35;33.56;41.78;41.4;40.79;49.9;35.74;38.1;34.7;30.9
O3;uur;µg/m³;2023-01-21T00:00:00+01:00;2023-01-21T01:00:00+01:00;14.5;25;15.6;14.9;18.3;5.42;21.93;11.95;15.95;22.82;17.4;22.65;28.14;24.7;29.84;15.62;25.05;30.33;31.57;24.71;34.93;26.33;21.05;22.63;49.25;35.41;42.84;34.52;26.02;30.44;32.11;27.95;26.38;24.91;32.06;27.72;35.33;39.02;42.44;40.28;44.47;37.94;34.6;33.6;30.6
O3;uur;µg/m³;2023-01-21T01:00:00+01:00;2023-01-21T02:00:00+01:00;17.3;26.4;22.6;14.6;22.8;3.68;21.43;11.79;18.5;29.5;24.76;;34.9;27.2;17.73;25.33;21.81;31.79;32.22;28.17;40.01;19.3;25.96;21;46.81;41.84;40.59;40.69;30.17;33.38;37.35;32.73;26.22;28.55;32.71;31.75;35.59;38.64;41.89;39.62;41.32;27.59;39.9;40.1;36.4
O3;uur;µg/m³;2023-01-21T02:00:00+01:00;2023-01-21T03:00:00+01:00;25.2;33.9;25.9;13.3;10.8;10.28;22.37;0.97;6.96;30.91;29.35;24.88;34.14;27.02;18.43;28.38;27.3;35.72;36.01;29.18;42.82;18.8;24.81;22.08;43.86;38.84;38.16;40.21;31.74;35.58;36.5;34.83;29.98;26.68;33.9;33.14;35.86;39.02;35;42.47;32.92;20.59;37.6;38.2;35.7
O3;uur;µg/m³;2023-01-21T03:00:00+01:00;2023-01-21T04:00:00+01:00;30.8;31.9;23.7;3.4;10.6;11.05;21.06;0.06;5.07;34.19;29.37;22.32;33.78;24.24;24.91;29.09;29.68;36.91;35.81;32.15;38.53;23.69;17.13;24.87;41.58;36.34;36.36;38.63;32.36;35.94;35.52;36.56;33.9;26.04;35.74;32.38;33.16;40.53;32.04;39.6;29.5;13.52;34.6;35.9;35.4
O3;uur;µg/m³;2023-01-21T04:00:00+01:00;2023-01-21T05:00:00+01:00;22.3;24.4;15.9;2.4;4.1;12.4;17.78;1.93;5;33.44;29.41;22.79;33.88;23.75;32.74;26.32;30.97;37.78;37.36;31.92;34.9;28.25;12.32;28.14;39.83;35.25;36.68;36.79;30.7;32.62;25.98;33.54;32.2;24.29;31.8;30.72;32.1;40.96;31.05;35.35;33.77;10.37;38.7;38.3;37
O3;uur;µg/m³;2023-01-21T05:00:00+01:00;2023-01-21T06:00:00+01:00;17.1;22.8;12.4;14.3;7.4;14.25;16.6;3.66;6.63;31.64;28.53;24.46;33.75;25.31;25.87;23.7;31.34;35.97;34.38;30.7;34.26;31.88;14.19;24.82;34.25;35.1;38.18;35.19;28.93;31.15;22.62;30.28;29.16;22.63;29.72;25.35;33.44;41.87;26.31;32.25;35.78;17.11;34;35.2;36.5
O3;uur;µg/m³;2023-01-21T06:00:00+01:00;2023-01-21T07:00:00+01:00;12.1;21.9;5.1;21.1;10.8;13.13;16.67;0.88;7.64;28.87;29.15;22.28;31.85;23.12;33.56;16.66;23.98;32.39;32.51;27.14;37.31;21.64;15.06;13.87;29.59;21.34;39.28;32.72;23.8;26.48;21.07;26.56;27.76;25.52;31.4;23.78;33.72;39.27;26.27;29.21;35.69;11.02;24.6;30.3;27.6
O3;uur;µg/m³;2023-01-21T07:00:00+01:00;2023-01-21T08:00:00+01:00;14.2;17.7;4.1;3.2;7.6;8.33;13.59;0.14;7.83;25.23;26.02;19.36;24.51;20.3;29.61;25.23;17.85;29.17;29.35;19.35;28.52;13.63;9.54;9.05;23.66;13.77;37.38;31.51;22.38;26.08;12.31;24.19;23.19;33.34;29.45;23.26;37.39;32.68;28.47;29.98;33.56;2.65;27.4;29.2;27.3
O3;uur;µg/m³;2023-01-21T08:00:00+01:00;2023-01-21T09:00:00+01:00;-1.3;6.9;1.4;0;3.6;6.14;10.85;1.94;9.09;22.09;22.36;15.01;20.68;15.87;24.03;14.86;11.69;24.71;21.27;14.44;24.67;1.67;3.95;10.28;16.9;17.68;40.73;23.98;26.9;24.54;17.26;29.64;16.39;30.27;32.78;25.42;34.98;38.16;24.81;26.59;28.65;2.23;35.6;30.3;31.7
O3;uur;µg/m³;2023-01-21T09:00:00+01:00;2023-01-21T10:00:00+01:00;6;5.9;3.5;1.2;9.6;11.53;20.54;6.15;13.68;22.88;17.07;17.1;21.44;17.18;16.72;20.65;13.56;20.44;19.26;16.28;24.95;2.73;6.09;10.28;31.22;16.13;43.74;23.48;26.71;23.28;24.48;27.52;23.19;26.01;35.48;29.16;33.96;40.05;22.12;23.08;26.61;10;30.5;28.1;25.5
O3;uur;µg/m³;2023-01-21T10:00:00+01:00;2023-01-21T11:00:00+01:00;8.9;12.9;7.3;9;13.6;16.06;26.4;9.76;21.06;25.6;18.72;19.67;22.74;22.25;23.84;21.45;22.07;17.97;23.3;16.92;21.94;13.33;15.84;7.67;31.77;14.38;43.22;22.52;21.86;19.81;23.26;23.81;20.03;28.6;33.72;27.23;33;35.71;27.59;20.38;26.3;13.56;29.9;21.4;24.6
O3;uur;µg/m³;2023-01-21T11:00:00+01:00;2023-01-21T12:00:00+01:00;6.7;14.8;14.7;22.4;22.5;19.75;31.87;14.13;21.21;29.01;23.73;23.76;26.6;27;26;30.19;19.91;22.75;25.44;21.17;19.99;19.93;21.09;9.19;44.16;16.91;44.2;26.37;22.68;25.94;27.44;25.41;29.98;30.38;35.91;24.3;32.64;38.06;32.36;22.81;37.15;27.23;33.1;21.8;28.5
O3;uur;µg/m³;2023-01-21T12:00:00+01:00;2023-01-21T13:00:00+01:00;22.8;18.4;16.3;21.6;35.4;25.18;36.17;15.43;27.67;36.42;24.75;26.05;31.92;32.91;31.95;35.8;29.7;20.15;24.83;18.85;23.14;24.7;26.79;12.62;50.19;30.35;44.3;31.75;30.65;27.14;34.34;33.26;29.41;35.25;35.71;33.53;32.74;34.47;34.1;25.04;45.38;36.33;35.2;17.5;35.7
O3;uur;µg/m³;2023-01-21T13:00:00+01:00;2023-01-21T14:00:00+01:00;15.8;20.8;18.9;24.5;32.7;26.82;36.91;25.59;36.23;39.83;32.04;30.1;34.45;33.38;43.58;35.09;29.03;22.71;26.58;23.92;31.16;26.92;28.52;10.26;51.22;32.73;44.68;35.19;32.2;29.83;37.64;36.18;29.4;36.56;37.05;35.48;35.62;37.12;37.71;26.16;48.13;45.5;37.6;23.7;40.1
O3;uur;µg/m³;2023-01-21T14:00:00+01:00;2023-01-21T15:00:00+01:00;10.8;13.5;17.9;29.5;37.9;27.08;41.75;29.69;37.15;40.57;38.31;26.77;38.05;32;36.85;45.63;35.82;22.22;30.74;27.92;35.93;26.54;26.07;12.24;48.24;36.73;44.4;37.22;35.19;31.84;34.84;37.57;27.87;35.53;36.43;40.98;32.96;34.42;34.01;34.88;48.42;46.49;38.7;24.1;36.6
O3;uur;µg/m³;2023-01-21T15:00:00+01:00;2023-01-21T16:00:00+01:00;10.5;14.6;18.3;26.7;40.7;26.17;41.21;27.11;34.63;35.38;41.9;30.07;29.36;37.16;32.38;42.43;41.28;19.15;27.88;23.03;39.42;24.69;22.6;12.82;45.14;42.35;42.69;36.45;33.9;32.93;35.64;36.96;26.17;34.11;35.3;35.75;30.73;27.78;35.25;39.9;46.38;43.9;40.6;30.1;32.5
O3;uur;µg/m³;2023-01-21T16:00:00+01:00;2023-01-21T17:00:00+01:00;1.3;9.2;8.8;14.7;35.5;31.3;35.25;24.59;29.28;27.02;30.2;20.17;26.54;39.96;31.16;30.41;37.09;13.49;16.89;24.77;27.49;14.71;12.38;6.1;35.32;28.09;40.49;35.65;35.77;34.95;39.45;38.47;31.74;29.02;33.82;28.23;26.02;21.17;37.75;43.06;40.51;36.93;40.4;32.9;32.8
O3;uur;µg/m³;2023-01-21T17:00:00+01:00;2023-01-21T18:00:00+01:00;-1.9;8.9;5.9;7.4;19.3;30.04;25.67;26.03;32.92;18.24;14.38;10.64;21.94;29.3;28.14;22.72;19.83;15.59;16.64;28.11;28.36;4.46;3.12;1.38;27.99;24.33;40.5;44.89;36.1;32.28;38.31;37.31;30.39;16.35;31.18;21.45;14.43;13.46;31.21;38.92;36.03;32.62;40.7;32.1;35
O3;uur;µg/m³;2023-01-21T18:00:00+01:00;2023-01-21T19:00:00+01:00;0.1;19.4;16.7;6.4;9.1;24.45;27.51;28;40.05;20.78;3.04;18.31;22;22.29;23.03;26.74;4.53;19.57;26.62;30.98;3.4;8.7;12.53;4.14;24.11;27.11;37.88;47.75;36.36;34.61;42.4;38.05;35.74;11.72;33.62;21.78;11.64;14.71;25.71;35.54;36.23;32.86;23;19.7;31.9
O3;uur;µg/m³;2023-01-21T19:00:00+01:00;2023-01-21T20:00:00+01:00;13.5;26.9;19.1;6.8;0.7;24.73;23.41;24.75;40.86;30.08;9.72;16.48;27.35;14.41;17.22;17.46;7.85;32.11;28.27;34.7;1.44;17.82;16.56;4.48;25.72;30.17;34.51;40.11;33.61;33.83;24.07;37.35;36.97;9.43;30.57;17;10.19;20.89;23.12;33.72;40.33;33.84;15.5;5;0
O3;uur;µg/m³;2023-01-21T20:00:00+01:00;2023-01-21T21:00:00+01:00;22.3;29.3;27.1;12.6;0.7;29.72;21.93;23.19;36.17;34.02;8.83;19.88;28.79;24.65;3.68;10.95;10.68;39.51;33.26;38.19;21.91;22.74;21.07;7.08;20.52;21.02;31.76;25.06;32.78;32.18;17.2;35.53;31.09;11.76;23.48;18.33;8.94;25.47;18.51;30.66;50.14;34.18;18.8;5.2;0.8
O3;uur;µg/m³;2023-01-21T21:00:00+01:00;2023-01-21T22:00:00+01:00;10.8;21.3;27.6;21.4;0.7;30.65;15.13;22.91;28.52;34.28;13.12;19.76;31.64;24.85;2.71;19.1;10.4;28.01;36.81;36.56;14.75;11.63;25.99;5.39;34.27;6.68;24.81;8.43;31.47;30.52;7.38;34.01;27.98;15.02;22.61;13.83;12.72;25.91;25.36;27.42;55.99;42.17;14.7;3;-1.2
O3;uur;µg/m³;2023-01-21T22:00:00+01:00;2023-01-21T23:00:00+01:00;4.8;17.1;22.8;3.8;0.7;20.89;16.43;27.04;27.96;32.99;19.53;22.5;33.53;26.61;4.12;8.74;5.23;21.14;21.87;30.74;6.74;2.86;23.54;3.89;44.66;7.03;18.16;1.27;24.41;25.07;10.49;26.71;26.29;20.66;19.57;13.56;21.1;24.89;34.92;26.75;55.23;48.01;8.9;10.4;-0.9
O3;uur;µg/m³;2023-01-21T23:00:00+01:00;2023-01-22T00:00:00+01:00;-0.9;9.4;14.4;0.1;0.7;18.82;19.53;21.51;29.56;34.42;26.07;20.78;33.37;27.98;7.29;23.13;19.98;11.96;4.85;16.45;17.55;1.73;12.02;29.46;49.98;10.08;27.14;1.28;20.03;19.97;0.32;22.89;14.21;21.26;13.51;18.48;22.43;28.17;40.78;39.62;55.65;47.32;7.8;7.6;-0.3
O3;uur;µg/m³;2023-01-22T00:00:00+01:00;2023-01-22T01:00:00+01:00;-1.6;3.3;5.5;0;7;18.41;17.03;17.31;24.47;29.92;29.64;21.52;30.61;29.27;16.29;28.67;31.59;7.46;1.67;6.34;28.46;11.23;5.29;33.31;52.33;19.79;39.11;1.65;13.17;14.17;0.33;16.22;0.78;24.89;9.76;17.62;20.86;35.26;31.79;40.66;56.26;48.59;23.1;26.7;11.3
O3;uur;µg/m³;2023-01-22T01:00:00+01:00;2023-01-22T02:00:00+01:00;-0.5;1.7;3.5;0;25;20.66;16.84;20.05;24.09;26.67;28.08;24.19;20.76;27.37;14.56;28.96;35.08;8.27;-0.12;3.1;33.4;20.98;2.36;40.18;53.4;26.87;45.13;1.96;15.35;13.54;16.32;16.03;-0.5;34.56;8.84;13.51;28.47;42.33;32.58;38.26;56.28;47.45;41.6;40.8;38.4
O3;uur;µg/m³;2023-01-22T02:00:00+01:00;2023-01-22T03:00:00+01:00;15.4;9.8;18.6;14.5;26.2;22.92;19.73;21.48;26.11;24.02;19.24;24.07;13.55;26.58;7.2;22.09;38.35;16.53;8.26;9.66;37.55;37.87;26.48;37.28;56.27;29.83;48.08;10.98;37.69;37.93;46.55;40.08;7.2;40.6;15.49;17.99;32.7;42.9;38.93;46.41;56.54;44.21;40.8;34.3;32.8
O3;uur;µg/m³;2023-01-22T03:00:00+01:00;2023-01-22T04:00:00+01:00;25.4;28.7;32.7;22.6;27.2;27.76;21.91;22.47;27.72;22.74;11.83;24.43;18.48;25.18;18.37;12.87;39.53;34.14;27.94;20.96;44.32;36.66;33.86;41.94;56.92;41.24;48.72;38.19;43.21;43.68;48.22;45.11;31.01;40.98;30.07;24.94;35.64;44.83;41.88;51.43;61.58;44.79;42.4;42.8;39
O3;uur;µg/m³;2023-01-22T04:00:00+01:00;2023-01-22T05:00:00+01:00;27.9;31.3;34.2;29.7;41.3;30.83;24.17;24.42;31.63;21;12.89;27.88;31.2;28.83;36.1;15.61;44.61;38.26;39.14;27.65;44.76;39.09;30.99;46.55;59.4;46.02;47.69;45.2;46.01;46.25;53.11;47.89;38.82;46.16;34.24;34.2;39.96;44.18;43.78;51.35;60.28;53.5;48.7;47.4;45.1
O3;uur;µg/m³;2023-01-22T05:00:00+01:00;2023-01-22T06:00:00+01:00;22;29.6;35.9;39.7;43.4;32.81;34.65;27.37;34.68;29.79;29.25;29.95;39.07;32.93;43.4;40.63;50.4;38.3;43.84;33.68;49.34;45.88;42.29;50.5;59.64;46.87;46.34;50.6;42.85;46.29;50.29;47.07;43.44;49.92;37.17;44.56;44.63;48.52;49.1;50.43;58.9;54.02;49;51.8;48.1
O3;uur;µg/m³;2023-01-22T06:00:00+01:00;2023-01-22T07:00:00+01:00;29.1;32.6;37.3;36.2;44.5;36.79;37.95;30.78;36.45;44.59;34.21;39.61;44.65;41.27;48.56;41.94;50.18;41.53;46.79;37.28;51.46;43.33;40.81;51.33;60.74;48.22;51.53;49.73;42.58;46.53;47.31;46.24;43.22;50.18;47.63;43.23;45.94;51.01;51.3;49.61;59.7;53.16;50.9;48;48.2
O3;uur;µg/m³;2023-01-22T07:00:00+01:00;2023-01-22T08:00:00+01:00;31;37.4;37.3;36.5;42.5;38.33;42.77;33.09;39.48;50.56;40.45;42.32;49.52;43.7;48.44;49.57;49.25;41.02;47.76;45.59;48.67;38.7;38.08;47.94;62.82;47.91;53.89;51.69;43.5;47.9;50.77;49.18;47.02;49.34;47.19;38.69;45.37;52.58;52.8;47.22;59.73;52.33;57.6;58.4;54.7
O3;uur;µg/m³;2023-01-22T08:00:00+01:00;2023-01-22T09:00:00+01:00;42.9;44.3;44.2;36.5;42.5;40.62;41.54;34.06;40.49;50.29;46.77;40.98;51.89;42.67;47.47;48.31;45.69;46.99;50.31;49.67;52.34;46.31;44.16;43.55;61.34;51.24;53.09;53.16;48.05;50.54;49.67;53.26;48.2;48.15;44.5;38.73;44.46;51.45;53.9;46.74;59.2;48.9;56.6;57.7;54.8
O3;uur;µg/m³;2023-01-22T09:00:00+01:00;2023-01-22T10:00:00+01:00;47.8;47;47.7;48.7;48.3;42.25;42.31;37.48;42.11;50.72;50.21;41.53;52.42;44.25;53.87;52.79;49.93;52.73;50;50.08;57.4;50.78;46.4;49.4;60.6;56.75;52.06;52.98;48.01;49.92;48.75;51.8;49.06;44.64;42.91;41.66;42.75;50.55;52.76;44.64;56.54;47.69;54.4;55.5;53.9
O3;uur;µg/m³;2023-01-22T10:00:00+01:00;2023-01-22T11:00:00+01:00;48.5;46.5;50.4;47.6;50.3;42.09;41.14;38.79;44.19;48.74;47.05;39.13;49.47;43.35;54.09;49.89;53.62;51.98;49.41;48.43;59.71;51.28;49.93;44.15;60.96;56.53;51.33;50.85;47.36;48.82;47.06;50.29;48.93;42.63;44.43;37.97;41.35;49.08;52.58;42.84;54.03;47.34;50.9;54.4;50.7
O3;uur;µg/m³;2023-01-22T11:00:00+01:00;2023-01-22T12:00:00+01:00;44.6;45.3;47.8;47.3;54.4;41.13;39.73;40.66;45.41;47.74;45.72;36.68;47.7;42.42;54.02;53.01;50.95;51.77;51.05;44.18;58.67;51.88;48.83;41.76;60.57;54.79;51.84;52.77;48.76;47.65;43.46;50.12;49.37;41.18;43.73;40.54;39.11;46.07;50.88;41.77;56;45.39;49.8;50.3;50
O3;uur;µg/m³;2023-01-22T12:00:00+01:00;2023-01-22T13:00:00+01:00;45.2;47.5;43.2;47.2;53.1;39.33;40.38;39;44.57;45.97;42.44;34.34;47.01;41.22;51.18;53.34;49.91;51.2;50.08;45.98;59.19;50.7;43.53;41.9;58.66;55.29;48.51;53.46;46.58;46.02;48.99;48.62;46.3;39.72;44.12;35.45;38.05;44.88;49.09;41.71;54.35;45.27;50.1;50.8;49.6
O3;uur;µg/m³;2023-01-22T13:00:00+01:00;2023-01-22T14:00:00+01:00;41.6;41.9;42.7;46.7;53.9;37.3;38.16;36.94;43.23;44.76;44.48;32.08;45.74;40.34;48.61;48.67;49.66;49.45;50.87;40.5;59.13;47.22;45.13;37.39;57;55.73;46.79;53.35;43.61;42.54;49.45;45.36;44.12;38.62;44.3;33.89;38.25;44.97;49.39;43.33;55.58;45.83;50.1;51.3;50.1
O3;uur;µg/m³;2023-01-22T14:00:00+01:00;2023-01-22T15:00:00+01:00;40.3;41.7;41.5;45.8;53.8;34.88;36.33;36.72;40.84;43.01;44.23;29.6;44.64;36.96;48.42;46.8;51.03;47.44;48.33;39.86;58.25;48.84;43.12;43.26;55.42;52.31;47.78;51.88;42.22;42.42;45.86;43.77;44.87;37.88;42.38;34.92;38.13;43.96;49.83;42.72;54.67;46.82;48.7;48.7;47.1
O3;uur;µg/m³;2023-01-22T15:00:00+01:00;2023-01-22T16:00:00+01:00;33.6;38;38.3;44;50.4;33.75;35.06;33.34;38.76;40.88;39.87;27.65;42.31;33.49;44.25;43.25;49.46;44.77;48.13;40.92;54.81;44.95;39.78;40.95;56.5;50.5;45.45;47.4;41.58;41.92;44.41;45.18;41.66;34.99;39.6;32.34;37;42.36;46.66;42.26;54.37;46.65;48.1;47.8;47
O3;uur;µg/m³;2023-01-22T16:00:00+01:00;2023-01-22T17:00:00+01:00;32.5;36.6;31.1;39.9;48.4;31.46;31.67;30.52;34.71;40.31;35.38;20.3;39.33;29.19;41.05;41.23;44.28;44.97;44.97;40.43;53.1;44.62;37.39;27.42;54.36;49.19;41.47;47.75;38.46;36.65;40.46;40.71;39.98;34.61;37.93;31.39;34.63;40.95;43.7;41.87;53.16;45.22;45.5;46.5;46.3
O3;uur;µg/m³;2023-01-22T17:00:00+01:00;2023-01-22T18:00:00+01:00;40.5;36.3;35.7;39.6;44.4;28.39;28.01;26.97;31.91;36.15;34.63;14.59;37.63;25.04;39.52;38.61;39.93;43.88;43.76;35.01;51.04;43.1;40.54;28.03;53.02;45.97;38.31;42.44;35.33;34.34;38.03;38.35;35.79;33.82;34.8;27.07;33.31;42.19;42.2;40.41;51.9;43.95;39.2;38.9;39.3
O3;uur;µg/m³;2023-01-22T18:00:00+01:00;2023-01-22T19:00:00+01:00;36.5;33.2;32.5;39.5;43;24.85;29.29;25.84;28.93;32.95;32.96;14.27;35.21;23.2;40.49;37.18;41.45;39.7;40.79;33.85;46.62;38.48;32.83;38.1;51.14;42.17;37.3;42.69;32.69;32.22;37.29;31.93;33.48;32.16;32.6;27.32;31.12;40.43;41.58;38.56;53.45;44.03;36.5;32.2;34.6
O3;uur;µg/m³;2023-01-22T19:00:00+01:00;2023-01-22T20:00:00+01:00;27.1;25;30.4;32.5;45.8;23.32;29.73;23.08;29.03;28.41;29.91;15.56;32.62;23.42;39.12;42.06;42.67;36.41;39.25;28.5;46.11;36.45;32.36;37.42;50.76;39.36;37.71;40.99;28.9;31.31;35.02;29.21;33.21;32.28;30.85;23.67;31.97;39.86;42.13;38.08;53.73;45.01;38.6;31;34.2
O3;uur;µg/m³;2023-01-22T20:00:00+01:00;2023-01-22T21:00:00+01:00;25.3;22;27;33;42.3;24.38;27.69;22.93;27.04;27.09;29.08;13.77;30.04;20.18;37.12;37.03;37.01;29.99;36.59;29.75;46.6;35.41;29.75;29.24;51.48;42.81;39.61;39.86;26.33;30.46;35.67;29.67;32.61;30.67;29.98;25.29;32.43;37.83;41.04;37.99;52.78;45.3;39.4;27.2;22.9
O3;uur;µg/m³;2023-01-22T21:00:00+01:00;2023-01-22T22:00:00+01:00;15.4;17.4;24.1;23.9;37.2;25.35;27.44;22.06;26.1;25.55;26.71;17.08;28.33;21.34;32.59;37.16;34.98;25.22;31.89;30.02;43.96;30.74;27.58;29.6;49.95;39.41;36.86;39.6;27.43;31.95;36.33;30.02;29.63;30.6;30.19;27.93;31.89;35.81;38.66;35.04;52.96;44.4;40.7;39.2;37.5
O3;uur;µg/m³;2023-01-22T22:00:00+01:00;2023-01-22T23:00:00+01:00;16.9;13.1;22;24.2;36.6;22.34;24.96;20.94;26.06;24.94;26.03;18.63;28.01;21.74;27.99;37.81;35.58;21.98;27.56;25.08;42.84;28.32;27.28;29.73;49.51;38.82;33.05;37.8;28.65;31.86;36.77;31.49;27.64;28.89;27.72;19.02;30.97;35.43;37.74;34.85;53.44;41.93;38.7;38.4;36.9
O3;uur;µg/m³;2023-01-22T23:00:00+01:00;2023-01-23T00:00:00+01:00;14.3;15.2;22.9;23.2;33.8;21.9;24.05;18.91;25.05;26.14;24.28;19.36;27.73;20.32;26.83;36.7;34.06;21.97;30.35;25.97;41.8;29.2;27.54;27.74;48.09;38.69;33.14;37.96;30.42;31.62;35.39;34.67;28.32;28.3;25.45;22.64;28.73;35.6;39.1;32.8;52.54;41.01;38.7;35;36.4
O3;uur;µg/m³;2023-01-23T00:00:00+01:00;2023-01-23T01:00:00+01:00;19.1;21.5;18.3;27.2;20.8;20.18;22.67;18.44;23.17;26.22;24.65;17.55;27.87;19.38;24.92;34.63;33.25;24.6;30.68;23.36;39.87;28.42;24.72;26.44;48.39;39.47;32.28;36.16;30.11;31.88;33.78;33.62;26.45;25.67;24.31;23.16;27.21;34.31;36.85;34.14;48.73;41.36;37.8;33.6;38
O3;uur;µg/m³;2023-01-23T01:00:00+01:00;2023-01-23T02:00:00+01:00;20.4;28.7;25.1;26.5;26.2;18.51;21.63;17.02;22.19;27.68;24.12;17.04;26.03;21.3;27.01;26.51;31.78;31.53;31.36;24.55;35.75;29.68;26.94;25.64;47.8;34.65;32;34.97;30.44;31.93;30.37;32.49;27.1;24.97;24.43;26.07;25.71;33.4;35.67;34.72;47.43;40.7;36.1;36.7;36.9
O3;uur;µg/m³;2023-01-23T02:00:00+01:00;2023-01-23T03:00:00+01:00;19.2;32.8;31.8;30.1;26.6;16.83;20.29;16.35;21.36;22.8;22.38;19.79;25.29;20.62;29.5;25.3;31.96;34.8;32.77;27.11;30.26;31.8;28.41;30.63;46.95;26.96;31.57;32.92;28.17;31.03;26.59;30.96;27.68;23.31;24.56;27.16;25.39;32.96;37.3;34.77;48.09;41.02;35.2;34.6;34.7
O3;uur;µg/m³;2023-01-23T03:00:00+01:00;2023-01-23T04:00:00+01:00;18.9;31.8;29;30.1;26.4;16.83;18.38;16.22;20.38;20.93;21.42;20.19;25.62;21.4;26.08;28.31;33.66;32.16;31.94;27.62;30.26;34.55;27.05;31.49;46.04;30.37;29.58;32.51;27.39;29.64;29.42;30.79;23.97;22.02;23.24;25.9;25.32;30.7;35.39;33.55;46.15;37.31;34.9;36.1;36.1
O3;uur;µg/m³;2023-01-23T04:00:00+01:00;2023-01-23T05:00:00+01:00;13.6;30;24.3;29.1;26.5;16.73;18.57;15.27;19.54;22.97;12.35;19.31;25.98;20.89;26.69;22.46;30.06;30.81;29.59;23.91;31.32;34.69;24.69;27.78;44.8;30.48;30.65;31.25;26.36;28.19;28.73;30.1;23.89;20.91;24.68;16.92;24.55;28.89;32.93;33.27;44.53;36.61;34.8;35.4;35.2
O3;uur;µg/m³;2023-01-23T05:00:00+01:00;2023-01-23T06:00:00+01:00;3.6;24.5;20.2;25.3;17.5;14.38;17.17;12.63;16.57;21.19;20.9;18.38;22.36;18.62;29.98;23.18;30.46;28.95;27.89;20.44;30.55;32.43;25.47;15.56;42.84;27.61;29.75;32.16;25.13;26.76;28.8;28.43;22.16;19.25;23.89;19.3;25.12;27.31;32.08;33.49;44.27;37.25;33.2;32.1;33.7
O3;uur;µg/m³;2023-01-23T06:00:00+01:00;2023-01-23T07:00:00+01:00;4;17.9;13.8;20.4;16.8;11.1;16.59;8.35;13.72;17.94;19.48;16.6;19.65;16.67;29.33;20.45;28.58;19.87;22.04;14.05;29.63;28;15.09;9.7;40.4;24.03;27.57;30.67;23.08;22.76;27.97;24.75;19.22;17.31;18.75;16.19;24.78;25.76;29.3;32.24;42.08;37.82;27.6;22.7;29.5
O3;uur;µg/m³;2023-01-23T07:00:00+01:00;2023-01-23T08:00:00+01:00;-1.8;7.5;4;15.9;11.7;4.61;16.58;6.4;10.67;15.95;17.5;13.1;17.91;10.32;29.03;15.6;25.05;14.02;15.51;7.39;21.8;23.05;11.08;6.88;38.59;8.2;24.36;26.68;15.87;14.23;21.57;18.35;15.44;16.24;20.34;12.71;23.38;25.13;28.06;29.03;36.38;32.92;25.5;12.5;24.1
O3;uur;µg/m³;2023-01-23T08:00:00+01:00;2023-01-23T09:00:00+01:00;-1.4;1.6;1.8;6.5;6.4;5.86;15.85;5.58;10.48;12.38;13.29;12.32;11.23;7.74;22.53;18.43;19.52;8.84;15.81;6.21;15.87;19.25;4.24;3.53;35.11;7.27;18.75;18.99;12.3;8.42;15.36;11.9;8.43;16.85;18.37;10.84;22.2;22.94;23.81;29.72;35.65;17.64;20.5;12.5;17.9
O3;uur;µg/m³;2023-01-23T09:00:00+01:00;2023-01-23T10:00:00+01:00;-0.4;4.5;3.5;5.7;4.6;6.38;16;8.55;11.31;10.73;11.73;11.44;9.74;10.81;19.54;14.99;18.25;11.35;11.88;8.33;20.7;18.65;4.35;4.84;33;8.75;17.66;17.12;7.98;9.19;16.75;10.07;8.47;22.83;18.24;13.16;22.03;22.66;19.53;30.94;41.6;28.27;17.1;10.5;
O3;uur;µg/m³;2023-01-23T10:00:00+01:00;2023-01-23T11:00:00+01:00;2.6;5.9;5.5;9.8;7.9;10.12;16.52;10.81;13.52;15.72;12.59;13.77;11.62;15.22;21.09;14.86;17.45;8.1;12.21;8.34;18.44;18.33;8.9;8.4;32.94;10.64;17.37;19.26;10.51;13.55;18.29;12.14;13.7;23.32;21.38;15.46;22.82;26.63;21.2;32.62;46.37;36.53;18.7;13.4;
O3;uur;µg/m³;2023-01-23T11:00:00+01:00;2023-01-23T12:00:00+01:00;3.5;8.9;7.5;16.2;18.9;13.71;21.41;10.69;15.65;19.2;14.18;16.1;16.42;16.57;21.99;14.2;20.3;14.39;16.2;10.17;17.65;22.98;14.71;10.6;33.76;14.65;24.88;23.65;15.11;16.67;21.32;17.57;20.26;26.15;24.75;17.51;25.19;26.75;25.52;32.43;47.48;33.42;22.6;15.3;18.7
O3;uur;µg/m³;2023-01-23T12:00:00+01:00;2023-01-23T13:00:00+01:00;9.7;14.4;13.2;20.2;24.4;23.47;22.67;12.73;16.74;23.38;16.77;16.89;18;17.01;21.48;14.01;25.37;17.59;19.01;17.59;27.39;27.26;16.14;11.22;33.47;17.93;29.67;27.51;26.03;24.36;29.11;28.79;24.81;26.45;31.13;20.77;26.7;30.62;28.08;31.64;50.77;32.51;25.9;20.9;28.3
O3;uur;µg/m³;2023-01-23T13:00:00+01:00;2023-01-23T14:00:00+01:00;12.8;13;15.3;24.1;29.3;24.74;24.95;12.19;16.91;23.11;20.21;18.58;19.69;16.33;26.45;16.45;30.03;18.33;22.16;21.2;48.45;33.83;20.21;13.48;34.06;40.3;31.71;36.12;29.99;29.6;39.7;31.74;25.21;27.24;32.26;22.91;26.59;35.5;32.75;32.57;54.69;35.19;41;34.6;42.5
O3;uur;µg/m³;2023-01-23T14:00:00+01:00;2023-01-23T15:00:00+01:00;15.2;14.7;21.8;28.7;34.5;25.55;28.43;10.46;17.59;19.25;21.48;18.87;21.7;18.53;26.9;22.53;31.41;20.74;24.37;23.77;46.94;36.32;28.8;16.56;33.83;42.3;37.76;45.04;30.7;27.48;46.22;31.61;27.07;30.05;26.76;24.1;25.45;36.27;46.3;32.1;53.54;39.43;50.9;45.9;53.2
O3;uur;µg/m³;2023-01-23T15:00:00+01:00;2023-01-23T16:00:00+01:00;17.4;13.1;20;35.6;35.7;22.34;30.6;8.74;15.9;26.57;16.93;18.67;19.82;22.17;26.18;25.43;39.4;22.58;30;25.69;45.2;35.47;32.45;16.06;44.86;41.23;36.32;41.3;24.57;21.65;45.47;25.89;28.41;26.89;26.47;25.35;24.48;35.57;47.74;31.2;52.21;38.97;40;38.9;44.8
O3;uur;µg/m³;2023-01-23T16:00:00+01:00;2023-01-23T17:00:00+01:00;6.6;12.1;10.7;29.8;31;28.45;28.07;7.69;14.62;25.66;17.92;25.23;18.96;26.73;31.83;24.34;35.63;26.53;24.73;24.17;42.55;35.26;20.05;10.98;57.5;35.12;32.9;30;26.13;28.92;34.37;24.75;32.83;25.21;22.02;28.04;22.93;32.27;41.8;29.6;50.1;35.99;39.8;38.6;45.4
O3;uur;µg/m³;2023-01-23T17:00:00+01:00;2023-01-23T18:00:00+01:00;-1.5;9.6;1.3;15.9;27.1;24.22;33.07;14.72;20.63;33.3;27.59;23.33;21.05;25.29;27.76;17.63;31.99;22.12;15.81;30.38;36.69;17.44;4.08;9.13;57.36;30.1;28.45;31.44;24.56;26.55;36.28;24.93;30.25;21.46;15.06;34.56;21.64;27.53;39.21;30.82;50.13;35.08;38.8;36;39
O3;uur;µg/m³;2023-01-23T18:00:00+01:00;2023-01-23T19:00:00+01:00;11.7;7.2;2.6;2.6;14.8;25.09;32.56;20.15;26.91;35.24;26.91;27.45;23.97;26.04;25.93;32.63;26.82;28;36.9;26.96;38.64;20.77;2.07;9.69;56.02;35.39;25.72;38.14;21.34;17.57;33.23;21.59;28.22;17.52;22.06;35.83;22.18;27.98;36.38;28.36;45.12;31.81;37.9;34.8;39.9
O3;uur;µg/m³;2023-01-23T19:00:00+01:00;2023-01-23T20:00:00+01:00;23.4;20.3;7.5;12.7;30.1;29.39;32.57;18.35;24.37;37.39;32.15;31.14;24.98;30.39;29.75;32.68;31.91;31.43;34.05;27.65;39.42;34.13;3.74;20.32;53.17;30.23;22.52;34.63;23.82;21.49;27.02;25.64;28.43;18.16;30.74;34.01;21.93;26;30.81;24.35;46.34;34.84;37.3;33.6;39.9
O3;uur;µg/m³;2023-01-23T20:00:00+01:00;2023-01-23T21:00:00+01:00;23.3;24;18.7;30.4;39.9;29.39;33.36;15.87;22.39;38.79;28.75;30.77;34.78;29.91;38.05;29.08;38.04;32.53;34.23;32.81;41.31;37.55;22.16;24.77;51.57;30.73;24.55;32.23;26.43;27.32;30.81;27.01;33.75;28.75;29.52;33.84;22.35;25.61;29.79;22.87;45.12;38.94;35.8;30.9;37
O3;uur;µg/m³;2023-01-23T21:00:00+01:00;2023-01-23T22:00:00+01:00;22.8;27.3;24.7;30;33.4;27.53;33.64;16.04;20.99;39.76;29.79;33.51;36.34;34.26;36.27;28.18;37.26;34.52;38.19;35.54;40.54;37.22;31.28;23.35;43.31;34.87;24.36;33.4;30.38;26.87;31.21;32.56;35.55;25.81;37.36;32.57;23.35;24.75;27.69;22.61;45.22;34.28;37.8;35.4;37.4
O3;uur;µg/m³;2023-01-23T22:00:00+01:00;2023-01-23T23:00:00+01:00;29.2;28.7;29.8;32.1;30.3;25.81;32.38;21.97;25.65;38.46;32.35;34.18;36.76;34.67;38.76;30.21;36.94;36.48;39.41;36.75;39.46;38.11;35.22;26.29;39.29;35.72;27.24;35.72;34.05;31.33;36.1;35.27;34.27;29.3;38.83;35.05;22.84;24.29;24.93;18.38;45.54;28.98;39.3;35.9;40.5
O3;uur;µg/m³;2023-01-23T23:00:00+01:00;2023-01-24T00:00:00+01:00;27.9;28.3;30.6;32.2;30.7;30.77;37.16;20.53;26.94;37.16;32.75;33.21;37.38;34.34;40.64;32.3;38.35;35.72;39.41;38.16;41.86;39.24;35.98;29.98;37.62;38.6;33.52;36.33;37.11;35;37.03;40.13;35.58;31.15;42.9;38.24;23.76;24.65;22.6;16.02;47.34;27.79;39.1;36.3;39.6
O3;uur;µg/m³;2023-01-24T00:00:00+01:00;2023-01-24T01:00:00+01:00;25.6;29.8;31.4;34.5;31.8;32.4;38.56;16.97;26.88;37.68;32.75;36.63;37.94;35.6;40.82;35.55;38.3;37.29;37.25;37.78;41.54;38.75;35.8;33.01;36.38;39.14;34.07;37.7;38.49;37.79;38.39;41.4;37.52;27.1;45.38;38.82;20.57;26.54;21.91;12.35;44.11;24.39;40.9;40.1;39.8
O3;uur;µg/m³;2023-01-24T01:00:00+01:00;2023-01-24T02:00:00+01:00;31.2;32.9;33.1;33.2;31.9;35.8;40.6;17.52;25.22;42.9;33.37;41.16;39.58;40.34;39.61;37.48;38.74;38.54;38.35;38.25;41.76;39.64;37.37;35.25;42.4;42.87;37.02;40.63;39.75;42.11;41.13;42.35;38.78;30.31;43.28;41.85;16.8;26.69;25.76;9.54;37.91;19.97;42.8;41.4;43.2
O3;uur;µg/m³;2023-01-24T02:00:00+01:00;2023-01-24T03:00:00+01:00;34.9;36.3;38.5;36.3;32.8;;;;;;;;;;;;;;;;;;;;;;;;;;;;;;;;;;;;;;44.7;43.9;44.9
O3;uur;µg/m³;2023-01-24T03:00:00+01:00;2023-01-24T04:00:00+01:00;34.7;36.1;38.8;37.2;32.6;28.88;33.62;30.39;32.71;44.91;34.91;38.32;39.73;39.79;38.95;37.43;42.88;42.61;42.29;42.07;45.91;42.59;41.5;39.7;47.03;46;43.35;42.04;40.68;42.56;39.91;44;;35.86;41.61;34.76;37.84;34.03;33.75;33.55;26.65;12.27;44.9;43.4;44.6
O3;uur;µg/m³;2023-01-24T04:00:00+01:00;2023-01-24T05:00:00+01:00;35.1;37.2;38.7;39.5;36.5;36.33;30.13;25.19;17.14;40.12;34.59;34.75;41.05;36.04;40.38;32.41;42.93;42.13;43.38;42.22;44.34;43.66;42.46;37.55;47.97;45.23;42.45;42.21;41.33;42.02;41.5;44.1;40.91;36.42;41.2;34.11;38.83;39.51;40.74;49.28;25.81;12.78;44.5;42.3;45.4
O3;uur;µg/m³;2023-01-24T05:00:00+01:00;2023-01-24T06:00:00+01:00;34.5;35.3;35.4;40.6;34.1;40.77;30.64;13.33;16.24;34.41;36.47;31.91;41.58;32.45;41.56;36.14;43.5;42.98;43.11;42.13;45.86;43.76;41.05;29.15;48.24;43.63;41.66;41.42;37.57;38.11;36.37;41.63;38.28;37.14;39.04;33.88;39.93;39.67;42.12;51.91;33.44;20.5;42.4;42.7;43.9
O3;uur;µg/m³;2023-01-24T06:00:00+01:00;2023-01-24T07:00:00+01:00;25.3;28.9;27.3;36.4;33.8;41.87;32.77;17.06;25.07;32.25;38.31;29.8;36.47;29.51;40.96;35.78;40.95;41.2;42.61;36.23;45.31;42.38;34.48;20.9;47.92;36.4;40.51;37.9;36.79;36.02;36.07;39.35;36.4;37.27;37.93;33.78;38;43.91;43.71;53.06;40.02;39.63;38.7;36.2;41.5
O3;uur;µg/m³;2023-01-24T07:00:00+01:00;2023-01-24T08:00:00+01:00;26;18.7;22.1;31.5;33.1;46.26;34.93;18.79;28.42;32.68;34.82;30.31;30.56;26.81;40.87;36.41;37.98;25.11;38.76;32.69;43.17;39.79;34.63;18.18;47.43;26.08;43.39;38.6;31.11;27.52;34.85;35.28;35.03;39.75;36.84;31.26;40.76;49.58;41.37;53.07;47.42;39.57;34.6;29.5;37.2
O3;uur;µg/m³;2023-01-24T08:00:00+01:00;2023-01-24T09:00:00+01:00;22.1;18.9;19.3;26.8;31.9;45.31;35.2;20.24;19.85;30.9;30.52;32.24;30.28;30.88;39.39;36.42;31.87;25.44;36.7;29.22;37.95;34.39;26.65;17.07;44.47;23.3;46.38;37.46;29.69;27;36.75;29.9;32.05;40.98;38.92;31.91;40.23;50.43;41.58;53.16;44.46;46.16;32.1;26.3;30
O3;uur;µg/m³;2023-01-24T09:00:00+01:00;2023-01-24T10:00:00+01:00;24.9;18.6;22;25.3;23.5;43.85;37.4;20.37;26.71;31.11;27.86;33.59;31.72;30.57;37.22;34.04;34;24.99;35.9;25.54;35.53;35.86;24.35;17.6;42.81;26.8;48.42;35.59;29.34;27.12;35.1;34.03;32.04;41.68;37.73;33.55;42.86;48.77;47.62;51.45;47.58;48.01;37.3;27.5;31.3
O3;uur;µg/m³;2023-01-24T10:00:00+01:00;2023-01-24T11:00:00+01:00;24.1;17;21.6;27.1;30;41.83;41.63;25.56;28.72;34.46;28.92;33.07;31.71;34.47;36.46;31.85;32.55;23.65;34.25;30.89;34.1;36.06;24.57;19.27;47.74;26.92;49.11;37.27;32.96;34.13;37.59;34.29;32.39;43.96;35.62;35.25;44.31;50.21;49.73;53.32;50.45;49.43;39.7;34.4;35.8
O3;uur;µg/m³;2023-01-24T11:00:00+01:00;2023-01-24T12:00:00+01:00;23.4;21.3;23;27.2;28.8;38.68;41.65;29.13;32.27;36.76;28.86;38.18;30.31;38.77;32.85;25.01;31.57;25.84;34.13;25.3;36.79;37.5;27.53;18.83;51.7;28.5;49.5;39.72;33.69;32.27;36.9;36.33;34.96;48.47;43.64;39.35;;50;51.32;51.25;54.24;52.49;41.8;28.7;39.2
O3;uur;µg/m³;2023-01-24T12:00:00+01:00;2023-01-24T13:00:00+01:00;26;25.1;23.6;26.4;23.1;38.19;42.61;25.78;26.72;40.35;31.26;38.42;29.99;40.94;31.98;25.81;33.88;25.83;33.5;29.65;37.5;36.94;30.17;16.35;54.55;25.37;48.56;40.36;30.11;32.41;38.6;35.47;37.96;48.83;44.9;39.96;;51.33;51.44;50.9;55.49;51.29;44.3;33.3;40.4
O3;uur;µg/m³;2023-01-24T13:00:00+01:00;2023-01-24T14:00:00+01:00;20.8;20.4;24.6;27.4;25.2;36.62;42.6;23.09;31.7;40.05;30.3;36.34;31.22;37.38;32.76;24.53;32.78;27.93;32.09;30.23;39.02;35.05;23.8;15.23;55.09;26.74;48.55;38.5;34.09;36.42;38.95;40.6;36.96;48.09;45.27;39.6;;52.23;52.91;49.1;56.18;50.72;43.1;32.4;41
O3;uur;µg/m³;2023-01-24T14:00:00+01:00;2023-01-24T15:00:00+01:00;20.1;22;25;30.4;24.2;35.61;41.28;26.81;37.45;40.82;29.78;36.31;34.24;37.66;32.09;27.96;33.54;27.05;30.66;26.09;39.22;33.12;29.05;14.17;54.75;28.84;48.28;37.94;37.94;32.8;38.88;41.59;36.61;47.84;45.61;38.27;;50.88;52.35;50.17;55.14;49.78;40;32.8;41
O3;uur;µg/m³;2023-01-24T15:00:00+01:00;2023-01-24T16:00:00+01:00;17.7;19.1;19.9;32.1;27.2;34.38;39.73;27.65;34.97;40.62;30.19;34.48;35.58;36.62;32.41;28.85;34;28.37;29.74;31.55;37.53;31.93;27.84;10.55;53.32;22.18;49.55;37.64;35.51;33.89;38.81;37.56;36.74;44.83;44.61;40;;49.59;51.39;49.77;52.08;48.89;38.2;28.4;36.4
O3;uur;µg/m³;2023-01-24T16:00:00+01:00;2023-01-24T17:00:00+01:00;25.5;26.9;23.8;30.8;29.7;30.98;38.03;26.06;29.79;38.42;30.12;33.44;31.65;33.95;29.79;22.87;26.77;30.73;27.7;30.09;37.3;31.67;30.04;7.95;51.24;24.69;48.45;34.88;28.76;34.43;39.64;41.53;36.47;47.06;43.17;38.8;43.54;46.45;50.49;50.95;49.16;45.31;40;26.7;37.4
O3;uur;µg/m³;2023-01-24T17:00:00+01:00;2023-01-24T18:00:00+01:00;25;25.3;24.4;28.9;27.4;28.66;34.89;24.7;26.23;40.24;31.57;30.93;34.61;30.9;28.78;21.16;24.31;33.69;28.99;29.62;38.99;30.09;27.3;7.82;53.19;15.89;48.65;32.97;33.36;25.32;35.06;40.38;35.52;46.1;43.22;36.59;44.1;43.61;49.96;50.67;48.84;44.62;40.7;28.4;38.8
O3;uur;µg/m³;2023-01-24T18:00:00+01:00;2023-01-24T19:00:00+01:00;21.9;23.8;24.4;27.3;27;25.71;35.08;19.64;21.37;39.98;32.97;32.2;31.84;29.58;27.16;26.35;26.63;31;31.29;32.71;41.25;32.33;29.41;9.24;52.86;26.09;47.42;33.11;33.41;33.57;29.84;38.27;35.01;45.48;43.57;31.23;42.56;43.82;49.26;51.3;48.54;45.46;47.2;24.5;39.1
O3;uur;µg/m³;2023-01-24T19:00:00+01:00;2023-01-24T20:00:00+01:00;22.5;22.5;23;25.5;22.7;23.29;32.51;19.36;23.64;39.12;35.49;28.25;30.78;23.23;28.55;20.97;27.15;32.36;35.57;33.36;41.28;32.4;16.87;11.99;51.91;26.02;44.91;34.89;33.69;33.74;34.7;37.4;33.3;44.84;45.34;33.4;42.23;41.78;49.85;51.57;50.99;45.29;41.8;29.5;37.5
O3;uur;µg/m³;2023-01-24T20:00:00+01:00;2023-01-24T21:00:00+01:00;24.4;25.2;21.1;26.2;23.8;24.39;25.82;22.04;27.65;39.57;34;21.64;32.68;16.55;32.26;14.29;30.32;29.22;36.72;34.94;39.9;32.62;21.59;15.55;48.68;28.1;45.82;33.58;32.78;36.21;36.48;39.68;36.56;42.31;44.02;34.35;39.66;44.07;49.02;50.32;50.97;44.46;42.3;28.3;34.7
O3;uur;µg/m³;2023-01-24T21:00:00+01:00;2023-01-24T22:00:00+01:00;24.3;25.1;24.4;19.8;25.9;16.92;19.84;23.36;28.49;37.81;33.25;16.84;32.27;14.72;33.42;12.91;26.44;33.74;36.31;35.32;38.54;31.28;19.38;17.25;46.02;31.12;43.84;33.38;35.68;36.66;37.87;39.6;35.31;37.81;45.35;35.85;41.21;46.38;49.07;48.8;50.93;45.02;39.4;28.8;34.3
O3;uur;µg/m³;2023-01-24T22:00:00+01:00;2023-01-24T23:00:00+01:00;23.8;25.1;26.9;25;25;9.95;12.94;24.3;29.6;38.46;32.65;16.58;33.05;14.99;33;11.35;31.49;32.23;36.13;33.52;37.21;32.59;25.54;21.36;48.54;29.53;44.03;36.71;36;34.78;36.04;38.36;36.9;38.67;45.59;36.38;44.39;46.28;48.08;46.95;52.13;47.22;39.6;27.5;33.7
O3;uur;µg/m³;2023-01-24T23:00:00+01:00;2023-01-25T00:00:00+01:00;24.3;24.4;28.5;24.3;27.1;11.61;10.29;25.3;27.34;35.91;31.79;14.34;33.79;14.9;32.88;10.9;29.74;33.09;34.31;33.1;37.24;33.9;26.52;21.24;47.28;29.47;44.76;34.86;37.5;38.48;38.89;39.85;33.75;39.14;45.16;38.68;42.99;44.55;45.26;47.52;50.89;48.5;39;29.2;31.8
O3;uur;µg/m³;2023-01-25T00:00:00+01:00;2023-01-25T01:00:00+01:00;24.6;28.4;29.7;20.3;26.1;12.39;7.49;22.49;27.39;30.26;32.07;10.58;36.84;14.59;32.19;7.71;31.2;34.76;35.06;32.32;35.33;33.12;25.84;27.02;50.18;26.87;44.62;33.14;38.64;39.47;40.26;42.88;36.81;38.81;46.97;39.87;45.55;47.46;45.95;45.28;53.62;48.95;34.6;30.9;30.8
O3;uur;µg/m³;2023-01-25T01:00:00+01:00;2023-01-25T02:00:00+01:00;25.7;27.5;29.9;18.4;18.5;11.59;7.35;23.31;28.42;30.56;31.66;8.7;35.85;15.83;32.41;4.57;32.53;31.84;34.76;33.04;36.74;34.77;23.64;27.47;49.88;29.49;45.21;34.58;38.77;39.85;38.92;41.97;35.62;40.48;44.9;41.44;43.95;46.26;44.35;47.03;52.68;47.91;34.4;26.8;31.6
O3;uur;µg/m³;2023-01-25T02:00:00+01:00;2023-01-25T03:00:00+01:00;23.9;28;26.8;14.9;7;14.04;8.06;22.4;30.44;28.63;30.82;9.37;35.13;19.66;33.58;2.37;30.52;31.34;32.92;33.44;38.28;36.73;20.51;29.23;49.29;30.82;47.64;36.96;39.4;38.53;40.94;42.83;33.37;39.31;44.64;41.48;43;46.85;48.28;47.69;52.82;49.26;33.2;27.3;32.9
O3;uur;µg/m³;2023-01-25T03:00:00+01:00;2023-01-25T04:00:00+01:00;19.3;26.7;26.9;16.6;1.6;12.55;9.18;26.46;33.52;25.29;29.39;11.8;35.8;19.7;33.02;1.9;32.06;30.1;33.22;33.9;39.57;36.12;21.29;31.26;47.37;36.02;47.66;35.64;38.43;37.89;36.3;41.5;31.75;39.31;43.95;41.13;42.54;46.31;48.18;47.97;53.93;47.4;33.2;27.8;34.5
O3;uur;µg/m³;2023-01-25T04:00:00+01:00;2023-01-25T05:00:00+01:00;20.4;25.4;16.9;12.2;1.4;10.63;8.57;28.45;32.55;22.71;28.43;14;35.77;19.08;32.58;1.84;35.02;30;31.92;33.54;39.08;34.52;18.79;30.8;47.58;37.94;48.11;37.04;36;38.15;32.67;39.4;29.66;38.72;42.63;39.77;40.42;43.57;47.76;47.74;52.91;44.74;35.9;31.6;37.9
O3;uur;µg/m³;2023-01-25T05:00:00+01:00;2023-01-25T06:00:00+01:00;21.4;20.9;8.4;8.1;0;8.84;10.51;27.43;29.84;17.59;26.96;17.5;34.28;21.5;33.34;1.51;30.61;29.56;28.9;34.28;37.2;30.29;8.52;20.58;45.48;40.28;46.5;35.91;34.88;35.08;25.17;38.96;27.77;38.56;40.8;37.47;39.04;45.02;48.82;45.71;51.09;42.94;35.7;34.5;38.3
O3;uur;µg/m³;2023-01-25T06:00:00+01:00;2023-01-25T07:00:00+01:00;19.5;6.1;4.7;7.6;0.8;4.26;15.59;25.06;28.12;14.47;22.25;17.1;31.26;20.22;35.31;1.69;11.87;20.62;27.15;28.28;35.94;8.53;14.01;1.81;27.92;34.74;45.12;36.22;29.81;27.41;20.43;35.77;27.99;41.44;37.83;35.14;38.43;46.23;48.6;45.2;48.79;40.57;34.4;27.7;
O3;uur;µg/m³;2023-01-25T07:00:00+01:00;2023-01-25T08:00:00+01:00;15.7;4.5;10.5;2.4;0.3;7.78;19.21;25.38;27.29;16.45;14.94;14.96;27.07;20.29;37.18;5.59;1.41;13.81;24.23;25.48;35.45;2.85;3.83;0.3;19.67;30.78;45.67;33.87;19.09;16.13;18.86;27.79;27.68;41.9;37.1;30.54;37.48;46.72;48.5;47.52;48.32;38.46;26.9;22.1;24.2
O3;uur;µg/m³;2023-01-25T08:00:00+01:00;2023-01-25T09:00:00+01:00;16.6;0.9;1.5;1.3;2.6;9.37;20.28;23.21;26.09;17.88;10.47;10.27;17.55;20.27;34.08;9.81;0.92;2.23;24.21;22.35;28.33;0.1;1.14;0.2;10.4;24.93;43.93;31.36;15.4;21.91;22.99;23.95;27.25;40.65;34.3;25.65;36.53;44.92;44.39;47.1;49.63;36.78;20.5;18.5;18.6
O3;uur;µg/m³;2023-01-25T09:00:00+01:00;2023-01-25T10:00:00+01:00;19.1;1.7;2.1;4.1;7.8;9.82;20.79;22.77;25.56;16.56;3.28;8.97;22.02;22.68;25.29;14.42;2.1;2.23;28.05;13.35;22.31;0.84;1.78;1.35;15.67;22.86;43.3;30.06;12.93;25.31;22.24;19.41;28.54;40.26;32.13;21.46;36.31;44.84;33.73;46.62;49.6;43.02;20.7;17.4;26.4
O3;uur;µg/m³;2023-01-25T10:00:00+01:00;2023-01-25T11:00:00+01:00;19.6;2;2.7;7.7;11.5;14.48;21.73;22.69;24.29;19.7;6.33;13.71;25.05;21.95;28.53;17.77;6.85;3.46;26.09;15.25;11.21;4.52;5.15;4.21;22.34;21.16;41.08;27.74;16.53;26.41;23.74;24.43;26.35;40.18;32.37;22.06;36.21;43.37;30.37;46.45;48.05;41;20.2;17;24.8
O3;uur;µg/m³;2023-01-25T11:00:00+01:00;2023-01-25T12:00:00+01:00;21.3;3.9;5.2;15.3;10.5;18.07;21.32;23.31;23.63;21.53;10.97;15.26;25.8;22.79;36.16;18.66;8.89;6.49;30.02;22.44;7.18;8.9;9.73;5.97;22.4;12.79;36.13;18.07;19.88;25.59;18.51;26.92;22.32;38.12;32.32;25.64;35.42;42.19;36.21;43.7;46.39;39.23;23.9;13.1;19.4
O3;uur;µg/m³;2023-01-25T12:00:00+01:00;2023-01-25T13:00:00+01:00;26.4;8.3;18.5;28.4;25.5;17.65;21.32;21.23;21.8;21.53;10.41;13.42;;23.01;35.51;17.73;14.39;9.34;38.61;26.6;7.89;13.2;17.31;9.33;21.56;7.77;34.93;13.92;21.03;24.46;14.07;28.4;18.08;34.64;32.7;21.37;36.17;38.73;39.1;40.78;41.71;36.05;13.9;8.9;10.6
O3;uur;µg/m³;2023-01-25T13:00:00+01:00;2023-01-25T14:00:00+01:00;29.2;12;20.1;29.3;29.7;22.17;20.52;20.21;22.92;21.54;7.05;15.98;;22.31;25.67;19.19;16.31;19.72;33.98;23.95;10.27;20.61;21.42;10.79;19.99;8.42;33.49;8.26;17.1;18.3;12.52;23.54;17.75;31.86;29.98;21.52;34.49;37.97;37.06;41.7;36.89;33.66;7;5.8;6.9
O3;uur;µg/m³;2023-01-25T14:00:00+01:00;2023-01-25T15:00:00+01:00;28;14;14.6;21.2;24.2;24.42;19.35;22.97;24.28;18.42;5.48;15.9;;23.07;14.18;16.25;17.67;21.91;28.03;22.66;15.2;23.82;14.48;14.59;11.81;8.14;29.03;5.76;12.97;12.57;5.7;19.25;20.26;28.31;29.09;17.06;29.91;34.52;36.77;40.78;35.46;30.75;6;5;6.4
O3;uur;µg/m³;2023-01-25T15:00:00+01:00;2023-01-25T16:00:00+01:00;28.2;11.8;12.6;20;23.4;26.45;20.38;18.93;23.5;14.85;2.59;16.31;;22.39;10.33;15.88;14.1;14.31;26;21.6;16.21;22.5;17.2;8.98;6.44;9.23;26.99;4.74;11.94;14.79;4.06;16.9;22.08;24.33;27.5;12.81;29.21;32.55;25.74;38.25;34.66;30.27;4.8;4.9;7
O3;uur;µg/m³;2023-01-25T16:00:00+01:00;2023-01-25T17:00:00+01:00;18.3;7.9;10.4;16.1;16.6;20.05;21.62;19.31;23.62;11.55;1.42;14.97;2.28;21.19;10.49;15.11;6.13;11.45;17.36;14.72;12.53;16.03;8.17;8;1.76;8.39;18.48;9.86;13.49;16.97;1.62;19.39;21.9;18.74;20.99;8.81;26.46;23.85;10.69;38.64;31.11;27.54;1.8;2.9;2.6
O3;uur;µg/m³;2023-01-25T17:00:00+01:00;2023-01-25T18:00:00+01:00;4.3;3.9;3.9;2.8;5.8;10.53;21.15;16.02;23.64;7.55;-0.66;12.51;0.35;17.47;11.37;13.81;1.23;6.63;3.77;4.39;8.24;2.4;2.41;2.32;0.38;8.65;13.55;11.51;10.23;15.14;2.83;15.08;15.76;16.45;19.97;7.58;27.18;13.62;8.22;35.07;26.43;24.78;1;1.5;4.2
O3;uur;µg/m³;2023-01-25T18:00:00+01:00;2023-01-25T19:00:00+01:00;-1.9;0.4;0.8;0.1;0;12;14.55;14.97;23.25;0.85;0.19;9.3;-0.51;15.53;5.41;12.43;0.58;1.57;1.39;-0.25;4.36;-0.27;1.09;0.13;-0.35;4.43;8.47;14.58;9.62;8.77;6.52;12.5;8.06;16.9;14.24;8.19;26.78;13.87;7.25;29.81;24.58;22.89;4.3;4.7;7.5
O3;uur;µg/m³;2023-01-25T19:00:00+01:00;2023-01-25T20:00:00+01:00;-2;-0.8;0.7;1.2;3.2;12.45;12.48;23.11;21.32;0.68;-0.85;2.62;0.11;3.01;3.53;1.77;0.72;1;1.39;-0.15;0.93;-0.26;1.06;-0.09;-0.13;2.98;9.83;5.19;8.94;6.27;6.23;10.69;-0.57;17.12;12.72;10.52;23.38;16.34;9.21;24.96;19.76;18.83;8.6;7.2;10
O3;uur;µg/m³;2023-01-25T20:00:00+01:00;2023-01-25T21:00:00+01:00;-2;0.4;0.6;1;1.2;10.92;10.92;23.59;24.93;0.97;-0.88;-0.74;-0.2;1.31;2.3;1.57;0.66;0.94;1.37;-0.31;0.91;-0.32;0.63;-0.01;0.51;1.25;12.76;0.13;2.25;2.06;0.62;4.3;-1.08;17.5;12.5;9.35;21.75;16.29;10.58;22.94;15.08;12.83;6.8;4.2;3.7
O3;uur;µg/m³;2023-01-25T21:00:00+01:00;2023-01-25T22:00:00+01:00;-1.5;-0.6;0.6;1.9;0;11.95;13.29;24.57;24.51;1.48;-0.98;-1.01;-0.5;2.33;1.89;5.93;0.66;0.88;1.18;-0.32;0.86;-0.37;1.56;-0.09;0.11;1.03;11.51;0.27;0.27;0.83;-0.18;1.86;-1.1;15.12;9.24;6.48;18.45;14.39;8.22;19.62;14.04;10.05;-1.2;0;-0.5
O3;uur;µg/m³;2023-01-25T22:00:00+01:00;2023-01-25T23:00:00+01:00;-2;-0.5;0.5;0;0;12.68;13.47;19.81;28.09;2.04;-0.96;0;-0.54;8.64;2.38;6.83;0.62;0.75;1.28;-0.4;0.89;-0.43;0.99;0.26;-0.33;1.1;11.18;0.16;0.16;0.85;-0.14;1.82;-1.16;11.78;6.93;4.61;16.89;12.68;8.98;17.25;13.69;11.25;-1.4;-0.2;-0.6
O3;uur;µg/m³;2023-01-25T23:00:00+01:00;2023-01-26T00:00:00+01:00;-1.9;-0.8;0.5;0;0;15.33;12.27;19.35;22.63;5.34;-0.93;5.12;0.82;9.63;6.09;7.13;0.57;0.8;1.25;-0.59;0.8;-0.41;0.56;-0.18;-0.41;1.04;5;0.25;0.14;0.91;-0.2;1.73;-0.98;8.27;2.09;7;15.09;11.28;3.26;17.44;12.55;13.75;-1.3;-0.2;-0.6
O3;uur;µg/m³;2023-01-26T00:00:00+01:00;2023-01-26T01:00:00+01:00;;-0.7;0.4;0;0;15.33;15.21;16.59;23.8;10;-1.05;7.61;4.48;10.36;9.24;8.32;0.56;0.84;1.25;-0.63;0.63;-0.41;0.54;-0.09;-0.46;0.92;1.14;0.27;0.27;0.97;-0.07;1.88;-1.05;11.44;0.58;9.37;11.58;9.27;0.84;17.05;11.82;13.98;-1.4;-0.3;-0.7
O3;uur;µg/m³;2023-01-26T01:00:00+01:00;2023-01-26T02:00:00+01:00;;0;0.5;0;0;15.3;15.05;12.1;23.77;7.89;-1.05;9.23;6.32;6.91;5.6;9.06;0.58;0.75;1.21;0.36;0.64;-0.45;0.47;-0.02;-0.42;0.89;0.96;0.23;0.36;0.97;-0.04;1.95;-0.99;12.07;0.43;9.85;11.6;4.78;0.77;16.75;12.15;10.23;-1.3;-0.2;-0.6
O3;uur;µg/m³;2023-01-26T02:00:00+01:00;2023-01-26T03:00:00+01:00;;-0.5;0.5;0;0;14.83;15.12;13.13;24.69;6.78;-1.2;7.14;7.75;2.97;5.34;9.94;0.62;0.7;1.2;0.53;0.67;-0.54;0.49;-0.01;-0.44;0.91;0.85;0.21;0.18;0.91;-0.08;1.84;-1.2;11.52;0.5;12.13;11.2;1.78;0.84;13.72;9.94;7.9;-1.3;-0.4;-0.6
O3;uur;µg/m³;2023-01-26T03:00:00+01:00;2023-01-26T04:00:00+01:00;;-0.5;0.6;0;0.4;16.03;13.06;14.04;23.11;6.63;-1.22;2.12;6.59;0.86;1.54;10.24;0.61;0.84;1.51;0.22;0.69;-0.69;0.76;-0.12;-0.5;0.85;0.98;0.17;0.09;0.86;-0.15;1.76;-1.15;10.97;0.55;13.6;8.87;0.22;0.85;10.66;7.69;5.34;-1.4;-0.3;-0.7
O3;uur;µg/m³;2023-01-26T04:00:00+01:00;2023-01-26T05:00:00+01:00;;-0.4;1.2;0;0;14.59;10.79;15.06;21.86;9.94;-1.28;-1.23;3.35;0.55;1.47;9.61;0.5;1.14;1.38;-0.7;0.56;-0.56;1.38;0;39.75;0.89;0.91;0.1;0.07;0.84;-0.17;1.62;-1.02;11.45;1.53;12.28;7.83;0.27;0.78;6.86;6.13;3.22;-1.4;-0.3;-0.7
O3;uur;µg/m³;2023-01-26T05:00:00+01:00;2023-01-26T06:00:00+01:00;;-0.7;0.8;0;0;10.22;7.74;16.19;21.85;11.26;-1.27;-0.91;2.33;4.53;1.63;6.78;0.44;0.9;1.14;-0.75;0.62;-0.56;1.25;0.21;79.2;5.76;0.98;0.1;0.13;0.83;-0.22;1.72;-1.25;10.96;3.26;10.82;6.44;0.23;2.46;3.87;56.85;4.33;-1.4;-0.2;-0.8
O3;uur;µg/m³;2023-01-26T06:00:00+01:00;2023-01-26T07:00:00+01:00;;-0.1;0.9;0;31.2;5.41;3.72;11.12;18.77;9.53;-1.2;1.46;-0.53;6.67;1.56;5.99;19.68;0.88;0.96;-0.73;40.25;0.56;1.06;26.43;79.98;48.49;0.98;0.09;0.16;0.8;-0.17;1.67;-1.18;9.83;2.78;6.1;3.77;0.27;50.56;2.54;74.72;12.81;8.8;22.6;6.1
O3;uur;µg/m³;2023-01-26T07:00:00+01:00;2023-01-26T08:00:00+01:00;;-0.6;0.6;24.7;70.3;2.4;1;9.06;15.34;6.19;-1.39;1.42;-0.98;4.69;7.33;2.59;70.81;1.03;1.03;-0.71;65.32;34.45;3.02;62.35;79.92;58.31;0.99;-0.03;0.04;0.8;-0.31;1.72;-1.27;9.57;1.05;0.97;2.89;0.25;62.39;2.37;75.66;60.73;46;50.3;34.7
O3;uur;µg/m³;2023-01-26T08:00:00+01:00;2023-01-26T09:00:00+01:00;;9.2;21;58;71.6;2.42;1.15;6.58;12.19;2.67;-1.21;-0.9;-0.85;5.38;49.02;4.6;70.8;9.98;1.37;-0.49;48.57;59;44.3;66.61;75.42;51.99;1.41;3.98;0.3;1.1;0.04;1.94;-0.96;7.17;0.65;0.69;3.6;7.61;57.05;4.16;72.68;52.61;51.8;42.6;31.8
O3;uur;µg/m³;2023-01-26T09:00:00+01:00;2023-01-26T10:00:00+01:00;33.8;37.1;35.1;55.4;70.4;5.44;3.78;4.79;10.15;2.38;0.03;0.15;-0.06;6.81;60.73;38.33;66.75;39.23;36.71;9.25;57.97;53.74;35.45;63.87;76.17;51.34;26.44;48.37;8.65;10.89;30.08;10.61;2.95;5.94;2.08;1.67;5.38;20.71;54.26;15.85;69.19;42.68;51.1;22.5;23.1
O3;uur;µg/m³;2023-01-26T10:00:00+01:00;2023-01-26T11:00:00+01:00;35.5;33.2;33.8;59;70.3;7.41;6.09;8.02;10.08;3.02;22.4;1.31;1.97;7.18;61.18;60.31;72.58;35.71;56.69;37.21;59.22;62.82;41.77;68.69;78.06;59.94;66.02;48.27;46.86;45.92;39.21;49.57;45.12;5.53;4.77;2.67;7.85;46.45;60.31;29.48;72.25;53.35;53.9;37.7;39.9
O3;uur;µg/m³;2023-01-26T11:00:00+01:00;2023-01-26T12:00:00+01:00;37.4;37.9;41.9;65.3;72.4;9.29;6.06;9.59;11.02;6.64;56.67;1.87;37.1;5.06;69.42;59.05;70.2;46.42;62.55;46.36;71.17;65.82;51.94;68.4;77.91;69.36;70.11;57.75;61.15;60.68;52.39;64.44;54.18;5.07;15.29;4.3;19.09;60.7;66.07;49.79;75.38;64;57.2;46.9;50
O3;uur;µg/m³;2023-01-26T12:00:00+01:00;2023-01-26T13:00:00+01:00;53.3;49.1;54.6;67.7;69.9;7.58;8.19;8.62;9.99;23.29;57.02;5.05;58.77;6.27;72.01;67.68;72.35;60.84;66.62;47.43;76.67;69.81;61.53;70.67;79.8;64.7;71.71;69.18;62.28;63.48;61.38;70.11;60.75;17.22;50.94;15.06;37.13;68.32;69.97;67.63;76.18;70.37;62.6;44.6;53.2
O3;uur;µg/m³;2023-01-26T13:00:00+01:00;2023-01-26T14:00:00+01:00;56.6;52.8;58.5;68.8;70.4;6.09;21.52;6.64;7.72;45.62;62.78;11.56;57.62;10.36;68.02;68.38;72.08;68.5;74.34;63.79;76.33;69.96;58.71;69.37;80.47;64.9;73.31;69.86;66.37;69.11;60.63;74.33;63.48;39.29;66.19;31.35;56.56;73.22;73.39;72.61;75.12;69.88;67.6;55.9;56.4
O3;uur;µg/m³;2023-01-26T14:00:00+01:00;2023-01-26T15:00:00+01:00;55.1;46.1;48.8;68.3;69.2;6.36;36.24;3.7;6.31;65.13;65.25;36.25;67.42;34.68;68.62;65.96;71.25;62.2;73.75;64.54;80.47;69.67;58.06;70.93;79.25;64.56;73.42;67.66;70;69.75;60.23;74.34;65.48;51.06;70.52;50.13;59.59;73.16;72.14;71.72;73.14;70.48;70.5;61.5;61.1
O3;uur;µg/m³;2023-01-26T15:00:00+01:00;2023-01-26T16:00:00+01:00;54.1;46.4;59.8;68.9;70.5;10.93;41.64;5.52;6.96;67.58;69.56;49.55;68.68;54.94;63.73;67.4;74.54;56.68;68.34;60.28;78.15;68.82;56.29;71.67;76.51;72.22;72.31;68.86;70.11;70.28;60.43;74.45;62.6;55.19;69.21;54.55;60.74;72.52;68.94;70.83;73.6;66.92;67.6;60.3;58.4
O3;uur;µg/m³;2023-01-26T16:00:00+01:00;2023-01-26T17:00:00+01:00;55.3;50.8;59.2;66.5;71;25.92;55.71;2.74;6.77;63.58;63.31;46.69;65.04;58.88;67.01;65.22;72.17;56.78;52.56;55.45;76.03;66.45;59.37;69.7;76.99;70.91;70.61;65.98;67.61;68.1;56.39;72.27;60.41;55.24;65.74;57.63;61.57;68.13;66.34;64.98;74.58;65.6;66.5;59.2;55.5
O3;uur;µg/m³;2023-01-26T17:00:00+01:00;2023-01-26T18:00:00+01:00;47.3;50.3;58.4;64.2;70.7;18.35;55.63;0.91;5.02;65.74;58.88;46.52;63.82;54.5;66.86;70.39;71.79;59.8;58.42;57.76;77.88;68.61;61.68;69.5;81.27;67.23;70.59;66.59;66.04;66.95;49.78;70.63;64.27;60.31;64.43;53.08;59.29;64.49;70.53;64.46;73.85;63.57;63;55.9;51.2
O3;uur;µg/m³;2023-01-26T18:00:00+01:00;2023-01-26T19:00:00+01:00;56.4;51.2;61.4;64.2;70.7;12.39;56.35;5.47;3.32;66.3;58.77;56.53;60.54;59.23;65.24;61.3;72.68;58.5;55.39;57.26;76.36;70.63;62.84;71.68;84.31;74.95;70.46;66.35;66.06;65.23;52.51;70.98;61.94;56.95;64.58;48.76;53.67;65.91;69.17;60.82;71.23;62.26;68.5;61.3;60
O3;uur;µg/m³;2023-01-26T19:00:00+01:00;2023-01-26T20:00:00+01:00;57;60.2;59.4;68.9;73.6;11.62;56.44;6.56;3.83;64.78;63.47;58.9;65.33;62.6;66.29;55.4;78.23;70.41;69.15;60.24;81.63;77.92;70.18;76.67;82.82;77.89;70.22;72.01;68.12;67.33;59.83;72.7;61.99;59.93;65.38;51.6;53.37;63.11;64.41;55.62;71.09;60.75;71.3;66;61.7
O3;uur;µg/m³;2023-01-26T20:00:00+01:00;2023-01-26T21:00:00+01:00;50.8;66.6;66.2;73.8;77.8;17.47;54.39;6.38;3.9;62.35;68.57;56.77;68.86;61.51;68.88;57.13;79.01;75.62;74.25;69.61;74.6;79.15;74.63;77.13;82.09;76.88;69.57;72.64;71.03;70.08;65.98;75.5;67.05;63.47;66.37;49;55.19;58.42;58.39;54.9;69.92;56.97;68.3;54.2;56.9
O3;uur;µg/m³;2023-01-26T21:00:00+01:00;2023-01-26T22:00:00+01:00;63.3;62;67;73.8;78.3;40.3;55.52;32.71;5.71;61.82;71.09;57.26;72.4;61.02;74.74;60.94;78.94;70.53;74.21;67.68;67.67;77.03;72.07;76.49;78.61;74.64;66.09;68.88;70.03;69.97;62.72;74.77;63.71;72.78;65.25;53.41;48.95;53.77;53.4;58.35;66.59;54.15;65.3;54.7;55.2
O3;uur;µg/m³;2023-01-26T22:00:00+01:00;2023-01-26T23:00:00+01:00;59.8;57.4;62.6;72.3;78;42.87;57.43;42.37;38.45;61.33;70.81;58.49;68.92;63.66;76.58;68.7;78.38;67.3;70.13;62.89;72.01;73;64.12;75.59;75.2;74.01;64.94;64.82;67.2;68.42;62.17;71.7;60.52;70.87;57.96;62.08;48.58;53.85;56.18;57.19;61.86;52.53;62.8;57.5;54.8
O3;uur;µg/m³;2023-01-26T23:00:00+01:00;2023-01-27T00:00:00+01:00;58.7;55;59.8;71;75.2;45.59;60.96;43.55;48.53;66.72;69.93;58.74;66.23;64.03;76.54;64.15;76.38;66.36;68.61;61.94;61.68;73.37;64.97;74.92;73.28;70.55;63.94;63.65;63.93;65.62;62.51;67.67;55.79;66.79;55.74;63.87;55.22;55.13;62.98;55.52;57.97;53.32;61.5;57.8;55.7
O3;uur;µg/m³;2023-01-27T00:00:00+01:00;2023-01-27T01:00:00+01:00;60.4;54.9;60.9;69.9;72.4;44.11;58.74;43.43;49.31;68.76;64.34;61.21;62.37;63.14;70.92;72.69;72.77;65.8;58.59;59.34;58.28;70.43;66.74;70.8;69.29;69.22;60.76;64.77;64.02;66.05;61.76;68.33;61.31;64.17;59.22;60.43;53.47;55.61;59.04;53.09;57.52;49.88;63.4;63.8;53.1
O3;uur;µg/m³;2023-01-27T01:00:00+01:00;2023-01-27T02:00:00+01:00;59.3;57.3;60;67.3;70.6;49.41;56.02;45.92;50.02;67.25;59.74;59.89;62.85;64.03;65.1;64.48;69.73;65.24;67.51;59.92;70.2;68.88;67.64;67.18;64.76;70.18;58.17;63.65;62.83;66.22;60.49;67.07;64.52;64.1;59.97;60.56;52.21;57.29;54.73;51.16;58.57;50.68;62.5;65.3;63.5
O3;uur;µg/m³;2023-01-27T02:00:00+01:00;2023-01-27T03:00:00+01:00;59.2;59.1;63.2;63.6;66.4;56.5;58.32;50.18;51.07;63.35;62.19;59.85;64;61.2;65.58;62.64;68.12;64.31;65.46;63.81;68.01;69.25;68.98;66.52;59.71;66.57;56.08;62.43;58.71;62.68;58.37;63.41;61.35;61.89;61.36;59.02;50.57;55.25;57.5;53.8;56.92;53.43;59.8;59.4;58.2
O3;uur;µg/m³;2023-01-27T03:00:00+01:00;2023-01-27T04:00:00+01:00;59.4;58.8;59;61.8;62;62;58.11;56.73;58.23;63.17;60.33;62.27;62.46;60.76;64.66;59.97;64.52;64.09;65.04;60.17;63.19;64.89;65.21;62.08;62.36;60.19;57.29;59.02;55.11;59.81;55.61;60.07;55.53;56.2;58.57;57.26;49.87;59.38;54.3;53.66;62.86;58.64;56.4;57.9;54.7
O3;uur;µg/m³;2023-01-27T04:00:00+01:00;2023-01-27T05:00:00+01:00;56;54.9;56.5;57.3;57.5;59.73;57.94;59.63;59.09;63.29;59.5;61.84;62.85;61.92;63.48;59.29;58.79;60.43;62.44;56.22;60.2;59.46;61.22;55.88;61.6;59.85;60.88;55.38;54.68;57.71;51.97;59.15;54.35;52.46;57.05;52.54;49.2;57.74;51.9;56.19;66.56;60.43;53.5;54.9;52.9
O3;uur;µg/m³;2023-01-27T05:00:00+01:00;2023-01-27T06:00:00+01:00;51.5;52.6;50.1;54.5;51.7;53.72;52.94;54.06;57.98;59;56.74;58.21;59.37;58.44;58.55;60.2;55.46;57.25;57.29;55.93;60.45;57.22;54.68;42.65;62.46;61.78;59.45;58.59;57.02;59.72;57.16;61.79;54.52;49.31;57.83;52.16;48.47;63.05;60.04;59.75;67.3;63.73;59.2;59.7;57.1
O3;uur;µg/m³;2023-01-27T06:00:00+01:00;2023-01-27T07:00:00+01:00;47.5;47.8;48.8;51.6;49.5;52.39;46.81;48.47;52.82;55.32;52.67;52.49;56.3;53.15;54.84;56.24;56.52;55.54;57.61;53.33;63.84;59.67;51.52;40.81;62.88;59.59;63.39;59.73;57.38;59.13;57.94;60.92;57;48.67;57.25;43.58;49.27;63.14;61.21;56.77;69.72;60.87;59.5;57.4;58
O3;uur;µg/m³;2023-01-27T07:00:00+01:00;2023-01-27T08:00:00+01:00;43.7;42;45.2;54.7;51.4;45.54;43.89;44.9;49.88;53.12;50.03;46.81;55.43;49.09;56.82;54.01;55.44;50.27;57.88;50.25;61.42;61.94;47.53;39.66;61.71;52.97;61.05;59.07;53.06;55.03;57.63;57.94;54.97;46.44;57.01;38.26;50.73;61.75;59.48;54.98;69.32;52.91;55.6;48.5;51.2
O3;uur;µg/m³;2023-01-27T08:00:00+01:00;2023-01-27T09:00:00+01:00;44.6;41.1;43.6;55.7;48.9;40.49;39.98;41.38;46.88;52.92;51.8;39.71;53.35;45.84;60.07;50.36;48.95;50.19;56.42;47.24;57.3;57.16;48.07;33.07;63.95;47.05;60.08;56.55;56.61;56.37;55.23;60.3;55.28;46.32;54.49;35.35;48.99;59.01;62.43;51.63;65.98;54.91;59.6;54.9;52.3
O3;uur;µg/m³;2023-01-27T09:00:00+01:00;2023-01-27T10:00:00+01:00;48.1;45.2;40.3;52.2;47.1;40.32;40.78;36.3;42.61;51.81;50.71;40.63;51.17;42.9;57.91;54.3;46.2;51.85;57.43;53.25;57.66;54.37;43.21;31.7;70.56;49.05;60.77;60.3;52.86;48.05;52.49;54.03;54.73;45.42;48;42.07;46.2;56.86;61.58;49.58;62.72;53.91;61.5;54.5;58
O3;uur;µg/m³;2023-01-27T10:00:00+01:00;2023-01-27T11:00:00+01:00;43.8;43.2;44.9;53.8;48.9;38.39;38.77;34.31;39.69;47.72;49.59;41.34;50.9;43.05;59.96;46.88;55.85;48.24;59.65;49.67;62.02;57.57;52.78;40.85;71.91;58.24;57.12;60.58;54.04;51.48;56.74;56.47;53.39;43.77;52;39.02;44.2;54.55;57.98;48.35;60.84;52.61;54.4;54.1;51.8
O3;uur;µg/m³;2023-01-27T11:00:00+01:00;2023-01-27T12:00:00+01:00;47.5;42.7;44.7;55.6;60.1;35.37;38.29;31.5;36.02;47.99;50.39;38.61;52.08;40.76;58.56;55.51;58.75;47.76;57.1;48.32;63.68;59.65;49.84;47.53;67.92;56.21;54.42;56.93;52.11;51.23;52.42;54.95;50.7;45.23;49.36;35.7;43.77;51.38;55.03;49.22;59.55;53.1;53.3;53.2;50.3
O3;uur;µg/m³;2023-01-27T12:00:00+01:00;2023-01-27T13:00:00+01:00;46.7;39.9;40.4;53.4;56.5;33.64;39.31;29.17;32.42;46.2;47.82;35.59;49.36;39.53;55.15;56.98;51.87;49.68;54.89;47.43;59.89;54.56;48.67;42.37;64.88;57.33;53.16;53.44;49.15;48.29;46.33;51.17;48.21;46.8;49;35.16;45.55;51.14;52.66;51.35;57.68;54.57;52;52.8;51
O3;uur;µg/m³;2023-01-27T13:00:00+01:00;2023-01-27T14:00:00+01:00;35.5;39.8;37.4;47.6;52.7;32.36;38.1;26.75;30;43.8;44.92;37.04;46.68;39.41;52.3;51.79;46.5;43.46;49.49;45.75;57.6;47.95;44.1;33.17;60.45;53.88;52.95;50.9;45.86;44.35;44.76;49.56;45.97;43.79;48.8;39.44;46.05;53.66;53.08;57.64;58.89;54.41;50;50.5;49.6
O3;uur;µg/m³;2023-01-27T14:00:00+01:00;2023-01-27T15:00:00+01:00;36.9;35.5;32.9;45.6;46.9;34.67;39.93;26.13;28.1;43.75;42.24;35.89;44.86;40.4;46.79;48.98;44.61;43.76;46.38;42.31;55.96;51.05;38.37;31.18;60.49;51.98;56.02;48;45.18;43.19;45.3;47.1;43.88;50.93;50.67;37.32;46.33;52.99;53.5;57.3;62.31;56.78;47.6;45.7;49.1
O3;uur;µg/m³;2023-01-27T15:00:00+01:00;2023-01-27T16:00:00+01:00;35.9;36.2;33.8;46.2;43.5;38.07;41.57;28.51;31.04;43.08;40.97;33.41;44.43;37.58;44.42;47.51;43.39;42.41;45.71;40.08;57.39;49.82;38.69;27.13;59.24;53.65;54.09;50.03;51.41;47.97;47.87;52.98;46.38;55.24;49.56;42.29;47.66;54.37;52.21;57.37;65.48;57.5;45.7;45;45.1
O3;uur;µg/m³;2023-01-27T16:00:00+01:00;2023-01-27T17:00:00+01:00;39;41.1;30.8;45;42.6;38.94;43.1;30.04;32.36;40.03;41.25;38.37;39.57;41.7;44.38;43.82;45.46;45.64;44.67;41.39;57.09;50.03;38.33;23.47;59.31;51.83;55.16;50.18;51.94;50.19;47.87;55.08;50.72;50.07;52.11;36.78;47.61;51.76;49.94;58.15;65.41;57.67;47.5;45.1;44.2
O3;uur;µg/m³;2023-01-27T17:00:00+01:00;2023-01-27T18:00:00+01:00;35.8;40.3;34.6;46.1;40;42.71;46.09;32.35;31.02;44.89;40.28;39.39;40.26;42.51;42.47;38.8;41.66;47.58;50.07;45.62;56.28;50.94;41.93;20.11;60.1;48.29;56.41;49.83;50.55;46.61;48.77;53.57;49.35;56.56;52.07;39.82;49.57;55.62;52.09;55.02;66;59.21;46.1;46.9;44.2
O3;uur;µg/m³;2023-01-27T18:00:00+01:00;2023-01-27T19:00:00+01:00;43.6;45.7;38.8;47.4;40.6;44.09;47.29;39.22;38.75;47.07;36.55;45.88;47.49;46.3;42.75;40.39;44.51;50.48;51.52;46.29;54.95;49.73;39.36;29.32;62.99;50.89;54.95;53.45;47.94;48.64;50.43;52.14;46.09;55.54;54.94;39.2;49.84;54.6;55.7;55.98;66.66;57.11;44.8;47.1;46.6
O3;uur;µg/m³;2023-01-27T19:00:00+01:00;2023-01-27T20:00:00+01:00;46.6;45.8;38.4;45.1;42.1;42.48;47.92;40.03;41.37;51.54;42.35;47.19;50.02;48.82;44.6;43.54;45.08;48.53;52.26;44.17;55.32;52.88;42.63;30.14;62.9;53.61;55.24;49.65;53.72;52.83;45.56;55.83;50.27;55.07;57.42;49.67;51.7;55.67;57.16;49.61;66.34;58.55;47.3;50.8;49
O3;uur;µg/m³;2023-01-27T20:00:00+01:00;2023-01-27T21:00:00+01:00;46.6;45;43.2;49;44.1;42.92;48.33;37.21;39.04;53.89;47.06;42.33;53.05;48.23;46.11;49.61;47.87;51.85;53.8;47.55;57.27;51.63;45.05;36.29;63.98;53.78;54.86;53.59;52.56;53.31;46.32;55.48;50.95;57.06;58.2;47.99;48.07;54.42;59.95;56.56;62.51;63.3;52.9;49.7;50.7
O3;uur;µg/m³;2023-01-27T21:00:00+01:00;2023-01-27T22:00:00+01:00;45.6;45.9;42.5;50.3;47.6;44.17;50.46;39.46;39.96;57.72;48.87;50.12;57.34;50.94;48.59;50.55;49.55;49.86;58.09;49.55;56.4;50.73;49.09;41.6;66.9;53.49;55.09;53.63;52.56;54.12;48.92;55.34;51.97;57.68;59.09;51.77;48;54.47;63.35;58.1;64;63.08;51.4;48.9;51
O3;uur;µg/m³;2023-01-27T22:00:00+01:00;2023-01-27T23:00:00+01:00;49.9;50.6;40.5;49.8;48.9;49.06;46.99;42.35;44.61;57.04;51.99;52.1;56.58;54;51.22;49.35;49.9;50.46;57.9;51.81;56.53;49.58;49.12;33.21;67.33;53.78;58.33;54.05;50.18;55.59;49.53;52.93;49.84;61.4;59.95;48.74;50.99;55.16;64.36;57.47;67.59;62.66;48.3;52.3;50.5
O3;uur;µg/m³;2023-01-27T23:00:00+01:00;2023-01-28T00:00:00+01:00;50.1;46.1;43.6;50.5;43.2;51.87;54.56;45.06;48.73;54.12;50.18;52.42;58.96;54.58;48.45;50.21;50.92;50.37;54.71;52.6;52.56;54.87;53.92;36.36;68.75;59.35;55.45;52.39;53.67;54.59;53.03;57.14;48.14;57.34;57.92;53.02;53.33;60.51;64.12;56.09;67.22;61.75;52.1;49;51.2
O3;uur;µg/m³;2023-01-28T00:00:00+01:00;2023-01-28T01:00:00+01:00;48.9;45.5;46.3;48;46.1;49.65;56.67;48.35;50.82;52.21;52.12;56.64;57.92;58.62;47.97;44.98;50.87;49.93;53.61;50.75;59.74;52;52.96;40.72;67.88;63.45;54.06;52.32;57.22;58.31;52.04;61.66;43.92;56.9;56.22;54.8;53.39;60.44;62.79;59.52;68.81;62.24;54.7;57.8;54
O3;uur;µg/m³;2023-01-28T01:00:00+01:00;2023-01-28T02:00:00+01:00;53;48.8;51.7;51.6;44.1;49.28;56.02;46.19;48.67;52.11;51.16;56.82;54.07;56.42;47.4;51.29;52.94;54.32;49.8;50.31;64.75;53.84;53.78;49.26;68.36;66.8;56.12;54.63;56.46;60.09;50.37;61.12;52.07;57.49;57.29;58.54;54.65;60.44;65.83;63.53;62.53;60.01;62;64.4;60.9
O3;uur;µg/m³;2023-01-28T02:00:00+01:00;2023-01-28T03:00:00+01:00;52.5;49.9;49.4;49.1;48.3;;;;;;;;;;;;;;;;;;;;;;;;;;;;;;;;;;;;;;63.9;60.7;62.8
O3;uur;µg/m³;2023-01-28T03:00:00+01:00;2023-01-28T04:00:00+01:00;47.4;46.2;49.5;53.5;48.6;52.36;55.91;47.37;49.5;59.59;48.28;59.89;53.98;58.63;49.63;53.9;57.92;52.27;57.42;54.02;60.46;60.13;52.65;49.8;65.25;62.6;60.66;60.15;53.21;56.64;50.73;56.15;46.72;55.79;60.08;50.67;56.1;63.81;59.01;61.4;55.63;63.18;63.3;63.9;64.7
O3;uur;µg/m³;2023-01-28T04:00:00+01:00;2023-01-28T05:00:00+01:00;48.8;45.9;52.8;57.7;50.6;52.51;52.68;47.98;52.79;54.06;48.99;58.71;55.28;59.52;50;50.71;61.69;53.05;54.82;59.47;61.94;65.9;54.59;50.03;68.07;66.11;58.02;65.16;58.39;58.73;49.72;62.26;55.9;57.92;50.85;52.79;55.46;60.97;59.65;60;57.66;60.2;62.5;60.5;64.4
O3;uur;µg/m³;2023-01-28T05:00:00+01:00;2023-01-28T06:00:00+01:00;53;52.1;56.3;59.8;48.4;53.64;50.61;48.47;54.53;56.44;48.88;57.13;57.42;57.62;49.84;49.35;60.16;59.71;55.69;62.11;63.49;64.78;58.83;42.1;67.72;66.62;61.02;66.16;60.4;63.52;53.96;64.95;51.93;54.36;49.86;54.48;54.44;63.71;59.79;54.44;54.21;54.96;63.7;62.8;65.7
O3;uur;µg/m³;2023-01-28T06:00:00+01:00;2023-01-28T07:00:00+01:00;57.3;55.8;57.4;59.4;48.3;58.09;57.1;48.35;53.8;54.02;50.3;45.55;58.31;51.79;54.23;49.42;57.35;64.13;58.79;63.35;60.49;59.88;62.09;33.44;59.21;64.99;64.15;66.9;58.85;64.62;54.17;64.47;56.85;55.58;56.72;59.86;56.59;62.48;59.86;53.49;54.57;55.24;64.4;58.4;66
O3;uur;µg/m³;2023-01-28T07:00:00+01:00;2023-01-28T08:00:00+01:00;57;54.5;54.7;55.6;32.4;59.95;55.43;56.07;56.99;55.13;54.93;50.96;56.86;50.57;54.36;49.43;55.78;63.55;59.44;60.35;63.28;58.95;60.94;30.26;57.3;49.32;64.39;62.39;59.87;61.96;58.87;64.19;56.59;55.29;57.91;60.09;57.43;64.25;57.6;50.55;54.53;53.96;60.6;51.9;62.4
O3;uur;µg/m³;2023-01-28T08:00:00+01:00;2023-01-28T09:00:00+01:00;43.5;47.8;43.3;48.1;28.4;57.58;51.1;57.04;62.38;62.77;53.99;52.74;56.66;56.88;42.54;49.82;55.15;59.81;55.49;59.98;59.16;48;54.26;20.65;49.26;38.82;55.79;60.75;56.94;59.78;48.64;60.03;57.22;55.29;60.11;60.82;53.47;61.11;54.71;44.76;50.92;52.27;58.7;44.2;61.6
O3;uur;µg/m³;2023-01-28T09:00:00+01:00;2023-01-28T10:00:00+01:00;41.6;41.2;38.9;45.6;35.4;53.51;52.8;55.74;62.55;54.74;49.74;52.18;59.33;56.96;44.31;46.99;53.93;51.25;52.89;64.6;50.52;37.16;27.66;24.73;40.99;21.73;54.73;51.4;55.91;57.09;48.42;60.7;55.28;57.29;59.03;52.85;52.35;49.97;45.6;51.55;51.4;49.79;44.4;37;60.3
O3;uur;µg/m³;2023-01-28T10:00:00+01:00;2023-01-28T11:00:00+01:00;43.8;44;43.6;51;34.8;53.68;55.33;56.37;62.28;57.99;53.91;51.21;58.1;57.02;50.11;54.69;53.59;55.97;57.56;63.25;53.71;58.31;55.56;24.48;50.39;49.67;61.36;57.33;64.28;62.93;57.73;71.35;52.4;60.76;63.32;57.47;55.92;58.88;59.07;61.58;57.22;56.03;56.4;40.2;57.5
O3;uur;µg/m³;2023-01-28T11:00:00+01:00;2023-01-28T12:00:00+01:00;;39.6;51.6;54.7;28.8;52.81;54.08;55.33;61.4;60.97;54.2;46.18;59.83;53.63;59.06;50.55;53.07;56.9;63.6;60.55;63.35;61.8;57.13;31.69;60.75;51.18;66.48;65.72;66.53;62.21;59.92;72.41;57.5;61.73;66.72;58.2;59.66;58.78;64.27;64.29;58.29;57.01;61.6;30;52.8
O3;uur;µg/m³;2023-01-28T12:00:00+01:00;2023-01-28T13:00:00+01:00;;41.5;41.2;42.3;21.7;52.55;55.85;53.91;59.34;63.65;58.94;49.35;62.79;56.23;59.57;53.34;54.49;56.08;65.08;62.06;66.45;57.97;46.12;27.41;63.78;53.79;70.23;67.6;66.84;60.24;56.98;72.33;62.95;64.73;69.14;59.25;59.04;59.17;63.02;64.79;59.16;56.61;54;40.2;55.9
O3;uur;µg/m³;2023-01-28T13:00:00+01:00;2023-01-28T14:00:00+01:00;;49.5;49.5;50.7;39.1;56.88;57.65;53.83;55.85;66.69;60.55;51.17;65.17;55.26;60.34;58.54;59.4;61.4;64.7;61.28;68.94;59.23;48.56;37.25;68.94;57.46;70.68;67.48;65.56;65.82;52.36;71.84;64.02;65.65;69.41;63.21;57.98;65.7;62.17;64.64;59.4;54.27;50.2;48.3;51.2
O3;uur;µg/m³;2023-01-28T14:00:00+01:00;2023-01-28T15:00:00+01:00;;46;60.4;40.5;39.7;56.94;57.75;51.81;55.65;64.74;57.33;53.55;66.65;56.69;58.97;53.59;66.74;60.17;62.97;63.16;72.54;59.9;62.08;34.23;71.98;57.16;71.87;66.84;66.33;64.75;50.91;72.28;64.83;65.9;70.94;58.77;59.82;66.67;61.9;64.41;59.96;56.07;56.1;45.9;56.5
O3;uur;µg/m³;2023-01-28T15:00:00+01:00;2023-01-28T16:00:00+01:00;;44.7;56.3;23.1;30.3;56.96;58.46;50.26;56.85;64.83;58.65;54.86;70.74;62.07;57.35;57.63;65.47;59.84;61.17;61.66;68.55;51.68;57.1;49.12;70.82;58.99;71.88;64.21;61.5;61.34;46.63;69.96;63.2;59.75;68.72;59.4;57.29;63.03;56.85;62.11;62.39;54.94;51.6;44.7;49.3
O3;uur;µg/m³;2023-01-28T16:00:00+01:00;2023-01-28T17:00:00+01:00;;41;49.4;19;22.5;52.27;50.54;50.58;55.22;62.4;57.04;49.86;68.54;63.18;54.45;47.21;60.15;59.76;58.7;59.5;66.93;60.06;41.39;55.27;65.99;53.35;69.61;54.44;51.22;50.93;36.71;60.36;56.46;47.68;62.75;50.52;49.73;63.64;49.36;59.9;56.05;52.14;35.5;36.5;47.2
O3;uur;µg/m³;2023-01-28T17:00:00+01:00;2023-01-28T18:00:00+01:00;;25.9;35.2;13.9;8.8;44.24;30.96;37.72;44.89;48.88;49.25;27.95;50.45;52.49;53.31;30.68;53.73;46.43;52.98;50.73;58.31;44.24;23.27;40.86;58.99;45.74;60.61;48.67;41.91;42.89;30.46;51.8;41.1;46.05;52.31;43.42;44.91;59.47;47.92;51.26;47.66;47.04;35.9;38;47.7
O3;uur;µg/m³;2023-01-28T18:00:00+01:00;2023-01-28T19:00:00+01:00;;11.2;23.9;6.1;12.8;32.32;27.29;35.63;39.45;46.74;40.71;13.11;40.9;31.97;54.22;22.84;47.08;25.98;46.58;42.27;55.88;39.67;11.64;31.66;55.52;43.42;55.18;43.91;34.25;35.98;30.01;46.48;29.16;34.77;47.37;37.58;47.72;57.89;48.75;47.42;47.93;44.82;49.3;43;48.6
O3;uur;µg/m³;2023-01-28T19:00:00+01:00;2023-01-28T20:00:00+01:00;;10.3;8.1;9.3;16.3;21.93;23.31;28.29;17.31;38.77;33.05;24.64;38.79;27.19;54.09;22.32;38.25;12.68;42.05;36.94;49.07;26.32;8.6;22.27;48.78;49.22;37.92;37.2;35.51;35.86;27.2;43.14;30.76;40.82;44.38;35.86;45.04;47.38;46.74;50.62;50.34;44.47;45.1;37.5;41.7
O3;uur;µg/m³;2023-01-28T20:00:00+01:00;2023-01-28T21:00:00+01:00;;2.5;4;9.1;29;21.48;16.71;14.53;6;32.04;38.33;2.61;37.53;4.81;46.56;40.44;32.15;4.49;40.85;34.36;59.28;4.96;2.25;16.35;55.68;41.71;34.41;32.03;27.3;31;22.22;35.58;24.45;39.43;39.74;27.94;41.55;48.03;46.47;47.56;48.41;45.28;40.9;33;36.4
O3;uur;µg/m³;2023-01-28T21:00:00+01:00;2023-01-28T22:00:00+01:00;;14.1;17.6;14.4;23;12.54;17.79;11.67;6.85;16.81;34.55;1.74;35.17;3.17;22.1;35.31;46.29;8.55;41.95;39.46;65.74;0.32;2.02;17.72;50.85;40.22;31.9;15.21;24.76;21.72;16.37;31;19.64;37.53;38.81;27.06;36.78;35.34;49.23;43.37;52.88;46.16;50.7;49.1;50.3
O3;uur;µg/m³;2023-01-28T22:00:00+01:00;2023-01-28T23:00:00+01:00;;17;15.5;15.6;31.8;7.7;15.65;9.9;6.94;10.13;31.65;1.53;34.04;2.45;18.56;29.86;44.89;10.02;39.44;32.31;56.51;2.15;2.72;4.95;59.29;54.85;34.74;5.41;20.05;19.49;11.37;26.16;23.54;35;37.23;27.64;31.73;29.3;48.67;43.34;53.77;46.3;52.4;48.9;42.9
O3;uur;µg/m³;2023-01-28T23:00:00+01:00;2023-01-29T00:00:00+01:00;;12.8;23.1;23.6;40.5;1.86;12.87;12.54;6.91;11.66;11.77;3.04;15.49;1.74;31.18;32.59;11;7.95;36.87;31.62;51.53;13.7;12.25;3.24;64.92;54.28;34.05;0.66;12.88;18.26;4.38;15.81;26.85;36.57;35.06;26.44;29.59;31.04;47.49;41.21;49.68;49.26;44.7;46.6;29.9
O3;uur;µg/m³;2023-01-29T00:00:00+01:00;2023-01-29T01:00:00+01:00;;16.4;10.7;13.1;32.6;1.32;12.1;11.95;6.32;15.94;9.05;11.12;20.71;6.43;29.29;28.38;24.35;6.95;34.12;30.62;41.25;22.26;9.55;13.5;56.31;50.71;31.86;5.99;15.52;22.91;2.61;21.03;26.78;35.8;30.98;26.4;28.66;31.98;50.71;37.46;49.43;48.5;36.3;34.8;27.3
O3;uur;µg/m³;2023-01-29T01:00:00+01:00;2023-01-29T02:00:00+01:00;;16.7;2.2;7.8;26.8;1.45;12.79;15;5.31;30.83;9.31;18.35;14.43;12.75;32.33;27.19;31.25;8.55;24.76;27.43;14.86;20.6;5.42;24.31;63.74;35.36;29.08;19.59;26.17;32.31;18.91;34.76;26.34;32.88;27.46;24.34;28.53;34.82;51.04;32.23;45.03;45.83;27.9;27.7;14
O3;uur;µg/m³;2023-01-29T02:00:00+01:00;2023-01-29T03:00:00+01:00;;23.5;3.3;8.2;23.2;1.41;11.83;18.57;8.08;33.67;9.08;17.79;8.27;16.06;38.88;27.64;29.79;10.39;23.15;24.74;29.39;18.18;7.76;22.08;66.7;20.23;22.07;21.5;36.5;34.46;22.25;40.95;26.35;30.77;27.78;23.24;24.76;37.22;50.95;29.32;45.34;45.31;25.4;24.3;20.5
O3;uur;µg/m³;2023-01-29T03:00:00+01:00;2023-01-29T04:00:00+01:00;;17.8;2.7;12.4;36.5;1.04;12.55;16.57;8.17;32.76;0.88;19.39;1.57;12.69;33.22;25.07;24.16;8.65;17.87;22.18;32.34;11.98;13.32;19.71;65.3;27.47;26.3;23.19;31.11;29.86;25.34;36.8;19.66;28.55;25.85;24.61;23.14;32.61;52.91;28.28;48.11;44.75;20.7;21.6;21.8
O3;uur;µg/m³;2023-01-29T04:00:00+01:00;2023-01-29T05:00:00+01:00;;21.1;16.1;14.3;29.9;0.96;19.61;17.46;8.71;29.58;-0.63;18.92;-0.43;17.95;39.72;23.2;30.52;9.56;29.53;21.89;27.17;24.2;16.9;24.92;59.19;26.36;36.26;21.93;24.6;25.64;21.87;28.87;18.43;29.19;21.57;26.57;23.32;25.56;55.64;29.79;52.28;43.89;27.3;19.8;25.1
O3;uur;µg/m³;2023-01-29T05:00:00+01:00;2023-01-29T06:00:00+01:00;;21.3;20.5;14.3;26.6;6.01;22.17;21.92;14.16;25.33;-1.33;20.56;-0.09;18.75;40.03;21.53;29.3;14.83;31.75;20.9;29.09;32.95;22.17;25.1;52.13;29.41;35.16;22.56;22.98;20.27;22.92;26.66;16.67;29.82;20.64;24.55;23.41;27.91;54.98;30.11;57.75;46.38;26.5;24.2;25.7
O3;uur;µg/m³;2023-01-29T06:00:00+01:00;2023-01-29T07:00:00+01:00;;28.7;14.2;13.8;28.4;11.54;26.77;22.76;24.17;25.9;-1.42;21.04;5.22;21.35;39.46;17.94;30.1;16.15;32.76;25.78;34.86;32.16;22.44;24.68;41.08;30.11;32.94;25.06;24.04;22.21;23.17;28.41;16.75;29.47;23.42;23.93;25.53;31.67;34.41;29.3;56.84;50.07;30;26.1;26.9
O3;uur;µg/m³;2023-01-29T07:00:00+01:00;2023-01-29T08:00:00+01:00;;27.9;26.9;17.6;34.5;13.82;27.53;24.77;28.67;24.39;-0.01;20.09;9.52;20.15;34.72;14.19;36.39;15.22;31.22;17.84;38.86;24;23.37;23.5;39.37;31.63;30.83;28.54;27.1;24.75;26;29.96;21.67;27.14;25.6;25.52;26.77;32.22;32.93;30.92;58.35;50.66;26.8;23.7;25.9
O3;uur;µg/m³;2023-01-29T08:00:00+01:00;2023-01-29T09:00:00+01:00;;27.1;28.5;18.6;25.8;14.67;26.48;23.1;27.03;24.62;2.31;20.04;13.96;21.83;33.67;17.62;31.23;17.53;38.25;18.41;48.95;29.17;25.32;25.31;39.07;33.64;31.36;30.72;28.05;21.92;30.43;30.51;16.78;23.28;25.24;24.45;28.49;32.35;30.81;32.86;54.51;47.23;29.3;23.1;29.6
O3;uur;µg/m³;2023-01-29T09:00:00+01:00;2023-01-29T10:00:00+01:00;;25.3;25;17;23.6;20.67;25.09;25.8;29.45;27.57;10.41;19.08;25.53;22.44;36.96;23.11;27.69;21.23;29.83;17.39;64.03;30.22;20.5;19.61;40.58;35.83;34.03;30.36;24.19;19.64;30.01;27.69;15.32;27.45;31.12;23.92;29.54;33.37;30.48;32.7;47.78;39.09;35.5;29.2;34.9
O3;uur;µg/m³;2023-01-29T10:00:00+01:00;2023-01-29T11:00:00+01:00;;25.6;12.5;16.8;27.2;26.52;27.85;30.8;34.1;32.3;24.69;23;29.59;23.12;36.42;24.84;27.01;17.65;27.65;23.81;68.75;27.4;18.38;18.96;61.43;59.78;37.01;32.81;21.94;21.74;30.1;25.78;21.85;28.73;36.26;30.08;30.57;37.37;31.45;33.61;45.59;36.18;32.2;20.7;29.5
O3;uur;µg/m³;2023-01-29T11:00:00+01:00;2023-01-29T12:00:00+01:00;;25.1;18.2;24.6;28.5;32.94;29.82;34.1;35.93;33.39;29.19;25.47;33.7;26.85;36.64;31.45;26.06;18.03;33.47;32.34;65.21;25.14;23.15;21.35;62.36;63.19;35.79;28.79;22.2;22.85;25.04;26.83;32.91;31.26;45.68;34.34;33.02;37.04;35.87;39.09;44.27;37.42;31.7;17.9;29.9
O3;uur;µg/m³;2023-01-29T12:00:00+01:00;2023-01-29T13:00:00+01:00;;26.3;15.1;30.5;27.7;37.16;33.4;37.25;37.87;40;31.2;31.69;34.93;30.41;46.28;39.6;26.74;27;31.17;34.45;66.77;29.54;23.74;20.37;61.41;64.52;33.12;25.06;28.18;23.77;22.57;33.71;29.54;34.69;47.87;41.16;38.42;34.41;36.69;39.2;48.22;38.68;29.9;16.7;26.9
O3;uur;µg/m³;2023-01-29T13:00:00+01:00;2023-01-29T14:00:00+01:00;;32.3;19.9;37.4;37.9;36.19;37.26;38.4;42.64;40.49;39.1;37.76;30.86;37.86;48.92;43.57;37.87;34.64;43.22;34.36;63.87;37.96;31.83;31.25;60.51;63.67;32.71;29.13;26.52;27.25;25.61;32.44;31.31;39.05;44.85;46.63;40.26;33.11;34.37;39.55;49.76;40.32;29.6;18;28.1
O3;uur;µg/m³;2023-01-29T14:00:00+01:00;2023-01-29T15:00:00+01:00;;36.1;25.5;37.8;38.8;34.58;41.48;38.76;48.4;36.83;40.36;37.02;37.28;37.9;46.1;39.79;44.52;38.63;49.45;36.37;50.48;40.34;33.43;34.53;58.38;52.64;37.24;36.58;31.9;36.54;30.52;38.4;36.61;39.37;39.67;44.42;38.47;34.56;30.19;38.11;44.05;42.36;28.5;19.5;25.7
O3;uur;µg/m³;2023-01-29T15:00:00+01:00;2023-01-29T16:00:00+01:00;;38.2;24.5;37.9;36.4;33.44;41.48;32.83;47.89;43.01;41.11;35.24;36.02;38.46;45.63;37.46;42.8;39.59;44.88;46.2;49.93;42.54;34.72;32.83;58.7;51.29;38.12;38.33;34.66;37.57;34.8;41.53;39.43;39.54;38.68;38.46;36.95;31.31;34.62;39.14;40.07;40.84;30.4;34.7;27.1
O3;uur;µg/m³;2023-01-29T16:00:00+01:00;2023-01-29T17:00:00+01:00;;34.7;25.8;34.6;34;39.61;38.08;34.9;42.85;51.33;38.05;36.63;37.69;39.24;46.35;41.51;38.06;30.64;39.68;39.19;47.64;40.56;32.51;30.14;59.83;47.98;41.42;40.33;36.15;39.55;36.27;42.87;41.67;38.74;35.74;36.38;34.6;35.29;32.67;37.77;39.71;37.75;36.4;31.9;33.8
O3;uur;µg/m³;2023-01-29T17:00:00+01:00;2023-01-29T18:00:00+01:00;;32.8;20.3;34.1;35.5;46.45;38.35;43.47;48.38;51.11;37.43;40.67;38.4;44.13;43.91;41.57;35.23;19.23;40.7;34.86;45.9;39.55;31.96;29.42;56.92;47.61;43.4;36.76;36.18;36.57;33.76;42.24;38.13;37.78;36.46;40.61;33.29;39.83;39.62;35.34;41.15;37.65;37.1;27.8;32.4
O3;uur;µg/m³;2023-01-29T18:00:00+01:00;2023-01-29T19:00:00+01:00;;30.9;27.5;32.5;30.6;44.03;43.21;49.25;52.35;47.77;36.3;44.86;36.97;46.11;41.13;38.21;37.97;22.02;40.11;38.26;45.06;34.58;33.06;28.75;56.21;46.75;41.93;32.58;31.77;34.19;30.19;37.75;37.36;38.12;41.24;42.64;32.87;40.62;44.15;33.86;43.38;38.54;34.7;29.3;34
O3;uur;µg/m³;2023-01-29T19:00:00+01:00;2023-01-29T20:00:00+01:00;;35.1;29.7;25.1;36.4;44.54;47.81;49.17;53.6;44.59;34.24;44.97;36.79;46.22;39.85;34.43;38.69;20.83;39.38;33.77;42.11;33.59;36.52;26.09;54.14;47.03;39.6;34.47;35.62;36.2;31.24;40.79;37.54;38.11;43.44;42.75;36.61;40.55;38.54;32.44;46.4;42.06;36.8;31;36.2
O3;uur;µg/m³;2023-01-29T20:00:00+01:00;2023-01-29T21:00:00+01:00;;29.7;20.7;27.9;32.6;44.67;47.26;47.29;52.65;42.75;33.86;43.02;33.97;44.06;42.19;32.34;38.32;22.21;36.76;31.27;50.69;31.81;32.89;26.4;53.76;47.45;41.58;35.87;34.43;36.84;31.93;39.48;33.26;42.23;43.17;44.69;38.03;37.89;34.79;33.53;43.77;42.3;33.8;27.6;32.8
O3;uur;µg/m³;2023-01-29T21:00:00+01:00;2023-01-29T22:00:00+01:00;;27.9;8.1;19.1;35.8;44.73;44.95;48.43;53.01;44.08;32.04;42.53;31.19;43.53;47.51;37.35;52.02;29.12;34.94;34.39;54.07;34.05;28.78;33.78;52.68;51.99;41.31;29.94;32.7;36.13;29.37;36.83;33.87;44.22;41.43;43.92;37.27;39.67;46.79;37.26;45.03;41.47;28.3;27.2;20.1
O3;uur;µg/m³;2023-01-29T22:00:00+01:00;2023-01-29T23:00:00+01:00;;29;9.1;21.6;35.7;45.88;44.31;47.13;54.62;42.5;33.57;41.78;33.58;42.5;56.21;39.34;50.54;23.96;36.42;36.97;50.08;47.65;26.29;47.64;51.07;52.17;39.3;28.16;32.91;35.96;27.01;37.06;33.71;43.32;38.11;41.77;36.51;39.22;47.88;38.31;49.18;41.77;35.2;46.9;39.4
O3;uur;µg/m³;2023-01-29T23:00:00+01:00;2023-01-30T00:00:00+01:00;;31.7;29.7;16.8;37.2;50;42.12;44.72;54.25;40.16;27.47;39.9;35.19;40.68;51.94;42;49.98;40.93;34.18;37.52;48.25;45.95;37.32;45;50;50.22;38.86;30.24;35.09;37.7;29.82;40.18;35.28;41.65;35.25;39.72;35.2;38.99;46.66;37.32;51.53;40.97;44.9;46.5;46.2
O3;uur;µg/m³;2023-01-30T00:00:00+01:00;2023-01-30T01:00:00+01:00;;32.8;37.9;19.9;33.8;46.29;40.62;46.09;54.05;40.08;29.66;41.12;39.62;42.19;49.74;42.31;45.96;48.36;46.56;40.21;48.04;45.36;36.66;46.16;49.81;49.82;39.35;37.74;36.72;40.88;32.3;41.15;38.57;40.04;35.19;39.58;34.7;38.65;46.77;36.72;53.99;43.13;46.2;46.9;46
O3;uur;µg/m³;2023-01-30T01:00:00+01:00;2023-01-30T02:00:00+01:00;;38.2;37.5;36.7;32.2;46.33;41.13;46.24;54.66;39.29;40.13;43.79;44.2;44.67;48.53;47.59;46.5;40.1;49.65;46.18;52.74;45.56;47.3;42.6;58.11;56.51;43.09;46.79;39.3;43.76;45.47;43.32;42.74;38.4;39.52;39.19;34.21;42.07;49.29;38.61;54.78;46.97;50.5;50.8;47.8
O3;uur;µg/m³;2023-01-30T02:00:00+01:00;2023-01-30T03:00:00+01:00;;39.9;41.6;42;39.1;45.3;40.32;46.36;52.92;42.63;43.44;44.93;48.81;45.7;52.11;52.42;52.51;37.29;51.29;49.57;58.99;52.23;50.78;50.89;62.27;60.37;52.81;46.8;41.45;45;44.66;45.08;44.29;37.67;45.5;39.22;34.87;48.33;56.6;43.11;59.47;50.47;55.4;55.6;52.7
O3;uur;µg/m³;2023-01-30T03:00:00+01:00;2023-01-30T04:00:00+01:00;;44.8;48.5;43.2;46.6;47.34;43.92;46.2;49.67;44.06;44.19;45.18;51.86;46.33;55.69;51.21;55.56;38.25;53.9;49.95;63.61;57.23;55.94;50.51;64.81;63.21;57.68;52.81;40.87;45.63;50.37;45.03;44.61;39.32;45.25;38.02;38.4;54.21;60.51;50.34;62.77;56.5;59.3;59.8;57.6
O3;uur;µg/m³;2023-01-30T04:00:00+01:00;2023-01-30T05:00:00+01:00;;51;50;41.3;47.8;47.65;43.14;46.53;48.52;43.83;43.34;44.11;50.05;44.66;56.6;53;58.52;50.02;54.63;49.73;63.49;53.04;53.78;54.57;67.8;62.65;60.2;56.89;48.94;49.72;53.63;51.92;47.19;38.89;47.14;43.69;42.35;57.13;61.78;60.01;66.92;61.23;56.7;59.2;58.3
O3;uur;µg/m³;2023-01-30T05:00:00+01:00;2023-01-30T06:00:00+01:00;;47.7;48;38.5;50.1;46.67;43.65;47.27;48.45;49.25;46.42;43.26;49.76;44.47;59.04;57.76;65.21;53.42;55.7;51.05;66.99;66.23;50.96;62.29;68.7;65.84;61.22;61.89;54.49;57.53;56.07;55.1;53.24;41.62;53.78;48.08;50.64;65.36;65.34;63.89;74.6;66.94;58.8;54.3;60.4
O3;uur;µg/m³;2023-01-30T06:00:00+01:00;2023-01-30T07:00:00+01:00;;52.3;56.3;52;55.8;43.82;44.43;47.94;51.55;50.89;46.79;44.07;52.33;45.72;63.6;56.11;66.34;63.23;61.89;49.16;74.3;64.35;54.36;62.62;74.38;71.61;64.54;64.25;57.64;63.72;55.83;63.28;62.8;45.96;60.9;47.11;55.8;67.12;69.03;65.59;73.5;66.43;53.9;54.7;64.2
O3;uur;µg/m³;2023-01-30T07:00:00+01:00;2023-01-30T08:00:00+01:00;;48.5;55.9;49.1;64.8;41.98;49.68;46.33;51.18;54.33;63.19;45.02;58.31;48.69;68.23;61.27;71.6;57.39;64.5;48.67;76.22;68.41;52.13;68.22;74;69.97;69.11;68.67;55.65;62.39;60.42;63.44;61.71;55.98;64.4;54.9;55.48;70.34;71.14;69.44;73.03;66.62;62.4;54.8;65.4
O3;uur;µg/m³;2023-01-30T08:00:00+01:00;2023-01-30T09:00:00+01:00;;53.3;56.9;42.5;48.8;43.55;52.76;44.18;48.14;60.42;58.82;47.91;60.07;55.65;68.77;59.13;69.76;59.02;67.94;43.35;74.96;69.17;45.66;66.07;72.41;68.65;71.32;68.72;54.82;64.87;61.5;65.31;65.78;58.33;66.85;54.09;58.03;69.49;69.6;69.56;72.63;65.72;62.8;56.9;64.5
O3;uur;µg/m³;2023-01-30T09:00:00+01:00;2023-01-30T10:00:00+01:00;;52.4;52.4;47.2;50.1;48.89;54.3;47.03;50.06;62.72;61.09;53.98;63.92;57.98;69.81;65.61;69.81;58.65;68.07;48.67;74.34;69.73;55.39;66.75;71.49;70.78;70.44;67.12;55.88;63.95;61.36;66.27;63.11;58.85;67.29;57.98;58.19;69.5;67.8;68.95;72.69;66.01;61.3;56.3;65.2
O3;uur;µg/m³;2023-01-30T10:00:00+01:00;2023-01-30T11:00:00+01:00;;54.6;59.8;55.8;66;56.58;58.08;54.5;56.87;65.71;65.95;58.64;67.62;62.56;70.56;68.76;68.54;61.6;70.66;57.46;73.87;69.3;63.28;66.07;70.89;69.78;69.59;67.69;58.76;64.25;61.71;65.89;65.51;62.95;66.81;62.2;57.85;68.65;67.79;68.21;71.72;65.68;50.8;54.9;64.4
O3;uur;µg/m³;2023-01-30T11:00:00+01:00;2023-01-30T12:00:00+01:00;;55.4;61.7;53;64.5;61.3;59.98;57.41;61.24;67.98;67.12;59.37;69.86;65.79;69.6;68.21;68.48;61.45;68.06;61.89;73.3;67.39;65.16;65.72;71.86;69.85;69.61;66.59;58.46;64.81;61.32;65.69;64.98;63.47;65.92;64.23;58.94;69.4;69.12;68.29;73.58;67.78;50.3;51.8;62.4
O3;uur;µg/m³;2023-01-30T12:00:00+01:00;2023-01-30T13:00:00+01:00;;57.2;62.9;61.8;63.8;65.51;62.42;59.01;61.91;66.03;66.27;57.96;65.04;64.53;;68.5;68.97;64.73;65.04;63.75;72.69;68.12;65.93;66.09;71.03;70.29;70.61;67.73;61.35;66.13;61.89;68.07;65.42;65.35;66.66;64.14;;70.39;68.74;70.41;74.48;68.86;55.9;54.4;64.4
O3;uur;µg/m³;2023-01-30T13:00:00+01:00;2023-01-30T14:00:00+01:00;;55.7;62.6;60.1;64.2;64.45;62.54;60.78;61.68;65.32;64.79;54.16;60.68;62.3;;66.03;69.25;67.31;63.27;66.12;72.53;68.12;66.63;66.26;70.77;69.68;71.25;67.24;61.82;67.46;61.09;67.91;66.4;67;67.91;65.36;;69.13;68.48;72.86;75.17;71.08;64.7;58.7;63.2
O3;uur;µg/m³;2023-01-30T14:00:00+01:00;2023-01-30T15:00:00+01:00;;55.6;62.1;58.4;63.7;63.52;63.22;64.29;63.97;65.43;65.52;59.43;63;62;;67;68.72;64.18;62.96;65.24;72.91;67.5;64.93;65.86;72.34;70.44;70.96;66.69;59.84;65.24;59.9;65.71;65.92;66.64;68.53;60.56;;68.86;69.5;72.5;73.81;67.64;66.5;61.2;53.4
O3;uur;µg/m³;2023-01-30T15:00:00+01:00;2023-01-30T16:00:00+01:00;;51.9;61.1;61.6;62.5;61.5;63.19;63.52;63.51;63.6;65.66;58.99;61.13;61.63;;65.64;67.98;61.53;59.8;;72.64;65.76;61.32;63.77;72.53;69.7;70.09;66.16;58.32;64.23;58.59;64.55;64.65;65.02;68.23;58.55;;69.83;69.74;70.72;75.29;68.48;66.9;57.4;55.5
O3;uur;µg/m³;2023-01-30T16:00:00+01:00;2023-01-30T17:00:00+01:00;42.2;51.9;58.8;62.1;61;61.26;61.91;60.75;61.59;58.7;65.29;57.31;57.62;59.04;67.41;61.33;65.8;57.84;55.72;;72.22;61.24;58.34;60.39;71.49;68.93;70.12;65.78;57.88;63.92;57.57;64.45;64.16;67.72;66.38;56.22;;68.47;70.54;72.18;74.47;68.37;66.2;58.7;55.3
O3;uur;µg/m³;2023-01-30T17:00:00+01:00;2023-01-30T18:00:00+01:00;52.6;49.8;56.9;61.4;61.9;59;60.41;55.99;59.69;55.55;61.23;54.76;55.11;55.53;65.03;62.07;65.08;56.16;54.76;;73.73;58.05;57.62;58.61;71.54;69.78;69.29;65.57;58.25;60.53;53.07;64.4;62.6;66.3;65.74;55.72;;69.24;70.3;70.69;75.42;66.71;65.8;52.8;48.4
O3;uur;µg/m³;2023-01-30T18:00:00+01:00;2023-01-30T19:00:00+01:00;51.4;48.3;53.9;61.1;61.7;57.39;58.44;56.4;55.26;53.67;56.7;51.74;52.55;51.07;63.92;60.33;67.04;58.89;53.06;56.42;73.61;61.66;57.47;62.82;71.69;70.95;68.08;63.06;53.08;52.19;48.19;59.23;60.23;65.69;64.49;55.11;64.49;69.58;68.79;68.4;75.63;67.99;65;57.6;46.3
O3;uur;µg/m³;2023-01-30T19:00:00+01:00;2023-01-30T20:00:00+01:00;42.7;47.3;53.2;55.7;62.8;51.61;56.85;53.1;56.65;52.61;52.63;45.4;50.76;51.54;63.03;46.97;67.83;60.2;52.31;55.96;71.5;62.4;55.87;64.29;69.04;67.5;68.47;64.31;29.49;43.74;47.65;39.41;58.77;63.04;58.55;53.31;64.31;69.51;69.15;68.21;77.17;67.2;63.2;49.1;40.7
O3;uur;µg/m³;2023-01-30T20:00:00+01:00;2023-01-30T21:00:00+01:00;45.7;40.7;49.2;61.4;61.2;48.38;54.05;51.99;54.71;52.15;45.58;36.37;43.67;50.09;61.33;31.05;66.3;56.23;47.36;43.09;71.49;58.89;47.89;61.1;69.06;67.62;66.37;56.73;41.51;52.85;42.37;48.54;54.09;61.43;57.04;50.62;63.68;69.2;69.82;68.51;74.76;66.64;60.3;50.7;46.1
O3;uur;µg/m³;2023-01-30T21:00:00+01:00;2023-01-30T22:00:00+01:00;14.9;38.1;51.5;56.7;59.8;45.33;47.83;51.18;54.84;47.51;41.7;36.58;35.81;44.18;59.62;29.57;66.85;51.56;47.9;30.56;72.47;61.78;46.4;60.95;68.54;68.45;67.16;56.56;46.42;49.67;42.6;54.33;48.03;59.84;51.23;47.55;61.95;67.94;68.24;68.78;75.05;66.59;50;50.4;45.5
O3;uur;µg/m³;2023-01-30T22:00:00+01:00;2023-01-30T23:00:00+01:00;2.7;41.7;48.2;14.6;29.2;46.02;45.27;46.07;50.63;46.83;31.85;40.8;36.22;42.62;56.94;25.12;63.81;52.91;45.03;28.77;70.53;62.66;44.77;57.85;67.01;66.76;63.21;56.14;46.64;45.97;44.28;52.06;44.64;55.34;45.88;51.84;58.27;68.41;63.96;67.65;73.01;64.45;40.6;50.9;47.9
O3;uur;µg/m³;2023-01-30T23:00:00+01:00;2023-01-31T00:00:00+01:00;18.8;29.2;23.9;1.8;30.8;44.24;40.96;42.63;46.9;47.37;28.3;42.89;33.34;43.72;47.27;25.02;63.6;35.85;53.53;22.49;68.04;56.43;3.37;56.14;66.77;62.89;61.92;53.16;50.53;47.47;46;55.14;47.91;44.5;50.34;49.77;54.62;61.76;62.3;66.76;70.03;64.44;37.8;38.1;53.4
O3;uur;µg/m³;2023-01-31T00:00:00+01:00;2023-01-31T01:00:00+01:00;45.4;12.1;8.4;14;14.6;39.11;40.96;43.5;46.94;46.18;27.65;46.74;39.68;40.45;32.89;27.65;47.55;7.77;49.38;41.62;65.31;18.39;31.97;40.22;64.66;65.56;62.35;50.3;45.02;44.14;42.73;49.2;44.42;40.98;51.92;47.22;58.37;57.25;61.7;64.14;67.03;62;58.9;52.1;54.1
O3;uur;µg/m³;2023-01-31T01:00:00+01:00;2023-01-31T02:00:00+01:00;44.3;19.2;6.1;20.9;10.4;41.35;36.86;39.04;45.41;32.86;22.07;39.85;30.33;29.47;39.53;27.57;38.6;14.96;39.29;40.48;57.67;0.16;17.22;21.95;61.72;62.64;51.44;32.38;38.1;43.94;42.68;44.39;20.68;35.24;52.16;40.13;50.35;54.85;53.56;57.86;62.75;60.54;54.8;54.7;52.3
O3;uur;µg/m³;2023-01-31T02:00:00+01:00;2023-01-31T03:00:00+01:00;40.4;17.4;22.5;11.6;21.5;37.22;33.91;35.08;39.79;19.89;22.87;27.94;27.14;28.38;33.47;24.71;38.78;11.19;28.86;30.57;51.93;7.15;15.67;37.36;58.7;54.38;52.21;12.3;31.85;32.99;25.33;36.55;25.7;34.65;48.63;36.11;45.03;52.9;49.48;54.73;59.89;58.56;46.6;50.4;43.8
O3;uur;µg/m³;2023-01-31T03:00:00+01:00;2023-01-31T04:00:00+01:00;42.5;16.8;20.7;4;16.7;32.63;29.65;27.05;29.35;17.19;18.89;23.72;23.88;23.7;31.2;22;40.63;30.17;32.26;27.2;53.68;13.34;25.37;34.86;51.02;55.48;45.48;21.84;34.34;36.81;24.35;39.17;25.94;33.7;41.77;39.57;39.57;49.03;53.13;51.72;55.96;57.39;37.7;44.3;35.8
O3;uur;µg/m³;2023-01-31T04:00:00+01:00;2023-01-31T05:00:00+01:00;35.8;19.2;16.4;3.1;29.3;28.18;26.84;24.3;25.88;14.21;17.89;20.42;22.68;22.03;28.4;23.59;41.19;32.25;30.79;25.03;52.71;28.33;30.57;38.04;53.28;55.99;31.98;22.57;30.31;31.39;21.17;34.79;27.69;33.91;36.64;27.17;41.81;47.32;45.56;50.7;53.99;54.08;39.7;47.4;36.9
O3;uur;µg/m³;2023-01-31T05:00:00+01:00;2023-01-31T06:00:00+01:00;28.6;17.9;11.1;16.6;32.7;26.94;23.48;22.48;29.23;12.16;18.19;19.04;17.56;20.82;19.55;24.62;51.67;21.9;29.27;24.15;57.66;41.36;14.67;41.33;56.17;57.31;32.33;29.21;29.64;29.94;22.11;34.77;23.37;31.68;31.75;20.41;34.16;35.36;44.91;47.34;49.37;49.09;44.9;49.8;45.1
O3;uur;µg/m³;2023-01-31T06:00:00+01:00;2023-01-31T07:00:00+01:00;19.3;13.5;4.1;12.5;24.1;28.1;21.66;27.1;34.39;14.35;20.98;18.11;16.5;20.93;25.49;24.63;45.28;15.71;21.23;19.1;54.2;29.1;8.51;33.86;59.91;55.98;33.35;30.74;21.85;22.61;19.63;27.12;22.43;26.07;29.37;17.19;32.28;32.87;51.38;41.71;48.97;45.39;49.1;52.9;
O3;uur;µg/m³;2023-01-31T07:00:00+01:00;2023-01-31T08:00:00+01:00;25.6;7.8;16;24.9;44.7;30.54;20.48;29.46;40.28;17.29;16.59;20.58;20.98;20.73;31.5;28.12;52.77;14.38;23.37;18.52;56.61;44.48;22.58;42.57;68.17;57.27;38.5;29.78;17.96;20.12;21.67;22.36;16.05;22.13;27.65;13.59;31.93;37.25;57.01;39.07;54.35;44.8;47;46.4;
O3;uur;µg/m³;2023-01-31T08:00:00+01:00;2023-01-31T09:00:00+01:00;38.9;22.4;36.8;23.2;41.1;34.01;23.46;28.48;40.86;17.37;20.63;21.37;21.14;24.02;20.72;32.25;57.85;40.21;25.66;22.06;64.84;53.66;46.4;46.64;64.85;59.83;38.18;48.38;12.71;17.02;39.46;17.07;25.05;21.85;26.19;17.26;32.25;45.71;63.22;39.95;63.46;48.55;51.7;51.1;53.3
O3;uur;µg/m³;2023-01-31T09:00:00+01:00;2023-01-31T10:00:00+01:00;44;32.6;42.1;;40.8;37.35;30.1;33.9;40.42;23.12;30.73;29.74;28.22;29.93;44.45;33.17;56.65;38.17;34.73;26.23;63.5;45.66;41.06;44.21;59.95;62.04;55.52;46.91;22.28;28.69;39.72;28.61;25.21;24.26;28.85;27.6;31.58;51.58;59.23;44.06;63.89;59.83;58.3;56.2;57.3
O3;uur;µg/m³;2023-01-31T10:00:00+01:00;2023-01-31T11:00:00+01:00;50.6;32.4;37.9;;39.7;40.87;36.35;40.25;39.58;32.22;32.17;34.47;37.06;35.04;48.93;39.28;53.25;42.75;46.36;32.46;55.43;50.44;40.81;43.47;59.59;58.42;57.06;49.26;31.49;35.14;41.41;36.42;34.98;32.58;39.58;32.1;31.61;55.94;55.17;52.8;60.47;58.24;53.6;51.5;51.5
O3;uur;µg/m³;2023-01-31T11:00:00+01:00;2023-01-31T12:00:00+01:00;45.3;28.3;30;;41.9;43.25;36.41;44.04;43.07;31.9;38.75;36.78;38.1;39.16;53.65;46.93;58.94;36.12;49.9;38.89;62.52;52.59;39.85;51.92;63.96;60.49;51.98;50.14;36.46;39.86;44.04;40.67;43.55;36.13;43.89;30.71;37.99;56.43;57.92;57.11;60.17;53.54;53.1;52.3;51.6
O3;uur;µg/m³;2023-01-31T12:00:00+01:00;2023-01-31T13:00:00+01:00;45.7;39.7;47.2;38.4;46.8;42.1;40.34;42.17;44.93;36.54;44.07;38.66;42.37;42.55;55.81;;61.49;39.79;53.75;43.19;66.84;58.42;52.83;54.21;65.87;62.21;55.56;56.56;40.6;35.95;50.15;46.4;44.34;31.22;43.85;29.45;42.66;54.64;61.2;56.08;62.57;53.88;60.6;57.8;50.3
O3;uur;µg/m³;2023-01-31T13:00:00+01:00;2023-01-31T14:00:00+01:00;56.6;49.5;53;39.6;50.5;43.59;40.48;45.02;45.37;49.64;49.55;32.37;44.49;38.05;58.18;;60.85;42.32;59.34;47.14;66.7;60.51;57.19;55.21;66.46;63.62;63.7;60.63;46.09;47.97;54.1;57.08;50.53;31.71;43.62;38.19;43.88;61.49;62.62;56.97;64.86;56.2;62.8;60;56.9
O3;uur;µg/m³;2023-01-31T14:00:00+01:00;2023-01-31T15:00:00+01:00;56.1;48.9;54.3;45.8;49;43.08;34.13;48.63;49.33;51.98;55.59;30.54;50.41;33.45;56.01;;61.29;44.77;61.84;51.71;65.58;62.37;57.49;55.39;65.74;62.62;64.04;60.11;48.61;52.39;55.19;58.77;53.48;36.23;47.49;41.68;51.69;61.94;62.58;60.87;66.97;60.54;63.1;59;58.9
O3;uur;µg/m³;2023-01-31T15:00:00+01:00;2023-01-31T16:00:00+01:00;45.5;40.6;47.6;40.8;36.2;40.33;39.7;46.25;50.2;56.22;53.96;44.33;49.19;43.65;55.08;;57.16;51.91;63.01;53.14;65.39;55.82;52.35;50.43;70.23;61.3;65.04;60.84;51.97;56.23;53.32;55.77;55.78;40.72;57.32;48.24;57.35;62.96;65.49;65.88;67.08;61.73;62;59.1;60.5
O3;uur;µg/m³;2023-01-31T16:00:00+01:00;2023-01-31T17:00:00+01:00;43.1;31.7;36.9;38.1;34.6;35.93;50.34;43.67;47.83;55.85;53.56;46.04;47.18;45.81;53.92;;53.29;42.88;60.47;50.89;70.77;53.17;47.25;48.79;71;60.97;62.2;61.3;52.77;55.63;53.37;60.13;55.55;47.31;63.52;48.11;62.67;67.85;67.46;66.67;70.5;62.44;56.5;53.3;57.4
O3;uur;µg/m³;2023-01-31T17:00:00+01:00;2023-01-31T18:00:00+01:00;38.9;27.1;30.7;29.5;45;37.82;48.01;37.95;44.4;52.16;47.39;43.57;46.06;46.99;56.41;58.63;53.88;39.76;58.57;44.3;77.54;48.85;37.45;45.83;74.09;66.32;66.69;66.5;55.18;62.55;59.95;64.05;57.94;58.3;61.78;41.82;61.05;67.35;68.37;70.39;76.06;67.55;58.5;54.3;66.4
O3;uur;µg/m³;2023-01-31T18:00:00+01:00;2023-01-31T19:00:00+01:00;37.3;32;41.9;14.5;35.7;40.24;51.33;37.86;43;50.2;45.2;38.42;45.26;47.57;50.7;54.96;60.12;40.77;55.52;40.83;78.55;49.97;31.62;52.88;75.01;66.52;70.6;68.63;52.55;51.15;58.6;51.7;52.86;58.53;64.21;55.91;62.99;68.01;71.89;69.26;75.07;68.51;62.6;59.8;64.6
O3;uur;µg/m³;2023-01-31T19:00:00+01:00;2023-01-31T20:00:00+01:00;40.6;31.1;25.1;19;48.6;48.53;45.97;42.22;47.23;49.14;41.07;38.71;39.57;44.02;;49.82;69.76;32.44;52.61;37.57;76.19;69.63;21.87;65.11;75.7;70.22;66.58;65.89;51;51.11;53.36;53.93;49.01;56.77;66.36;48.34;64.51;64.8;71.78;71.24;73.62;68.28;63.6;64.5;62.7
O3;uur;µg/m³;2023-01-31T20:00:00+01:00;2023-01-31T21:00:00+01:00;39.1;28.8;27.8;17.6;41.9;36.18;48.06;43.01;48.45;48.24;35.11;37.34;43.45;39.7;;44.14;71.39;25.69;59.73;34.75;74.85;71.88;32.01;66.77;74.49;70.53;65.34;67.28;54.89;57.9;59.51;62.55;57.5;58.25;63.78;42.33;63.15;67.35;72.6;72.08;72.97;67.64;63.1;60.5;64.6
O3;uur;µg/m³;2023-01-31T21:00:00+01:00;2023-01-31T22:00:00+01:00;50.1;37.2;41.4;34.9;30.2;37.9;41.31;44.09;47.78;47.17;25.93;39.21;51.04;35.75;;42.26;68.57;39.49;70.56;43.12;74.9;67.36;47.81;64.14;73.52;71.02;65.68;65.64;54.72;58.77;61.68;59.69;58.91;56.97;65.89;46.04;62.14;68;70.47;71.28;71.41;67.4;67.2;66.9;63.5
O3;uur;µg/m³;2023-01-31T22:00:00+01:00;2023-01-31T23:00:00+01:00;52.8;41.3;47.8;26;41.1;37.87;42.65;46.44;49.05;55.42;39.16;42.71;58.31;37.18;70.23;39.6;65.54;49.06;68.49;56.44;74.52;66.4;42.33;63.92;71.58;72.13;63.43;64.97;50.38;51.23;59.22;57.82;49.31;53.94;65.91;42.82;58.04;66.84;69.33;70.12;68.84;66.32;67.5;67.1;65.1
O3;uur;µg/m³;2023-01-31T23:00:00+01:00;2023-02-01T00:00:00+01:00;59.7;40.9;45.8;36.7;55.9;37.24;48.68;46.48;49.05;48.53;53.42;42.78;47.68;33.52;66.58;38.51;68.62;48.82;67.16;61.36;74.24;62.7;59.11;65.65;70.39;72.75;64.13;64.92;49.7;52.7;59.52;54.8;50.15;53.37;61.24;41.39;56.21;66.64;67.93;69.14;70.19;65.46;66.2;65.1;65.5
O3;uur;µg/m³;2023-02-01T00:00:00+01:00;2023-02-01T01:00:00+01:00;56.2;49.2;52.2;46.9;53.4;38.9;45.79;49.06;52.46;48.76;38.1;33.96;58.64;38.94;68.45;42.73;66.37;59.09;66.02;61.39;71.59;63.29;57.73;64.09;69.4;73.01;64.02;65.49;46.9;50.66;61;51.27;46.97;47.98;55.27;49.86;56.82;66.46;66.96;67.34;67.81;65.22;69.7;69.3;67.4
O3;uur;µg/m³;2023-02-01T01:00:00+01:00;2023-02-01T02:00:00+01:00;59.7;52.4;56.7;55.4;59.1;48.64;43.95;44.51;51.4;55.92;31.96;46.62;53.02;44.25;67.05;43.01;67.49;60.47;65.15;60.81;71.41;61.95;60.82;66.02;67.25;70.4;65.13;64.88;53.04;53.13;62.84;59.47;55.68;45.51;51.52;58.78;57.42;65.51;66.29;66.18;67.64;64.9;67.5;65.4;64.4
O3;uur;µg/m³;2023-02-01T02:00:00+01:00;2023-02-01T03:00:00+01:00;62.5;56.9;57.5;46.3;58.7;;;;;;;;;;;;;;;;;;;;;;;;;;;;;;;;;;;;;;69.7;68.9;67.9
O3;uur;µg/m³;2023-02-01T03:00:00+01:00;2023-02-01T04:00:00+01:00;51.8;54.1;51.3;25.2;52.1;43.95;46.39;45.42;52.75;50.65;48.83;39.58;59.71;37.04;68.85;52.23;70.99;54.69;68.3;65.07;71.22;73.13;56.68;69.82;66.72;72.58;66.44;67.96;58.06;63.47;64.34;60.87;62.05;50.22;63.01;57.85;58.02;64.55;63.87;65.37;65.51;62.77;69.9;68.8;67.1
O3;uur;µg/m³;2023-02-01T04:00:00+01:00;2023-02-01T05:00:00+01:00;58.3;53.8;52.5;32.7;54.4;46.59;47.88;47.25;52.04;57.26;51.03;46.1;65.36;42.45;68.7;55.8;69.63;56.46;67.29;65.55;71.37;71.53;56.81;67.83;69.24;72.73;67.63;68.44;58.46;66.78;63.92;63.77;64.83;50.92;66.29;59.83;63;65.03;64.88;65.23;65.45;62.16;69.2;68.4;66.9
O3;uur;µg/m³;2023-02-01T05:00:00+01:00;2023-02-01T06:00:00+01:00;63.6;53;54.8;40.1;58.3;47.77;52.08;50.54;53.55;55.41;52.66;47.79;62.23;41.04;69.59;58.86;69;61.02;68.08;61.57;71.36;68.66;61.34;64.1;70.09;72.66;66.97;67.69;60.98;65.08;62.09;57.09;62.36;48.77;67.96;59.59;64.21;65.62;67.78;64.53;66.85;61.79;68.9;68.2;67.3
O3;uur;µg/m³;2023-02-01T06:00:00+01:00;2023-02-01T07:00:00+01:00;56.5;46;52.3;43.4;58.1;50.52;48.83;48.96;53.89;58.96;49.04;40.65;57.83;39.46;69.08;60.25;67.3;59.51;65.36;59.32;71.37;59.74;55.51;62.02;69.31;68.9;65.4;66.09;55.47;57.84;57.53;59.16;59.9;52.57;67.17;57.16;63.99;66.29;66.73;66.38;68.55;63.25;66;64.9;64.4
O3;uur;µg/m³;2023-02-01T07:00:00+01:00;2023-02-01T08:00:00+01:00;53.3;40.7;46.4;29;48.9;50.14;45.76;47.62;52.23;59.05;52.77;37.43;57.49;35.67;68.15;61.08;67.68;52.95;63.61;56.51;71.18;64.09;52.42;63.28;69.78;67.16;64.04;66.02;51.43;55.57;57.64;52.64;58.75;61.31;65.83;54.72;61.91;65.79;67.31;67.92;70.58;63.73;61.7;60.9;61
O3;uur;µg/m³;2023-02-01T08:00:00+01:00;2023-02-01T09:00:00+01:00;49.9;41.7;47.5;41.7;55;48.76;46.79;47.96;50.75;62.84;48.73;45.39;51.72;35.4;67.6;61.85;66.49;53.01;64.44;53.78;72.03;61.37;53.57;59.4;69.06;65.9;63.12;66.41;51.28;55.62;58.81;54.87;59.71;61.17;64.1;49.26;62.26;64.96;67.08;68.6;71.38;63.25;64.2;60.9;60.5
O3;uur;µg/m³;2023-02-01T09:00:00+01:00;2023-02-01T10:00:00+01:00;54.7;49.4;56.5;46.9;53.5;48.4;53.6;49.86;54.1;63.61;54.58;51.77;55.18;38.03;67.89;63.29;65.28;57.61;66.75;57.24;71.8;64.1;60.15;59.25;70.78;67.28;65.44;65.63;50.8;58.34;59.15;62.09;57.62;60.9;64.85;49.01;60.31;63.86;66.44;68.5;70.47;63.1;66.8;63.2;61.8
O3;uur;µg/m³;2023-02-01T10:00:00+01:00;2023-02-01T11:00:00+01:00;61.9;57.6;61.5;53;56.2;50.9;56.96;50.74;56.54;64.1;61.72;54.42;61.24;49.58;68.67;66.87;67.92;56.91;68.85;61.53;73.15;65;65.12;61.6;70.8;69;67.45;65.63;53.04;60.74;60.12;64.93;58.9;60.99;64.04;57.68;61.82;65.92;67.53;67.62;69.15;63.23;66;62.4;60.3
O3;uur;µg/m³;2023-02-01T11:00:00+01:00;2023-02-01T12:00:00+01:00;65.4;59.3;64.2;52.4;61.6;55.72;59.63;54.25;58.88;66.43;63.77;58.73;65.07;62;71.07;68.84;68.07;57.31;68.98;61.67;73.36;68.03;67.18;63.91;71.89;70.78;67.67;65.97;54.45;62.16;59.81;66.09;62;60.35;63.56;62.44;62.41;66.76;68.51;66.92;70.72;63.48;68.1;64.5;62
O3;uur;µg/m³;2023-02-01T12:00:00+01:00;2023-02-01T13:00:00+01:00;62.6;56.4;61.1;49.4;57.1;61.08;63.49;57.15;59.68;66.72;66.82;61.18;66.21;66.79;71.77;70.82;69.03;61.36;70.4;64.36;72.7;68.51;64.81;60.49;72.18;69.15;69.28;67.27;55.64;62.5;60.44;65.06;62.66;57.22;65.78;61.86;62.08;65.38;69.6;68.75;76.38;70.5;67.7;65.3;63.1
O3;uur;µg/m³;2023-02-01T13:00:00+01:00;2023-02-01T14:00:00+01:00;54.7;51.4;58.5;56.4;60.8;60.57;63.79;62.01;60.8;68.15;60.39;61.82;68.67;66.25;70.72;71.12;65.22;62.2;69.99;63.9;73.32;65.07;63.59;59.44;72.16;69.42;68;67.02;55.54;62.75;62.38;65.02;63.1;58.97;68.43;61.29;64.43;65.81;69.45;70.46;73.58;68.46;68.3;65.5;64.2
O3;uur;µg/m³;2023-02-01T14:00:00+01:00;2023-02-01T15:00:00+01:00;56.3;51.3;57.2;53.3;56.2;62.18;64.69;64.77;66.42;69.33;60.92;62.3;68.19;65.01;68.37;68.8;63.5;61.92;67.8;62.07;73.59;63.52;60.85;58.65;72.48;68.63;65.74;66.76;56.54;60.38;61.12;61.67;62.84;62.86;67.06;60.18;63.63;67.63;69.46;70.9;74.1;67.91;65.7;62.9;64.2
O3;uur;µg/m³;2023-02-01T15:00:00+01:00;2023-02-01T16:00:00+01:00;57.6;50.9;56.7;49.9;49.1;62.71;64.3;65.24;67.02;67.38;59.18;60.71;64.94;63.04;66.54;65.39;59.52;53.37;65.93;58.56;72.72;57.94;58.85;51.78;72.61;67.14;67.82;64.84;51.43;57.45;59.43;58.58;58.3;62.41;67.87;57.44;62.87;69.77;68.24;71.91;74.29;67.06;61.9;58.3;63.3
O3;uur;µg/m³;2023-02-01T16:00:00+01:00;2023-02-01T17:00:00+01:00;59.8;54;58.7;51;48.6;62.92;62.33;63.49;65.82;66.36;54.98;59.83;60.14;61.39;62.67;61.96;57.98;51.35;65.43;57.33;70.25;54.32;61.8;54.69;69.54;65.32;72.17;65.81;48.98;54.86;58.38;59.62;53.79;60.77;66.82;54.21;63.26;68.7;67.01;72.14;74.86;66.63;60.7;58.1;60.3
O3;uur;µg/m³;2023-02-01T17:00:00+01:00;2023-02-01T18:00:00+01:00;57.1;54;57.4;45.4;50.5;60.56;61.3;61.51;62.06;59.6;55.6;56.22;57.8;59.92;66.26;58.2;56.3;48.37;66.9;56.1;69.53;58.19;59.86;52.11;70.89;62.19;68.17;64.59;49.25;54.83;56.76;56.29;55.98;66.16;65.23;54.91;65.1;67.64;67.39;72.11;74.11;67.07;60;56.9;59.4
O3;uur;µg/m³;2023-02-01T18:00:00+01:00;2023-02-01T19:00:00+01:00;55.3;50.2;54;41;35.4;60.35;56.82;60.96;63.34;57.64;55.41;55.06;57.19;57.46;65.73;57.64;59.65;51.06;66.61;59.88;69.05;56.57;56.93;53.75;71.72;63.9;68.09;64.15;51.28;57.24;57.77;54.08;53.58;60.57;65.56;56.13;64.69;69.91;68.19;69.86;75.31;66.9;61.7;59.3;58.1
O3;uur;µg/m³;2023-02-01T19:00:00+01:00;2023-02-01T20:00:00+01:00;48.6;48.2;53.2;46.6;54.9;56.74;55.65;58.21;61.31;56.27;49.74;54.22;55.46;57.28;65.67;54.58;65.43;59.08;65.11;59.36;68.27;58.23;60.03;57.15;70.06;65.23;68.36;64.43;53.12;58.67;57.28;56.42;54.93;62.52;69.54;56.92;68.75;69.77;69.79;70.71;74.36;66.99;53.2;54.5;60.2
O3;uur;µg/m³;2023-02-01T20:00:00+01:00;2023-02-01T21:00:00+01:00;49.6;44.4;46;32.6;43.1;56.24;54.97;57.01;60.76;56.45;43.78;55.35;51.82;57.29;66.85;56;63.17;52.66;62.79;58.38;67.19;57.99;52.33;56.26;72.48;65.97;73.6;63.19;57.47;60.35;57.52;57.28;57.9;51.03;69.11;57.35;60.79;68.09;64.53;70;74.16;65.17;59.5;59.9;60.1
O3;uur;µg/m³;2023-02-01T21:00:00+01:00;2023-02-01T22:00:00+01:00;50.9;45.1;46.2;36.3;46.6;55.17;54.03;53.91;60.16;56.62;44.42;53.52;62.91;54.41;65.4;55.76;60.52;48.99;63.45;55.63;65.82;50.16;52.9;55.78;72.38;67.28;75.24;62.34;57.81;61.97;58.77;63.78;56.18;58.99;67;54.27;61.55;67.64;66.51;70.36;74.35;66.58;56.4;54.3;60.8
O3;uur;µg/m³;2023-02-01T22:00:00+01:00;2023-02-01T23:00:00+01:00;42.8;48.7;48.4;36.1;40.4;52.38;55.44;53.15;57.64;58.59;42.1;52.37;62.45;51.79;64.69;56.84;60.03;52.67;63.01;58.82;63.58;47.25;49.52;52.79;71.44;63.73;73.88;60.13;56.18;59.84;56.89;61.61;52.4;66.28;64.05;57.81;64.95;67.4;62.45;69.73;74.76;66.69;53.2;54.8;59.4
O3;uur;µg/m³;2023-02-01T23:00:00+01:00;2023-02-02T00:00:00+01:00;45.4;48.2;48.2;37.1;36.3;49.78;57.32;51.87;56.18;58.33;53.45;51.1;62.15;50.33;64.28;54.48;58.27;52.93;61.11;54.69;65.76;59.71;47.97;56.31;63.91;61.32;66.23;60.73;55.33;60.34;56.02;60.18;55.26;68.1;62.88;56.61;66.43;70.11;65.87;67.89;74.37;67.87;51;52.1;60.4
O3;uur;µg/m³;2023-02-02T00:00:00+01:00;2023-02-02T01:00:00+01:00;38.1;44.5;47.2;35.6;45;47.94;55.65;51.45;55.7;59.48;50.74;53.49;61.17;51.08;63.61;53.12;59.22;50.39;58.51;53.61;69.37;58.74;46.3;57.93;61.18;65.62;63.12;61.23;56.4;60.86;56.15;60.6;55.96;64.17;61.17;57.46;67.84;63.43;61.92;65.26;68.91;64.64;51.9;52.6;61.1
O3;uur;µg/m³;2023-02-02T01:00:00+01:00;2023-02-02T02:00:00+01:00;34.3;47.6;48;38;51.3;47.7;54.13;50.95;55.2;61.03;45.29;57.24;61.08;52.88;61.08;53.97;61.25;51.53;57.27;52.52;61.43;56.89;45.83;59.42;66.61;76.15;61.74;56.51;58.6;61.63;60.22;62.74;52.74;52.13;58.63;55.13;58.02;55.87;59.86;62.09;66.45;60.43;58.4;59.2;68.5
O3;uur;µg/m³;2023-02-02T02:00:00+01:00;2023-02-02T03:00:00+01:00;34;51.1;48.8;37.9;52.9;48.56;52.99;50.99;53.88;60.52;49.4;57.84;59.39;51.81;61.36;52.66;61.73;53.96;53;54.85;59.3;58.36;44.37;58.15;67.8;62.93;67.28;55.82;63.35;64.16;59.97;67.47;54.56;47.14;58.24;58.12;56.8;55.56;59.74;61.97;66.06;58.53;55;54.7;62.4
O3;uur;µg/m³;2023-02-02T03:00:00+01:00;2023-02-02T04:00:00+01:00;42.5;50.2;48.2;33.2;43.1;48.42;53.47;52.19;55.17;58.56;49.6;56.7;58.55;48.82;62.23;52.24;59;54.75;57.49;53.51;63.04;62.15;40.17;55.86;72.22;61.79;68.48;58.95;52.68;56.44;54.06;56.52;55.85;45.1;66.04;62.29;58.16;59.22;60.54;62.35;62.98;57.89;55.9;56.2;54.4
O3;uur;µg/m³;2023-02-02T04:00:00+01:00;2023-02-02T05:00:00+01:00;39.3;49.6;50.3;39.9;43.6;48.42;52.28;50.51;55.14;58.76;44.56;55.52;58.93;53.06;60.6;52.73;63.58;54.14;55.79;56.2;64.76;66.92;47.45;61.8;66.81;64.21;56.38;60.89;56.56;60.59;56.01;60.78;57.41;51.89;57.24;52.84;60.98;60.08;67.84;62.54;66.82;57.09;52.8;53.6;57.3
O3;uur;µg/m³;2023-02-02T05:00:00+01:00;2023-02-02T06:00:00+01:00;36.3;49.2;47.4;36.6;43.5;48.21;52.46;52.51;55.59;58.53;40.61;54.54;57.85;52.71;62.32;51.2;59.7;53.81;58.09;54.2;64.93;64.45;45.37;56.82;60.43;64.16;56.27;62.6;58.04;61.54;55.12;62.1;59.85;54.59;57.99;51.98;61.87;64.61;67.7;74.84;72.64;66.57;54.2;51;58.8
O3;uur;µg/m³;2023-02-02T06:00:00+01:00;2023-02-02T07:00:00+01:00;32.4;45.2;44.3;30.9;49.4;46.9;53.42;50.57;54.64;57.11;43.1;50.85;55.96;48.91;63.09;53.57;56.95;49.67;55.12;51.41;65.81;60.57;43.44;54.48;60.52;62.91;60.01;60.56;52.88;57.98;50.86;59.88;57.71;50.84;58.52;50.74;53.81;60.48;63.07;72.17;71.61;64.44;53;48.1;57.4
O3;uur;µg/m³;2023-02-02T07:00:00+01:00;2023-02-02T08:00:00+01:00;36.7;37.5;35.6;27.4;43.8;44.51;52.26;45.37;52.18;55.08;39.36;48.04;49.36;49.09;65.78;56.53;58.21;39.6;55.61;46.55;65.1;52.52;38.96;52.12;62.02;57.4;59.3;61.11;46.66;52.48;51.02;57.52;52.9;50.56;57.28;47.52;55.07;54.9;55.45;68.41;69.54;59.33;48.4;43.1;55
O3;uur;µg/m³;2023-02-02T08:00:00+01:00;2023-02-02T09:00:00+01:00;42.3;32.5;36.7;31.4;38.8;43.38;51.65;46.61;51.93;54.7;45.83;44.46;50.28;49.02;64.34;56.21;54.2;40.81;57.94;45.2;64;54.31;41.49;51.63;62.94;56.8;59.44;58.42;45.44;51.84;51.06;53.56;46.83;48.69;56.14;42.74;54.07;56.01;56.9;68.84;67.74;54.19;48.8;48.1;
O3;uur;µg/m³;2023-02-02T09:00:00+01:00;2023-02-02T10:00:00+01:00;31.7;39.2;41.1;29.6;48.9;44.53;50.73;48.2;50.93;52.08;51.04;45.33;55.27;50.09;64.17;53.25;57.15;44.51;60.05;48.62;66.34;61.64;38.85;56.57;63.98;56.08;59.15;59.71;47.9;52.76;51.36;56.81;49.89;49.2;57.05;43.09;53.97;58.59;57.89;64.45;67.54;52.77;49.4;40.5;53.8
O3;uur;µg/m³;2023-02-02T10:00:00+01:00;2023-02-02T11:00:00+01:00;38;42.1;47.8;38;47.2;46.85;52.78;48.72;50.65;58.55;50.34;50.34;55.94;53.18;66.07;55.45;62.57;50.28;61.44;47.86;65.82;62.28;42.74;57.18;65;57.1;60.55;59;49.08;54.32;51.88;58;55.84;50.66;56.99;46.7;55.94;59.49;58.44;64.26;66.15;54.02;49.3;45.8;52.5
O3;uur;µg/m³;2023-02-02T11:00:00+01:00;2023-02-02T12:00:00+01:00;54.9;40.9;47.2;42.6;49.1;47.03;55.15;49.2;50.59;56.42;51.43;50.78;58.37;53.51;67.09;59.81;59.67;46.92;62.73;49.85;65.97;61.31;55.1;57.11;64.57;58.99;61.51;60.19;46.67;50.69;50.47;54.17;56.78;50.04;57.29;48.15;55.53;59.08;57.14;65.16;68.82;56.95;50.1;45.9;54.6
O3;uur;µg/m³;2023-02-02T12:00:00+01:00;2023-02-02T13:00:00+01:00;51.2;45.8;54;42.9;46.3;47.56;55.64;48.67;52.16;56.28;57.02;51;58.52;56;65.94;63.4;61.91;46.87;64.44;55.52;67.46;53.18;58.87;52.17;64.53;59.02;60.08;61.13;47.17;50.99;52.08;51.12;54.8;48.22;56.24;49.57;54.1;58.41;57.96;64.57;70.18;54.82;53.3;50.5;55.1
O3;uur;µg/m³;2023-02-02T13:00:00+01:00;2023-02-02T14:00:00+01:00;47.7;46.6;52.3;33.9;39.3;51.41;52.36;53.56;54.47;58.53;58.48;50.1;54.55;58.24;61.75;62.28;54.94;38.13;61.2;55.36;;54.83;52.41;47.24;62.36;57.95;60.02;60.92;46.04;51.26;52.74;52.61;51.47;48.6;57.17;46.51;53.06;53.73;57.04;66.41;72.11;62.6;56.2;54.7;53.9
O3;uur;µg/m³;2023-02-02T14:00:00+01:00;2023-02-02T15:00:00+01:00;50.8;43.2;46.3;34.5;26.4;54.27;52.95;57.43;58.96;58.93;56.76;51.07;49.46;55.13;58.45;59.74;54.86;36.8;58.93;48.95;;49.38;50.81;48.43;59.39;55.07;56.46;55.54;40.5;46.33;49.55;53.47;44.96;49.12;54.68;52.09;49.19;51.89;57.65;67.65;69.15;58.82;53.3;47.8;47.1
O3;uur;µg/m³;2023-02-02T15:00:00+01:00;2023-02-02T16:00:00+01:00;44.8;42.5;44.8;37;31.1;55.51;54.28;58.73;61.8;57.01;52.16;50.06;52;52.37;53.92;60.06;43.24;33;55.86;42.8;;45.67;45.83;41.61;60.95;53.49;54.64;53.4;33.97;40.9;47.21;50.98;43.55;46.18;48.44;49.73;44.86;50.24;56.14;55.68;56.42;49.44;53.4;47.5;47.5
O3;uur;µg/m³;2023-02-02T16:00:00+01:00;2023-02-02T17:00:00+01:00;45.5;40.5;44.2;38.2;25;51.01;48.37;59.19;61.11;53.63;51.86;46.4;45.14;49.35;55.75;61.1;33.83;27.67;52.81;40.04;54.47;42.34;47.84;35.25;60.04;50.88;52.49;45.77;28.99;37.65;42.97;47.62;43.41;41.04;47.7;44.03;44.88;50.57;54.32;48.28;53.5;36.68;51.1;46.2;46.6
O3;uur;µg/m³;2023-02-02T17:00:00+01:00;2023-02-02T18:00:00+01:00;43.7;37.9;39.8;33.8;14.8;50.03;46.46;57;62.01;52.15;43.66;41.9;44.62;45.53;48.42;60.08;44.75;12.24;51.21;38.17;52.26;42.78;42.82;43.38;57.37;48.42;53.25;39.8;23.67;25.95;37.39;29.94;39.2;37.71;49.25;40.7;44.78;49.87;55.16;53.45;55.82;40.48;45.5;41.8;43.6
O3;uur;µg/m³;2023-02-02T18:00:00+01:00;2023-02-02T19:00:00+01:00;42.8;13.9;20.9;10.3;25.7;47.62;43.97;55.23;60.52;51.01;41.25;39.53;48.23;47.52;46.95;56.53;44.37;22.58;55.34;45.86;48.97;35.52;35.47;37.7;58.67;48.64;47.12;44.68;21.57;24.72;31.42;24.36;30.39;37.42;39.17;38.53;45.35;48.56;53.82;52.21;55.66;42.77;44.4;41.9;43.5
O3;uur;µg/m³;2023-02-02T19:00:00+01:00;2023-02-02T20:00:00+01:00;41.5;14.7;23.6;20.4;22.8;48.83;43.3;53.49;58.95;52.95;46.72;41.22;48.53;43.19;48.68;50.91;45.51;32.02;47.18;44.74;52.64;33.93;41.16;35.22;58.89;53.72;45.28;31.78;28.18;29.88;35.58;32.16;34.94;37.41;35.51;37.12;45.24;43.19;55.86;55.21;56.7;45.85;43.2;45.5;46.7
O3;uur;µg/m³;2023-02-02T20:00:00+01:00;2023-02-02T21:00:00+01:00;39.4;21.9;20.9;30.7;34.9;49.2;33.29;54.24;59.64;53.06;44.52;39.26;50.71;45.71;58.7;52.83;51.6;35.38;51.38;43.68;53.85;48.48;36.92;48.86;62.12;55.6;47.3;35.8;26.75;34.94;29.36;33.09;39.87;33.69;40.31;42.64;41.03;42.28;53.26;50.12;59.3;50.09;48.9;50.5;49.3
O3;uur;µg/m³;2023-02-02T21:00:00+01:00;2023-02-02T22:00:00+01:00;51.8;28.7;38.6;34.6;17.2;50.99;33.77;55.27;60.29;44.37;46.02;43.29;52.25;46.96;49.95;55.41;48.04;35.29;62.2;53.13;59.56;46.07;47.76;47.63;63.96;57.87;50.68;50.75;35.24;37.17;46.29;38.52;41.48;37.02;45.4;47.13;35.16;43.45;57.92;48.58;60.86;52.98;52.7;51.3;51.6
O3;uur;µg/m³;2023-02-02T22:00:00+01:00;2023-02-02T23:00:00+01:00;56.9;44.6;49.5;38.6;20.6;52.67;42.54;54.04;58.09;51.58;51.48;43.43;54.94;46.6;55.59;55.36;50.44;22.75;60.44;55.83;52.46;50.84;56.57;50;58.86;56.88;52.6;50.68;39.81;44.16;47.58;45.49;42.93;39.17;41.87;47.59;36.7;49.1;59.52;46.82;60.8;54.28;55.6;54;52.5
O3;uur;µg/m³;2023-02-02T23:00:00+01:00;2023-02-03T00:00:00+01:00;61;45;50.2;39.6;32.3;54.35;43.51;55.64;60.41;56.18;47.35;46.07;58.36;47.88;56.76;60.6;53.45;36.36;61.43;54.63;49.52;51.77;57.64;52;58.58;50.73;58.04;52.43;40.14;45.69;47.36;44.99;44.08;39.1;42.99;49.58;39.48;49.25;56.03;52.61;61.45;56.4;53.2;52.7;49.9
O3;uur;µg/m³;2023-02-03T00:00:00+01:00;2023-02-03T01:00:00+01:00;52.5;36.7;38.3;39.5;35.2;55.44;44.25;59.75;64.52;54.65;48.48;48.14;56.71;50.16;57.2;61.09;56.14;47.13;59.55;57.81;48.94;52.82;49.79;54.43;57.43;52.71;53.33;54.48;46.81;50.93;50.53;51.15;53.71;41.13;45.37;50.1;45.78;54.29;59.21;55.41;59.73;57.07;51.1;50.5;49.8
O3;uur;µg/m³;2023-02-03T01:00:00+01:00;2023-02-03T02:00:00+01:00;56.9;45.1;52.7;46.7;27.8;59.26;45.6;62.7;67.03;54.94;50.03;50.31;53.83;53.16;61.15;56.23;54.31;43.3;59.82;56.51;46.74;58.53;60.55;57.87;59.9;54.94;55.63;55.74;51.58;52.74;52.86;56.33;52.85;46.06;53.32;54.11;45.62;51.92;56.42;56.04;58.38;57.05;55.2;54.5;50.8
O3;uur;µg/m³;2023-02-03T02:00:00+01:00;2023-02-03T03:00:00+01:00;54.9;55.6;57;39.5;43.3;60.3;48.5;61.63;68.09;55.27;51.23;53.03;62.33;55.1;61.43;62.21;58.47;43.92;58.03;58.62;60;58.78;58.76;57.24;62.07;59.77;59.26;59.12;50.04;56.13;56.74;54.43;51.05;49.19;54.56;55.77;49.34;51.59;59.85;55.05;62.88;57.96;57.4;57.1;54
O3;uur;µg/m³;2023-02-03T03:00:00+01:00;2023-02-03T04:00:00+01:00;57;54.4;56.3;47.8;47.9;60.43;50.67;62.63;68.09;56.3;58.39;54.64;65.17;53.24;61.79;64.44;60.43;41.54;58.05;57.01;64.5;66.05;59.67;62.49;64.86;65.87;63.68;63.37;53.25;53.77;61.32;57.71;56.73;50.38;55.83;59.53;50.4;57.46;59.78;56.09;65.33;58.84;64.1;63;61.9
O3;uur;µg/m³;2023-02-03T04:00:00+01:00;2023-02-03T05:00:00+01:00;56.2;51.4;52.2;49.1;40.2;59.43;55.37;61.54;67.11;62.47;56.51;57.61;62.41;55.57;54.46;65.13;64.59;47.51;58.76;57.1;68.69;66.09;58.85;63.52;65.1;68.09;66.57;64.9;53.97;56.77;60.75;57.55;58.11;53.54;56.41;59.83;55.75;60.3;62.17;58.48;66.58;60.27;65.4;64;63.3
O3;uur;µg/m³;2023-02-03T05:00:00+01:00;2023-02-03T06:00:00+01:00;57.3;54.7;58.6;48.6;47.5;59.41;58.95;60.02;65.49;64.43;58.5;59.61;62.65;58.38;58.72;65.8;63.89;44.44;55.39;55.04;68.89;65.78;60.59;59.46;65.37;70.19;67.05;64.87;60.61;58.22;61.38;65.47;56.41;53.31;58.98;60.18;61.34;61.12;62.38;63.61;66.76;60.67;67.2;66;64.4
O3;uur;µg/m³;2023-02-03T06:00:00+01:00;2023-02-03T07:00:00+01:00;57.8;53.2;57.1;44.4;46.7;57.8;60.53;59.38;64.26;65.43;50.56;59.16;58.06;57.19;63.57;66.74;60.83;44.18;58.67;55.34;67.31;55.23;58.33;49.95;64.5;65.55;66.7;;51.14;56.34;57.47;65.24;59.47;53.9;60;58.99;61.6;60.88;62.85;64.34;65.91;60.88;64.4;62.3;60.8
O3;uur;µg/m³;2023-02-03T07:00:00+01:00;2023-02-03T08:00:00+01:00;57.3;50.2;55.7;47.5;47.1;57.81;60.48;59.1;64.41;64.14;54.03;59.81;56.27;58.79;59.57;63.59;64.91;34.43;57.53;52.04;63.19;52.72;57.04;57.95;65.66;61.25;63.28;61.92;47.91;53.81;55.62;57.59;57.84;53.57;62.35;56.12;61.51;60.76;62.86;65.26;66.32;60.96;61;58.4;54.9
O3;uur;µg/m³;2023-02-03T08:00:00+01:00;2023-02-03T09:00:00+01:00;59.8;48.8;57.1;49.5;48;57.24;59.7;59.13;64.75;62.13;51.12;58.81;56.57;59.65;61.68;59.23;60.35;47.84;59.07;53.23;65.38;58.22;59.38;56.13;66.57;57.15;60.81;61.17;47.48;52.23;54.07;53.88;55.99;52.38;61.74;55.67;59.84;60.91;63.17;64.47;65.1;60.01;57.9;55.2;51.1
O3;uur;µg/m³;2023-02-03T09:00:00+01:00;2023-02-03T10:00:00+01:00;55.5;42.8;51.5;39.3;40.3;59.92;59.54;62.1;64.88;60.82;61.1;57.73;55.53;59.85;61.57;63.3;60.34;54.16;58.17;47.63;67.67;61.44;54.54;56.11;65.88;59.5;60.63;61.21;48.82;54.65;53.82;54.5;54.36;;60.87;54.65;58.98;62.89;63.89;64.18;67.85;59.71;61;58;54.9
O3;uur;µg/m³;2023-02-03T10:00:00+01:00;2023-02-03T11:00:00+01:00;48.3;38;46.3;37.7;48.9;60.12;58.24;60.52;63.35;60.19;56.27;57.35;56.05;60.31;65.39;62.55;63.26;50.57;65.34;54.59;66.97;63;48.24;60.05;64.74;62.44;61.27;62.59;52.8;57.33;53.78;59.19;56.87;;61.09;52.38;59.31;63.15;62.53;65.63;70.17;62.79;60.6;58.9;58
O3;uur;µg/m³;2023-02-03T11:00:00+01:00;2023-02-03T12:00:00+01:00;43.2;43.9;50.5;36.1;49.3;56.48;56.96;56.08;58.24;60.32;54.3;54.8;57.33;59.8;64.59;61.66;63.73;52.38;65.28;55.95;68.99;64.58;44.61;60.89;65.48;61.69;60.39;62.88;55.24;59.34;55.83;61.81;57.96;;61.1;50.64;60.17;62.47;61.99;66.27;71.44;65.08;54.6;53.1;56.4
O3;uur;µg/m³;2023-02-03T12:00:00+01:00;2023-02-03T13:00:00+01:00;48.3;44.2;50.2;40.1;49;55.11;57.55;54.23;57.1;61.83;49.31;53.31;63.24;58.14;64.14;59.13;60.48;55.18;62.95;48.79;67.94;60.11;42.75;58.28;65.11;62.57;63.52;62.65;56.07;61.55;56.39;62.76;60.4;;61.01;51.84;60.54;62.45;62.25;71.06;76.88;68.98;52.9;48;57.2
O3;uur;µg/m³;2023-02-03T13:00:00+01:00;2023-02-03T14:00:00+01:00;48.3;47.8;50.2;34.9;52.1;54.21;55.45;50.92;54.49;62.19;46.44;52.32;63.46;58.56;63.15;57.06;62.2;55.36;61.58;44.56;66.62;60.78;47.51;60.03;66.25;60.89;63.94;62.11;53.9;60.54;52.57;60.24;60.67;;59.23;56.95;64.1;63.6;67.79;73.6;78.52;72.59;46.5;39;55.9
O3;uur;µg/m³;2023-02-03T14:00:00+01:00;2023-02-03T15:00:00+01:00;41.6;43.1;45.9;40;36.4;57.42;53.71;47.71;51.67;60.27;43.05;50.02;60.61;58.86;58.09;56.25;58.17;50.86;59.54;39.85;62.08;60;44.47;56.43;68.21;59.68;66.25;59.33;52.5;57.44;48.49;58.72;58.73;63.58;58.44;54.15;64.06;68.02;69.59;74.81;77.43;71.01;59.7;42.4;46.4
O3;uur;µg/m³;2023-02-03T15:00:00+01:00;2023-02-03T16:00:00+01:00;40.7;38;48.5;29;42.4;56.51;55.8;47.66;49.12;57.66;45.57;46.37;61.6;57.34;56.22;53.67;51.58;47.76;57.48;45.46;62.36;54.59;42.19;49.63;69.58;56.23;66.63;57.34;50.57;56.95;47.8;57.82;53.94;63.45;61.94;55.09;64.42;69.19;71.96;74.63;77.15;70.01;62.4;47;44.9
O3;uur;µg/m³;2023-02-03T16:00:00+01:00;2023-02-03T17:00:00+01:00;14.4;36.4;43.9;22.5;20.2;54.48;55.12;47.81;48.22;56.69;38.65;40.82;56.44;55.64;51.91;50.89;55.44;46.83;49.57;49.59;59.4;48.77;36.32;49.75;71.75;52.43;64.93;55.27;47.14;56.2;48.21;55.36;52.75;66.13;62.76;52.55;65.63;68.95;68.35;74.22;76.19;70.35;47.1;40.9;47.4
O3;uur;µg/m³;2023-02-03T17:00:00+01:00;2023-02-03T18:00:00+01:00;15;31.4;38.9;28.9;40;51.27;52.95;52.15;51.6;50.14;31.49;48.96;51.76;52.47;47.89;44.94;54.37;42.55;49.24;46.09;62.24;48.8;32.92;49.31;73.19;53.31;66.05;52.55;45.37;51.71;45.4;52.85;49.14;61.58;52.74;51.08;64.59;68.34;67.91;73.39;75.76;69.2;46.3;33.9;47.6
O3;uur;µg/m³;2023-02-03T18:00:00+01:00;2023-02-03T19:00:00+01:00;19;36.2;42.5;39.8;43.6;44.95;51.51;48.63;53.88;46.54;25.71;27.69;48.52;48.43;46.29;43.48;52.13;46.45;42.93;40.8;57.98;46.91;39.81;46.78;71.13;52.61;68.98;61.63;47.73;52.97;46.99;53.34;51.85;60.63;54.53;48.72;63.66;69.19;68.36;72.98;75.69;70.54;54.5;39.1;42.1
O3;uur;µg/m³;2023-02-03T19:00:00+01:00;2023-02-03T20:00:00+01:00;25.1;40;48;33.8;12.1;44.76;47.48;44.33;50.08;48.68;25.12;31.16;46.76;47.82;45.43;41.3;50.35;53.18;39.9;51.12;60.77;44.22;42.71;44.92;67.66;56.45;71.26;56.17;50.22;50.66;44.34;56.44;51.17;60.22;59.91;45.52;64.07;69.86;70.45;72.75;75.24;69.66;56.3;40.4;36.2
O3;uur;µg/m³;2023-02-03T20:00:00+01:00;2023-02-03T21:00:00+01:00;20.2;36;47.1;37;33.8;44.8;53.6;40.7;45.68;56.27;28.02;35.28;52.65;57.94;44.2;40.22;54.51;50.56;41.82;56.76;62.96;51.76;46.17;52.39;70.12;57.48;67.71;60.57;41.01;50.25;46.56;49.19;55.93;63.29;59.89;46.85;65.71;69.62;70.46;72.05;75.14;69.82;61.8;51.5;44
O3;uur;µg/m³;2023-02-03T21:00:00+01:00;2023-02-03T22:00:00+01:00;53;39.8;55.2;39.4;37.2;49.13;54.59;43.23;48.69;56.45;26.21;58.99;47.67;53.37;44.67;42.03;60.29;54.93;52.79;59.16;66.19;53.88;65.09;56.6;71.15;70.31;67.26;65.17;50.6;60.43;53.9;55.64;62.57;63.33;58.38;47.95;66.71;68.8;69.4;71.82;75.77;69.82;67;51.4;43.8
O3;uur;µg/m³;2023-02-03T22:00:00+01:00;2023-02-03T23:00:00+01:00;54.2;47.7;60.5;55.6;49.4;62.34;57.34;40.02;58.06;58.11;28.92;63.42;57.7;54.16;44.54;48.59;64.91;65.25;54.45;62.53;70.77;60.74;55.6;62.51;73.29;65.9;67.18;65.91;59.34;65.78;58.49;64.74;61.96;64;63.08;45.01;67.16;65.17;65.96;70.92;72.08;69.94;52;48.7;52.5
O3;uur;µg/m³;2023-02-03T23:00:00+01:00;2023-02-04T00:00:00+01:00;35.4;45.6;55.5;52.7;46.8;58.13;63.02;54.08;70.52;62.17;35.89;60.89;58.92;62.09;38.39;46.82;58.03;62.15;47.03;50.55;75.04;50.19;51.84;56.28;68.47;69.69;64.85;64.87;57.5;64.33;50.38;65.52;57.93;63.24;64.04;46.83;64.2;65.12;65.49;69.72;73.67;66.57;59.1;48.2;51.2
O3;uur;µg/m³;2023-02-04T00:00:00+01:00;2023-02-04T01:00:00+01:00;48.4;35.4;51.9;54.2;50.3;60.61;62.71;63.85;72.47;63.94;49.42;62.22;60.86;61.95;43.95;43.1;55.62;56.62;58.52;51.28;71.95;52.38;51.57;53.26;64.55;66.59;66.59;66.13;53.2;62.38;51.88;60.15;57.03;58.67;64;51.76;61.84;63.04;64.9;66.52;72.9;66.22;60.8;49.4;52.7
O3;uur;µg/m³;2023-02-04T01:00:00+01:00;2023-02-04T02:00:00+01:00;41.7;37.8;51.9;53.2;36.1;62.45;60.86;65.69;72.51;55.41;43.49;61.63;57.72;62.68;54.07;33.51;60.57;54.97;51.23;46.15;62.7;57.42;55.31;58.99;64.59;65.68;66.31;58.9;60.53;65.35;54.18;66.11;56.1;52.29;61.26;56.52;58.83;63.45;63.73;65.97;72.22;65.54;53.3;29.2;50.5
O3;uur;µg/m³;2023-02-04T02:00:00+01:00;2023-02-04T03:00:00+01:00;33.3;39.1;50.7;50.1;35.7;64.38;56.85;67.07;69.12;49.49;36.62;57.93;55.95;53.96;49.51;34.64;69.13;54.71;46.33;29.25;64.62;68.32;51.94;68.48;64.72;66.5;59.01;51.49;57.09;61.58;46.17;62.05;49.24;57.88;57.88;47.48;58.11;63.26;60.09;60.71;70.37;63.51;58.7;32.9;40.2
O3;uur;µg/m³;2023-02-04T03:00:00+01:00;2023-02-04T04:00:00+01:00;45.9;39.4;56.7;45.4;39.7;61.65;52.09;62.65;62.99;49.38;29.56;46.9;48.43;49.28;49.49;29.85;63.53;57.6;36.72;19.94;68.58;70.1;61.2;70.2;59.26;63.86;58.38;47.75;53.63;58.37;40.31;59.81;40.76;58.98;57.37;50.25;59.52;62.18;60.91;59.88;66.88;62.14;58.6;40.2;30.5
O3;uur;µg/m³;2023-02-04T04:00:00+01:00;2023-02-04T05:00:00+01:00;29.4;44.1;54.9;34.9;1;54.31;49.96;42.65;56.84;45.78;27.88;38.36;45.07;38.2;44.91;38;58.27;59.95;34.79;13.86;58;61.3;51.04;62.66;58.89;64.33;58.63;45.27;45.19;47.93;38.12;50.87;40.19;54.12;51.11;49.31;58.26;60.61;58.8;51.57;65.52;56.23;56;16;40.1
O3;uur;µg/m³;2023-02-04T05:00:00+01:00;2023-02-04T06:00:00+01:00;22.3;38.4;49.3;4.8;0;49.62;44.76;51.19;56.78;36.95;30.05;30.15;36.7;31.28;39.76;40.15;52.18;59.16;34.37;16.12;50.61;47.54;36.8;47.52;55.2;47.18;57.44;40.06;33.37;33.81;29.88;38.64;31.53;46.69;42.51;43.13;46.4;57.13;54.36;44.92;58.55;50.12;45.2;15.5;32.2
O3;uur;µg/m³;2023-02-04T06:00:00+01:00;2023-02-04T07:00:00+01:00;14.1;30.3;41.3;0;0;41.8;32.33;52.95;56.87;37.84;34.51;35.64;34.66;37.73;42.76;43.7;45.85;54.89;30.81;9.51;46.61;39.68;20.03;39.66;57.83;33.32;52.33;35.85;23.2;22.1;23.34;28.12;31.35;47.17;27.88;24.16;37.27;54.02;49.68;48.73;51.12;50.74;43.3;16.7;21.6
O3;uur;µg/m³;2023-02-04T07:00:00+01:00;2023-02-04T08:00:00+01:00;7.2;10.6;30.9;0;0;38.7;25.33;46.18;55.33;28.98;29.54;24.84;20.58;30.26;43.28;34.6;23.53;39.53;27.94;4.33;48.26;17.95;4.05;21.44;51.82;28.35;45.67;34.52;15.65;25.15;19.5;25.78;38.27;42.96;10.05;14.12;28.98;47.92;41.18;47.77;47.16;42.17;18;9.7;13.8
O3;uur;µg/m³;2023-02-04T08:00:00+01:00;2023-02-04T09:00:00+01:00;-1;3;8;0;0;37.24;29.97;28.74;47.42;16.84;19.13;17.48;12.21;17.49;43.43;28.84;28.94;3.4;18.55;1.16;50.55;13.83;1;10.95;47.74;28.56;36.42;32.11;7.54;7.57;11.98;22.36;30.09;38.89;15.09;11.89;14.4;41.02;40.4;47.96;47.5;37.12;4.1;2.2;15.5
O3;uur;µg/m³;2023-02-04T09:00:00+01:00;2023-02-04T10:00:00+01:00;9;1;0.9;2.4;0.3;41.51;29.84;39.01;45.85;19.58;24.56;13.7;8.34;24.44;43.83;24.03;33.29;3.31;33.12;1.77;51.98;10.71;0.69;12.66;45.82;36;36;26.54;11.58;8.66;14.21;19.14;25.83;35.29;31.09;22.15;11;41.09;33.34;45.51;43.56;40.03;5.1;1.9;13.5
O3;uur;µg/m³;2023-02-04T10:00:00+01:00;2023-02-04T11:00:00+01:00;26.2;1.2;2.9;6.6;1.8;42.64;33.72;47.23;50.13;23.69;25.59;15.97;17.77;24.3;43.57;30.55;33.8;4.42;40.27;7.28;68.95;19.41;3.39;12.2;50.71;46.48;45.43;39.98;20.92;17.53;15.25;27.62;33.82;47.33;32.3;29.34;36.38;46.46;49.22;47;43.78;40.86;29.5;2.4;14.6
O3;uur;µg/m³;2023-02-04T11:00:00+01:00;2023-02-04T12:00:00+01:00;28;7.2;0.7;3.1;1.8;48.79;47.39;47.91;56.52;34.1;36.36;31.76;29.89;38.1;36.46;40.34;23.33;12.56;43.08;21.26;75;32.73;15.52;10.07;57.55;53.15;56.32;56.09;39.19;36.16;27.53;44.15;51.52;52.03;50.02;42.06;49.65;45.24;49.28;49.04;46.47;42.51;49.3;20.8;30.2
O3;uur;µg/m³;2023-02-04T12:00:00+01:00;2023-02-04T13:00:00+01:00;21.7;13.2;3.6;8.2;11.1;56.23;56.56;53.07;58.74;53.28;39.99;47.33;41.27;53.92;39.79;43.93;23.52;23.24;50.67;37.2;76.37;47.92;11.66;13.77;63.9;56.93;67.14;65.61;46.84;52.25;43.46;54.84;60.96;60.29;63.55;54.62;55.31;53.54;51.59;52.87;51.88;44.39;39.6;29.7;46
O3;uur;µg/m³;2023-02-04T13:00:00+01:00;2023-02-04T14:00:00+01:00;41.6;21.5;7.8;20;20;57.86;59.82;53.18;59.39;54.28;42.22;47.49;54.05;60.98;44.6;47.62;38.56;23.2;57.78;46.23;76.44;49.58;5.1;16.96;67.62;51.5;69.51;68.8;54.85;60.29;49.34;61.62;65.39;62.47;66.56;62.34;57.65;59.22;63.84;55.48;58.49;49.36;52;46.7;57.7
O3;uur;µg/m³;2023-02-04T14:00:00+01:00;2023-02-04T15:00:00+01:00;45.4;19.3;13.1;14.3;3;58.73;60.83;59.47;60.43;56.16;40.09;48.05;43.67;61.18;45.36;46.87;41.82;29.23;59.62;61.3;75.86;55.61;8.22;19.42;64.98;52.83;70.85;69.22;56.21;64.89;50.06;65.44;71.22;67.93;69;60.5;58.73;59.87;61.48;57.3;57.62;54.93;57.8;46.8;40.2
O3;uur;µg/m³;2023-02-04T15:00:00+01:00;2023-02-04T16:00:00+01:00;38.7;15.8;19.8;5.9;0.3;56.02;60.83;57.03;62.82;54.91;41.17;43.63;44.63;58.8;42.79;42.69;33.38;30.01;54.36;74.39;71.57;39.74;12.22;16.08;64.33;56.02;72.58;64.58;59.8;60.51;45.12;66.03;67.1;62.14;66.46;62.44;65.86;64.55;62.45;56.43;58.47;54.17;44;31.9;52.8
O3;uur;µg/m³;2023-02-04T16:00:00+01:00;2023-02-04T17:00:00+01:00;39;8.4;18.8;16.5;0.9;54.9;53.06;51.44;58.49;59.37;43.71;40.93;40.46;54.72;40.28;22.82;14.5;14.63;45.78;59.53;64.32;20.31;13.68;7.78;67.13;53.72;67.93;63.73;54.69;54.08;54.27;59.19;56.56;55.29;57.38;49.38;57.18;62.19;53.98;52.43;52.72;50.17;59.8;36.7;
O3;uur;µg/m³;2023-02-04T17:00:00+01:00;2023-02-04T18:00:00+01:00;29.1;6.3;21.1;10.2;0;50.54;45.5;42.07;51.76;52.52;37.87;36.62;41.44;47.53;26.48;21.16;4.36;9.68;43.58;48.27;55.3;8.16;7.86;1.24;65.62;47.24;55.3;53.83;51;39.5;49.22;53.56;44.27;38.7;25.29;32.5;49.4;43.76;44.58;42.34;42;40.14;51;32.3;54.8
O3;uur;µg/m³;2023-02-04T18:00:00+01:00;2023-02-04T19:00:00+01:00;19.2;6.7;6.8;0;0;35.33;28.09;24.36;31.44;43.44;32.24;42.48;33.52;43.92;17.16;11.24;10.63;11.76;41.95;35.12;46.75;3.49;7.2;12.2;63.47;43.49;50.24;45.51;39.92;37.44;36.23;44.81;34.92;31.67;5.57;25.19;36.59;34.13;42.56;37.94;35.43;34.89;29.1;32.8;49.6
O3;uur;µg/m³;2023-02-04T19:00:00+01:00;2023-02-04T20:00:00+01:00;7.7;0.3;-2.3;0;0;36.08;34.23;25.83;4.19;49.6;21.71;36.26;21.25;41.09;25.26;18.64;6.04;0.99;30.56;16.09;38.43;4.11;-0.02;2.24;55.62;37.83;63.45;38.53;22.84;18.14;34.05;44.2;19.85;26.63;37.68;19.52;27.81;35.03;50.54;38.01;32.05;30.88;32;30.1;43.2
O3;uur;µg/m³;2023-02-04T20:00:00+01:00;2023-02-04T21:00:00+01:00;12.1;-0.8;-3.2;0.5;1.1;32.57;25.6;27.39;21.11;41.27;14.99;29.81;19.52;44.63;28.18;18.7;4.53;-0.16;22.48;9.08;19.41;0.53;0.61;2.44;50.4;28.31;59.8;25.13;23.52;16.62;25.72;30.95;9.74;19.78;41.52;10.35;25.59;31.67;56.57;36.66;37.43;31.9;43.9;27.2;41.2
O3;uur;µg/m³;2023-02-04T21:00:00+01:00;2023-02-04T22:00:00+01:00;1.6;-0.6;0.2;3.9;0;26.37;18.16;26.35;35.66;35.28;1.44;26.32;15.84;37.08;32.07;19.3;15.17;-0.88;22.49;6.52;6.55;12.39;0.63;14.89;46.04;24.78;54.26;11.43;27.92;17.62;10.15;32.44;18.61;18.46;29.31;6.18;20.68;25.8;59.46;38.44;38.9;34.45;39.6;23.8;37.6
O3;uur;µg/m³;2023-02-04T22:00:00+01:00;2023-02-04T23:00:00+01:00;-1.3;-0.5;0.3;0.8;1.9;24.02;17.08;28.95;34.09;27.93;-0.76;31.13;10.97;31.7;32.88;15.39;15.18;1.15;17.78;15.81;16.26;13.89;0.59;14;41.12;15.44;51.18;3.94;21.79;19.45;7.04;27.71;12.05;24;24.77;4.83;17.59;22.91;60.46;33.6;39.27;35.15;20.8;16.2;20.6
O3;uur;µg/m³;2023-02-04T23:00:00+01:00;2023-02-05T00:00:00+01:00;-1.3;-0.5;0.6;0;8.6;30.29;14.62;34.38;34.23;26.65;-1.62;27.69;16.3;27.05;39.32;20.12;13.86;0.95;18.07;2.66;21.07;13.93;0.5;11.92;32.04;21.02;39.39;8.74;9.37;7.79;4.92;13.43;3.19;24.15;24.38;7.05;25.48;16.93;57.64;32.35;38.02;35.23;20.2;14.6;12.8
O3;uur;µg/m³;2023-02-05T00:00:00+01:00;2023-02-05T01:00:00+01:00;8.5;0.1;0.8;0;7.2;26.47;15.25;30.87;41.15;19.33;11.42;32.98;16.46;32.09;49.9;22.79;11.82;1.94;23.09;1.92;20.24;8.34;2.13;8.09;19.98;21.56;34.91;14.67;6.26;5.71;6.39;9.24;-0.85;22.12;15.92;23.15;23.24;18.16;53.09;29.5;36.98;33.39;20.1;17.3;17.2
O3;uur;µg/m³;2023-02-05T01:00:00+01:00;2023-02-05T02:00:00+01:00;24.4;2;6.8;2.5;29.9;25.26;24.7;27.86;36.7;17.02;3.63;24.7;12.96;20.94;50.7;29.18;29.69;0.57;34.96;12.01;28.44;25.19;9.94;28.84;26.28;28.62;31.22;15.15;6.79;6.27;10.11;9.58;6.88;20.03;16.86;28.59;25.54;23.81;41.82;26.64;34.58;30.17;21.1;17.2;19.1
O3;uur;µg/m³;2023-02-05T02:00:00+01:00;2023-02-05T03:00:00+01:00;41.2;13;18.2;16.7;46.2;;;;;;;;;;;;;;;;;;;;;;;;;;;;;;;;;;;;;;29.1;28.1;27.6
O3;uur;µg/m³;2023-02-05T03:00:00+01:00;2023-02-05T04:00:00+01:00;45.2;21.8;25.9;21.5;32.2;27.98;17.4;22.18;31.27;23.78;7.89;15.89;42.53;17.94;65.46;45.89;55.43;28.93;57.24;;66.26;56.66;45.13;52.53;50.06;51.09;23.85;42.52;29.69;19.9;33.16;31.42;15.31;13.59;13.46;13.28;17.5;27.73;30.46;24.73;33;;43.3;37.6;39.9
O3;uur;µg/m³;2023-02-05T04:00:00+01:00;2023-02-05T05:00:00+01:00;37.8;28.8;35.5;15.7;32.9;23.01;15.25;20.69;29.54;35.65;17.3;25.42;45.18;26.66;51.3;46.12;52.83;39.47;54.32;53.16;61.35;54.62;35.06;52.51;63.32;60.83;35.41;48.87;40.2;34.11;43.42;45.46;25.2;12.74;20.22;8.72;22.23;30.85;51.93;24.65;33.77;25.99;52.6;50.4;50.7
O3;uur;µg/m³;2023-02-05T05:00:00+01:00;2023-02-05T06:00:00+01:00;39.1;43.8;48.1;48.9;59;22.17;24.66;20.72;26.44;37.25;39.94;31.85;46.77;27.72;52.63;42.85;67.19;52.05;48.6;42.42;76.72;66.01;50.01;65.66;73.85;74.43;47.94;59.7;48.55;44.69;53.83;50.87;43.1;14.9;36.92;10.59;19.69;34.57;65.74;22.05;44.9;26.42;58;55.1;58.7
O3;uur;µg/m³;2023-02-05T06:00:00+01:00;2023-02-05T07:00:00+01:00;68.9;67.7;72.6;71.4;73.5;24.8;33.29;22.52;27.86;39.81;47.09;30.36;54.8;29.59;75.76;59.09;79;76.97;73.23;63.94;82.9;80.61;78.24;78.3;81.61;75.08;68.89;73.29;63.48;65.93;69.23;68.75;67.75;19.64;48.2;22.74;31.71;57.31;77.93;19.51;77.22;46.57;77;69;73.5
O3;uur;µg/m³;2023-02-05T07:00:00+01:00;2023-02-05T08:00:00+01:00;68.6;69.9;75;74.2;75;19.08;39.33;25.95;30.33;67.2;70.07;52.02;76.64;46.07;75.85;74.88;78.58;78.31;76.1;75.69;83.82;81.08;79.56;79.26;79.75;73.5;80.75;73.16;73.02;77.5;69.59;78.58;70.85;37.14;75.3;48.78;58.76;75.98;77.54;44.6;81.94;74.23;76.6;68.8;72.9
O3;uur;µg/m³;2023-02-05T08:00:00+01:00;2023-02-05T09:00:00+01:00;63.7;69.1;73.7;71.2;73.4;32.45;63.68;35.94;38.19;74.09;69.21;73.15;77.14;70.86;75.41;70.04;76.54;77.94;75.52;77.24;81.41;79.65;76.53;77.47;79.56;78.39;79.84;71.63;72.89;75.87;68.86;78.26;68.95;66.51;78.02;73.31;71.66;74.12;77.73;76.15;79.99;76.62;76;69.6;73.1
O3;uur;µg/m³;2023-02-05T09:00:00+01:00;2023-02-05T10:00:00+01:00;58.5;66.5;73.5;73.4;72.7;68.82;68.77;63.36;66.3;73.13;69.81;72.86;77.65;69.28;74.65;67.88;77.65;76.43;73.66;75.65;80.67;79.66;75.85;77.27;78.46;73.39;79;71.09;71.43;73.99;68.67;76.7;67.75;71.19;75.51;68.97;70.27;74.58;75.47;81.48;78.77;76.87;74.7;71.6;72
O3;uur;µg/m³;2023-02-05T10:00:00+01:00;2023-02-05T11:00:00+01:00;63;66.9;73.4;73.4;72.6;71.46;66.35;68.45;75.32;73.57;69.6;71.09;76.17;68.4;74.53;71.36;77.7;76.22;75.16;75.46;80.94;78.91;76.28;77.06;77.42;75.59;78.97;73.75;71.77;74.85;66.77;76.7;70.91;70.09;76.25;66.62;71.08;75.05;74.1;80.75;77.34;76.2;73.7;66.4;71.5
O3;uur;µg/m³;2023-02-05T11:00:00+01:00;2023-02-05T12:00:00+01:00;67.5;65.2;72.3;72.2;71.6;69.76;68.53;66.01;74.84;73.71;70.81;69.69;75.67;68.95;74.73;73.69;77.78;76.95;76.03;74.93;79.79;78.46;76.17;77.01;78.32;76.22;77.31;73.13;71.53;74.48;64.34;76.26;71.39;72;77.14;71.93;71.58;73.21;72.38;79.21;75.74;72.14;72.8;66.8;69.9
O3;uur;µg/m³;2023-02-05T12:00:00+01:00;2023-02-05T13:00:00+01:00;65.7;64;70.5;71.5;69.3;70.17;70.79;66.1;73.1;74.01;71.83;71.26;74.54;70.79;73.51;75.42;76.65;75.53;75.3;73.8;79.56;77.34;75.36;75.84;77.93;79.18;75.98;73.56;71.75;75.18;66.89;76.72;69.68;73.56;75.37;72.41;70.54;73.26;73.12;76.83;74.72;71.26;73.5;73.7;70.5
O3;uur;µg/m³;2023-02-05T13:00:00+01:00;2023-02-05T14:00:00+01:00;67.7;64.7;68.8;72.6;68.6;70.62;67.59;68.14;73.92;74.28;71.79;69.95;73.64;71.65;72.94;73.1;76.08;75.4;74.32;71.78;78.82;76.81;75.86;75.24;77.89;79.62;75.82;74.73;72.71;76.12;70.16;77.7;69.93;71.18;74.87;68.17;69.6;74.77;73.89;74.57;76.6;72.68;73.9;72.6;70.8
O3;uur;µg/m³;2023-02-05T14:00:00+01:00;2023-02-05T15:00:00+01:00;65.7;62.2;68.8;71.2;69.4;67.98;67.53;65.99;73.06;74.95;72.51;68.92;74.33;72.28;73.92;73.71;74.59;72.96;72.94;71.93;77.6;75.79;73.97;73.58;77.38;78.45;76.11;74.49;72.41;75.4;71.96;77.35;69.44;70.71;75.08;68.04;68.4;75.8;74.42;75.93;75.61;72.94;73.7;74;69.4
O3;uur;µg/m³;2023-02-05T15:00:00+01:00;2023-02-05T16:00:00+01:00;64.8;61.6;68.1;70.7;68.5;68.08;66;65.1;70.53;73.72;71.29;69.2;73.92;71.1;72.52;70.55;73.57;71.74;70.88;70.58;75.59;74.99;72.49;71.44;76.17;77.29;76.49;73.66;71.89;74.98;70.48;76.36;70.12;70.13;75.73;70.08;70.58;74.66;72.57;75.59;72.95;70.07;72.4;72.9;69.5
O3;uur;µg/m³;2023-02-05T16:00:00+01:00;2023-02-05T17:00:00+01:00;60.1;58.6;64.2;69.1;66.8;67.32;66.21;65.75;71.55;73.51;69;66.07;71.47;69.48;69.5;68.34;72.77;68.36;67.31;69.71;74.37;73.42;67.94;71.36;75.74;75.76;74.25;73.44;70.88;72.67;68.52;75.38;68.91;69.67;75.82;70.12;69.29;71.76;69.69;72.15;71.68;68.19;70.7;67.9;65.2
O3;uur;µg/m³;2023-02-05T17:00:00+01:00;2023-02-05T18:00:00+01:00;53.8;52.5;58.6;65.7;67;64.86;65.98;60.34;68.26;71.27;63.64;61.5;72.24;66.33;64.55;65.22;71.27;62.68;67.8;65.44;71.29;68.53;63.88;69.88;74.88;70.18;71.3;69.24;67.71;68.54;63.92;72.03;64.99;68.23;71.68;69.29;67.4;70.3;65.89;69.33;70.67;67.09;66.5;66.7;60.8
O3;uur;µg/m³;2023-02-05T18:00:00+01:00;2023-02-05T19:00:00+01:00;39.6;40.8;55.7;61.1;64.7;63.84;64.12;55.84;67.17;68.86;57.17;59.69;67.94;65.13;56.06;60.39;69.28;55.02;57.2;58.2;66.53;65.51;62.41;67.25;74.14;65.8;70.66;67.75;66.08;66.07;62.45;70;61.2;66.6;68.46;62.79;64.99;67.08;61.55;67.89;69.5;65.91;64.1;65.9;56.6
O3;uur;µg/m³;2023-02-05T19:00:00+01:00;2023-02-05T20:00:00+01:00;50.9;44.7;51.5;61;64.8;63.22;60.1;53.62;64.61;63.05;56.65;56.73;65;61.71;57.47;55.78;68.24;52.22;48.46;58.93;47.19;63.61;61.3;65.11;73.93;61.81;67.35;65.55;65.26;66.6;52.57;69.61;61.03;63.01;67.61;61.25;59.97;59.1;52.92;66.15;67.52;62.99;59.6;61.4;51.9
O3;uur;µg/m³;2023-02-05T20:00:00+01:00;2023-02-05T21:00:00+01:00;42.1;44.9;47.8;62.2;64.8;62.93;57.18;53.49;64.81;58.83;52.97;55.36;58.93;59.55;60.54;52.47;67.47;55.69;55.73;58.46;63.8;61.34;51.36;65.19;72.28;58.27;65.15;58.01;61.94;63.87;32.56;66.19;53.36;58.95;63;54.63;53.78;55.03;51.1;62.72;65.52;56.05;54.3;28.9;27.4
O3;uur;µg/m³;2023-02-05T21:00:00+01:00;2023-02-05T22:00:00+01:00;33.2;42.9;31.9;56.5;62;62.45;54.07;58.38;67.85;58.1;51.59;54.13;62.24;57.37;57.35;52.17;61.35;53.41;42.16;47.91;53.23;55.95;48.5;59.38;71.23;52.07;61.91;44.27;58.14;59.55;27.87;61.21;47.36;51.55;59.7;53.42;44.23;52.24;54.08;53.11;63.73;53.7;49.7;25.6;28
O3;uur;µg/m³;2023-02-05T22:00:00+01:00;2023-02-05T23:00:00+01:00;32.3;32;28.8;44.7;60.3;58.1;51.36;61.62;66.64;58.23;48.84;51.19;57.51;52.53;61.14;50.72;59.14;48.38;47.34;40.08;45.93;47.04;40.21;61.58;69.45;58.82;57.05;30.8;50.19;50.35;26.41;51.69;38.41;44.77;59.03;50.05;39.87;51.58;54.94;48.64;63.45;41.77;50.6;30.9;35.3
O3;uur;µg/m³;2023-02-05T23:00:00+01:00;2023-02-06T00:00:00+01:00;37.9;25.1;39.4;38.3;55.1;51.76;47.54;44.12;63.67;53.18;41.66;45.83;50.85;49.41;58.41;48.01;56.6;44.04;34.77;33.05;53.74;54.04;43.97;55.19;69.06;59.94;49.71;18.01;45.95;48.89;29.31;48.48;38.34;47.97;37.94;46;27.14;50.03;52.07;42.24;65.99;25.38;47.4;32.4;28.2
O3;uur;µg/m³;2023-02-06T00:00:00+01:00;2023-02-06T01:00:00+01:00;40.4;33.1;36.9;49.3;58;47.57;40.82;44.85;55.5;47.97;40.63;42.31;46.03;45.94;54.65;44.1;57.06;51.31;45.89;28.07;54.19;51.59;42.99;61.8;69.51;58.72;48.15;23.09;49.27;51.07;37.44;52.34;33.02;42.61;29.84;48.86;19.48;48.7;43.34;39.64;67.94;28.94;51.9;32.6;29
O3;uur;µg/m³;2023-02-06T01:00:00+01:00;2023-02-06T02:00:00+01:00;34.1;32.8;34.6;50.7;58.4;41.06;24.37;29.26;41.46;42.99;36.61;40.2;46.06;29.74;52.66;36.29;58.83;51.82;47.23;35.92;53.21;54.14;46.07;62.25;68.37;56.76;47.72;31.36;48.46;54.2;34.24;51.36;20.53;31.13;28.6;46.63;15.04;49.78;43.98;38.07;65.44;34.5;51.7;32.6;36.9
O3;uur;µg/m³;2023-02-06T02:00:00+01:00;2023-02-06T03:00:00+01:00;35;27.5;39.3;47.6;55;38.68;16.47;15.86;27.65;39.24;34.98;29.53;37.22;20.84;50.07;38.34;56.92;51.48;17.57;36.33;45.02;53.53;36.9;57.59;67.73;55.66;52.64;30.07;49.26;54.46;38.58;52.59;17.63;30.43;20.65;42.19;11.87;47.8;52.27;41.68;56.03;26.64;50.8;45.3;37.5
O3;uur;µg/m³;2023-02-06T03:00:00+01:00;2023-02-06T04:00:00+01:00;40;15.3;33.3;35.5;51.2;34.63;16.59;16.03;18.88;31.38;26.25;34.98;37.58;36.66;47.76;40.9;53.07;48.27;38.58;27.5;41.93;47.35;35.54;50.43;67.55;55.8;49.28;28.1;48.03;53.41;33.79;50.67;17.96;28.83;27.6;41.2;10.86;43.31;42.04;40.87;59.43;26.9;47.1;40.6;37.1
O3;uur;µg/m³;2023-02-06T04:00:00+01:00;2023-02-06T05:00:00+01:00;26.8;12;28.7;30.4;41.5;29.95;18.02;34.08;13.61;27.83;21.32;35.13;30.4;31.28;44.06;39.02;47.8;46.14;26.74;16.58;44.74;31.65;17.13;51.63;59.91;48.89;48.74;20.49;36.98;44.38;29.84;41.66;20.5;35.55;9.89;38.73;7.65;44.01;41.4;39.5;54.31;27.21;47.1;28.2;21.5
O3;uur;µg/m³;2023-02-06T05:00:00+01:00;2023-02-06T06:00:00+01:00;15.4;4.5;26.3;20.2;41.5;31.34;13.25;32.62;19.81;30.6;13.69;32.31;23.86;21.1;40.44;35.46;47.47;32.61;3.5;8.71;42.97;7.76;1.72;38.93;56.42;24.61;32.32;11.11;22.76;25.99;16.42;32.46;16.04;32.14;4.38;37.97;7.72;43.73;35.28;38.96;46.62;33.68;31.4;21.6;12.2
O3;uur;µg/m³;2023-02-06T06:00:00+01:00;2023-02-06T07:00:00+01:00;7.1;1.9;13.1;6.2;41;31.37;15.07;36.41;38.39;19.71;9.98;14.48;4.66;13.13;38.45;25.21;40.67;36.08;0.56;0.8;43.97;11.47;3.21;31.14;41.72;8.21;19.05;;11.73;11.57;11.97;25.05;14.73;22.69;0.88;26.37;6.28;42.11;34.27;25.62;38.35;33.92;36;0.2;5.1
O3;uur;µg/m³;2023-02-06T07:00:00+01:00;2023-02-06T08:00:00+01:00;4.9;4.5;1.4;1.1;45.1;24.97;0.87;36.53;36.83;4.08;7.64;5.49;-0.5;11.97;26.74;18.08;34.03;20.84;0.18;-1.1;47.58;2.91;2.05;34.13;31.64;3.32;18.68;;1.92;1.28;3.97;8.73;6.92;11.18;0.45;10.36;3.28;37.05;37.16;34.13;37.59;20.8;14.7;-0.8;2.4
O3;uur;µg/m³;2023-02-06T08:00:00+01:00;2023-02-06T09:00:00+01:00;0;0.9;1;0;29.6;18.23;4.84;40.17;27.22;2.62;3.36;0.02;0.36;9.53;10.52;14.24;17.33;13.67;1.35;-0.42;44.07;0.49;1.24;16.87;27.69;2.03;21.64;9.73;1.7;1.29;2.45;5.57;3.42;8.35;0.79;2.78;2.76;28.63;32.13;28.25;44.07;23.76;4.2;-0.6;-0.3
O3;uur;µg/m³;2023-02-06T09:00:00+01:00;2023-02-06T10:00:00+01:00;-0.5;1.1;3.1;1.2;8.7;31.7;13.2;38.02;42.07;6.12;4.27;7.67;3.14;9.75;13.82;30.33;17.77;14.94;3.37;1.5;13.78;3.62;2.92;5.6;30.13;3.94;29.39;10.35;3.84;4.76;4.1;7.88;9.32;8.2;2.11;6.98;6.14;26.54;34.93;28.35;48.64;30.99;0.8;0.4;0.3
O3;uur;µg/m³;2023-02-06T10:00:00+01:00;2023-02-06T11:00:00+01:00;8.6;5.8;16.5;;20.4;42.45;23.83;39.74;40.34;6.48;0.67;14.31;7.64;18.82;20.2;37.03;40.5;16.09;9.54;7.31;54.21;31.35;17.92;33.26;44.46;34.09;37.75;17.37;13.79;4.89;8.13;18;16.78;17.99;6.97;14.57;15.95;43.49;48.01;32.34;48.72;28.3;3.6;0.1;2.9
O3;uur;µg/m³;2023-02-06T11:00:00+01:00;2023-02-06T12:00:00+01:00;43.7;29.7;44.7;;58.5;46.44;31.22;44.16;39.28;25.38;16.9;28.12;16.54;24.69;45.08;48.79;62.7;38.04;20.39;25.3;69.94;61.64;38.87;61.98;54.66;64.45;53.6;37.82;30.73;40.02;15.65;38.2;26.86;34.5;22.25;41.74;38.57;50.79;59.37;46.23;61.6;45.11;38.9;22.9;25.9
O3;uur;µg/m³;2023-02-06T12:00:00+01:00;2023-02-06T13:00:00+01:00;36.7;36.4;37.3;;62.5;49.28;40.27;52;52.86;59.33;54.47;46.02;37.87;47.3;59.83;57.1;67.22;48.81;35.25;51.34;73.89;65.43;52.58;61.74;67.35;56.52;67.5;53.04;49.96;56.36;29.93;56.57;48.67;44.47;41.51;61.53;55.77;58.69;62.33;56.45;69.24;60.41;63.3;49.2;48.5
O3;uur;µg/m³;2023-02-06T13:00:00+01:00;2023-02-06T14:00:00+01:00;43.3;44.9;48.6;;66.6;50.54;47.52;53.54;58.91;61.7;56.49;50.32;55.69;60.08;62.05;59.75;68.68;53.75;48.38;59.74;70.5;71.25;57.59;49.83;66.58;57.45;72.58;46.93;57.85;53.93;51.09;62.61;55.25;54.59;61.33;58.93;61.26;61.82;63.51;61.07;68.92;62.32;65.1;53.3;59.3
O3;uur;µg/m³;2023-02-06T14:00:00+01:00;2023-02-06T15:00:00+01:00;43.7;42.8;48.2;;66.7;52.04;41.95;52.05;56.46;62.95;53.95;46.61;58.98;57.96;56.59;57.7;65.84;51.59;56.44;58.26;68.08;71.72;61.88;36.98;68.34;53.23;72.93;52.87;63.81;58.8;63.01;67.26;54.25;60.64;68.13;52.61;62.61;63;69.31;62.98;66.62;67.05;63.8;55.3;61.1
O3;uur;µg/m³;2023-02-06T15:00:00+01:00;2023-02-06T16:00:00+01:00;40.2;31.4;45.2;;67.4;38.95;44.18;51.48;55.39;63.52;53.2;44.1;60.47;48.55;51.25;55.02;65.28;47.19;59.04;56.48;67.34;66.24;52.47;29.25;68.56;56.86;69.49;68.08;66.92;65.09;65.05;70.49;58.57;59.57;;60.3;62.22;64.41;67.43;65.89;71.53;67.58;63;50;62.5
O3;uur;µg/m³;2023-02-06T16:00:00+01:00;2023-02-06T17:00:00+01:00;35.9;32.4;28.3;;63.3;39.38;42.27;46.84;50.81;55.97;51.57;32.11;57.57;44.8;50.78;46.85;65.72;38.7;51.49;48.93;70.55;51.39;42.39;47.06;68.33;35.45;60.21;62.91;63.15;58.38;55.31;64.94;48.54;47.86;;53.11;61.17;61.08;59.69;61.84;69.97;59.72;57.3;46.5;61.6
O3;uur;µg/m³;2023-02-06T17:00:00+01:00;2023-02-06T18:00:00+01:00;24.6;30.2;13.2;;57.5;29.99;14.11;39.35;43.08;34.26;40.67;26.88;56.53;38.61;51.41;33.28;58.82;47.95;43.28;38.82;64.32;49.9;31.1;41.47;56.43;28.62;49.82;59.76;53.82;49.02;33.99;50.18;41.34;41.69;;25.09;50.99;54.5;51.78;52.16;61.85;45.83;52.5;41.5;56.4
O3;uur;µg/m³;2023-02-06T18:00:00+01:00;2023-02-06T19:00:00+01:00;1.7;19.1;10.4;;35.2;14.6;4.96;28.52;30.59;35.97;35.13;9.37;50.85;27.59;52.99;17.6;42.37;42.62;24.46;24.36;51.12;26.47;22.97;14.65;44.61;16.81;43.19;53.91;44.53;39.74;28.66;37.72;34.76;32.46;11.29;5.16;31.25;43.11;46.83;32.1;57;30.65;32.9;18.3;44.6
O3;uur;µg/m³;2023-02-06T19:00:00+01:00;2023-02-06T20:00:00+01:00;-1.3;16.6;17.1;;5.1;10.61;2.68;17.47;24.26;25.66;25.43;3.39;33.74;10;34.17;6.16;39.63;28.94;18.25;16.18;36.16;6.86;3.98;9.08;43.33;5.76;43.73;46.44;30.03;27.65;7.64;27.28;25.35;20.14;3.96;3.5;24.05;22.01;37.21;24.55;47.38;19.81;22;18;38.7
O3;uur;µg/m³;2023-02-06T20:00:00+01:00;2023-02-06T21:00:00+01:00;-1.3;12.1;4.6;;0;2.49;6.96;16.7;13.37;20.08;20.38;-0.65;1.69;3.03;20.28;1.9;39.3;29.8;16.95;1.57;20.43;1.36;1.39;9.59;38.34;3.63;28.47;29.55;13.91;15.66;9.14;9.38;21.67;11.87;4.67;1.48;19.83;40.1;37.58;21.4;38.21;12.02;17.8;13.8;30.6
O3;uur;µg/m³;2023-02-06T21:00:00+01:00;2023-02-06T22:00:00+01:00;-1.3;12.6;0.9;;0;3.91;6.91;15.47;27.35;19.18;17.27;-0.68;-0.07;2.82;18.38;0.55;40.11;23.6;7.19;-0.53;16.66;2.37;1.2;8.74;44.92;2.91;29.45;18.46;4.47;5.32;1.98;5.32;19.15;6.15;6.41;1.93;17.33;23.49;27.06;16.56;29.55;18.82;14.3;3;27.1
O3;uur;µg/m³;2023-02-06T22:00:00+01:00;2023-02-06T23:00:00+01:00;-1.3;18.6;0.6;;0;6.8;1.97;13.09;20;8.84;8.91;-0.49;0.76;1.79;10.44;0.82;23.95;18.95;5.43;-0.1;13.28;-0.17;1.09;2.74;26.53;1.4;24.23;10.05;3.13;1.66;1.94;3.74;11.47;13.43;3.41;13.72;17.16;27.28;25.1;12.17;35.47;27.96;0.9;8;23.2
O3;uur;µg/m³;2023-02-06T23:00:00+01:00;2023-02-07T00:00:00+01:00;-1.3;3.7;0.6;;0.5;8.75;6.9;8.62;13.37;1.37;7.58;9.04;-0.12;1.72;18.61;0.7;18.91;18.63;0.86;-0.77;9.2;-0.05;1;2.1;36.53;1.76;16.04;5.12;1.9;3.37;3.22;2.39;3.64;20.42;3.53;28.95;27;32.66;37.78;27.24;33.97;26.29;2.2;5;14
O3;uur;µg/m³;2023-02-07T00:00:00+01:00;2023-02-07T01:00:00+01:00;-1.3;1.3;0.8;;0;6.13;9.09;4;23.45;1.63;4.6;12.89;-0.35;5.87;23.04;0.71;4.79;16.92;1.28;-0.82;5.54;-0.08;0.93;1.46;28.33;2.25;9.63;6.53;1.87;4.09;0.48;6.29;2.34;19.76;2.12;26.85;25.31;31.22;38.84;27.45;25.61;23.66;1.8;1.1;4.6
O3;uur;µg/m³;2023-02-07T01:00:00+01:00;2023-02-07T02:00:00+01:00;-1.3;0.4;0.7;;-0.3;8.97;9.17;4.24;18.24;1.49;1.29;18.69;1.79;15.26;18.93;0.8;3.98;23.97;0.58;-0.95;4.8;-0.32;0.84;3.52;27.2;2.21;9.29;11.85;1.29;5.03;0.18;2.12;2.99;25.76;2.77;33.26;24.19;32.01;34.39;26.92;23.36;25.47;-1;0.6;7.1
O3;uur;µg/m³;2023-02-07T02:00:00+01:00;2023-02-07T03:00:00+01:00;-1.3;2.4;0.8;;0;15.5;8.33;16.12;29.49;1.38;-0.32;15.27;6.29;11.8;15.59;0.68;5.97;18.47;0.57;-0.76;1.32;-0.4;0.87;4.13;16.51;2.12;6.26;3.77;1.11;10.14;1.37;3.89;3.17;24.23;3.02;28.22;21.36;30.69;32.29;26.18;27.18;25.59;-1.5;0.6;10
O3;uur;µg/m³;2023-02-07T03:00:00+01:00;2023-02-07T04:00:00+01:00;-1.3;8.4;0.6;;0;22.71;7.35;19.31;34.72;7.96;0.85;12.42;10.75;9.73;9.31;0.49;22.1;18.02;0.67;-0.76;1.59;-0.11;0.9;8.39;23.74;2;8.31;1.26;2.71;18.54;0.18;4.59;2.11;23.23;0.96;24.85;23.1;21.56;29.02;24.12;29.05;25.76;-1.5;5.3;6.2
O3;uur;µg/m³;2023-02-07T04:00:00+01:00;2023-02-07T05:00:00+01:00;2.4;12.9;1.7;;0;28.17;8.82;24.53;30.81;9.03;1.83;10.78;8.59;5.79;9.1;1.08;15.66;7.31;0.83;1.92;0.95;-0.43;0.86;5.64;29.91;1.33;14.49;1.12;2.86;16.23;5.77;7.82;2.06;16.89;2.31;21.96;22.05;16.14;24.36;21.58;33.29;22.98;9.2;15.9;12.4
O3;uur;µg/m³;2023-02-07T05:00:00+01:00;2023-02-07T06:00:00+01:00;1.6;10.3;4.8;;0;17.24;5.44;13.74;32.47;10.67;0.22;10.17;9.89;7.85;18.53;2.74;8.78;5.83;1.48;9.79;1.2;-0.39;0.92;0.8;24.87;2.02;20;1.87;6.61;13.78;12.77;10.35;4.42;13.88;0.47;15.75;19.84;24.36;23.23;17.33;31.99;20.85;23.9;23.7;20.9
O3;uur;µg/m³;2023-02-07T06:00:00+01:00;2023-02-07T07:00:00+01:00;-1.3;5.5;2.2;;0;16.69;3.25;8.66;27.11;11.57;4.81;6.21;12.37;3.76;16.9;0.4;3.24;5.37;3.98;7.28;3.7;-0.29;0.9;-0.03;27.44;4.62;13.64;2.41;2.72;6.21;14.67;6.35;4.46;10.99;0.54;8.23;15.57;18.27;24.02;13.95;27.63;18.63;21.1;14.5;15.4
O3;uur;µg/m³;2023-02-07T07:00:00+01:00;2023-02-07T08:00:00+01:00;-1.3;3.2;0.5;;0;17.76;1.76;3;27.78;8.36;10.11;-0.09;9.82;1.01;10.25;0.46;1.29;1.4;8.38;10.99;2.31;-0.29;0.89;0.01;27.81;3.78;17.29;0.9;0.41;1.71;11.49;2.34;2.25;4.84;0.75;3.4;15.34;15.41;20.9;8.52;23.17;7.53;5.4;5.6;2.7
O3;uur;µg/m³;2023-02-07T08:00:00+01:00;2023-02-07T09:00:00+01:00;2.3;2.3;0.5;;0;14.02;3.21;1.85;11.19;9.8;12.16;0.88;8.05;1.5;7.35;3.27;2.12;2.26;9.2;14.09;2.77;2.16;1.33;0.38;17.92;2.54;18.29;3.92;1.84;3.24;4.01;4.3;3.68;3.92;1.19;7.47;11.02;11.2;14.49;13.33;20.57;8.72;1.8;1.9;
O3;uur;µg/m³;2023-02-07T09:00:00+01:00;2023-02-07T10:00:00+01:00;7.8;5.7;4.1;;2.7;18.79;9.26;10.36;22.29;11.78;14.21;6.87;11.28;7.08;14.42;10.41;5.08;8.73;12.62;15.71;8.32;4.93;3.18;1.65;23.91;7.8;21.25;8.33;7.08;6.06;6.26;13.15;7.11;10.31;14.35;12.51;19.38;17.75;25.78;24.63;23.12;17.08;9;8.3;10.8
O3;uur;µg/m³;2023-02-07T10:00:00+01:00;2023-02-07T11:00:00+01:00;9.3;7.8;2.7;;9.9;25.59;14.11;27.11;33.76;15.82;17.1;13.05;17.14;16.82;18.29;16.17;7.68;10.5;17.27;19.08;14.38;7.9;4.27;2.45;25.94;17.55;24.22;11.79;14.41;14.71;9.32;19.63;9.53;23.28;17.44;19.18;28.12;24.84;29.94;33.5;31.53;24.52;20.4;18;23
O3;uur;µg/m³;2023-02-07T11:00:00+01:00;2023-02-07T12:00:00+01:00;10.6;9;4.2;;5.2;34.73;23.9;33.55;37.31;22;20.95;25.85;28.55;29.66;20.65;22.27;10.61;13.44;21.95;24.41;16.15;14.36;5.44;3.29;28.11;21.52;36.66;16.01;23.26;21.78;18.73;29.44;13.3;34.48;30.02;36;35.7;30.68;30.58;35.61;38.46;33.86;31;22.9;31.9
O3;uur;µg/m³;2023-02-07T12:00:00+01:00;2023-02-07T13:00:00+01:00;11.3;16.4;7.6;;6.8;39.76;25.96;33.13;36.61;32.31;24.63;33.35;38.1;35.91;26.25;24.84;18.23;18.91;18.31;27.24;21;20.49;14.52;4.63;32.78;27.04;38.67;21.27;26.4;30.83;26.32;33.81;16.39;43.19;44.62;42.11;45.16;34.36;31.62;39.91;40.2;35.54;38;24.7;37.1
O3;uur;µg/m³;2023-02-07T13:00:00+01:00;2023-02-07T14:00:00+01:00;14.6;22.3;8;;8.5;38.95;28.23;35.81;37.16;37.24;26.12;31.38;43.09;39.38;27.96;33.67;26.25;23.11;25.3;27.52;25.54;26.42;20;9.54;34.86;37.09;41.84;27.33;30.97;31.33;25.74;36.97;19.81;45.34;47.38;39.83;42.05;40.28;42.25;42.32;42.3;37.41;44.2;25.4;43.5
O3;uur;µg/m³;2023-02-07T14:00:00+01:00;2023-02-07T15:00:00+01:00;13.8;12.5;16.3;;7.1;37;28.92;33.68;38.65;37.42;30.81;33.1;40.53;40.59;29.34;17.1;19.82;18;32.38;27.01;35.33;32.2;11.55;7.1;38.54;35.28;42.73;37.97;36.51;35.16;31.34;40.77;29.08;46.54;46.13;32.89;40.85;39.24;48.91;44.95;43.13;39.05;44.4;27.5;42.6
O3;uur;µg/m³;2023-02-07T15:00:00+01:00;2023-02-07T16:00:00+01:00;18.2;10.9;10.3;12.8;10.9;34.32;31.34;34.5;40.67;36.6;29.23;32.16;35.2;38.59;35.68;32.65;26.14;17.68;31.37;31.12;45.46;35.19;13.04;9.84;40.45;33.75;41.04;39;34.24;33.03;35.71;43.47;32.63;45.01;46.32;27.76;40.13;39.56;51.08;46.81;42.29;39.09;36;25;43.2
O3;uur;µg/m³;2023-02-07T16:00:00+01:00;2023-02-07T17:00:00+01:00;11.5;12;8.4;11.2;8.3;30.95;27.81;37.39;41.84;31.01;21.56;23.92;29.32;29.42;36.84;46.17;32.49;16.82;32.6;22.28;46;35.24;6.7;14.73;39.64;29.46;37.4;33.2;26.25;25.89;32.5;37.13;29.37;41.94;39.58;16.86;37.98;32.7;44.17;44.56;38.9;39.82;23.4;23.6;27.3
O3;uur;µg/m³;2023-02-07T17:00:00+01:00;2023-02-07T18:00:00+01:00;2.2;8.2;5.9;7.1;2.1;17.72;9.72;29.88;32.86;17.46;9.91;11.66;19.9;13.53;32.2;17.12;27.83;11.61;18.6;18.01;26.72;19.45;2.78;7.15;34.5;18.57;32.62;22.25;16.49;15.94;13.49;26.66;18.62;36.31;19.04;7.07;29.09;23.99;35.44;39.81;36.27;29.43;30.4;7.6;19.7
O3;uur;µg/m³;2023-02-07T18:00:00+01:00;2023-02-07T19:00:00+01:00;-1.3;4.2;2.6;-0.1;0;2.45;4.34;15.37;14.19;4.8;6.5;4.29;10.07;2.38;24.75;0.56;6.5;1.33;7.7;10.98;11.33;4.24;1.39;0.95;19.53;4.14;15.81;15.85;5.07;2.47;1.5;9.81;5.4;22.75;4.74;4.59;19.67;16.09;26.44;25.04;31.17;10.55;7;0.6;15.7
O3;uur;µg/m³;2023-02-07T19:00:00+01:00;2023-02-07T20:00:00+01:00;-1.3;2.2;1.1;-0.3;0;1.12;1.91;9.78;5.48;5.17;0.01;2.82;2.52;3.46;11.59;0.68;3.11;1.99;1.26;1.16;3.42;0.28;2.04;0.7;18.31;2.2;15.46;10.02;0.91;1.17;0.63;2.6;1.47;13.45;7.25;2.19;14.27;9.51;25.72;19.32;25.7;13.96;0.4;2.9;3.6
O3;uur;µg/m³;2023-02-07T20:00:00+01:00;2023-02-07T21:00:00+01:00;-1.3;6.6;2;-0.3;0;3.34;2.14;2.73;15.15;2.34;-1.01;0.19;0.41;1.23;3.8;0.61;2.19;3.64;1.22;1.25;4.29;0.28;1.77;0.8;17.75;2.43;19.66;1.77;1.2;1.36;1.49;3.99;2.32;10.29;2.09;1.65;14.23;5.64;23.8;10.25;24.15;5.26;-1.3;1.9;0.6
O3;uur;µg/m³;2023-02-07T21:00:00+01:00;2023-02-07T22:00:00+01:00;-1.3;2.2;0.9;-0.2;0;2.72;0.54;2.97;16.12;1.4;-0.33;-0.07;0.17;2.13;5.34;0.72;1.66;1.77;2.42;1.5;2.94;1.03;1.3;0.39;9.47;2.17;13.18;1.01;0.95;1.19;0.97;2.71;-0.15;3.7;4.59;1.74;13.46;7.67;16.14;6.29;26.3;4.69;-1.2;1.6;0.1
O3;uur;µg/m³;2023-02-07T22:00:00+01:00;2023-02-07T23:00:00+01:00;-1.3;0.2;1;-1;0;2.53;0.71;2.12;22.16;3.52;0.02;-0.57;-0.08;2.18;5.74;0.7;1.48;1.98;1.17;-0.53;1.38;0.25;0.97;0.62;8.45;2.69;9.32;0.99;1.27;1.22;0.42;2.71;-0.99;1.92;1.96;1.42;11.86;7.53;7.4;5.67;24.27;1.19;-1;1.5;0.1
O3;uur;µg/m³;2023-02-07T23:00:00+01:00;2023-02-08T00:00:00+01:00;-1.3;0.7;0.9;-0.5;0;9.54;0.35;2.65;32.13;1.75;-1.22;-1.06;-0.02;2.73;5.13;0.64;1.93;1.51;0.64;-0.81;0.9;0.3;1.06;0.67;4.83;3.05;5.98;0.99;0.75;1.28;0.64;2.21;-0.83;2.73;1.29;3.85;8.73;10.71;9.82;4.62;17.19;4.01;-1.2;1.2;-0.1
O3;uur;µg/m³;2023-02-08T00:00:00+01:00;2023-02-08T01:00:00+01:00;-1.3;0.1;0.9;-0.4;0;17.92;0.43;2.42;30.93;2.49;-1.39;-1.22;-0.16;1.31;3.38;0.72;1.59;1.19;0.85;-0.82;0.84;-0.01;1.02;0.45;2.3;2.8;2.58;0.77;0.9;1.71;0.75;2.23;-0.82;3.98;0.88;2.99;2.19;8.32;10.94;3.08;19.18;2.49;-1.3;0.5;-0.4
O3;uur;µg/m³;2023-02-08T01:00:00+01:00;2023-02-08T02:00:00+01:00;-1.3;0.2;0.8;-0.5;0;20.41;0.55;5.11;33.81;1.74;-1.21;-1.22;-0.13;1.18;3.08;0.54;1.19;1.03;1.03;-0.71;0.84;-0.09;1.18;0.24;3.58;2.07;3.14;0.75;0.7;1.04;1.08;2.22;-0.65;6.48;1.09;1.35;0.64;11.22;6.73;1.97;23.01;5.36;-1.5;0.5;-0.2
O3;uur;µg/m³;2023-02-08T02:00:00+01:00;2023-02-08T03:00:00+01:00;-1.3;0.2;1;0;0;19.72;2.39;5.27;33.27;1.08;-1.3;-1.13;-0.32;1.12;2.54;0.69;1.2;1.02;1;-0.82;1.37;-0.25;1.17;0.14;3.83;1.49;8.56;0.83;0.57;0.82;2.69;1.99;-0.65;3.9;3;1.02;0.15;6.66;7.37;3.55;20.52;9.1;-1.6;1.3;-0.3
O3;uur;µg/m³;2023-02-08T03:00:00+01:00;2023-02-08T04:00:00+01:00;-1.3;0.3;0.9;-0.5;0;14.49;1.57;4.94;23.23;1.04;-1.2;-1.26;-0.36;1.01;2.05;0.51;1.28;0.89;0.81;-0.92;1.25;-0.34;1.19;0.19;7.55;1.33;7.33;0.64;0.52;1.02;3.42;1.77;-0.76;3.69;4.32;1.1;0.07;7.75;4.82;2.89;22.27;4.81;-1.5;3.6;0.5
O3;uur;µg/m³;2023-02-08T04:00:00+01:00;2023-02-08T05:00:00+01:00;-1.3;0.8;0.9;-1;0;10.03;1.45;4.73;16.61;1.19;-1.2;-0.91;-0.39;0.83;2;0.4;1.21;1;0.71;-1;1.11;-0.3;1.19;0.24;13.43;1.24;6.21;0.45;0.42;1.4;1.09;1.79;-0.68;2.38;2.93;2.06;0.37;8.15;7.98;2.25;22.75;6.06;2;4.5;1.8
O3;uur;µg/m³;2023-02-08T05:00:00+01:00;2023-02-08T06:00:00+01:00;-1.3;0.1;0.8;-0.8;0;6.53;1.37;5.39;9.04;1.13;-1.23;-0.15;-0.39;0.88;2.17;0.43;1.22;0.86;0.69;-0.72;0.97;-0.14;1.18;0.31;13.16;1.25;6.96;0.32;0.36;1.08;4.99;1.72;-0.72;0.73;2.54;0.98;0.9;8.41;9.13;2.73;22.07;5.55;1.6;3.2;0.5
O3;uur;µg/m³;2023-02-08T06:00:00+01:00;2023-02-08T07:00:00+01:00;-1.3;0.3;0.8;-1.4;0;4.18;2.49;5.89;4.74;0.9;-1.36;0.5;-0.35;0.79;2.13;0.56;1.19;0.91;0.69;-0.65;0.93;-0.07;1.31;0.35;9.28;1.37;9.02;0.29;0.51;1.03;4.41;1.96;-0.84;0.22;0.54;1.63;1.87;6.7;8.93;1.04;14.86;1.84;1.6;4.8;2.3
O3;uur;µg/m³;2023-02-08T07:00:00+01:00;2023-02-08T08:00:00+01:00;-1.3;0.8;0.8;-0.4;0;1.31;4.56;3.03;3.07;1.41;-1.23;-0.45;-0.32;1.62;2.17;1.01;1.23;1.1;0.71;-0.5;0.99;0.11;1.52;0.43;2.89;1.84;4.94;0.43;0.61;1.06;1.22;1.97;-0.83;0.19;1.25;17.38;0.52;2.62;2.52;0.03;14.16;1.22;-1.2;2.2;-0.1
O3;uur;µg/m³;2023-02-08T08:00:00+01:00;2023-02-08T09:00:00+01:00;-1.3;1.1;1.1;-0.2;0.1;4.72;6.84;2.75;5.7;5.41;-0.4;1.08;0.81;2.83;3.62;2.04;1.82;2.02;2.27;0.2;2.74;0.69;2.68;0.75;5.37;3.16;7.14;2.56;1.44;2.15;2.76;3.73;1.36;1.75;1.77;18.72;2.62;5.48;6.54;2.28;15.21;3.46;1.3;3.4;1.7
O3;uur;µg/m³;2023-02-08T09:00:00+01:00;2023-02-08T10:00:00+01:00;-0.1;2.3;2.1;0;4.4;15.4;13.76;6.63;12.18;15.67;0.98;9.16;6.88;10.61;6.33;5.52;3.1;4.81;6.96;6.58;9.31;3.15;4.03;1.35;13.7;6.72;15.7;9.26;5.84;6.8;8.77;10.73;6.94;4.74;6.56;24.05;7.91;11.77;14.04;8.58;21.96;9.12;8;7.5;8.5
O3;uur;µg/m³;2023-02-08T10:00:00+01:00;2023-02-08T11:00:00+01:00;3.9;5.5;6.5;1.3;9.4;20.3;20.19;11.66;28.86;24.47;8.21;18.69;14.67;20.93;13.33;9.53;5.58;5.07;9.83;16.16;16.59;6.88;6.54;1.84;26.89;14.15;25.16;16.7;12.08;13.66;13.99;17.73;12.63;18.73;18.92;30.32;20.59;17.03;24.24;14.9;26.22;14.99;16.7;12.4;
O3;uur;µg/m³;2023-02-08T11:00:00+01:00;2023-02-08T12:00:00+01:00;10.7;9.9;10.9;5.6;12.8;32;29.62;19.05;37.19;33.12;18.67;23.57;27.5;32.79;14.3;14.5;10.46;7.66;21.07;24.12;21.52;12.16;14.12;4.47;30.45;19.96;33.9;22.94;16.49;20.41;19.81;23.65;20.16;30.89;30.8;35.9;36.43;29.45;32.85;20.72;31.8;19.43;19;17.3;
O3;uur;µg/m³;2023-02-08T12:00:00+01:00;2023-02-08T13:00:00+01:00;15.2;15;15.1;8.5;18.2;42.23;39.82;39.23;47.34;38.92;36.1;29.84;34.02;33.99;18.68;20.22;17.82;7.24;27.13;30.06;27.18;19.01;18.05;10.32;32.06;27.04;37.08;28.14;19.56;23.5;26.49;27.2;27.13;44.02;39.8;43.65;46.83;33.45;36.17;26.21;39.73;27.41;28.3;27.1;29.7
O3;uur;µg/m³;2023-02-08T13:00:00+01:00;2023-02-08T14:00:00+01:00;21.3;22.1;21.2;20;22;48.68;46.46;45.17;46.8;42.65;46.82;39.5;45.7;35.84;25.51;33.45;23.22;15.05;35.28;34.02;32.83;25.47;21.48;14.3;32.1;35.81;37.77;35.06;24.7;28.12;33.84;32.2;30.4;52.58;48;51.08;50.91;35.73;37.26;35.56;44.74;38.86;25.3;28.4;34.4
O3;uur;µg/m³;2023-02-08T14:00:00+01:00;2023-02-08T15:00:00+01:00;24.8;28.1;29.3;28.8;23;52.41;50.03;41.7;49.45;56.07;55.41;49.21;51.5;44.91;26.63;35.77;30.12;35.53;41.53;38.92;29.81;34.25;30.37;21.79;35.26;33.35;41.09;34.67;29.68;30.95;29.59;39.2;31.09;53.31;52.55;48.72;54.37;42.15;38.86;42.85;46.92;46.68;39;29.8;38.5
O3;uur;µg/m³;2023-02-08T15:00:00+01:00;2023-02-08T16:00:00+01:00;27.3;21.5;26.5;20.1;24.5;49.06;48.9;43.24;52.99;51.45;57.9;48.48;54.69;49.58;33.71;34.45;27.93;20.47;34.7;36.04;29.05;34.96;21.77;21.66;34.65;31.55;40.95;32.22;29.52;35.03;27.67;38.96;29.67;51.41;53.88;37.25;52.78;38.28;35.87;47.09;47.38;47.15;41.1;30;33
O3;uur;µg/m³;2023-02-08T16:00:00+01:00;2023-02-08T17:00:00+01:00;23.3;14.2;13.4;17.2;14.1;45.12;37.17;48.28;52.81;41.85;55.7;46.43;51.44;47.52;26.98;31.03;22.63;7.74;26.34;33.84;26.11;22.74;24.45;11.23;25.17;23.64;31.14;23.5;19.93;26.07;24.54;30.3;25.53;46.69;39.18;45.65;46.32;32.78;25.39;43.56;39.88;38.11;25.6;23;27.2
O3;uur;µg/m³;2023-02-08T17:00:00+01:00;2023-02-08T18:00:00+01:00;3.5;4.5;4;1;6;33.86;29.9;41.66;46.86;32.77;44.68;39.97;36.77;39.6;11.47;15.63;8.25;10.72;16.21;15.17;13.5;6.98;5.14;3.74;23.33;14.96;39.78;12.53;12.19;11.03;7.67;27.55;10.82;36.99;28.9;46.37;34.09;24.14;14.58;35.62;33.74;29.11;2.1;10.3;13.2
O3;uur;µg/m³;2023-02-08T18:00:00+01:00;2023-02-08T19:00:00+01:00;-2;1.5;1.9;-0.2;3.1;32.75;30.97;17.14;34.69;32.56;37.22;25.56;16.44;31.52;2.7;24.78;2.02;1.7;14.65;1.06;4.41;0.3;2.82;0.71;17.24;6.87;28.59;3.92;6.69;3.53;2.64;9.75;0.61;38.64;13.74;37.69;26.63;17.26;9.54;34.5;30.52;18.29;-0.6;4.5;9.7
O3;uur;µg/m³;2023-02-08T19:00:00+01:00;2023-02-08T20:00:00+01:00;-1.8;4.5;1.5;0;0.6;33.56;33.12;10.93;28.82;34.42;30.42;15.84;3.52;15.17;4.52;28.3;1.83;7.82;9.35;1.38;2.6;0.38;4.72;1.49;10.54;3.92;24.03;6.2;5.41;5.49;14.72;8.48;4.68;27.41;5.02;36.7;20.19;8.19;10.66;29.99;34.2;18.66;1.8;3.8;5.3
O3;uur;µg/m³;2023-02-08T20:00:00+01:00;2023-02-08T21:00:00+01:00;4.2;10.2;4.4;4.4;2.6;34.22;19.32;6.4;25.33;26.24;15.07;10.81;16.71;4.9;7.16;25.65;2.04;16.78;10.78;9.44;3.16;0.64;20.29;1.58;5.51;4.75;23.2;14.96;8.35;8;3.75;11.32;4.48;34.16;6.03;44.76;23.71;14.24;12.12;24.39;34.26;16.72;2.8;5.1;4.4
O3;uur;µg/m³;2023-02-08T21:00:00+01:00;2023-02-08T22:00:00+01:00;10.2;9.3;2.1;1.5;1.9;27.9;26.4;10.17;10.21;9.72;18.5;11.76;3.05;4.48;12.06;12.07;2.13;17.72;18.06;16.23;2.74;1.16;2.68;1.91;17.33;10.27;19.85;11.75;3.47;5.61;4.39;6.55;7.6;30.41;1.28;38.48;27;12.72;17.66;22.6;31.91;17.92;2.6;6.9;11.4
O3;uur;µg/m³;2023-02-08T22:00:00+01:00;2023-02-08T23:00:00+01:00;4.5;5.7;1.8;10.8;9.3;30.71;35.16;9.39;7.68;9.48;21.27;18.33;2.73;8.06;24.18;4.94;1.99;14.69;14.78;17.07;2.1;1.07;2.03;1.67;15.77;6.25;13.54;11.69;1.77;1.79;9.23;4.53;4.96;18.66;2.38;39.45;29.09;4.87;23.31;19.55;28.37;26.53;8.3;13.6;16.9
O3;uur;µg/m³;2023-02-08T23:00:00+01:00;2023-02-09T00:00:00+01:00;0.1;6.8;1.6;2.5;6.1;30.14;33.6;8.16;5.28;12.09;19.47;15.33;8.25;8.8;22.85;2.61;1.71;14.78;13.2;11.35;1.7;0.68;3.85;0.87;12.31;5.35;12.48;10.47;1.76;2.04;2.95;6.09;4.22;19.51;10.35;38.24;27.95;7.46;24.03;18.09;25.34;26.03;9.8;14.1;16.5
O3;uur;µg/m³;2023-02-09T00:00:00+01:00;2023-02-09T01:00:00+01:00;1.1;2.9;1.6;3.1;5.1;31.8;33.31;8.65;5.73;13.1;12.64;12.28;10.77;9.96;11.51;2.71;1.61;12.51;11.56;8.73;1.37;0.35;6.61;0.91;11.26;4.65;24.94;9.73;1.97;3.05;1.86;4.38;9.25;21.14;24.04;34.67;24.7;3.45;26.69;17.79;22.92;24.49;16.7;14.7;18
O3;uur;µg/m³;2023-02-09T01:00:00+01:00;2023-02-09T02:00:00+01:00;3.4;1.8;1.3;3.1;7.5;29.66;32.66;11.84;8.27;16.29;1.19;20.07;17.97;16.55;8.58;5.28;1.41;11.5;12.61;6.87;1.38;0;4.15;2.07;11.37;4.95;24.47;11.43;1.29;6.19;8.42;3.67;10.18;20.58;25.31;35.45;23.34;10.04;28.55;21.47;22.09;23.42;14.8;11.6;13.5
O3;uur;µg/m³;2023-02-09T02:00:00+01:00;2023-02-09T03:00:00+01:00;0.8;1.5;1.6;1.8;5.1;;;;;;;;;;;;;;;;;;;;;;;;;;;;;;;;;;;;;;13.2;9;10.3
O3;uur;µg/m³;2023-02-09T03:00:00+01:00;2023-02-09T04:00:00+01:00;-1.8;1.3;1.5;0.5;4;14.56;;8.67;13.9;27.83;0.9;32.75;20.99;31.32;11.78;27.31;1.2;3.13;2.84;7.25;1.36;0.99;1.15;0.36;8.28;2.35;25.34;10.15;14.96;14.02;11.6;17.05;13.04;17.49;33.45;35.5;;22.12;22.92;27.08;;28.28;9.5;7.8;8.5
O3;uur;µg/m³;2023-02-09T04:00:00+01:00;2023-02-09T05:00:00+01:00;0.6;1.9;1.9;1.4;9;8.48;;10.08;12.43;30.8;15.62;37.18;27.47;35.54;24.25;34.18;1.08;5.43;13.31;9.67;1.32;1.08;1.78;0.89;3.38;1.79;25.34;7.8;14.5;15.93;8.5;17.2;10.28;24.46;33.8;36.27;31.84;25.67;20.45;26.86;25.82;27.09;7.1;3.8;4.6
O3;uur;µg/m³;2023-02-09T05:00:00+01:00;2023-02-09T06:00:00+01:00;10.7;3.8;10.7;3.1;13.5;2.87;28.77;22.67;17.61;31.54;23.92;37.52;24.97;35.05;34.08;33.86;1.11;14.14;23.14;16.64;1.22;0.56;7.46;1.54;1.08;1.79;24.16;6.64;20.8;19.93;6.34;22.81;14.73;25.9;32.27;35.68;31.69;29.56;17.89;28.42;24.88;27.62;4.6;4.2;3.8
O3;uur;µg/m³;2023-02-09T06:00:00+01:00;2023-02-09T07:00:00+01:00;14.4;7.5;4.6;2;12.7;0.7;22.43;21.78;11.79;31.4;22.07;33.63;24.05;26.45;33.05;30.56;3.36;11.25;27.04;15.61;1.22;2.78;2.49;0.49;1.09;1.73;21.41;3.33;20.58;14.09;5.87;21.82;13.62;24.65;29.61;31.44;31.83;23.63;17.6;28.19;23.29;27.82;4.2;3.6;3
O3;uur;µg/m³;2023-02-09T07:00:00+01:00;2023-02-09T08:00:00+01:00;10.4;4.5;4;4.8;14.3;0.91;15.33;11.51;12.57;28.83;9.48;22.66;14.87;13.7;30.52;25.08;3.27;4.77;27.04;6.22;2.47;4.5;2.23;0.3;0.2;1.76;21.02;2.66;13.41;6.81;5.09;18.07;9.38;20.56;24.76;25.05;31.78;16.13;15.04;27.39;21.75;22.16;1.3;1.5;0.4
O3;uur;µg/m³;2023-02-09T08:00:00+01:00;2023-02-09T09:00:00+01:00;10.3;3.2;8.9;14.1;11.5;2.95;16.98;12.02;20.25;24.07;6.46;13.29;10.16;11.34;26.03;22.5;3.82;11.76;22.22;5.85;3.27;6.39;3.61;1.16;3.07;3.01;21.04;7.64;8.36;4.32;5.13;11.95;12.88;18.15;20.93;19.6;30.37;20.84;17.05;28.69;21.85;18.67;3.6;2.6;2.3
O3;uur;µg/m³;2023-02-09T09:00:00+01:00;2023-02-09T10:00:00+01:00;13.2;5.7;9.6;12.4;14.2;8.24;20.67;34.93;36.62;27.38;13.16;18.58;13.91;23.51;25.03;21.69;8.58;9.99;22.91;13.17;8.78;18.13;8.38;4.83;9.32;7.88;23.38;15.77;12.87;10.93;10.97;17.1;15.72;21.46;29.57;27.65;32.83;27.54;19.9;32.75;24.38;21.63;9.3;6.3;8.1
O3;uur;µg/m³;2023-02-09T10:00:00+01:00;2023-02-09T11:00:00+01:00;15.9;8.6;6.8;8.9;13.1;19.88;28.6;38.54;44.69;30.03;15.11;27.51;15.83;31.38;20.98;21.79;13.14;11.68;25.26;24.9;13.74;17.09;10.31;9.24;12.14;11.72;25.76;21.41;17.24;16.82;15.7;22.46;17.34;29.79;31.9;30.75;32.5;29.05;19.97;34.52;25.43;26.13;11.9;7.6;10.2
O3;uur;µg/m³;2023-02-09T11:00:00+01:00;2023-02-09T12:00:00+01:00;19.1;9.9;8.9;9.3;10.5;39.24;33.62;42.35;50.07;31.73;21.39;30.22;19.74;33.07;21.5;21.87;15.05;12.97;22.78;25.19;21.98;15.15;10.68;9.72;11.96;17.22;26.72;20.3;17.48;17.62;17.53;22.92;17.87;32.33;32.95;31.73;33.98;30.1;16.09;35.2;25.16;25.54;14;8.4;12.4
O3;uur;µg/m³;2023-02-09T12:00:00+01:00;2023-02-09T13:00:00+01:00;18.9;10.9;7.6;10.1;9.5;39.21;37.27;45.02;53.92;32.22;23.42;31.7;18.26;33.42;21.94;23.55;13.15;14.53;22.13;24.31;24.62;15.88;12.89;9.54;9.96;17.92;27.09;20.65;18.13;19.28;18.1;24;21.34;32.41;27.07;32.41;31.06;28.78;18.36;34.85;25.86;25.11;16.7;11.1;14.1
O3;uur;µg/m³;2023-02-09T13:00:00+01:00;2023-02-09T14:00:00+01:00;18;12.1;7.3;8.3;9.2;37.78;37.15;42.39;49.46;30.05;23.73;30.91;17.62;32.19;20.36;25.15;7.86;14.16;21.26;22.7;20.73;10.82;8.73;5.63;7.73;26.5;27.44;18.81;18.37;18.55;14.68;24.16;21.83;29.06;26.45;29.81;30.4;27.55;11.64;34.81;23.92;24.14;8.8;8.6;12
O3;uur;µg/m³;2023-02-09T14:00:00+01:00;2023-02-09T15:00:00+01:00;12.6;6.6;4.8;1.2;7.3;42.34;33.23;46.46;48.28;26.91;22.98;27.66;16.04;30.04;17.28;27.38;4.46;8.26;20.87;19.22;40.4;5.33;3.04;2.64;5.83;21.42;19.84;11.74;14.02;14.11;9.51;20.1;17.81;29.36;25.14;30.32;28.7;21.94;9.85;32.15;19.75;21.66;4.2;3.8;4.9
O3;uur;µg/m³;2023-02-09T15:00:00+01:00;2023-02-09T16:00:00+01:00;6.9;2.9;2.6;-0.3;16.5;40.07;29.73;41.94;49.3;27.04;17.38;23.58;24.11;26.07;21.24;27.24;21.73;3.81;18.43;13.07;46.18;5.17;1.47;6.74;14.92;26.29;13.23;7.04;9.31;8.2;5.33;13.04;8.97;27.65;15.48;25.23;24.37;15.8;8.96;26.23;18.31;16.75;1.3;1.9;1.4
O3;uur;µg/m³;2023-02-09T16:00:00+01:00;2023-02-09T17:00:00+01:00;3.7;1.6;1.1;6.6;30.4;33.6;26.41;37.44;43.11;22.72;16.23;18.63;14.51;21.91;37.9;24.01;40.84;1.68;12.22;8.73;46.59;19.21;3.89;28.27;38.06;29.48;11.65;2.82;4.05;4.58;2.6;7.51;4.01;24.63;8.85;20;16.71;11.29;11.92;20.78;16.53;12.32;0;1.5;0.6
O3;uur;µg/m³;2023-02-09T17:00:00+01:00;2023-02-09T18:00:00+01:00;2.9;1.2;2.2;3.9;14.7;23.17;20.18;30.01;33.16;17.49;13.38;15.63;5.98;17.08;43.12;21.31;46.28;1.15;5.21;2.25;54.87;32.27;1.41;31.88;60.57;30.85;4.76;1.29;1.28;1.6;0.78;3.5;0.37;20.47;5.21;11.77;11.53;5.51;7.19;17.05;10.79;7.25;-0.7;2;-0.3
O3;uur;µg/m³;2023-02-09T18:00:00+01:00;2023-02-09T19:00:00+01:00;10.3;1.1;0.7;2.6;29.1;20.61;16.88;18.25;26.95;11.7;6.59;15.37;-0.22;17.23;44;20.04;42.63;0.94;1.33;-0.52;61.27;25.23;3.97;22.63;59.64;33.17;1.19;0.4;0.35;1.12;0.25;1.89;-1.07;16.91;2.09;8.67;9.17;2.42;23.65;14.11;9.08;4.83;4.6;13.9;1.6
O3;uur;µg/m³;2023-02-09T19:00:00+01:00;2023-02-09T20:00:00+01:00;7.6;0.2;0.8;2;35.3;18.97;12.84;24.12;29.91;7.88;4.36;13.52;0.68;17.92;40.18;15.11;36.6;1.69;5.82;-0.82;62.57;10.68;4.13;17.35;51.85;20.24;0.8;0.56;0.35;1.02;0.28;1.85;-0.81;11.58;1.34;6.74;3.3;1.1;49.03;10.76;20.87;9.38;22.1;20;8.5
O3;uur;µg/m³;2023-02-09T20:00:00+01:00;2023-02-09T21:00:00+01:00;13.2;1.7;1.1;0.9;26.2;24.43;9.67;25.9;29.92;3.76;0.74;8.87;-0.4;14.71;50.73;11.97;43.23;2.62;23.94;-0.31;61.83;4.85;3.2;25.49;48.03;15.98;0.86;7.09;0.67;0.9;1;1.94;-0.91;7.73;0.65;3.55;2.73;0.81;44.73;7.92;37.32;13.33;26.4;17.4;16.6
O3;uur;µg/m³;2023-02-09T21:00:00+01:00;2023-02-09T22:00:00+01:00;27.4;2.9;5.8;-0.2;17;21.05;7.13;27;33.56;1.5;0.78;7.02;-0.41;11.08;51.62;10.17;38.66;2.3;35.97;0.26;55.68;1.08;8.84;17.97;47.44;25.22;1.17;9.39;0.5;0.84;12.28;1.96;-0.59;4.24;0.34;1.68;1.36;0.86;43.46;8.28;42.84;19.82;36.3;27.4;17.4
O3;uur;µg/m³;2023-02-09T22:00:00+01:00;2023-02-09T23:00:00+01:00;32.8;8.8;8.4;0;3.5;17.98;9.8;22.26;29.39;1.25;-0.22;3.23;-0.5;8.12;55.19;6.02;36.04;2.24;39.32;2.38;48.06;0.43;10.98;11.37;41.39;24.29;1.36;1.97;0.56;1.38;17.59;2;-0.77;2.12;0.84;0.9;0.43;1.48;39.26;3.51;47.8;30.07;40.1;25.7;16.2
O3;uur;µg/m³;2023-02-09T23:00:00+01:00;2023-02-10T00:00:00+01:00;24.7;1.1;5.1;0.7;0;18;4.82;20.39;26.56;2.35;-1.06;1.21;-0.49;5.31;50.01;5.99;29.59;0.76;40.57;10.48;54.17;0.18;9.27;6.46;45.6;29.88;9.99;0.78;0.53;2.12;12.69;2.05;-0.81;0.96;6.49;0.8;0.22;6.35;41.69;4.87;49.29;35.13;38.9;27.3;7.9
O3;uur;µg/m³;2023-02-10T00:00:00+01:00;2023-02-10T01:00:00+01:00;23.5;1.5;4.6;0.3;10.9;18.14;1.89;23.93;28.11;2.09;-1.15;-0.65;1.34;2.22;46.7;4.1;26.33;0.65;42.3;14.09;56.09;0.4;9.93;5.75;45.46;34.58;22.92;0.45;0.47;1.18;10.49;1.99;-0.52;0.23;11.38;0.72;0.44;13.7;38.68;13.27;42.71;38.66;41.7;39.8;30
O3;uur;µg/m³;2023-02-10T01:00:00+01:00;2023-02-10T02:00:00+01:00;30.1;2.9;8.4;3.4;5.3;17.27;1.74;24.05;30.93;1.07;0.13;-0.44;5.91;1.24;35.91;4.28;34.03;1.56;41.85;27.72;50.27;-0.08;22.22;4.87;46.75;33.41;27.65;0.26;0.24;0.68;1.39;1.82;6.59;0.16;12.38;0.67;7.99;21.04;41.77;22.11;41.98;39.6;21.6;35.7;18.7
O3;uur;µg/m³;2023-02-10T02:00:00+01:00;2023-02-10T03:00:00+01:00;30.2;1.1;0.6;0;2.6;19.47;1.87;22.07;31.52;0.96;0.07;-0.46;4.07;1.35;7.99;7.27;1.43;2.32;41.78;20.59;45.19;-0.04;1.88;-0.21;37.12;39.04;30.55;0.21;0.35;4.42;-0.24;3.15;13.55;0.12;8.87;4.46;14.68;23.22;40.37;22.04;41.64;38.95;18.3;38.3;26
O3;uur;µg/m³;2023-02-10T03:00:00+01:00;2023-02-10T04:00:00+01:00;28;1.7;1.3;0.2;8.3;20.55;3.68;21.21;31.63;1.2;-0.97;-0.46;-0.7;2;1.5;7.47;0.48;5.82;25.27;6.14;35.11;-0.12;0.21;-0.3;38.37;37.37;30.27;5.94;2;3.68;4.55;7.79;17.17;0.34;2.98;6.2;13.21;28.31;40.17;20.21;41.21;38.96;12.8;39.4;22.2
O3;uur;µg/m³;2023-02-10T04:00:00+01:00;2023-02-10T05:00:00+01:00;12.3;1.2;9.9;2.8;8.4;18.63;5.35;20.5;29.83;1.31;-1.09;0.69;-1;3.54;1.4;6.28;1.03;2.46;2.96;1.62;20.53;0.11;0.31;-0.03;32.81;27.79;21.77;6.82;19.06;13.46;9.44;17.17;10.93;0.27;1.68;3.1;13.86;32.33;38.49;20.9;39.26;38.78;15.2;17.7;9
O3;uur;µg/m³;2023-02-10T05:00:00+01:00;2023-02-10T06:00:00+01:00;-2;0.1;1;-0.2;6;8.84;5.28;15.09;28.75;1.33;-1.15;3.54;-1.06;9.16;5.01;6.97;0.48;0.1;0.48;-1.38;18.51;-0.15;0.43;0;34.23;21.66;15.03;8.25;18.56;7.64;2.84;25.58;3.41;1.44;3.86;1.09;13.9;30.51;36.99;23.97;36.07;38.21;11.5;12;-0.2
O3;uur;µg/m³;2023-02-10T06:00:00+01:00;2023-02-10T07:00:00+01:00;-2;0.2;0.4;-1;3.6;6.97;7.76;20.19;25.76;2.79;-1.26;7.07;-1.05;13.5;6.84;5.28;0.38;0.33;1.33;-1.08;6.84;-0.2;0.39;-0.15;17.11;10.12;5.47;8.62;5.52;1.3;5.03;10.38;-1.31;2.11;8.97;0.59;6.89;24.37;36.57;25.96;35.47;36.56;3.6;4.2;-0.4
O3;uur;µg/m³;2023-02-10T07:00:00+01:00;2023-02-10T08:00:00+01:00;-2;0.1;0.4;-0.6;0;2.05;10.74;21.03;19.31;6.81;-1.35;9.34;-0.92;14.76;6.02;2.73;0.42;0.27;0.48;-1.4;3.2;-0.12;0.5;-0.33;15.35;2.92;5.96;0.28;1.39;0.48;0.02;3.82;-1.36;2.21;2.94;0.56;3.56;14.12;36.48;25.57;32.36;29.64;-0.7;0.5;-0.8
O3;uur;µg/m³;2023-02-10T08:00:00+01:00;2023-02-10T09:00:00+01:00;-1.1;0.7;1;0.1;1.2;8.73;14.8;24.01;17.06;12.34;-0.47;15.79;0.22;19.42;8.09;3.97;0.98;1.48;5.18;-0.18;3.24;0.76;1;0.17;9.81;3.74;7.53;1.73;2.57;1.7;0.73;6.36;0.43;4.25;3.3;4.34;9.76;12.93;31.56;25.79;29.75;28.17;0.2;1.6;0.2
O3;uur;µg/m³;2023-02-10T09:00:00+01:00;2023-02-10T10:00:00+01:00;2.3;2.5;3.8;3.5;7.6;15.76;20.2;26.13;31.18;15.8;0.85;20.66;2.82;21.3;11.39;5.98;3;6.97;9.02;1.85;7.07;6.01;4.03;1.83;19.11;8.26;11.94;6.78;7.17;4.74;4.47;11.28;3.86;8.29;7.97;9.48;14.15;19.34;28.52;24.32;32.27;30.26;4.4;3.9;3.5
O3;uur;µg/m³;2023-02-10T10:00:00+01:00;2023-02-10T11:00:00+01:00;5.9;5.1;6.4;5.9;14.5;20.85;26.64;25.04;34.93;20.1;1.27;22;6.52;19.93;13.33;9.31;9.38;9.52;13.82;3.42;15.65;12.23;7.73;4.12;27.98;16.76;17.21;11.15;9.5;9.4;9.16;15.48;5.49;14.06;13.62;17.68;17;22.31;28.8;23.71;36.86;33.39;8.9;6.6;6.1
O3;uur;µg/m³;2023-02-10T11:00:00+01:00;2023-02-10T12:00:00+01:00;9.9;8;10;10.1;20.8;24.28;32.96;26.28;37.04;21.19;7.13;24.81;9.42;26.1;16.29;9.83;20.57;14.82;19.76;5.76;36.5;19.74;10.82;8.25;46.2;27.9;23.36;15.51;14.73;16.09;14.42;21.62;11.15;19.14;19.02;26.59;18.91;25.98;37.02;30.76;45.59;36.63;19.8;12.9;10.1
O3;uur;µg/m³;2023-02-10T12:00:00+01:00;2023-02-10T13:00:00+01:00;15.4;11.7;10.4;15.5;24;33.97;39.97;41.34;46.9;28.06;12.55;32.44;13.14;34.79;22.39;16.73;30.16;15.41;25.84;13.89;48.21;23.3;15.68;17.48;67.53;51.85;30.78;20.47;18.93;20.41;20.2;25.92;16.18;22.18;26.82;36.62;23.51;30.73;33.25;39.66;53.89;41.84;28.1;19.9;18.1
O3;uur;µg/m³;2023-02-10T13:00:00+01:00;2023-02-10T14:00:00+01:00;23.1;12.3;18.1;21;43.5;47.37;46.95;61.97;55.49;31.74;22.89;38.49;17.13;42.22;27.4;28.84;51.29;21.27;25.3;24.62;41.88;46.12;22.12;36.94;63.32;50.37;39.84;24.01;21.95;24.94;22.2;28.89;23.01;27.43;39.78;50.89;30.54;37.15;33.43;45.95;62.89;49.71;31.6;29.9;27.2
O3;uur;µg/m³;2023-02-10T14:00:00+01:00;2023-02-10T15:00:00+01:00;26.2;21.5;23.6;26;38;59.45;54.65;65.96;72.14;39.48;31.85;44.17;27.19;42.36;38;43.21;59.73;34.91;27.12;32.07;51.72;62.77;22.82;44.47;54.06;52.09;52.46;28.23;25.02;26.12;22.62;32.46;30.77;31.85;46.11;60.62;43.8;44.84;50.8;54.97;66.82;56.53;55.7;56.2;59.5
O3;uur;µg/m³;2023-02-10T15:00:00+01:00;2023-02-10T16:00:00+01:00;28.3;18.3;15.6;21.9;31.2;62.37;56.57;65.26;70.96;45.44;34.3;45.31;29.6;47.35;60.53;45.59;47.25;23.24;32.6;40.55;50.51;49.53;18.22;32.13;64.46;51.54;45.58;44.12;27.73;27.31;32.12;33.94;34.6;39.88;42.28;45.49;50.41;52.99;52.29;56.07;67.41;57.63;57.8;53.6;58.6
O3;uur;µg/m³;2023-02-10T16:00:00+01:00;2023-02-10T17:00:00+01:00;40.2;26;30.4;25.2;30.7;58.33;52.01;53.7;63.67;45.45;28.95;46.31;25.48;46.82;62.97;41.72;38.43;30.75;31.13;39.73;35.99;42.21;40.41;23.12;62.3;44.15;30.09;28.05;26.21;27.45;21.18;30.42;32.07;54.35;33.53;40.46;50.85;41.35;55.19;57.75;57.49;48.83;57.3;53.9;56.8
O3;uur;µg/m³;2023-02-10T17:00:00+01:00;2023-02-10T18:00:00+01:00;48.8;30;38.1;27;29.2;46.7;43.91;43.81;51.41;41.53;23.13;41.98;23.17;43.03;52.83;31.76;35.61;43.66;56.96;38.39;35.88;40.85;45.27;25.52;59.16;39.45;25.96;32.33;22.4;26.4;14.98;28.97;30.33;39;30.51;42;37.13;29;56;44.55;60.52;40.44;48.5;47.5;48.4
O3;uur;µg/m³;2023-02-10T18:00:00+01:00;2023-02-10T19:00:00+01:00;47.8;29.5;33.5;10.7;33;50.29;43.92;48.19;53.59;36.72;3.43;36.9;20.8;40.28;49.97;27.91;36.77;41.69;38.81;23.53;43.57;35.72;43.56;21.44;59.33;42.63;26.34;45.82;25.06;28.76;40.53;34.62;32.24;38.15;27.85;40.14;28.22;24.44;41.71;41.05;58.09;44.77;33.3;40.2;34.8
O3;uur;µg/m³;2023-02-10T19:00:00+01:00;2023-02-10T20:00:00+01:00;51.8;41.5;40;7.3;34.3;46.38;42.79;44.19;48.44;33.1;7.37;36.05;18.98;38.93;59.26;39.52;48.99;49.18;50.11;17.75;46.4;43.11;56.07;31.61;59.16;44.97;35.16;48.52;31.23;33.54;40.1;40.58;29.36;41.4;27.52;38.17;31.61;22.88;53.22;32.41;57.13;48.23;31.7;40;35.7
O3;uur;µg/m³;2023-02-10T20:00:00+01:00;2023-02-10T21:00:00+01:00;59.3;43;40.4;25.9;42.4;40.49;39.21;44.34;48;30.49;33.02;34.9;16.05;36.5;49.32;52.09;52.81;54.98;55.52;18.76;51.76;41.65;53.69;39.52;42.84;49.3;45.62;55.99;33.73;34.65;50.01;38.47;36.76;38.35;24.12;34.54;31.59;33.21;54.08;26.98;51.11;46.8;44.3;46.6;44.6
O3;uur;µg/m³;2023-02-10T21:00:00+01:00;2023-02-10T22:00:00+01:00;58.8;41.6;43.5;30.5;40.6;40.02;36.02;44.01;50.58;30.43;44.07;34.01;24.89;35.34;63.18;55.89;52.82;54.09;48.04;24.14;53.7;52.28;47.23;41;39.68;50.78;50.03;53;44.69;50.37;47.04;50.74;54.81;35.19;20.53;32.21;30.37;37.58;40.42;29.95;48.64;48.91;49.2;48.9;46.8
O3;uur;µg/m³;2023-02-10T22:00:00+01:00;2023-02-10T23:00:00+01:00;58;39.4;41.6;24.7;26.9;42.18;37.46;42.31;49.73;37.17;48.72;36.79;48.7;35.97;64.4;59.58;51.52;49.09;59.68;43.11;55.95;47.27;50.86;41.22;46.97;43.12;47.24;49.85;47.78;53.64;42.12;52.8;50.59;32.3;22.37;28.36;28.35;40.66;37.56;36.65;46.81;43.29;45.8;46.5;47.5
O3;uur;µg/m³;2023-02-10T23:00:00+01:00;2023-02-11T00:00:00+01:00;53.6;35.1;33.5;23.5;27;43.55;43.12;41.75;49.88;40.7;51.84;43.42;49.05;46.42;66.13;59.37;50.1;40.83;62.65;49.13;51.19;37.71;40.41;43.07;51.99;48.32;46.57;45.31;42.54;46.71;39.72;47.99;51.82;28.05;33.19;28.52;31.27;45.13;44.76;39.95;52.42;41.14;46.8;47;44.3
O3;uur;µg/m³;2023-02-11T00:00:00+01:00;2023-02-11T01:00:00+01:00;51.5;31.6;34.6;15.4;22.1;43.12;44.34;43.16;47.61;40.23;54.67;46.39;52.83;48.86;62.36;56.26;42.24;41.37;60.81;48.6;44.87;31.22;36.89;40.59;51.15;50.35;47.16;37.38;44.47;49.64;37.34;49.55;53.1;27.41;43.87;35.66;38.91;42.49;47.81;41.27;49.7;41.77;41.2;44.6;43.5
O3;uur;µg/m³;2023-02-11T01:00:00+01:00;2023-02-11T02:00:00+01:00;48.9;28.8;19;13.5;13.2;41;43.79;42.35;48.38;45.19;51.74;46.86;55.59;47.87;56.38;52.68;45.42;29.34;58.1;49.1;40.08;30.99;38.16;42.07;46.61;48.2;44.36;30.87;47.49;51.94;34.91;52.86;51.57;33.87;50.25;47.4;43.82;44.02;45.65;42.07;48.22;45.07;39.8;42.6;39.9
O3;uur;µg/m³;2023-02-11T02:00:00+01:00;2023-02-11T03:00:00+01:00;40.5;17.4;20.3;18.2;7.2;41.65;43.62;39.4;43.13;43.75;49.74;48.1;53.59;48.98;52.73;51;40.95;28.6;53.81;48.43;45.21;34.66;37.47;42.12;47.8;33.66;40.62;23.92;44.86;48.03;27.9;49.37;49.29;40.5;48.27;49.71;42.55;40.76;43.19;41.97;46.12;44.5;36;36.3;34.3
O3;uur;µg/m³;2023-02-11T03:00:00+01:00;2023-02-11T04:00:00+01:00;38.8;10.2;11.2;7.5;20;46.22;45.07;43.49;45.18;41.91;45.81;50.46;47.68;50.86;49.76;47.13;34.05;15.3;49.66;42.82;38.71;29.04;27.82;33.71;44.84;40.9;38.05;19.82;39.5;44.35;22.89;44.16;45.83;40.98;47.29;49.98;42.31;39.57;43.22;42.73;45.72;41.27;30.7;33.7;36.9
O3;uur;µg/m³;2023-02-11T04:00:00+01:00;2023-02-11T05:00:00+01:00;41.1;18.7;2.8;1;7.7;49.36;44.85;44.9;46.34;43.92;41.49;50.21;43.26;50.98;45.82;39.63;32.22;20.43;44.12;38.05;37.14;30.22;20.99;33.88;42.17;39.98;34.35;20.52;40.21;42.34;20.99;44.63;37.75;41.75;46.64;48.39;40.81;37.2;41.91;41.89;47.11;39.3;34.6;35.4;33.6
O3;uur;µg/m³;2023-02-11T05:00:00+01:00;2023-02-11T06:00:00+01:00;38.3;6.8;10.6;0.5;11.9;49.67;43.28;44.05;47.4;43.46;41.55;48.08;40.3;48.36;35.91;37.48;36.14;16.88;37.73;32.93;29.96;21.84;34.66;33.37;38.45;39.6;33.46;23.1;34.69;37.64;21.46;39.32;28.66;41.53;41.15;43.87;37.77;32.97;35.22;40.69;46.63;38.34;30.9;33.9;31.7
O3;uur;µg/m³;2023-02-11T06:00:00+01:00;2023-02-11T07:00:00+01:00;26.7;5.5;14;0;9.4;50.24;40.59;42.73;48.98;39.95;41.21;44.69;33.51;45.11;34.98;34.44;25.92;9.96;35.62;32.67;33.41;9.24;27.24;22.33;33.13;41.52;31.05;18.56;29.4;31.04;19.19;33.71;27.21;38.71;36.76;36.44;37.3;33.81;33.28;40.08;47.03;37.35;30.5;33.3;31.3
O3;uur;µg/m³;2023-02-11T07:00:00+01:00;2023-02-11T08:00:00+01:00;23.9;14.9;16.1;0;4.8;48.37;36.42;43.78;48.74;34.78;33.95;40.11;27.01;41.51;33.64;27.94;31.61;6.19;20.68;23.12;39.18;14.18;13.67;25.1;34.44;40.82;28.81;10.96;20.8;22.68;13.35;24.29;26.82;36.29;32.19;34.02;34.57;35.96;36.94;37.81;46.7;39.14;34.3;31.6;31.6
O3;uur;µg/m³;2023-02-11T08:00:00+01:00;2023-02-11T09:00:00+01:00;22.5;14;15.7;3.5;9;45.36;33.98;41.8;45.63;30.37;25.73;35.61;18.32;37.04;29.96;27.29;26.26;2.18;23.04;17.72;44.75;24.86;15.64;26.21;40.69;37.88;29.87;15.78;13.44;16.09;13.16;16.33;18.65;32.02;27.43;28.66;30.12;34.07;34.33;36;46.85;39.27;33.2;30.8;29
O3;uur;µg/m³;2023-02-11T09:00:00+01:00;2023-02-11T10:00:00+01:00;16.2;14;12.3;1.4;24.9;42.19;32.52;37.97;42.54;27.35;24.96;30.36;16.16;33.81;29.16;27.07;33.1;2.86;27.87;19.55;42.15;28.92;13.71;27.48;45.56;37.55;31.94;23.16;10.76;13.01;18.89;14.87;13.97;29.04;24.71;24.77;29.17;35.12;41.38;39.26;49.62;42.17;33.6;30.6;30.2
O3;uur;µg/m³;2023-02-11T10:00:00+01:00;2023-02-11T11:00:00+01:00;16.9;10.3;11.7;0.6;14.3;39.58;27.41;37.05;38.88;25.51;21.19;27.17;14.31;30.21;29.89;30.28;36.61;2.95;27.42;19.23;48.63;39.3;16.4;38.12;47.23;41.24;36.26;31.01;11.82;11.16;23.86;14.89;13.42;27.72;26.69;27.69;31.13;36.59;48.07;41.12;51.14;41.81;37.6;37.4;30.5
O3;uur;µg/m³;2023-02-11T11:00:00+01:00;2023-02-11T12:00:00+01:00;23.9;12.6;14;8.9;13.8;35.43;27.39;34.21;35.95;25.2;16.42;24.16;15.55;26.43;36.78;31.65;38.99;4.78;32.03;21.66;49.63;39.73;16.8;37.3;53.63;47.6;38.64;39;12.38;12.13;32.7;17.1;13.15;26.8;28.2;27.32;36.85;37.74;49.83;44.88;55.79;46.46;41.3;37.3;39
O3;uur;µg/m³;2023-02-11T12:00:00+01:00;2023-02-11T13:00:00+01:00;19.7;10.8;11;13;20.3;34.35;29.12;31.54;33.99;25.74;21.86;21.32;20.84;24.77;35.74;31.23;36.8;14.47;35.71;22.06;46.59;39.1;14.07;34.76;55.4;46.33;45.38;47.33;27.44;17.61;41.72;32.97;13.93;28.06;34.4;29.13;41.1;40.99;53.07;47.64;61.35;51.07;39.8;37.4;42.5
O3;uur;µg/m³;2023-02-11T13:00:00+01:00;2023-02-11T14:00:00+01:00;14.1;19.9;20.5;9;16.7;33.54;30.05;30.4;30.85;28.2;18.6;21.77;22.69;24.5;40.48;33.35;39.73;29.83;38.62;24.17;51.97;42.11;19.54;36.06;56.42;47.5;50.94;50.32;41.3;45.95;43.22;51.02;21.87;29.73;45.99;32.55;46.48;45.03;52.93;48.41;63.53;57.67;38.5;39.3;45.4
O3;uur;µg/m³;2023-02-11T14:00:00+01:00;2023-02-11T15:00:00+01:00;13.1;24.8;25.9;9.5;6.2;33.33;31.6;27.44;32.19;30.78;21.03;22.93;27.27;24.59;43.67;32.35;44.75;36.28;39.38;25.73;54.83;51.52;24.99;42.16;55.24;49.82;52.18;52.11;46.96;52.61;47.19;53.17;49.73;27.3;51.57;32.51;54.39;51.34;53.93;53.97;63.18;57.72;36.6;35.7;47.8
O3;uur;µg/m³;2023-02-11T15:00:00+01:00;2023-02-11T16:00:00+01:00;7.1;37.4;38.1;8.8;8.8;30.2;30.05;26.62;31.39;30.55;14.71;21.65;40.9;23.33;45.01;35.11;47.56;49.6;37.99;25.24;56.31;52.86;24.89;44.42;56.52;53.57;55.25;53.55;47.01;52.93;46.68;52.94;50.62;37.3;51.52;31.5;55.67;57.12;52.41;53.55;62.79;54.51;29.9;30;48.1
O3;uur;µg/m³;2023-02-11T16:00:00+01:00;2023-02-11T17:00:00+01:00;9.9;32.2;31;8.8;8.1;26.43;28.27;24;30.65;30.31;10.17;18.76;44.52;18.22;46.33;30.99;47.04;46.88;39.3;16.01;58.19;52.32;29.95;44.22;55.66;49.17;53.44;52.02;42.42;49.17;45.57;51.42;46.37;43.02;45.38;25.7;56.15;54.43;52.53;54.41;62.61;53.14;29.3;34.4;48.6
O3;uur;µg/m³;2023-02-11T17:00:00+01:00;2023-02-11T18:00:00+01:00;6.1;22.1;17.5;4.7;2.5;21.72;24.43;22.96;27.48;34.62;9.51;10.82;41.47;14.15;49.61;30.79;34.36;36.31;45.81;15;60.52;43.52;16.24;33;55.7;45.45;49;50.36;39.3;48.01;39.97;51.19;42.05;37.52;40.32;18.37;49.81;50.18;49.32;52.27;61.87;50.91;35.9;35.7;45.9
O3;uur;µg/m³;2023-02-11T18:00:00+01:00;2023-02-11T19:00:00+01:00;2.5;14;8.8;3.3;9.8;19.24;17.35;20.19;23.22;34.79;2.78;9.2;32.48;10.29;49.14;26.98;38.93;25.55;47.52;9.83;60.49;41.04;6.53;33.79;53.95;45.44;49.06;45.67;36.94;38.54;30.73;48.41;36.48;26.55;41.84;13.09;48.31;42.32;51.39;51.86;58.23;52.27;44.4;43.8;38.4
O3;uur;µg/m³;2023-02-11T19:00:00+01:00;2023-02-11T20:00:00+01:00;16.2;5.3;11;0.7;7.3;17.76;10.84;17.3;21.8;32.1;1.17;7.47;46.51;7.81;47.19;26.76;46.98;13.92;45.91;11.79;58.54;42.16;1.41;40.08;47.47;46.93;34.84;44.07;35.43;23.99;29.32;44.55;33.27;22.45;41.59;11.03;48.24;42.29;48.77;53.02;49.41;49.84;45.7;46.2;38.7
O3;uur;µg/m³;2023-02-11T20:00:00+01:00;2023-02-11T21:00:00+01:00;4.9;4.4;15.3;29.7;7.7;15.57;3.78;13.41;20.11;35.87;6.1;6.69;53.59;4.22;59.18;27.43;40.97;19.29;49;18.7;59.3;34.08;13.97;34.44;43.25;45.27;23.71;41.23;29.81;25.03;26.48;42.92;25.79;26.3;40.8;10.19;46.32;43.68;42.06;45.83;44.2;52.27;45.1;44.8;39.6
O3;uur;µg/m³;2023-02-11T21:00:00+01:00;2023-02-11T22:00:00+01:00;12;7.1;14;1.9;3.3;14.05;2.85;13.27;18.84;43.62;11.51;8.75;53.09;7.15;65.64;52.58;42.29;23.37;51.89;26.17;52.55;35.04;22.94;33.85;45.7;49.02;28.29;33.49;33.44;24.84;26.21;39.59;28.26;28.98;42.92;15.73;43.92;39.38;45.26;42.98;42.35;44.9;37.3;35.2;41.1
O3;uur;µg/m³;2023-02-11T22:00:00+01:00;2023-02-11T23:00:00+01:00;12.9;12.6;7.9;-0.5;3;10.76;3.17;14.28;17.78;49.56;14.21;14.2;46.19;8.89;70.05;37.11;40.4;35.8;50.22;24.66;55.71;29.63;6.04;35.44;40.86;46.15;28.2;25.35;26.61;28.54;24;28.52;18.15;31.11;43.25;12;35.42;36.88;45.08;43.54;39.6;40.53;30.8;31.3;37.5
O3;uur;µg/m³;2023-02-11T23:00:00+01:00;2023-02-12T00:00:00+01:00;33.1;4.8;8.3;-0.6;3.2;9.07;5.32;5.98;9.46;52.92;18.73;30.35;32.74;15.84;69.78;37.92;36.53;23.35;45;24.29;56.71;13.6;1.1;20.6;40;44.13;25.19;29.11;25.84;27.47;22.38;29.69;7.94;28.68;33.89;15.84;25.11;30.41;37.62;46.2;41.21;43.38;31;27.6;34.9
O3;uur;µg/m³;2023-02-12T00:00:00+01:00;2023-02-12T01:00:00+01:00;39.4;2.3;0.8;3.4;30;4.95;14.91;2.89;5.53;38.45;20.12;30.35;16.67;24.91;69.41;46.44;54.31;10.78;40.53;23.73;48.06;16.52;0.96;31.92;33.67;39.76;24.8;31.81;17.46;16.96;20.22;19.75;2.23;29.02;31.92;20.46;27.55;26.88;36.15;48.36;40.27;43.3;36.2;30.1;38.8
O3;uur;µg/m³;2023-02-12T01:00:00+01:00;2023-02-12T02:00:00+01:00;27.7;0.7;11.5;12.8;51.1;4.04;21.77;2;5.38;38.26;16.13;38.52;23.55;32.86;69.96;40.22;59.71;1.7;38.32;17.58;50.19;11.59;3.24;50.18;30.55;36.92;23.64;24.87;12.59;15.77;23.69;15.74;3.2;24.26;36.22;26.26;26.92;25.91;33.66;44.63;40.61;42.35;32.3;29.9;37.9
O3;uur;µg/m³;2023-02-12T02:00:00+01:00;2023-02-12T03:00:00+01:00;20.2;7;31;62.5;63;2.17;27.42;0.68;5.17;35.91;19.87;35.51;18.62;33.14;66.47;37.22;64.11;8.27;41.16;18.26;41.27;32.21;6.4;55.93;26.05;31.32;18.11;7.72;12.68;12.15;23.76;18.55;4.84;17.58;31.04;20.27;26.23;24.43;30.08;37.7;36.94;40.56;30.7;27.7;32.2
O3;uur;µg/m³;2023-02-12T03:00:00+01:00;2023-02-12T04:00:00+01:00;40.2;5.7;6.4;37;43.8;1.66;23.55;1.94;5.39;34.63;20.13;35.28;16.22;30.39;65.8;43.03;68.21;0.8;45.67;13.08;25.64;54.33;25.74;50.72;21.77;26.77;13.08;5.16;11.71;12.79;18.55;17.64;8.86;15.86;12.86;15.75;25.02;24.32;28.64;35.34;32.82;37.43;22.3;20.8;28.4
O3;uur;µg/m³;2023-02-12T04:00:00+01:00;2023-02-12T05:00:00+01:00;51.4;0;9.2;5.5;22.8;2.22;22.14;1.45;4.89;32.79;27.64;35.82;24.84;35.96;69.87;42.41;70.7;0.67;49.01;13.36;15.36;55.96;37.13;44.18;21.14;28.75;12.71;4.76;16.68;15.79;8.88;23;17.28;17.45;5.65;17.02;27.38;22.93;27.58;34.35;30.89;31.6;10;17.5;19.5
O3;uur;µg/m³;2023-02-12T05:00:00+01:00;2023-02-12T06:00:00+01:00;50.3;6.6;31.7;12.1;0;2.57;30.28;0.87;4.81;30.56;24.37;32.28;35.02;32.02;67.33;43.43;72.03;6.53;54.92;19.36;23.38;58.7;34.37;65;31.8;37.29;14.15;12.08;19.79;18.78;7.39;26.9;15.19;16.82;4.45;24.56;23.45;16.93;20.75;33.85;42.46;36.03;11.5;25.6;15.7
O3;uur;µg/m³;2023-02-12T06:00:00+01:00;2023-02-12T07:00:00+01:00;44.6;4.4;14.6;15.2;5.2;1.62;19.02;0.33;4.79;21.6;24.87;29.93;42.55;29.47;70.39;54.62;66.45;8.74;50.68;15.15;44.53;59.38;3.2;63.79;31.83;57.15;11.52;9.13;25.91;28.02;11.33;32.68;15.04;14.02;3.15;33.4;19.21;14.57;23.83;32.36;51.6;39.79;12;30.5;16.9
O3;uur;µg/m³;2023-02-12T07:00:00+01:00;2023-02-12T08:00:00+01:00;15.7;7.2;17.4;3.1;14.2;0.53;15.53;-0.18;4.72;19.71;22.21;22.19;44.56;24.53;67.8;36;58.21;20.85;46.56;10.9;54.45;58.25;3.59;60.74;33.17;51.1;10.56;12.19;21.84;24.32;9.36;31.77;7.78;7.99;3.22;30.23;18.7;14.82;27.03;30.62;38.96;37.49;26.6;29.5;16.6
O3;uur;µg/m³;2023-02-12T08:00:00+01:00;2023-02-12T09:00:00+01:00;41.3;14;14.8;-0.2;1.5;1.19;13.98;0.14;5.03;22.99;22.33;26.95;51.22;13.08;66.28;39.27;51.49;23.28;49.63;23.16;55.01;36.57;2.28;39.62;33.38;45.9;13.39;14.07;13.6;8.64;16.37;25.22;26.13;5.89;5.79;29.36;15.61;15.86;27.08;31.54;28.66;30.55;24;32.6;13.3
O3;uur;µg/m³;2023-02-12T09:00:00+01:00;2023-02-12T10:00:00+01:00;31;3.4;6.2;7.5;10.9;2.63;13.35;2.71;5.96;27.04;25.66;20.21;40.37;14.65;63.63;43.02;51.84;1.83;47.07;41.52;65.94;40.34;19.52;45.25;23.23;53.75;18.41;13.9;12.65;9.29;21.05;21.32;15.35;12.02;5.75;32.5;18.23;19.08;28.17;31.36;28.15;27.18;31.1;34.8;22.2
O3;uur;µg/m³;2023-02-12T10:00:00+01:00;2023-02-12T11:00:00+01:00;35.1;2.1;14.3;4;23;5.95;21.55;5.95;11.05;37.55;37.75;34.46;43.84;29.36;63.65;51.87;52.5;3.33;49.16;42.42;73.49;39.34;35.14;44.96;29.1;53.77;18.1;13.64;15.54;15.12;14.83;22.73;11.61;23.57;15.47;40.1;20.94;20.91;28.08;34.58;33.63;29.31;26.9;41;47.3
O3;uur;µg/m³;2023-02-12T11:00:00+01:00;2023-02-12T12:00:00+01:00;49.4;6.7;28.7;14.6;56;10.3;33.64;11.62;19.87;46.19;48.8;42.31;45.43;44.81;62.65;59.13;61.01;10.63;49.37;46.61;70.3;50.66;32.08;36.96;49.99;58.66;21.32;16.11;23.76;19.21;11.55;27.6;17.89;36.83;23.35;40.69;27.37;24.4;34.84;41.54;37.42;33.21;56.2;43.7;56.7
O3;uur;µg/m³;2023-02-12T12:00:00+01:00;2023-02-12T13:00:00+01:00;48.1;22.2;42;36.4;58.6;18.22;48.4;16.71;31.43;49.94;56.5;36.73;55.37;46.25;63.31;62.1;53.97;30.26;41.22;41.12;72.14;49.87;30.12;34.43;50.07;60.21;27.24;26.86;23.18;17.66;21.03;29.6;20.07;51.21;41.43;54.01;39.22;30.31;40.65;54.39;51.63;39.99;50.2;36;55.7
O3;uur;µg/m³;2023-02-12T13:00:00+01:00;2023-02-12T14:00:00+01:00;51.1;35.8;47.2;49.4;54.8;26.34;55.69;27.62;33.53;54.9;53.08;38.91;60.09;40.2;61.08;61.13;55.34;48.21;47.93;47.68;70.53;57.63;47.65;30.94;55.22;60.59;35.37;35.8;24.67;20.53;19.09;30.45;24.39;60.39;60.88;57.76;43.85;37.12;45.35;60.17;59.92;50.37;36.1;47;56.1
O3;uur;µg/m³;2023-02-12T14:00:00+01:00;2023-02-12T15:00:00+01:00;49.3;31.8;51.5;50;52.1;29.64;54.68;32.47;35.09;54.92;53.06;42.98;60.19;43.32;62.13;58.72;54.92;55.78;48.64;57.09;68.5;51.97;58.09;35.48;62.11;56.09;43.48;37.44;18.55;17.71;20.27;23.18;38.07;64.04;61.71;58.94;53.12;40.24;49.1;56.6;55.33;64.65;36.1;29.4;59.3
O3;uur;µg/m³;2023-02-12T15:00:00+01:00;2023-02-12T16:00:00+01:00;49.6;37.9;51.4;46.8;45;28.56;52.96;32.34;34.52;55.29;52.26;44.86;58.1;43.95;61.55;61.08;57.86;56.38;53.82;61.52;69.42;64.32;56.42;35.94;60.43;56.52;56.66;44.98;20.86;20.85;14.33;29.89;51.64;61.45;60.24;50.93;55.03;45.85;50.62;59.79;51.06;61.38;51.1;20.3;55
O3;uur;µg/m³;2023-02-12T16:00:00+01:00;2023-02-12T17:00:00+01:00;49.2;37.1;45.6;40.2;36.7;25.45;47.52;31.65;38.01;51.94;48.43;43.72;57.56;47.95;60.83;59.42;57.26;49.46;52.4;58.93;66.47;59.33;46.24;33.73;59.44;48;54.59;36.14;31.03;40.61;15.41;34.91;58.97;54.19;57.58;34.96;48.36;38.64;41.94;61.53;49.92;51.54;48.7;25.7;53
O3;uur;µg/m³;2023-02-12T17:00:00+01:00;2023-02-12T18:00:00+01:00;37;27.8;36.9;29.8;29.2;17.21;40.84;33.43;31.92;44.54;40.41;33.99;46.19;41.7;59.26;58.05;53.85;28.54;39.89;44.24;63.27;59.44;46.98;23.25;57.93;47.71;57.75;42.82;44.28;50.62;20.23;57.25;51.8;43.69;58.2;39.22;50.46;43.86;41.03;56.21;46.53;50.44;32.6;30.4;43
O3;uur;µg/m³;2023-02-12T18:00:00+01:00;2023-02-12T19:00:00+01:00;32.5;30.4;40.2;30;32.1;20.72;35.27;21.52;19.66;36.25;33.39;28.28;41.52;35.15;53.21;48.04;48.6;26.34;32.57;26.32;55.55;54.1;53.49;21.1;57.53;45.29;58.53;54.34;40.13;42.05;26.36;54.16;53.47;44.06;52.46;27.76;54.62;57.81;32.36;52.64;39.55;48.04;24.2;11.7;38
O3;uur;µg/m³;2023-02-12T19:00:00+01:00;2023-02-12T20:00:00+01:00;19.6;30.7;24.1;22;30;27.1;34.99;14.17;12.07;36.67;33.63;29.72;39.66;26.86;42.39;25.38;43.95;36.51;17.45;18.2;46.56;49.32;50.36;18.62;51.57;41.84;47.86;53.03;43.52;34.55;47.58;45.88;48.16;37.68;45.59;27.7;47.63;57.31;40.33;53.46;37.32;54.69;19.9;7.3;46.3
O3;uur;µg/m³;2023-02-12T20:00:00+01:00;2023-02-12T21:00:00+01:00;3.7;27.6;16.8;31.8;19.1;24.99;33.14;4.8;6.52;38.35;28.95;29.42;32.24;29.3;43.89;1.06;44.09;42.38;18.24;25.72;49.87;45.72;23.85;14.95;47.83;38.53;50.15;56.87;38.9;32.14;32.76;39.94;38.54;29.86;44.05;25.31;35.04;55.66;29.43;50.87;36.86;40.69;12.6;36.3;47.3
O3;uur;µg/m³;2023-02-12T21:00:00+01:00;2023-02-12T22:00:00+01:00;-1.9;32.5;16.6;31.4;7.5;18.17;26.74;0.66;5.7;36.57;25.04;27.62;29.61;29.22;44.69;1.37;44.46;43.66;21.66;38.84;54;29.99;15.13;15.84;47.13;39.33;51.48;49.48;30.54;40.96;16.55;33.23;37.28;27.75;42.98;24.6;28.16;57.32;42.89;49.25;45.54;60.75;20.3;37.3;44.9
O3;uur;µg/m³;2023-02-12T22:00:00+01:00;2023-02-12T23:00:00+01:00;3.5;30.3;24.1;33.4;3;16.74;22.67;-0.04;5.77;34.14;21.79;28.1;29.82;32.07;39.03;2.7;42.3;37.31;23.54;23.3;50.88;36.25;18.33;17.9;48.17;39.54;44.71;45.73;34.62;36.62;19.15;41.85;28.05;38.03;38.18;36.32;23.68;52.11;35.37;39.49;62.89;56.62;20.8;36.7;50
O3;uur;µg/m³;2023-02-12T23:00:00+01:00;2023-02-13T00:00:00+01:00;0.6;27.6;25.6;34;5;11.88;23.19;-0.12;5.41;33.61;23.64;27.06;26.7;29.28;31.61;12.6;46.18;34.02;21.59;33.84;49.38;43.52;26.17;21.9;49.93;46.11;36.07;40.64;39.73;36.89;34.81;42.15;20.79;38.17;35.54;34.99;40.1;45.7;36.84;40.36;67.81;51.22;29.5;39.3;51.7
O3;uur;µg/m³;2023-02-13T00:00:00+01:00;2023-02-13T01:00:00+01:00;31.1;34;29;21.8;24;7.11;21.56;-0.06;6.35;31.71;25.45;28.69;26.72;28.11;26.71;14.74;46.14;41.96;25.5;37.28;45.21;46.37;30.46;28.32;45.82;47.85;30.72;33.64;38.38;33.55;28.33;40.67;26.61;36.61;34.5;35.79;37.37;49.13;35.41;39.68;69.11;48.66;40.7;37.9;44.2
O3;uur;µg/m³;2023-02-13T01:00:00+01:00;2023-02-13T02:00:00+01:00;31.8;34;36.3;29.7;30.9;20.86;18.74;0.05;9.86;31.24;24.98;25.95;26.24;20.34;25.84;1.58;44.23;28.99;28.28;35.58;39.34;45.31;43.29;30.79;36.76;45.99;29.6;29.01;40.85;44.87;31.46;44.41;31.57;39.11;35.28;35.5;49.34;52.36;33.58;36.57;65.03;44.62;41.7;34.6;41.9
O3;uur;µg/m³;2023-02-13T02:00:00+01:00;2023-02-13T03:00:00+01:00;24.7;31.8;33.4;29.4;34.1;;;;;;;;;;;;;;;;;;;;;;;;;;;;;;;;;;;;;;42.4;38.8;45.3
O3;uur;µg/m³;2023-02-13T03:00:00+01:00;2023-02-13T04:00:00+01:00;29.3;35;32.9;28.4;29;16.58;11.77;1.5;5.56;23.27;18.42;17.73;22.77;13.89;25.48;2.1;43.85;39.09;32.71;35.43;30.64;38.28;35.16;33.23;26.54;13.43;38.99;31.19;47.74;52.54;32.77;53.21;40.28;28.52;46.23;19.88;;33.07;24.8;35.32;44.17;43.74;38.6;41.6;44.7
O3;uur;µg/m³;2023-02-13T04:00:00+01:00;2023-02-13T05:00:00+01:00;25.5;35.2;32.5;29.5;31.4;13.7;12.4;1.4;7.71;17.39;16.6;15.71;21.7;11.93;24.94;6.01;41.42;40.84;29.68;30.77;22.88;34.98;36.23;26.82;27.48;14.76;34.65;31.8;48.87;47.61;40.28;52.89;39.01;24.45;46.4;24.42;46.41;36.08;24.39;31.05;38.09;47.26;36.9;39.8;39.9
O3;uur;µg/m³;2023-02-13T05:00:00+01:00;2023-02-13T06:00:00+01:00;24.6;30.7;23.9;28.4;29.7;7.39;5.46;1.86;5.54;15.3;10.8;11.94;14.9;4.12;24.63;12.65;39.68;33.87;26.07;16.25;32.73;33.94;27.74;11.79;32.39;35.25;36.44;38.55;44.47;43.17;41.73;48.48;36.95;19.05;41.2;23.68;44.85;35.73;22.87;18.71;43.63;35.88;37.1;36.8;41.9
O3;uur;µg/m³;2023-02-13T06:00:00+01:00;2023-02-13T07:00:00+01:00;14.4;19.1;12;22.1;15.5;2.81;1.21;1.57;3.39;10.36;5.89;5.92;2.52;0.31;20.39;10.69;31.9;12.37;14.24;9.04;32.08;25.62;13.49;3.59;36.92;27.24;34.04;32.61;34.5;26.85;37.07;36.31;27.46;13.17;33.29;21.3;40.76;34.48;26.19;14.55;39.29;38.98;32.4;27.4;40.5
O3;uur;µg/m³;2023-02-13T07:00:00+01:00;2023-02-13T08:00:00+01:00;4;7.7;2.8;5.8;5.8;0.81;0.46;0.3;3.25;3.33;1.83;-0.31;1.12;0.73;11.87;6.01;18.45;6.24;10.34;0.41;28.6;11.48;0.57;0.44;39.47;6.42;34.29;24.88;21;9.05;29.02;15.1;14.97;15.51;23.56;22.84;34.14;34.03;21.33;19.09;39.57;36.76;23;10.5;31.3
O3;uur;µg/m³;2023-02-13T08:00:00+01:00;2023-02-13T09:00:00+01:00;3;6;2;0;0.3;1.89;1.06;1.33;4.08;5.13;3.07;-0.59;1.91;2.54;10.88;5.96;8.85;4.37;5.59;0.87;22.92;5.19;3.92;0.32;39.94;4.55;33.7;18.53;13.96;5.08;26.51;11.91;7.47;20.41;16.46;15.84;26.37;31.68;20.53;25.18;36.52;26.89;26.8;9.6;20.4
O3;uur;µg/m³;2023-02-13T09:00:00+01:00;2023-02-13T10:00:00+01:00;5;4.3;4.3;3;3.4;6.67;5.37;4.5;6.63;10.79;6.51;2.09;7.72;5.58;14.48;7.35;11.92;6.67;8.46;9.99;16.69;16.2;5.63;2.49;39.57;8.72;29.26;19.71;15.03;12.82;23.35;22.63;14.57;22.58;30.11;24.44;19.1;26.53;24.16;37.69;36.61;37.66;22.1;5.2;10.6
O3;uur;µg/m³;2023-02-13T10:00:00+01:00;2023-02-13T11:00:00+01:00;6.8;5.8;6.5;7.2;12.8;24.82;25.29;19.06;11.26;12.87;5.71;5.33;10.72;9.54;14.71;8.62;22.86;9.36;13.81;15.46;24.09;23.15;6.28;8.86;37.5;11.53;31.2;32.24;28.24;25.2;31.48;34.06;;41.3;37.93;36.85;24.9;36.22;31.45;40.06;45.08;37.95;19.5;8.3;21.2
O3;uur;µg/m³;2023-02-13T11:00:00+01:00;2023-02-13T12:00:00+01:00;11.9;6.8;9.6;9.6;19.1;34.73;31.8;33.42;22.26;23.23;11.91;11.24;14.54;22.97;15.68;14.12;25.04;11.05;18.17;26.06;40.48;27.04;8.57;11.7;35.19;27.57;39.03;34.1;30.21;29.92;35.01;36.66;;44.51;40.99;40.93;40.83;31.83;39;43.26;51.27;49.79;24.4;13.4;33.9
O3;uur;µg/m³;2023-02-13T12:00:00+01:00;2023-02-13T13:00:00+01:00;22.8;17.9;16.7;7.5;9.7;38.98;32.71;28.7;24.63;35.33;31.63;27.87;32.14;30.17;19.72;23.55;25.62;19.33;29.27;40.83;41.36;25.66;18.5;10.18;34.02;26.28;42.66;39.55;37.77;36.08;36.27;44.72;;43.61;43.45;42.36;47.7;34.01;42.93;39.12;52.53;54.73;36.2;23.2;38.5
O3;uur;µg/m³;2023-02-13T13:00:00+01:00;2023-02-13T14:00:00+01:00;35.8;28.9;29.5;;9.1;44.86;34.15;22.51;38.86;49.88;;31.94;43.27;40.78;27.26;38.12;23.52;34.25;41.91;45.18;43.24;30.05;37.88;10.87;31.68;33.72;43.81;43.75;41.58;39.51;37.66;48.84;;44.29;42.88;40.49;48.31;47.94;44.76;40.74;55.19;58.11;38.9;22.2;42.4
O3;uur;µg/m³;2023-02-13T14:00:00+01:00;2023-02-13T15:00:00+01:00;36;32.1;38.7;;30.4;46.98;40.5;42.11;46.37;53.72;;35.07;54.1;44.07;31.99;42.08;38.61;35.63;43.99;41.09;42.17;43.94;39.74;21.82;42.64;43.64;44.64;44.75;42.44;43.93;43.46;50.98;;45.01;48.2;35.49;47.55;45.81;49.76;58.18;55.42;56.39;44.5;29;42.3
O3;uur;µg/m³;2023-02-13T15:00:00+01:00;2023-02-13T16:00:00+01:00;35.8;24.7;32.9;29.7;33.3;46.97;40.68;46.44;47.9;49.23;47.77;39.07;51.26;45.97;27.94;38.72;45.88;25.19;41;40.1;46.35;45.81;41.61;25.54;45.08;41.6;40.38;46.85;41.23;39.78;42.18;50.57;;45.87;44.43;31.73;47.83;46.73;49.09;59.1;54.5;50.38;47;26.8;43.8
O3;uur;µg/m³;2023-02-13T16:00:00+01:00;2023-02-13T17:00:00+01:00;28.2;16.1;20.3;17;20.6;36.52;36.8;39.9;45.02;41.66;40.99;40.94;53.73;43.02;17.45;42.19;41.91;16.29;38.2;41.31;49.03;41.02;26.37;22.54;41.79;39.77;36.18;45.64;33.48;32.33;38.11;44.54;;43.83;38.02;27.1;44.54;40.43;40.13;50.16;47.96;42.19;41.1;27;44.7
O3;uur;µg/m³;2023-02-13T17:00:00+01:00;2023-02-13T18:00:00+01:00;18.9;9.5;3.5;9.6;2.6;16.83;12.88;25.2;33.53;36.85;34.62;28.31;39.45;36.76;9.72;33.09;24.82;18.44;22.69;35.01;36.54;27.52;9.17;5.84;35.36;26.86;31.07;37.83;19.55;18.39;27.43;33.52;;38.56;29.73;20.65;41.2;31.14;26.73;43.25;40.03;30.63;15.4;20.1;39.3
O3;uur;µg/m³;2023-02-13T18:00:00+01:00;2023-02-13T19:00:00+01:00;0.6;1.6;0.6;10.5;0;2.19;6.56;7.1;4.15;28.02;26.61;11.45;7.47;20.61;3.42;18.3;11.49;7.48;19.16;13.95;29.53;15.38;1.32;1.15;30.83;15.53;25.65;34.03;1.26;1.72;5.12;8.05;;32;10.09;12.79;28.73;31.83;13.99;34.25;35.05;23.85;0.8;12.1;25.8
O3;uur;µg/m³;2023-02-13T19:00:00+01:00;2023-02-13T20:00:00+01:00;-1.9;0.1;0.9;0;0;1.13;3.78;1.2;4.37;14.64;17.34;6.23;0.12;7.65;11.15;3.61;8.56;7.66;12.79;3.74;15.42;0.91;0.99;0.33;30.36;3.97;24.41;16.87;0.73;1.11;2.71;3;;26.84;5.62;9.05;21.29;20.23;14.08;34.95;28.35;24.37;-1;2.7;21.7
O3;uur;µg/m³;2023-02-13T20:00:00+01:00;2023-02-13T21:00:00+01:00;-1.9;0;0.7;0;0;0.96;0.8;0.59;5.41;13.43;15.14;0.62;0.51;2.76;15.43;1.32;7.37;8.14;1.21;0.05;7.76;0.03;1.06;0.34;28.35;2.03;22.82;5.51;0.81;1.2;1;3.36;;24.74;1.63;16.27;25.15;22.29;18.65;36.22;25.01;21.81;-0.3;1.6;8.5
O3;uur;µg/m³;2023-02-13T21:00:00+01:00;2023-02-13T22:00:00+01:00;-1.9;1.4;0.7;0;0;0.72;0.91;0.29;7.07;10.45;9.59;-0.74;0.1;2.54;10.3;2.06;1.6;13.9;0.38;-0.37;3.49;0.01;1.18;0.32;22.26;1.63;22.25;1.92;1.01;0.96;0.02;2.15;-0.06;16.7;5.75;7.12;22.57;26.56;14.19;34.54;28.29;15.94;-1;1.5;-0.1
O3;uur;µg/m³;2023-02-13T22:00:00+01:00;2023-02-13T23:00:00+01:00;-1.9;1.5;0.6;0;0;0.77;-0.04;0.92;7.55;2.98;6.55;-0.68;0.11;1.53;2.41;1.11;1.43;7.73;0.49;-0.62;1.22;0.02;1.07;0.15;20.57;1.4;14.84;0.75;0.98;0.9;2.24;1.76;-0.48;18.81;1.25;7.41;20.09;23.62;16.03;28.41;24.59;11.58;-1.3;0.2;-0.3
O3;uur;µg/m³;2023-02-13T23:00:00+01:00;2023-02-14T00:00:00+01:00;-1.9;1.7;0.4;0;0;0.95;0.25;-0.13;6.41;1.11;3.54;-1.43;-0.02;0.99;2.04;0.83;1.26;6.32;0.61;-0.4;0.97;-0.21;0.63;0.19;18.61;1.66;8.49;0.51;0.67;0.85;0.79;1.47;-1.13;18.42;0.46;3.47;14.42;24.93;19.61;22.02;19.48;9.33;-1.2;0;-1.1
O3;uur;µg/m³;2023-02-14T00:00:00+01:00;2023-02-14T01:00:00+01:00;-1.9;0;0.5;0;0;0.98;0.39;-0.19;4.91;0.88;2.2;-1.32;-0.03;0.95;2.24;0.85;1.3;1.96;0.47;-0.63;0.93;-0.24;0.77;0.22;16.85;1.24;6.23;1.25;0.68;0.86;0.66;1.62;-1.34;16.59;1.07;4.77;5.79;16.95;20.21;15.51;16.23;11.07;-1.3;0;-1.1
O3;uur;µg/m³;2023-02-14T01:00:00+01:00;2023-02-14T02:00:00+01:00;-1.9;0;0.6;0;0;1;0.66;-0.1;4.09;0.88;0.39;-1.77;-0.23;0.7;2.17;0.96;1.24;1.88;0.33;-0.85;0.9;-0.51;0.77;0.12;16.07;1.05;6.19;0.73;0.56;0.69;0.43;1.54;-1.36;16.18;0.67;2.3;1.67;13.8;18.24;21.73;15.15;10.48;-1.4;-0.2;-1.2
O3;uur;µg/m³;2023-02-14T02:00:00+01:00;2023-02-14T03:00:00+01:00;-1.9;0;0.5;0;0;2.2;0.76;0.45;4.07;0.76;1.47;-1.77;-0.35;0.81;2.13;1.01;1.16;2.44;0.27;-1.17;0.82;-0.5;0.62;0.09;12.35;0.82;3.87;0.63;0.48;0.74;0.41;1.5;-1.36;15.5;0.52;0.82;1.64;14.95;18.51;19.01;14.38;8.78;-1.6;-0.2;-1.3
O3;uur;µg/m³;2023-02-14T03:00:00+01:00;2023-02-14T04:00:00+01:00;-1.9;0;0.2;0;0;4.78;6.03;0.69;4.28;1.02;1.12;-1.7;-0.55;0.62;2.02;1.06;1.11;5.3;0.23;-1.08;0.94;-0.53;0.59;0.03;13.62;0.64;6.35;0.33;0.38;0.77;0.17;1.41;-1.4;10.93;0.55;3.47;5.64;14.56;16.32;15.67;12.36;7.66;-1.6;-0.3;-1.2
O3;uur;µg/m³;2023-02-14T04:00:00+01:00;2023-02-14T05:00:00+01:00;-1.9;1.4;0;0;0;2.93;11.73;1.58;3.97;0.86;-0.18;-1.65;-0.57;0.63;2.03;1.04;1.08;1.66;0.11;-0.88;0.95;-0.51;0.62;0.11;15.53;0.77;6.25;0.31;0.34;0.62;-0.21;1.25;-1.4;6.67;0.48;10.1;2.15;13.12;15.46;16.07;11.48;7.4;-1.6;-0.3;-1.3
O3;uur;µg/m³;2023-02-14T05:00:00+01:00;2023-02-14T06:00:00+01:00;-1.9;0.6;0.1;0;0;2.98;7.99;1.4;4.1;0.91;-1.41;-1.37;-0.64;0.58;2.44;1.03;1.09;1.52;0.11;-0.85;0.89;-0.66;0.71;0.3;12.92;1.13;2.83;0.22;0.22;0.5;-0.27;1.14;-1.42;6.15;0.29;17.29;10.78;11.85;11.88;10.54;11.06;9.19;-1.7;-0.3;-1.2
O3;uur;µg/m³;2023-02-14T06:00:00+01:00;2023-02-14T07:00:00+01:00;-1.9;0.4;0.3;0;0;3.97;4.52;1.18;4.3;0.86;-1.4;-1.51;-0.53;0.5;10.59;0.79;0.95;2.08;0.16;-0.62;0.81;-0.58;0.59;0.17;4.43;0.83;0.7;0.26;0.24;0.58;-0.26;1.35;-1.4;4;0.32;18.29;7.19;8.58;8.16;7.37;11.1;7.43;-1.7;-0.2;-1.3
O3;uur;µg/m³;2023-02-14T07:00:00+01:00;2023-02-14T08:00:00+01:00;-1.9;1;0.2;0;0;0.88;1.21;0.32;4.37;0.91;-1.2;-1.54;-0.46;0.65;12.93;0.79;1.04;1.17;0.19;-0.64;0.73;-0.5;0.59;0.3;0.23;0.83;0.72;0.3;0.28;0.72;-0.19;1.42;-1.28;1.21;0.63;11.41;2.36;2.87;3.59;3.38;9.91;2.14;-1.6;-0.1;-1.3
O3;uur;µg/m³;2023-02-14T08:00:00+01:00;2023-02-14T09:00:00+01:00;-1.9;0.8;0.5;0;0;4.22;6.95;0.76;5.54;1.72;1.52;-1;0.51;1.6;7.95;3.18;1.37;2.72;1.35;0.14;1.52;0.07;1.56;0.56;3.39;1.52;2.53;1.62;0.68;1.16;0.71;2.25;-0.19;2.38;1.29;8.1;3.59;4.18;5.07;5.01;13.61;4.47;-0.9;0.6;-0.6
O3;uur;µg/m³;2023-02-14T09:00:00+01:00;2023-02-14T10:00:00+01:00;-1.2;2.5;1.5;1.2;2.5;8.25;14.75;2.93;7.24;4.11;5.63;2.51;5.92;5.24;13.14;7.12;2.13;6.19;6.05;3.15;3.5;1.18;4.13;0.68;9.52;3;7.7;5.09;2.15;2.07;2.63;4.75;2.46;5.9;6.12;15.9;12.84;5.03;7.73;10.23;16.1;8.94;2.5;2.9;1.5
O3;uur;µg/m³;2023-02-14T10:00:00+01:00;2023-02-14T11:00:00+01:00;3.7;4.1;3.6;4.7;6.7;14.88;20.88;16.19;10.97;12.61;7.79;9.96;16.23;11.96;20.61;11.89;5.59;12.32;14.38;10.66;6.08;6.17;10.86;3.18;13.26;6.46;14.65;11.97;4.03;4.96;8.83;7.55;8.28;13.41;12.88;21.76;22.56;9.22;10.13;16.05;20.1;12.36;8.5;5.7;7.4
O3;uur;µg/m³;2023-02-14T11:00:00+01:00;2023-02-14T12:00:00+01:00;9.2;6.4;10;10.8;8.8;21.89;25.11;35.57;37.01;27.67;10.71;20.73;27.21;21.46;23.85;19.13;11.27;19.07;23.37;17.51;9.72;14.59;16.75;6;16.17;12.24;18.04;;8.98;9.55;15.98;14.31;20.38;20.06;23.63;23.72;24.76;15.14;17.16;22.36;22.7;14.45;17.7;12.2;18.5
O3;uur;µg/m³;2023-02-14T12:00:00+01:00;2023-02-14T13:00:00+01:00;16.7;10.9;14.5;14.5;12;27.48;32.16;48.45;62.68;41.53;15.35;28.61;37.53;31.63;18.68;29.24;26.5;26.05;28.47;33.52;14.57;20.2;22.27;8.24;21.65;15.73;26.05;;16.48;22.05;24.62;22.74;26.75;26.5;39.75;33.73;30.15;20.48;23.99;28.33;26.04;;31.1;25.4;32.3
O3;uur;µg/m³;2023-02-14T13:00:00+01:00;2023-02-14T14:00:00+01:00;25.1;23.1;27.7;21.7;17.9;43.98;37.5;65.56;59.43;51.24;30.57;40.72;48.35;40.77;21.24;29.41;30.01;29.84;35.61;36.98;19.82;27.35;26.55;15.36;26.1;26.36;38.04;;29.82;29.02;34.12;37.92;33.16;36.34;44.05;32.11;38.56;26.3;36.33;29.33;;;40;28.7;37.1
O3;uur;µg/m³;2023-02-14T14:00:00+01:00;2023-02-14T15:00:00+01:00;28.2;31.4;31.5;27.3;16.7;60.67;41.78;62.23;38.48;58.16;38.14;43.51;50.41;53.5;26.8;32.55;34.96;33.29;41.73;42.33;24.61;34.1;24.05;17.66;23.86;28.28;41.92;;33.32;36;36.58;42;42.04;42.04;46.48;33.18;40.54;32.93;40.57;33.9;;;46.8;32.2;42.1
O3;uur;µg/m³;2023-02-14T15:00:00+01:00;2023-02-14T16:00:00+01:00;23.3;18.6;26.9;25.8;8;66.26;43.85;42.71;44.59;63.29;36;37.52;52.27;56.96;23.5;42.13;24.94;37.18;41.6;47.63;20.75;35.46;18.35;22.24;22.34;23.89;45.31;;38.69;40.83;32.77;49.47;46.16;42.64;48.98;41.4;42.01;37.16;40.57;31.59;;31.62;47.8;29;45.1
O3;uur;µg/m³;2023-02-14T16:00:00+01:00;2023-02-14T17:00:00+01:00;20.7;11.4;14.6;16;8.3;38.85;36.9;40.28;35.52;60.3;25.73;31.13;44.54;57.11;18.05;41.06;11.77;21.43;27.26;47.59;10.95;31.81;12.34;11.25;32.11;9.8;39.9;40.54;28.4;35.25;26.98;39.25;43.48;40.25;35.91;33.5;35.8;24.86;36.05;30.74;30.33;35.45;34.1;26.3;41.6
O3;uur;µg/m³;2023-02-14T17:00:00+01:00;2023-02-14T18:00:00+01:00;13.1;2.6;3.2;3.9;1;19.82;15.68;27.35;25.7;42.68;15.93;21.36;17.2;43.61;11.19;36.82;7.59;6.43;13.5;21.2;5.44;13.5;4.72;3.99;19.52;4.36;26.37;31.65;7.57;8.46;16.07;16.47;23.49;31.33;15.91;22.22;28.01;23.99;28.32;22.55;20.75;21.87;15.4;12.4;31.1
O3;uur;µg/m³;2023-02-14T18:00:00+01:00;2023-02-14T19:00:00+01:00;-1.3;1.5;0.9;0;0;6.97;7.46;5.22;4.61;29.27;9.8;11.41;0.15;10.67;3.28;8;1.28;1.48;1.64;0.61;0.69;0.11;1.29;1.03;3.29;1.1;14.1;19.1;1.17;1.45;1.75;3.05;9.01;18.66;2.34;10.67;22.13;18.25;18.67;13.14;13.1;4.27;1.2;13.4;22.3
O3;uur;µg/m³;2023-02-14T19:00:00+01:00;2023-02-14T20:00:00+01:00;;1.7;1;0;0;1.13;1.2;0.73;4.77;25.29;5.51;6.72;0.48;4.43;2.52;0.79;2.62;2.24;0.6;0.35;0.43;0.48;1.66;0.66;0.37;2.35;18.81;9.55;0.79;1.62;0.22;2.78;7.97;11.35;1;7.5;13.13;12.91;14.31;3.81;7.57;3.71;-0.6;1.4;7.9
O3;uur;µg/m³;2023-02-14T20:00:00+01:00;2023-02-14T21:00:00+01:00;;0.1;1.1;-0.4;0.2;0.98;0.47;0.22;5.39;18.96;0.18;3.57;0.13;2.27;2.26;0.85;2.97;2.57;1.55;1.15;0.56;0.18;1.39;0.6;0.08;3.25;12.87;4.77;1.2;1.44;0;2.4;-1.11;4.82;0.92;3.96;12.49;7.49;3.49;2.25;6.83;0.3;0.1;3;2.1
O3;uur;µg/m³;2023-02-14T21:00:00+01:00;2023-02-14T22:00:00+01:00;;0.2;1.1;0;0.1;1.26;0.39;0.13;6.18;9.08;-0.67;2.77;0.45;2.51;2.31;0.85;3.08;2.26;1.79;1.56;0.57;-0.1;1.17;0.86;0.08;4.36;10.96;3.47;1.52;1.15;-0.08;2.54;-0.78;0.32;1.56;1.95;8.62;3.68;2.17;0.68;5.9;0.17;-0.7;1.7;-0.6
O3;uur;µg/m³;2023-02-14T22:00:00+01:00;2023-02-14T23:00:00+01:00;;0;1;0.1;0;1.15;0.59;0.36;6.23;4.65;-0.74;-1.08;1.04;2.08;2.28;1.13;1.89;2.14;1.05;1.09;0.52;-0.02;1.04;1.29;0.2;4.63;12.73;1.28;0.96;1.04;0.1;2.03;-1.2;0.66;0.62;1.33;10.49;4.63;2.29;0.21;6.53;0.17;-0.5;1.6;-0.8
O3;uur;µg/m³;2023-02-14T23:00:00+01:00;2023-02-15T00:00:00+01:00;;1;0.9;0;0;1.45;0.46;3.22;6.09;2.25;-0.87;-1.15;0.16;0.89;3.17;1.28;1.88;3.22;0.99;1.41;0.59;0.07;0.89;1.27;-0.02;3.49;6.83;0.9;0.76;1.02;0.03;1.86;-1.12;1.11;1.23;1.18;7.08;2.13;1.54;0.37;6.89;0.82;-0.6;0.6;-0.6
O3;uur;µg/m³;2023-02-15T00:00:00+01:00;2023-02-15T01:00:00+01:00;;1.3;0.8;0;0;1.12;0.49;10.27;7.11;1.55;-0.68;-1.21;-0.02;1.67;2.74;1.41;1.11;2.61;1.24;0.27;0.62;0.08;1;0.52;-0.11;2.35;3.26;1.18;0.57;0.87;0;1.72;-1.23;0.54;1.15;0.67;4.52;1.3;2.17;0.28;6.76;1.65;-1;0.1;-1
O3;uur;µg/m³;2023-02-15T01:00:00+01:00;2023-02-15T02:00:00+01:00;;0.7;0.8;0;0;0.83;0.4;12.06;8.62;1.41;-0.31;-1.71;0.23;0.76;2.4;1.18;0.97;2.14;0.56;-0.28;0.69;0.03;1.07;0.15;-0.21;1.49;1.84;1.29;0.51;0.85;0.04;1.64;-1.22;0.16;0.73;0.45;4.86;1.13;1.81;0.42;8.37;0.38;-1.1;0.2;-1.1
O3;uur;µg/m³;2023-02-15T02:00:00+01:00;2023-02-15T03:00:00+01:00;;0.9;1;0;0;0.87;0.1;10.88;10.83;1.18;-0.98;-1.61;-0.25;0.5;2.36;1.03;1.02;1.6;0.7;-0.63;0.94;0.01;0.99;0.37;-0.35;1.53;1.08;1.35;0.47;0.8;-0.19;1.61;-1.22;0.07;0.48;0.32;4.15;0.79;1.53;0.33;7.79;0.65;-1.2;0.3;-1.2
O3;uur;µg/m³;2023-02-15T03:00:00+01:00;2023-02-15T04:00:00+01:00;;0.6;0.9;0.1;0;0.85;0.41;9.44;10.99;1.1;-0.43;-1.76;-0.48;0.5;2.37;0.9;1.15;1.59;0.58;-0.79;0.89;-0.08;0.97;0.41;-0.29;1.13;1.04;1.28;0.49;0.91;-0.21;1.73;-1.42;0.11;0.27;0.31;0.7;0.81;1.13;0.42;8.02;0.7;-1.3;0.2;-1.3
O3;uur;µg/m³;2023-02-15T04:00:00+01:00;2023-02-15T05:00:00+01:00;;0.8;0.7;0;0;0.91;0.33;6.73;7.83;1.06;-0.87;-1.66;-0.75;0.56;2.22;0.88;1.26;1.29;0.37;-0.81;0.95;-0.09;1.03;0.41;-0.4;0.97;0.81;1.21;0.43;0.9;-0.11;1.63;-1.42;0.07;0.3;0.27;-0.29;0.73;1.13;0.25;9.06;0.21;-1.3;0.2;-1.4
O3;uur;µg/m³;2023-02-15T05:00:00+01:00;2023-02-15T06:00:00+01:00;;1.2;0.5;0;0;0.78;0.42;6.18;8.09;1.07;0.63;-1.82;-0.72;0.52;1.84;0.97;1.14;1.32;0.38;-0.85;0.9;-0.04;0.98;0.4;-0.28;1.03;0.76;1.15;0.32;0.73;-0.06;1.55;-1.47;0.06;0.25;0.46;-0.29;0.83;0.96;0.14;8.83;0.91;-1.3;0.2;-1.5
O3;uur;µg/m³;2023-02-15T06:00:00+01:00;2023-02-15T07:00:00+01:00;;0.4;0.4;0;0;0.87;0.63;5.08;5.71;1.01;0.35;-1.73;-0.67;0.49;2.05;1.01;1.1;1.41;0.47;-0.55;0.82;-0.04;0.98;0.39;-0.28;1.02;0.99;1.04;0.24;0.72;-0.04;1.5;-1.45;-0.06;0.31;1.61;-0.18;0.57;0.99;0.19;8.44;0.48;-1.2;0.3;-1.4
O3;uur;µg/m³;2023-02-15T07:00:00+01:00;2023-02-15T08:00:00+01:00;;0.5;0.4;0;0;1.05;0.48;0.34;5.47;1.07;-1.01;-1.63;-0.53;0.57;2.22;1.03;1.11;1.27;0.44;-0.42;0.73;0;0.69;0.39;-0.1;1.01;0.88;1.11;0.32;0.75;0.03;1.47;-1.35;0.1;0.43;1.83;-0.13;0.68;0.95;0.42;8.39;0.3;-1.2;0.3;-1.3
O3;uur;µg/m³;2023-02-15T08:00:00+01:00;2023-02-15T09:00:00+01:00;;1.3;0.6;0;0.4;4.65;2.74;2.12;6.55;3.05;1.51;-0.65;0.87;2.07;4.95;2.53;1.54;1.82;1.72;-0.2;1.94;0.3;2.1;0.49;2.06;1.63;2.87;2.3;0.84;1.16;1.02;2.37;0.22;2.58;1.92;4.77;3.79;2.29;3.75;2.68;10.63;1.25;-0.3;1.1;-0.8
O3;uur;µg/m³;2023-02-15T09:00:00+01:00;2023-02-15T10:00:00+01:00;;2.1;1.3;0.6;2.1;9.84;7.37;6.43;9.03;7.28;1.76;4.3;6.03;6.82;10.02;6.19;2.34;3.86;3.62;3.55;4.72;1.36;2.26;0.87;5.97;3.73;8.29;5.06;2.56;3.03;2.85;5.32;3.54;5.63;5.55;10.09;9.65;4.4;7.15;6.77;;3.88;2.8;2.7;1.6
O3;uur;µg/m³;2023-02-15T10:00:00+01:00;2023-02-15T11:00:00+01:00;;4.4;3;3.5;5.7;13.14;14.57;21.14;13.91;15.13;3.45;12.55;16.48;15.04;14.77;15.52;4.05;9.96;13.31;11.67;8.5;4;9.25;1.85;9.08;7.61;15.31;11.37;5.74;7.58;9.56;8.76;8.49;10.91;12.55;13.86;18.07;8.86;11.18;11.14;;8.38;8.2;5.7;6.9
O3;uur;µg/m³;2023-02-15T11:00:00+01:00;2023-02-15T12:00:00+01:00;;6;5.5;8;10.8;18.13;23.3;43.26;20.06;33.43;13.18;26.36;25.72;28.09;20.6;26.07;7.19;13.13;17.27;15.56;11.03;9.75;11.04;4.6;16.52;12.4;20.37;16.83;11.16;10.83;12.24;16.15;16.71;16.11;25.36;19.19;24.09;14.85;18.39;15.26;22.79;14.04;13.9;7.8;12.4
O3;uur;µg/m³;2023-02-15T12:00:00+01:00;2023-02-15T13:00:00+01:00;;9.7;12.4;13.8;17.9;19.88;32.65;42.88;47.39;49.19;19.96;41.07;33.6;47.44;27.4;35.34;16.38;21.65;26.72;24.39;13.08;16.18;16.48;12.43;22.85;15.2;28.04;22.47;13.64;16.24;17.16;19.53;22.49;24.36;38.06;23.01;32.94;20.49;27.13;21.87;27.03;19.65;19.9;12.8;17.3
O3;uur;µg/m³;2023-02-15T13:00:00+01:00;2023-02-15T14:00:00+01:00;;12.3;13.2;17.2;27.5;27.75;44.64;45.22;54.01;51.04;25.07;53.18;35.14;60.37;31.4;43.13;21.22;22.92;34.86;25.22;18.64;22.67;15.98;14.42;23.31;15.53;32.53;24.81;24.63;27.74;21.14;31.02;33.27;24.31;46.79;36.48;41.5;27.39;37.77;34.59;34.64;32.9;21.7;18.3;20.9
O3;uur;µg/m³;2023-02-15T14:00:00+01:00;2023-02-15T15:00:00+01:00;;15;9.6;20.3;28.5;31.95;43.13;59.09;58.4;55;18.61;56.44;28.13;60;34.12;46.12;31.47;19.45;27.88;29.48;30.87;27.01;15.82;15.9;21.71;18.92;43.63;28.68;28.81;27.8;20.46;34.18;25.93;29.18;44.29;47.07;45.05;24.29;35.96;43.85;37.1;36.43;22.8;14.2;17.6
O3;uur;µg/m³;2023-02-15T15:00:00+01:00;2023-02-15T16:00:00+01:00;;13.1;13.6;21.4;22.8;28.84;43.14;48.44;63.22;46.57;31.61;56.95;25.37;55.43;32.14;43.69;33.95;18.7;25.01;35.55;43.58;27.75;14.94;18.84;23.7;18.47;37.63;31.79;27.89;26.15;15.22;35.24;19.64;30.86;42.89;47.32;37.69;18.48;30.75;45.78;37.48;37.65;18.9;15;19
O3;uur;µg/m³;2023-02-15T16:00:00+01:00;2023-02-15T17:00:00+01:00;23.3;6.9;12.5;12.2;27.9;19.72;36.7;47.43;54.22;33.7;30.89;41.3;34.71;43.5;32.13;36.97;27.02;13.49;19.56;30.92;21.16;28.59;15.18;16.56;11.73;18.52;28.92;27.51;15.14;11.76;10.33;20.46;7.35;22.14;38.47;34.86;25.23;21.7;26.64;38.83;34.82;35.99;14.6;11.4;14.7
O3;uur;µg/m³;2023-02-15T17:00:00+01:00;2023-02-15T18:00:00+01:00;14;3.3;6.3;16.3;7.5;8.15;42.53;34.67;46.6;23.62;18.47;30.95;25.56;34.51;30.71;32.77;11.97;11.33;16.55;15.71;18.15;11.01;17.97;9.15;2.8;15.38;20.21;15.63;8.92;5.75;7.45;12.22;5.97;15.8;25.3;18.96;16.5;31.37;22.26;32.02;25.98;22.86;11.6;7.3;6.8
O3;uur;µg/m³;2023-02-15T18:00:00+01:00;2023-02-15T19:00:00+01:00;15.2;1.9;8.4;17.8;21.7;0.82;43.26;15.9;14.37;19.06;16.28;32.61;20.72;26.26;30.2;32.7;8.13;8;9.32;12.98;13.83;5.92;16.55;3.66;-0.12;9.19;15.57;6.31;4.84;1.27;7.07;6.54;3.76;12.17;18.55;17.96;11.14;23.65;21.14;27.55;18.89;16.47;7.4;4;4.4
O3;uur;µg/m³;2023-02-15T19:00:00+01:00;2023-02-15T20:00:00+01:00;16.2;1.3;6.9;14.4;24.2;0.71;38.58;7.51;5.92;17.74;10.94;23.12;23.95;18.45;24.87;27.43;6.47;9.14;20.07;16.75;3.66;10.22;11.81;9.38;3.18;0.94;12.25;1.79;2.33;1.54;3.5;3.3;0.1;6.86;21.87;21.63;6.49;19.26;18.47;18.39;14.49;20.14;8.5;5.2;4.1
O3;uur;µg/m³;2023-02-15T20:00:00+01:00;2023-02-15T21:00:00+01:00;24.6;7.1;14.9;12.7;13.9;3.03;29.63;26.1;39.25;24.11;7.5;19.75;31.81;20.39;29.98;27.62;9.95;20.05;25.53;15.97;9.53;20.21;9.43;1.2;4.49;1.18;11.33;2.2;11.37;3.63;3.05;10.95;4.22;4.68;21.58;22.26;4.37;16.85;16.4;13.07;17.05;20.55;6.7;4.4;2.5
O3;uur;µg/m³;2023-02-15T21:00:00+01:00;2023-02-15T22:00:00+01:00;20.1;6.4;19.3;16.7;12.4;3.76;34.27;50.48;52.21;27.14;8.75;30.82;30.52;33.45;31.34;23.97;17.79;19.13;32.31;17.78;19.01;18.51;20.89;0.86;2.39;2.44;14.2;4.57;16.42;11.43;4.33;16.91;10.24;4.68;29.47;23.28;14.63;19;17;13.4;22.55;21.15;6.1;3.6;3
O3;uur;µg/m³;2023-02-15T22:00:00+01:00;2023-02-15T23:00:00+01:00;16.2;7.6;11.9;17;15.7;1.5;39.45;39.23;30.99;30.77;20.64;35.59;31.63;37.4;20.45;23.51;22.38;4.51;28.99;15.96;24.16;21.23;13.58;4.9;8.14;5.43;18.6;14.32;18.94;13.73;6.59;22.34;14.21;11.47;31.67;29.01;16.1;17.24;11.87;13.34;24.49;21.5;5.9;5.1;5.3
O3;uur;µg/m³;2023-02-15T23:00:00+01:00;2023-02-16T00:00:00+01:00;18.5;8.6;13.8;12.2;16.9;8.38;40.22;42.29;43.06;33.32;16.89;37.12;33.05;33.86;20.05;24.31;21.26;3.46;26.34;15.74;33.11;21.89;11.17;12.86;15.9;9.2;21.31;21.31;16.38;14.37;9.3;20.04;11.59;16.41;30.64;31.08;19.37;16.49;8.65;15.89;23.65;18.78;8.7;6.9;7.9
O3;uur;µg/m³;2023-02-16T00:00:00+01:00;2023-02-16T01:00:00+01:00;15.2;6.5;11.9;6.8;8.7;23.38;37.63;51.18;59.33;34.13;15.03;35.33;30.35;32.27;17.62;22.9;17.32;2.07;24.27;16.84;36.16;15.69;4.89;14.36;13.49;30.06;23.4;20.05;17.66;16.59;12.26;21.24;9.28;26.83;29.33;33.99;23.71;22.62;8.49;20.92;20.28;19.89;12.7;8.7;8.6
O3;uur;µg/m³;2023-02-16T01:00:00+01:00;2023-02-16T02:00:00+01:00;16.6;3.9;11.6;9.1;14.2;39.42;36.73;53.57;66;36.2;10.43;32.64;29.11;31.9;18.25;21.69;16.86;16.57;26.11;15.92;36.33;16.59;6.16;13.71;11.87;27.69;23.81;19.46;18.24;16.49;12.64;20.45;12.67;30.57;29.02;34.34;25.69;27.18;10.93;22.61;18.94;20.43;11.1;8.6;6.6
O3;uur;µg/m³;2023-02-16T02:00:00+01:00;2023-02-16T03:00:00+01:00;16.2;2;9.7;13.4;16.5;47.94;36.71;51.81;64;34.04;2.48;29.43;27.39;34.16;22;17.02;17.66;18.63;28.45;16.59;31.47;16.54;2.78;5.91;18;21.5;23.06;19.04;17.42;17.11;11.56;19.73;12.2;28.81;27.92;34.23;26.93;21.93;16.72;23.17;18.71;19.39;13;8.1;7.3
O3;uur;µg/m³;2023-02-16T03:00:00+01:00;2023-02-16T04:00:00+01:00;18.7;2.9;8.7;14.9;12.7;47.15;32.43;50.6;58.69;28.04;0.65;30.92;21.26;28.53;19.73;10.6;13.42;18.22;27.02;13.11;34.4;17.18;4.9;3.06;21.8;16.8;21.89;19.35;18.87;18.75;10.3;21.18;10.96;30.82;25.92;32.85;28.1;20.34;18.97;25.89;21.53;21.56;11.3;7.3;6.4
O3;uur;µg/m³;2023-02-16T04:00:00+01:00;2023-02-16T05:00:00+01:00;15.9;5.3;11.8;10.5;13.3;39.39;31.45;51.24;62.55;25.06;-1.22;28.76;14.77;23.91;14.25;9.7;14.14;9.22;20.61;7.8;33.14;18.08;6.69;3.02;26.26;21.11;20.62;20.47;18.16;16.15;9.66;20.17;11.34;30.68;27.08;29.97;29.12;21.43;20.89;26.96;27.04;26.32;12;8.5;7.9
O3;uur;µg/m³;2023-02-16T05:00:00+01:00;2023-02-16T06:00:00+01:00;12;2;7.8;12.7;12.8;31.06;30.75;54.16;61.73;26.56;-1.21;30.39;13.34;24.87;10.2;13.25;10.38;4.62;9.66;0.87;32.49;16.39;3.81;2.99;23.54;27.95;20.11;18;15.14;10.52;6.07;16.77;8.03;27.4;25.7;26.7;27.17;17.84;18.51;26.74;31.3;28.26;10;8.9;6.8
O3;uur;µg/m³;2023-02-16T06:00:00+01:00;2023-02-16T07:00:00+01:00;4.1;1;1.5;6.5;11.3;27.23;30.02;54.59;61.24;28.82;-1.39;27.4;9.99;22.08;12.41;15.82;4.85;4.06;8.78;-0.95;21.75;12.13;0.84;0.47;21.19;13.64;14.63;14.42;7.55;2.12;2.25;8.95;3.02;24.5;18.46;23.94;26.07;16.63;17.14;27.93;31.86;28.17;7.9;6;3.9
O3;uur;µg/m³;2023-02-16T07:00:00+01:00;2023-02-16T08:00:00+01:00;3.7;0.5;1.8;3.3;5.6;26.37;26.12;55.91;56.39;27.32;-1.22;25.3;7.34;14.38;11.88;17.82;2.31;2.04;10.07;-0.99;21.59;4.23;1.32;-0.16;19.67;7.84;9.78;7.5;1.94;0.95;0.44;3.46;-0.45;20.98;13.78;19.36;21.98;14.66;15.58;27.19;32.07;21.99;2.2;2.2;0.7
O3;uur;µg/m³;2023-02-16T08:00:00+01:00;2023-02-16T09:00:00+01:00;;1.4;1.2;3.9;1;24.22;23.61;54.5;54.44;27.42;1.69;15;9.87;18.72;12.83;18.89;2.31;1.17;14.64;0.4;21.46;0.96;2.13;0.61;29.05;15.99;8.2;5.95;2.4;1.8;0.78;3.58;0.81;19.98;14.22;16.65;19.25;13.66;14.94;24.52;28.31;18.99;0.9;1.5;0
O3;uur;µg/m³;2023-02-16T09:00:00+01:00;2023-02-16T10:00:00+01:00;9.5;2.2;1.7;7.6;9.4;47.88;30.65;51.45;56.9;26.45;7.03;19.33;7.93;28.75;16.25;19.75;6.39;2.19;12.97;6.79;17.58;3.98;2.87;2.12;30.45;20.87;6.85;5.43;4.03;2.97;2.95;5.95;2.05;22.86;17;20.64;18.77;14.62;13.36;22.13;27.65;20.16;1.8;1.1;0.2
O3;uur;µg/m³;2023-02-16T10:00:00+01:00;2023-02-16T11:00:00+01:00;17.8;8.6;9.3;14.3;16.9;44.74;34.38;51.17;61.71;24.33;9.83;24.76;5.77;28.21;20.54;21.59;14.1;7.45;18.79;12.37;26.96;15.31;8.84;8.93;33.42;22.25;10.1;11.55;6.62;4.75;8.14;8.96;5.62;24.12;16.54;19.32;18.58;14.9;14.44;19.47;29.42;23.04;5.3;4.9;6.1
O3;uur;µg/m³;2023-02-16T11:00:00+01:00;2023-02-16T12:00:00+01:00;19.2;9.9;13;13.3;;44.6;33.96;;61.35;22.65;12.07;22.44;15.45;27.71;23.62;30.95;18.32;16.21;26.1;18.51;22.91;15.64;15.57;13.48;41.6;13.78;16.03;17.94;11.99;10.3;10.58;15.08;16.26;25.74;14.39;20.71;19.21;17.04;13.15;20.27;30.8;23.37;9.8;9;13.5
O3;uur;µg/m³;2023-02-16T12:00:00+01:00;2023-02-16T13:00:00+01:00;23.9;12.8;16.5;21.9;;45.46;32.73;;61.04;29.21;21.3;24.51;24.68;28.2;32.91;38.98;29.64;22.33;30.67;24.12;30;21.22;22.05;21.88;35.89;22.79;18.4;23.84;13.99;12.7;14.37;18.21;21.12;25.93;19.13;16.86;18.27;19.96;17.08;20.3;30.01;22.76;17.5;16.8;16.4
O3;uur;µg/m³;2023-02-16T13:00:00+01:00;2023-02-16T14:00:00+01:00;34.6;25.6;28.3;23.4;;45.35;33.98;;59.82;39.17;32.92;31.22;38.11;35.63;41.7;40.77;40.27;34.85;42.99;30.99;55.65;36.97;26.21;28.71;35.49;30.85;23.82;30.17;20.5;20.04;22.79;23.88;28.92;24.55;24.96;22.6;22.92;26.11;23.88;24.78;38.35;26.37;32.1;31;30.6
O3;uur;µg/m³;2023-02-16T14:00:00+01:00;2023-02-16T15:00:00+01:00;33;28.5;27.5;29.9;40.4;51.48;44.24;;66.04;52.13;40.92;42.55;42.79;44.89;48.16;45.23;42.62;33.2;43.03;40.52;60.14;36.31;24.48;30.65;41.55;56.92;32.92;41.03;28.35;25.74;23.96;33.96;37.48;31.52;33.28;33.51;26.44;34.81;;33.96;45.24;37.46;37.3;33.6;39.2
O3;uur;µg/m³;2023-02-16T15:00:00+01:00;2023-02-16T16:00:00+01:00;39.4;27.9;28.5;34.1;44;54.76;49.3;65.7;;55.15;46.1;48.33;44.85;50.49;51.06;49.99;45.64;28.76;43.98;39.63;54.44;41.76;36.15;35.08;57.89;53.61;29.9;46.95;36.61;33.91;35.77;43.86;36.22;34.26;37.7;35.97;32.64;44.37;;33.15;42.05;44.14;44.1;29.9;36.4
O3;uur;µg/m³;2023-02-16T16:00:00+01:00;2023-02-16T17:00:00+01:00;39.4;27.7;24.1;32.3;38.3;57.49;49.93;64.46;;56.18;43.67;49.2;45.71;51.38;45.62;44.17;42.13;28.65;44.37;39.67;47.7;39.89;26.64;34.55;41.57;44.36;36.52;38.81;29.8;29.77;32.37;38.1;37.36;34.43;40.86;44.42;31.53;37.74;;29.38;39.24;35.33;35.7;27.2;35.9
O3;uur;µg/m³;2023-02-16T17:00:00+01:00;2023-02-16T18:00:00+01:00;38.4;26.4;21.1;34.8;46.1;57.72;50.75;60.87;;54.52;40.51;49.28;36.84;53.02;48.16;46.06;42.01;21.28;37.42;33.79;48.89;38.17;28.88;34.35;45;46.79;38.44;36.9;30.87;28.27;30.68;37.33;32.07;33.86;44.86;44.51;34.53;33.02;;28.35;37.63;29.94;37;30.3;34.6
O3;uur;µg/m³;2023-02-16T18:00:00+01:00;2023-02-16T19:00:00+01:00;42.7;31.2;14.6;41.8;43.1;58.88;54.69;59.97;;50.48;33.49;47.86;36.48;50.28;48.92;44.43;46.61;29.95;42.18;31.73;52.34;41.02;32.58;35.8;55.61;54.9;37.37;33.67;32.36;29.31;29.45;38.09;31;36.29;42.38;49.23;32.27;28.8;36.14;32.69;40.76;27.3;34.8;28;34.1
O3;uur;µg/m³;2023-02-16T19:00:00+01:00;2023-02-16T20:00:00+01:00;43.7;35.3;9.1;25.1;46;58.58;52.7;58.88;60.26;46.55;41.21;46.46;34.31;48.13;47.6;41.92;44.98;27.62;46;29.96;54.59;46.97;22.66;38.06;54.53;56.13;39.87;37.98;32.34;30.65;33.19;37.67;35.35;38.73;44.46;48.27;32.09;36.88;34.35;31.68;41.98;31.39;36.6;33.8;32.9
O3;uur;µg/m³;2023-02-16T20:00:00+01:00;2023-02-16T21:00:00+01:00;45.8;31.8;18.4;19.9;45.2;53.7;48.44;55.98;56.5;38.23;37.63;41.89;38.65;43.83;56.1;46.52;43.49;37.1;41.99;40.36;54.14;48;37.26;37.29;53.56;57.17;41.02;36.61;35.57;34.67;32.71;41.48;39.38;43.2;40.11;45.24;38.32;37.96;40.13;33.08;43.43;34.69;37.7;48.2;38.9
O3;uur;µg/m³;2023-02-16T21:00:00+01:00;2023-02-16T22:00:00+01:00;54.2;39.9;37.5;22.8;40;50.5;42.9;53.16;54.66;35.9;43.78;35.7;41.81;36.96;61.84;53.62;38.46;51.97;54.08;42.38;51;48.24;43.45;34.71;53.13;53.3;42.4;44.97;37.54;40.35;33.53;43.74;38.48;44.33;38.67;40.55;38.24;38.23;45.94;34.97;42.96;36.11;32.6;46.6;31.5
O3;uur;µg/m³;2023-02-16T22:00:00+01:00;2023-02-16T23:00:00+01:00;56.5;38.8;43.3;10.3;43;48.95;38.17;50.5;54.77;39.15;47.48;36.09;49.95;39.97;60.39;56.74;45.99;56.21;61.14;54.82;49.8;45.72;47.64;35.56;51.59;55.75;41.5;52.74;42.87;45.97;47.53;48.28;49.56;39.93;41.28;36.53;35.94;39.05;43.12;37.7;45.44;38.56;33.1;49.4;41.8
O3;uur;µg/m³;2023-02-16T23:00:00+01:00;2023-02-17T00:00:00+01:00;58.7;40.3;38.5;7.3;46.6;47.77;38.16;51.4;54.04;43.49;52.77;43.99;56.89;44.63;55.76;56.2;49.09;55.81;59.39;51.56;52.59;48.04;49.24;42.43;48.57;55.29;45.67;55.47;49.46;54.64;47.53;56.04;56.53;36.04;50.91;37.38;36.38;39.48;43.64;36.99;46.23;44.7;48.3;52.7;51.9
O3;uur;µg/m³;2023-02-17T00:00:00+01:00;2023-02-17T01:00:00+01:00;58.1;39.2;40.1;13.9;40.6;48.12;38.9;51.7;52.49;54.83;56.79;44.69;53.83;43.81;57.86;56.78;45.05;58.88;55.82;49.08;53.86;44.25;48.51;38.92;45.73;55.84;51.04;51.67;50.03;54.86;46.91;55.61;55.98;36.11;53.23;42.67;42.87;45.46;44.31;37.11;47.82;46.51;50.2;54.5;53.5
O3;uur;µg/m³;2023-02-17T01:00:00+01:00;2023-02-17T02:00:00+01:00;56.8;40.1;36;11.2;48.2;48.8;38.83;50.72;52.44;54.62;56.18;49.29;58.9;51.48;59.74;57.3;44.16;56.01;61.29;51.8;50.28;49.22;46.76;45.69;46.21;53.21;50.95;48.66;49.69;54.71;43.61;54.7;53.97;37;52.56;45.65;49.4;49.03;43.49;41.49;47.09;45.25;47.4;50.9;49.4
O3;uur;µg/m³;2023-02-17T02:00:00+01:00;2023-02-17T03:00:00+01:00;52;36.5;35.4;20.8;47.9;;;;;;;;;;;;;;;;;;;;;;;;;;;;;;;;;;;;;;48.3;51.4;50.3
O3;uur;µg/m³;2023-02-17T03:00:00+01:00;2023-02-17T04:00:00+01:00;55.7;43.7;27.6;26.5;44.7;46.4;57.59;49.93;53.22;57.8;55.88;63.4;60.09;59.94;53.26;56.14;45.97;51.64;;51.17;55.5;47.31;46.81;45.9;49.37;58.91;50.55;48.41;50.04;55.34;45.24;54.93;55.09;44.1;54.63;53.19;;45.3;44.93;48.85;47.09;44.5;52.1;54.6;53.2
O3;uur;µg/m³;2023-02-17T04:00:00+01:00;2023-02-17T05:00:00+01:00;55.2;44.5;29.6;30.3;52.1;46.36;57.05;50.72;52.63;60.5;55.09;62.38;56.88;62.32;52.69;57.55;46.67;50.66;52.25;51.32;50.36;52.63;48.89;49.77;49.6;55.64;50.19;47.54;51.36;54.25;42.93;56.22;50.9;49.49;54.96;55.04;50.64;48.4;44.61;45.99;49.5;45.06;48.4;53.4;49.1
O3;uur;µg/m³;2023-02-17T05:00:00+01:00;2023-02-17T06:00:00+01:00;49.8;40.6;37.1;17.7;48.8;48.88;59.24;51.74;52.02;61.94;52.78;61.37;55.11;59.91;49.45;57.68;46.82;51.63;50.57;48.6;54.88;48.11;46.57;41.99;50.6;54.84;46.86;51.03;46.99;49.21;45.79;51.44;49.61;51.64;54.08;53.43;52.62;48.13;44.49;49.41;48.48;46.91;46.5;51.7;
O3;uur;µg/m³;2023-02-17T06:00:00+01:00;2023-02-17T07:00:00+01:00;49.9;37.4;34.2;25.5;47.4;51.21;58.14;51.96;52.36;59.91;53.69;59.31;52.48;57.39;54.09;55.91;42.05;48.11;51.24;48.76;51.66;46.2;41.44;36.44;49.33;53.54;49.33;48.36;44.4;44.07;41.92;48.73;46.05;50.97;51.61;54.05;48.48;45.81;48.03;48.9;49.33;47.06;45.4;49.5;46.8
O3;uur;µg/m³;2023-02-17T07:00:00+01:00;2023-02-17T08:00:00+01:00;52.9;41.4;25.6;36.8;;49.56;53.83;52.08;51.29;57;48.59;55.56;50.79;54.6;50.27;54.49;40.9;50.1;52.57;49.06;51.68;44.34;41.45;37.53;48.64;52;48.49;44.51;40.8;44;38.59;45.78;46.05;49.2;49.8;50.44;46.23;47.78;44.68;47.42;51.1;46.71;41.8;47.1;41.5
O3;uur;µg/m³;2023-02-17T08:00:00+01:00;2023-02-17T09:00:00+01:00;49.6;36.7;18.9;34;44.3;50.69;53.37;51.31;47.26;54.78;46.11;53.23;46.03;52.31;50.65;53.18;46.2;45.59;50.49;45.54;50.07;44.55;42.7;37.56;48.08;50.56;46.64;48.27;42.1;44.05;41.02;47.62;48.21;48.61;52.6;48.85;45.17;47.79;45.72;45.86;51.04;44.87;43.5;45.8;
O3;uur;µg/m³;2023-02-17T09:00:00+01:00;2023-02-17T10:00:00+01:00;50.7;35.3;32.9;27.5;41.5;52.02;52.68;51.58;47.77;53.85;48.97;52.42;48.97;51.62;53.82;52.04;50.22;46.92;51.66;46.19;53.61;48.18;42.21;43.34;49.51;49.73;49.66;50.37;46.12;46.68;43.73;49.14;49.08;47.46;52.42;48.25;47.93;48.26;48.66;45.86;52.49;46.61;46.9;46.4;47.8
O3;uur;µg/m³;2023-02-17T10:00:00+01:00;2023-02-17T11:00:00+01:00;52.7;39.8;36.3;32.9;49.4;52.07;52.34;52.88;49.72;53.15;49.34;51.9;51.09;51.85;56.89;53.86;52.12;48.98;54.6;49.76;57.63;52.21;45.25;46.43;52.61;55.75;53.12;52.79;45.74;49.27;46.82;49.79;51.56;47.18;53.48;47.73;48.15;48.54;50.71;48.03;54.9;49.25;50;51.6;49.2
O3;uur;µg/m³;2023-02-17T11:00:00+01:00;2023-02-17T12:00:00+01:00;55.7;41.3;38.1;24.9;49.6;51.86;52.1;55.46;52.96;52.88;51.53;51.77;48.53;53.53;60.68;56.28;53.48;52.79;58.53;54.42;58.42;51.85;46.66;47.96;56.1;57.26;55.39;54.34;49.37;50.82;48.29;53.01;53.07;49.86;54.76;52.42;49.97;51.1;54.46;49.49;58;54.06;55.3;54.1;54.6
O3;uur;µg/m³;2023-02-17T12:00:00+01:00;2023-02-17T13:00:00+01:00;59.7;42.4;39.4;36.4;42.1;53.9;53.09;55.96;57.81;52.18;56.43;53.78;52.77;56.46;65.4;61.23;53.27;57.67;62.12;58.37;57.35;50.4;45.38;45.77;58.29;55.66;56.5;55.78;48.58;52.16;50.2;52.77;57.44;52.24;56.48;53.03;51.09;56.18;58.7;54.34;60.81;57.57;55.7;52.4;54
O3;uur;µg/m³;2023-02-17T13:00:00+01:00;2023-02-17T14:00:00+01:00;58.6;41;45.4;49.8;43.5;56.79;54.06;57.85;59.32;52.57;60.84;54.66;58.21;56.95;67.69;63.14;57.32;51.94;64.63;63.42;58.83;51.65;47.47;45.71;60.65;56.34;58.67;54.73;50.68;49.71;47.8;55.52;58.28;51.48;58.3;52.04;51.2;57.46;60.95;58.06;64.95;62.1;57.2;53.8;56.2
O3;uur;µg/m³;2023-02-17T14:00:00+01:00;2023-02-17T15:00:00+01:00;61.3;42;48.7;54;46.1;60.08;52.9;60.06;;55.68;61.27;53.82;58.65;57.66;68.5;63.11;58.1;45.68;66.15;61.6;56.1;53.56;52.63;47.69;62.71;55.73;59.43;54.24;53.62;47.96;49.09;59.93;56.7;50.9;55.77;54.44;53.24;57.5;61.76;58.72;66.88;63.94;56.2;50.4;55.1
O3;uur;µg/m³;2023-02-17T15:00:00+01:00;2023-02-17T16:00:00+01:00;62.7;41.9;51.8;60.1;44.5;59.49;53.75;61.62;;60.91;52.67;53.43;55.5;54.9;67.17;63.57;61.88;46.3;65.74;61.88;61.79;55.48;50.81;53.55;62.18;56.71;59.02;55.19;55.49;49.25;49.09;61.11;57.02;53.97;55.69;55.23;55.46;56.61;61.81;59.05;69.51;66.73;57.5;51.7;55.2
O3;uur;µg/m³;2023-02-17T16:00:00+01:00;2023-02-17T17:00:00+01:00;59.9;37.3;43.9;54.9;44.9;58.74;54.74;63.51;;61.81;49.09;53.9;55.91;54.74;65.81;61.46;63.27;49.67;62.82;61.7;59.05;54.77;53.15;55.67;62.45;55.66;56.51;53.82;55;52.06;52.53;61.68;56.78;54.07;55.42;54.93;54.02;55.57;64.33;61.42;77.93;74.45;57.1;53.3;54.5
O3;uur;µg/m³;2023-02-17T17:00:00+01:00;2023-02-17T18:00:00+01:00;57.2;32;45.1;54;45.3;55.18;54.56;60.28;;59.91;57.61;52.21;58.36;52.99;64.92;59.6;58.45;42.67;62.15;60.96;59.77;46.96;53.47;52.06;63.71;51.84;55.74;47.94;50.89;42.28;49.54;57.7;55.75;53.3;55.58;57.57;55.37;54.83;63.6;71.56;79.7;77.08;54;50;51.5
O3;uur;µg/m³;2023-02-17T18:00:00+01:00;2023-02-17T19:00:00+01:00;55.7;24.7;39.8;47.8;37.5;55.13;54.91;57.21;58.8;59.67;57.14;50.45;56.84;54.98;61.76;58.28;58.54;40.82;60.7;58.54;58.6;47.23;51.01;53.15;65.28;48.18;51.67;43.01;47.04;39.89;42.07;54.21;52.79;52.24;54.69;55.96;54.95;67.48;66.42;74.05;80.01;78.23;51.1;47.1;47.5
O3;uur;µg/m³;2023-02-17T19:00:00+01:00;2023-02-17T20:00:00+01:00;53.2;23.9;36.6;51.4;35.9;54.78;52.94;58.72;61.85;57.01;42.81;53.29;51.22;55.08;60.07;56.24;55.59;43.8;58.37;57.3;54.42;45.18;53.43;53.15;65.77;49.71;49.11;53.68;41.69;39.17;46.2;46.08;50.89;49.56;46.45;57.02;55.1;70.18;64.54;74.6;82.18;78.11;48.4;44.2;41.2
O3;uur;µg/m³;2023-02-17T20:00:00+01:00;2023-02-17T21:00:00+01:00;52;30.5;38.8;43.8;28.1;56.23;53.53;58.93;63.15;55.48;45.91;53.61;52.08;56.14;57.58;54.67;49.8;37.98;57.08;53.71;51.9;47.72;47.83;43.47;61.54;48.24;51.09;47.79;39.86;43.93;40.3;50.06;42.95;43.43;45.08;50.58;50.34;46.26;63.45;70.54;76.26;76.71;46.2;42.4;40.1
O3;uur;µg/m³;2023-02-17T21:00:00+01:00;2023-02-17T22:00:00+01:00;51.1;39.5;42.2;41.2;19.2;56.66;51.15;59.51;63.19;52.36;46.14;52.35;48.84;55.56;56.28;53.29;43.61;44.08;54.83;46.33;47.21;42.98;42.87;41.11;62.38;46.85;51.13;43.58;41.28;39.75;36.49;47.81;41.64;40.83;41.23;51.41;48.19;45.95;65.76;66.68;77.18;74.36;34;40.7;41.8
O3;uur;µg/m³;2023-02-17T22:00:00+01:00;2023-02-17T23:00:00+01:00;49.1;41.6;43.2;37;30.7;56.91;50.68;61.31;63.35;49.08;48.2;51.53;49.03;54.41;55.55;52.22;35.17;49.34;52.2;47.46;48.11;29.43;47.02;30.03;59.22;52.51;42.64;39.69;35.89;35.6;35.98;41.21;36.51;36.57;42.41;48.06;46.68;50.46;59.02;60.87;75.72;72.88;32.7;40.3;41.3
O3;uur;µg/m³;2023-02-17T23:00:00+01:00;2023-02-18T00:00:00+01:00;48.5;27.4;32.5;36.9;22.1;57.15;49.03;59.4;61.96;45.45;48.26;52.18;48.16;54.03;59.13;53.06;31.59;23.63;52.91;47.62;43.46;35.31;41.94;27.48;55.47;46.14;40.79;37.56;32.49;33.14;31.32;36.77;37.54;28.17;36.13;48.45;42.65;51.26;53.66;61.98;67.51;70.16;41.4;42.4;42.3
O3;uur;µg/m³;2023-02-18T00:00:00+01:00;2023-02-18T01:00:00+01:00;54.2;25.5;25.2;19;11.2;56.16;49.58;59.52;62.59;46.23;49.21;51.86;49.44;54.4;48.73;53.91;39.05;36.15;55.69;53.15;29.34;31.94;34.86;29.61;51.37;40.78;41.97;33.75;28.51;31.82;28.67;31.52;40.57;30.49;35.19;46.67;38.41;40.81;49.65;59.53;64.67;65.04;33.7;36;36.3
O3;uur;µg/m³;2023-02-18T01:00:00+01:00;2023-02-18T02:00:00+01:00;54.3;36.1;30.9;15.4;38.4;57.67;49.33;57.39;59.78;48.17;50.24;53.44;48.8;55.26;48.78;52.17;34.68;52.74;48.6;49.27;40.74;37.51;38.93;28.96;55.88;35.35;40.2;36.36;37.4;41.55;29.48;41.6;45.98;34.48;40.06;45.81;33;31.54;40.54;56.02;56.13;63.74;26.2;28.3;29.1
O3;uur;µg/m³;2023-02-18T02:00:00+01:00;2023-02-18T03:00:00+01:00;47.2;28.6;28.6;14.3;29.4;53.41;49.15;60.79;62.23;50.7;52;54.53;51.85;53.56;51.38;53.16;44.17;48.04;47.94;49.97;41.96;42.07;32.56;41.57;53.28;42.38;33.9;38.7;42.41;47.34;32.77;47.12;43.92;38.35;41.94;45.28;32.45;37.56;44.23;49.86;55.95;61.57;31.7;35.7;37.2
O3;uur;µg/m³;2023-02-18T03:00:00+01:00;2023-02-18T04:00:00+01:00;45.8;30.7;18.9;14.4;24.7;54.54;48.7;58.86;60.95;53.92;45.19;54.38;51.3;53.75;52.56;53.91;40.52;43.07;50.11;48.85;50.87;39.93;28.77;40.41;32.45;46.58;36.39;43.18;39.75;44.14;38.4;44.03;42.86;37.77;44.67;46.36;35.27;35;44.32;38.64;51.66;56.11;33.9;38.3;39.8
O3;uur;µg/m³;2023-02-18T04:00:00+01:00;2023-02-18T05:00:00+01:00;50.7;38.4;29.7;19.7;39.5;55.34;51.77;57.71;59.29;51.95;46.01;56.25;47.42;53.93;56.42;55.9;42.39;49.02;54.5;49.12;50.53;43.93;44.02;46.06;33.83;53.55;37.89;36.53;41.88;46.09;36.34;45.76;42.74;34.54;44.69;45.33;36.54;35.46;29.92;39.54;45.74;52.45;46.4;49;48.9
O3;uur;µg/m³;2023-02-18T05:00:00+01:00;2023-02-18T06:00:00+01:00;56.7;36.6;40.2;26.5;41.6;55.71;52.67;61.05;63.06;55.77;56.04;57.11;52.25;55.6;61.52;60.39;53.1;56.79;58.44;57.69;51.36;48.09;42.57;46.02;43.67;53.9;39.29;44.94;45.88;50.92;37.82;50.19;51.9;35.95;46.31;50.14;37.68;35.6;29.15;33.66;48.06;48.55;52.5;53.2;53.1
O3;uur;µg/m³;2023-02-18T06:00:00+01:00;2023-02-18T07:00:00+01:00;58.6;42.7;39.5;21.2;50.2;58.91;54.4;63.31;65.34;56.54;57.36;60.05;56.55;58.16;64.01;64.38;55.24;59.5;62.58;61.35;55.52;51.11;51.82;48.57;47.78;55.52;44.64;52.86;47.08;53.08;48.72;51.6;55.37;43.84;53.43;50.16;38.62;37.09;44.39;33.84;35.76;33.37;55.6;54.3;54.4
O3;uur;µg/m³;2023-02-18T07:00:00+01:00;2023-02-18T08:00:00+01:00;61.8;40.9;42.7;49.3;46.4;61.41;56.68;64.3;65.69;56.14;62.17;60.56;60.78;59.57;64.49;65.46;57.25;62.62;63.92;63.32;55.27;56.24;45.78;50.37;56.03;58.25;58.08;55.57;49.81;56.38;50.26;55.02;57.83;45.31;57.16;51.64;45.88;48.1;52.65;36.77;34.19;33.45;57.8;56.8;56.7
O3;uur;µg/m³;2023-02-18T08:00:00+01:00;2023-02-18T09:00:00+01:00;62.7;41;42.5;41.5;44.2;64.55;59.35;71.19;73.62;61.14;59.86;64.83;63.78;66.27;65.58;66.39;61.88;60.44;67.92;66.36;59.87;60.11;51.41;51.73;59.37;59.2;60.72;61.33;53.54;56.07;53.65;58.07;61.66;47.56;58.97;54.18;52.16;57.29;58.49;47.07;56.18;49.28;60;58.5;59.2
O3;uur;µg/m³;2023-02-18T09:00:00+01:00;2023-02-18T10:00:00+01:00;66.6;47.9;50.6;49;53.9;69.04;64.56;72.17;75.3;64.23;64.53;65.8;62.28;67.54;72.18;68.84;65.04;66.39;68.22;68.02;72.96;61.53;50.96;54.82;66.2;72.18;68.03;65.06;60.43;57.49;58.67;64.06;66.38;55;62.69;63.57;53.82;61.08;63.03;59.02;61.43;59.04;69.7;69.3;69.1
O3;uur;µg/m³;2023-02-18T10:00:00+01:00;2023-02-18T11:00:00+01:00;71.5;51.3;55.5;61.4;59.4;69.45;64.02;71.65;75.01;65.59;63.88;67.4;67.65;68.26;74.27;69.97;70.15;62.88;73.78;71.29;72.34;66.52;61.48;61.23;72.94;75.52;72.27;66.54;61.69;60.95;59.52;66.82;66.27;60.92;65.91;63.43;61.02;68.57;69.75;63.92;68.01;63.9;73.3;72.1;70.9
O3;uur;µg/m³;2023-02-18T11:00:00+01:00;2023-02-18T12:00:00+01:00;70.1;52.2;59.3;63.5;59.7;67.78;65.59;69.97;73.36;67.41;52.71;66.39;66.17;66.71;71.37;67.38;72.73;60.39;73.92;69.94;71.57;65.69;68.23;68.08;72.33;70.21;70.23;67.4;62.34;64.98;62.94;69.01;63.8;60.15;65.09;63.69;61.58;71.44;69.56;66.68;71.19;67.65;71.7;67.8;67.1
O3;uur;µg/m³;2023-02-18T12:00:00+01:00;2023-02-18T13:00:00+01:00;67.1;52.8;57.1;61.9;51.2;64.56;61.07;68.59;71.35;68.33;64.26;61.57;68.12;63.42;71.62;66.1;69.41;60.63;72.7;69.28;72.69;60.13;64.31;64.54;72.11;71;69.89;67.05;59.63;63.75;61.71;66.32;59.5;58.82;64.46;63.5;60.07;68.77;69.58;69.22;72.78;69.35;70.6;67.1;67.1
O3;uur;µg/m³;2023-02-18T13:00:00+01:00;2023-02-18T14:00:00+01:00;66.3;50.1;56;56.6;52.9;59.73;61.37;66.26;69.2;67.33;64.05;62.96;69.09;62.82;69.09;64.7;68.67;58.93;71.98;68.26;70.5;62.28;64.38;63.12;70.6;71.29;70.79;66.18;58.09;62.16;60.97;64.71;58.39;60.27;62.43;67.22;61.81;66.37;69.96;69.63;72.96;70.51;70.1;66.8;66.5
O3;uur;µg/m³;2023-02-18T14:00:00+01:00;2023-02-18T15:00:00+01:00;66.4;56.2;60.3;61.3;52.6;58.45;62.08;64.4;68.13;67.74;64.37;61.44;67.83;62.47;70.08;62.81;67.15;56.28;70.34;66.34;69.63;64.21;66.33;60.93;70.35;69.17;70.13;65.22;55.64;61.5;60.12;62.19;56.91;56.32;62.81;67;63.96;62.95;69.83;70.61;72.63;70.03;69.3;65.4;64.5
O3;uur;µg/m³;2023-02-18T15:00:00+01:00;2023-02-18T16:00:00+01:00;66.3;46.3;55.1;57.3;48.2;56.42;61.93;64.26;67.4;68.19;58.76;58.51;67.63;58.19;69.32;62.98;66.7;59.36;70.29;66.58;65.8;59.95;64.51;61.62;69.97;63.48;69.1;65.66;58.88;59.25;58.36;62.3;56.62;54.37;63.33;66.25;65.24;64.18;69.55;70.6;73.47;71.03;66;62.5;60.2
O3;uur;µg/m³;2023-02-18T16:00:00+01:00;2023-02-18T17:00:00+01:00;63.7;43.7;50.5;55.6;37.6;55.79;60.38;62.94;65.89;67.49;55.92;56.95;65.79;56.88;68.09;62.84;64.42;54.64;68.97;64.4;57.45;49.82;60.82;58.9;69.61;59.97;66.15;62.36;53.65;57.09;53.83;59.91;55.2;51.78;61.83;66.48;65.31;65.11;70.77;70.14;74.76;71.3;61;57;57.2
O3;uur;µg/m³;2023-02-18T17:00:00+01:00;2023-02-18T18:00:00+01:00;62.5;41.5;51.3;51.5;43.3;57.9;57.88;62.75;64.88;53.85;55.16;51.75;54.82;54.13;65.29;61.82;56.31;43.34;67.53;61.03;55.7;48.4;54.35;41.18;64.52;55.31;62.44;57.4;50.92;53.71;51.72;57.67;54.68;48.61;59.7;63.11;62.94;61.75;69.96;69.04;73.73;70.92;55.6;49.9;50.5
O3;uur;µg/m³;2023-02-18T18:00:00+01:00;2023-02-18T19:00:00+01:00;61.5;38.9;36.8;37.5;43.5;57.24;51.16;62.72;64.84;49.43;54.75;52.54;53.2;53.55;66.66;59.96;56;56.27;64.88;63.46;52.4;52.82;49.88;34.61;61.81;56.45;56.11;50.11;50.68;48.14;45.26;56.08;55.8;46.37;54.92;62.86;58.6;57.28;64.55;67.82;69.78;68.47;53.7;50.8;51.8
O3;uur;µg/m³;2023-02-18T19:00:00+01:00;2023-02-18T20:00:00+01:00;62.5;32.8;40.1;37.4;45.9;59.07;49.33;63.07;64.8;48.29;56.67;52.93;56.11;54.05;65.31;60.53;57.54;62.63;65.37;63.78;50.09;50.27;44.21;42.24;56.49;47.85;52.46;49.48;43.17;47.46;38.4;49.62;57.69;47.35;53.06;57.56;53.47;51.57;61.03;65.15;69.22;64.62;48.5;46.9;48.7
O3;uur;µg/m³;2023-02-18T20:00:00+01:00;2023-02-18T21:00:00+01:00;59.8;33.4;38.7;34.8;37.9;58.89;52.13;63.65;65.98;51.52;56.37;55.86;56.95;56.91;63.34;60.26;56.18;58.35;65.11;57.53;58.02;50.52;46.56;40.48;50.9;49.97;53.05;50.9;43.13;53.64;42.45;49.2;57.81;49.08;51.84;52.78;52.91;46.95;50.98;62.88;65.86;61.84;43.1;42.8;46.9
O3;uur;µg/m³;2023-02-18T21:00:00+01:00;2023-02-18T22:00:00+01:00;62.4;32.4;41.8;34.9;36.5;58.09;52.12;63.09;65.52;52.47;55.93;57.2;57.96;58.05;61.74;59.87;54.91;60.16;61.89;59.08;53.23;50.31;45.37;40.22;50.84;55.78;48.44;49.36;43.66;48.35;43.01;46.36;55.01;47.31;54.46;46.07;52.01;46.51;49.1;50.55;59.56;57.76;51;51.3;52.2
O3;uur;µg/m³;2023-02-18T22:00:00+01:00;2023-02-18T23:00:00+01:00;54.7;35.5;41;41.6;32.4;57.34;52.4;62.29;63.17;52.64;56.46;56;57.42;56.82;63.48;58.75;55.63;54.51;61.72;59.76;48.35;49.12;48.56;44.07;48.59;49.62;52.7;50.13;44.29;49.47;44.48;48.06;56.5;49.61;54.7;50.57;44.51;41.23;49.24;46.07;54.57;51.59;49.8;47.3;47.4
O3;uur;µg/m³;2023-02-18T23:00:00+01:00;2023-02-19T00:00:00+01:00;56.7;45.2;48.9;45.9;30.8;57.74;52.95;59.24;60.55;55.45;40.36;55.23;55.98;57.21;57.91;58.31;55.86;37.38;63.26;60.14;43.82;53.56;57.02;53.65;42.83;44.69;50.93;49.49;48.9;48.95;45.59;53.16;50.62;48.84;54.94;53.28;48.59;45.19;50.56;44.31;47.32;44.28;47.7;44.9;44.7
O3;uur;µg/m³;2023-02-19T00:00:00+01:00;2023-02-19T01:00:00+01:00;56.7;50.8;51.8;43.3;18.8;57.66;53.92;61.11;64.2;58.85;50.86;54.1;59.78;54.76;56.22;59.57;47.85;46.38;59.16;58.01;51.38;53.17;56.63;49.08;52.67;54.95;49.13;55.6;47.29;49.5;49.33;51.37;49.39;51.17;51.8;55.38;47.2;44.16;51.63;49.12;46.55;43.5;46.7;43.7;44.9
O3;uur;µg/m³;2023-02-19T01:00:00+01:00;2023-02-19T02:00:00+01:00;54.7;51.3;51.3;42.9;36;58.67;52.87;62.34;65.77;58.68;48.09;55.41;54.33;53.17;52.83;55.82;45.4;43.02;56.11;53.73;55.84;50.96;54.59;44.81;58.39;58;48.7;53.62;49.11;47.86;49.46;53.67;47.65;50.19;51.45;57.64;42.48;44.29;57.78;48.24;52.01;46.5;54.1;50.3;52.8
O3;uur;µg/m³;2023-02-19T02:00:00+01:00;2023-02-19T03:00:00+01:00;54.5;40.9;41.8;41.9;36.8;58.98;53.35;61.03;65.8;57.67;48.88;55.76;53.51;54.66;53.59;55.77;47.57;47.78;57.3;54.05;58.05;49.77;49.49;47.39;62.19;55.92;53.34;53.54;48.43;47.49;46.34;51.71;45.98;48.37;53.31;55.5;42.78;47.41;62.46;49.44;71.3;60.87;52.1;52.1;53.3
O3;uur;µg/m³;2023-02-19T03:00:00+01:00;2023-02-19T04:00:00+01:00;50.1;40.7;40.5;38;42;57.68;54.21;61.61;63.69;56.18;39.4;54.94;50.63;53.49;55.69;56.27;54.32;47.35;57.88;55.29;59.6;54.06;45.64;52.12;62.65;59.86;58.96;55.21;51.68;52.65;50.41;55.01;46.38;51.09;53.48;52.03;50.44;56.45;61.15;53.7;77.17;72.35;50.7;47.7;53
O3;uur;µg/m³;2023-02-19T04:00:00+01:00;2023-02-19T05:00:00+01:00;40.9;41.3;40.3;33.8;42.5;54.76;52.56;59.51;62;53.52;40.59;51.39;52.76;51.07;57.5;55.95;50.89;44.01;57.06;54.63;58.5;53.86;41.97;48.34;59.29;62.26;57.09;57.5;54.09;57.04;52.98;58.18;53.97;52.69;52.85;48.2;56.39;60.7;59.46;62.84;78.67;72.84;52.3;49.4;56.3
O3;uur;µg/m³;2023-02-19T05:00:00+01:00;2023-02-19T06:00:00+01:00;42.2;35.8;37.6;28;28.6;51.11;50.5;59;60.87;55.21;46.97;50.02;56.18;48.51;54.6;54.65;45.65;41.57;55.38;53.7;58.37;52.66;40.37;48.25;58.01;62.08;57.38;53.76;52.8;55.16;51.17;56.94;50.39;51.24;56.12;47.96;57.15;59.14;58.73;68.59;78.42;71.48;46.8;49.7;55.5
O3;uur;µg/m³;2023-02-19T06:00:00+01:00;2023-02-19T07:00:00+01:00;38.2;45;40.1;21.3;27.8;48.97;49.08;57.62;60.1;53.06;54.7;52.11;56.58;48.32;58.57;55.29;60.59;51.1;53.6;46.98;63.72;61.81;39.97;60.25;55.65;66.65;59.27;58.75;53.91;56.88;54.4;57.55;51.49;49.98;55.24;53.08;55.87;56.44;57.95;73.22;77.27;69.07;40.6;48;58.7
O3;uur;µg/m³;2023-02-19T07:00:00+01:00;2023-02-19T08:00:00+01:00;40.1;33.6;34.5;21.9;41.6;47.22;49.46;55.08;57.36;54.98;55.97;49.79;57.24;50.5;57.9;56.41;58.65;41.67;54.44;43.38;66.19;61.5;28.96;58.64;74.47;65.58;59.52;59.56;56.57;59.32;56.08;60.86;56.33;53.19;55.02;52.28;52.83;53.01;64.37;70.4;73.32;67.77;49;42.5;57.5
O3;uur;µg/m³;2023-02-19T08:00:00+01:00;2023-02-19T09:00:00+01:00;39.6;41.6;45.2;29;36.2;44.39;45.76;52.59;55.07;54.53;57.92;51.19;58.26;51.78;61.44;56.03;60.2;49.7;58.2;39.36;65.09;58.19;43.81;58.79;73.94;62.72;60.18;59.69;53.77;58.02;52.51;58.46;53.76;54.54;53.99;55.49;52.04;61.38;68.95;68.84;61.71;62.96;56.2;51.8;51.4
O3;uur;µg/m³;2023-02-19T09:00:00+01:00;2023-02-19T10:00:00+01:00;26.4;55.6;57.9;49;57.9;46.93;46.44;50.38;53.68;54.83;58.28;49.69;55.42;52.03;60.17;56.4;65.68;63.6;57.04;47.39;62.07;66.58;48.23;65.05;77.17;57.93;62.39;58.17;52.95;57.85;51.79;58.01;53.03;52.26;52.28;53.65;58.61;71.81;72.08;71.49;69.99;76.28;53.9;44.6;47.5
O3;uur;µg/m³;2023-02-19T10:00:00+01:00;2023-02-19T11:00:00+01:00;32.9;54.2;60.8;46.9;47;50.51;48.1;49.88;50.79;53.71;59.83;51.19;63.02;52.81;60.24;57.28;66.24;65.93;61.65;55.95;64.87;68.2;59.1;65.51;79.9;51.92;66.52;57.24;53.18;56.3;48.82;58.49;55.78;59.85;53.02;55.77;60.81;73.22;75.31;76.13;78.4;76.01;64.5;53.3;51.5
O3;uur;µg/m³;2023-02-19T11:00:00+01:00;2023-02-19T12:00:00+01:00;51.5;57.1;62.7;53.5;50.8;54.46;52.05;49.75;50.9;59.17;58.42;48.19;65.29;55.84;66.03;61;67.47;67.91;67.34;59.19;74.16;67.75;65.32;65.6;80.42;64.45;74.53;60.98;50.78;57.04;54.84;57.76;62.8;58.04;58.78;57.45;65.73;75.54;75.29;77.57;80.59;77.24;65.5;61.1;63.5
O3;uur;µg/m³;2023-02-19T12:00:00+01:00;2023-02-19T13:00:00+01:00;47.9;55.5;59.4;42.4;33;57.02;59.52;49.05;51.56;65;66.44;53.47;69.68;61.86;70.29;67.65;67.44;67.17;68.84;59.17;79.94;66.57;59.61;65.46;81.92;68.78;78.38;61.11;64.11;58.34;56.93;68.35;62.4;66.69;58.78;57.6;67.23;77.02;76.79;80.98;84.76;80.33;70.4;64.1;63.7
O3;uur;µg/m³;2023-02-19T13:00:00+01:00;2023-02-19T14:00:00+01:00;43.1;53;56.9;67.9;62.8;54.34;55.17;52.24;53.33;67.14;73.03;60.18;70.22;63.83;73.39;67.19;75.94;63.2;60.95;54.7;84;71.88;64.3;72.41;83.02;57.01;78.95;65.59;59.17;59.63;62.45;64.22;59.7;67.57;59.79;62.23;68.51;75.47;74.17;78.68;83.15;81.67;69.1;64.7;64.9
O3;uur;µg/m³;2023-02-19T14:00:00+01:00;2023-02-19T15:00:00+01:00;63.7;56.7;66.1;72.6;67.3;48.13;57.34;52.41;52.96;67.2;75.19;61.24;66.46;64.84;77.48;66.41;77.68;72.07;58.87;57.1;85.46;76.4;71.48;75.83;81.15;71.33;80.21;68.81;59.17;56.59;63.85;62.96;55.93;67.28;65.41;63.85;68.42;71.94;79.32;79.87;83.01;81.28;69.2;56;59.4
O3;uur;µg/m³;2023-02-19T15:00:00+01:00;2023-02-19T16:00:00+01:00;62.7;58.5;67.7;71.4;69;44.92;62.56;55.53;55.07;63.78;78.47;59.36;72.84;66.03;78.75;70.5;77.86;73.98;61.05;69.34;82.36;75.46;71.73;74.58;78.75;77.89;82.01;62.76;64.92;62.46;62.84;70.42;61.07;65.02;68.98;57.49;67.13;71.94;79.84;79.07;83.39;81.12;68.9;41.4;55
O3;uur;µg/m³;2023-02-19T16:00:00+01:00;2023-02-19T17:00:00+01:00;51.4;61.1;68.2;73;68.4;50.75;57.88;57.03;59.74;69.01;78.79;60.48;74.34;65.39;79.45;63.41;78.29;75.88;67.72;71.26;81.58;75.42;71.5;74.8;78.24;74.79;79.36;71.89;56.4;60;50.14;69.41;61.56;60.87;67.5;49.57;61.19;72.26;76.01;74.84;81.24;76.15;54.8;52.1;62.9
O3;uur;µg/m³;2023-02-19T17:00:00+01:00;2023-02-19T18:00:00+01:00;49;57;67.1;50.6;60;67.42;55.53;58.47;59.13;71.3;76.57;62.37;76.89;67.8;76.32;56.23;77.44;74.74;74.34;65.35;82.42;75.62;52.8;71.82;79.76;69.61;75.39;74.08;54.66;61.58;61.69;66.04;70.94;54.09;67.93;61.69;62.27;75.83;75.8;70.05;77.02;68.46;62.4;58.3;66.4
O3;uur;µg/m³;2023-02-19T18:00:00+01:00;2023-02-19T19:00:00+01:00;62.7;47;52;41.8;49.8;68.56;51.59;56.95;61.96;73.59;71.46;63.35;71.69;68.29;67.97;47.32;75.71;59.74;72.31;55.95;80.14;72.51;51.33;63.1;79.63;71.05;72.17;72.04;61.06;65.63;56.01;70.91;67.17;49.03;63.52;57.17;65.56;71.71;75.8;67.76;69.78;65.8;65.8;62.5;63.1
O3;uur;µg/m³;2023-02-19T19:00:00+01:00;2023-02-19T20:00:00+01:00;54.6;39.6;46.9;23.6;34.7;70.18;62.67;50.33;55.29;71.15;49.74;65.25;63.1;64.91;55.7;29.11;67.09;41.32;65.21;66.04;71.81;46.57;46.86;40.81;72.19;68.74;74.4;55.02;57.03;59.95;53.03;66.98;61.94;50.74;63.06;58.43;60.49;70.81;73.81;67.28;67.64;69.86;69.2;59.5;65.5
O3;uur;µg/m³;2023-02-19T20:00:00+01:00;2023-02-19T21:00:00+01:00;56.4;30.9;19.5;17;49.1;68.64;65.57;47.28;50.18;64.48;26.22;65.13;50.47;63.65;37.38;33.24;38.11;36.41;60.2;62.84;71.74;28.14;12.12;22.24;63.05;68.08;64.36;43.23;51.88;53.37;43.05;57.77;42.74;58.15;63.27;58.92;60.18;73.08;67.35;63.59;70.71;68.66;60.8;60.1;57.3
O3;uur;µg/m³;2023-02-19T21:00:00+01:00;2023-02-19T22:00:00+01:00;50.6;31.8;3.8;20.4;35.1;59.42;59.25;42.35;50.49;53.24;35.88;62.38;47.54;53.79;29.44;30.42;43.08;25.17;44.89;52.08;54.62;32.82;11.22;28.93;61.97;62.4;62.26;32.37;42.73;38.99;33.41;52.27;46.89;54.22;62.1;55.75;55;68.84;68.55;64.65;71.7;71.95;55.3;47.4;45.7
O3;uur;µg/m³;2023-02-19T22:00:00+01:00;2023-02-19T23:00:00+01:00;43.6;23.2;4;23.3;31.7;51.1;58.33;28.57;46.98;35.41;51.03;48.73;34.49;45.04;38.87;36.53;40.9;14.87;42.87;42.3;40.27;33.34;14.48;30.04;58.79;42.94;63.57;32.75;53.5;49.11;33.62;62.05;37.34;51.56;54.66;54.51;51.78;62.59;61.2;67.65;71.53;71.3;45.6;31.8;42.2
O3;uur;µg/m³;2023-02-19T23:00:00+01:00;2023-02-20T00:00:00+01:00;45.4;32.2;13.1;21.9;31.9;40.27;51.38;32.8;42.58;30.25;33.91;39;18.94;38.36;42.55;30.8;43.09;25.6;35.59;41.64;38.6;32.18;13.44;30.16;52.75;42.14;51.16;38.13;45.48;43.06;38.12;51.88;32.59;46.04;54.66;54.66;49.04;62.99;59.49;64.82;69.5;70.35;47.3;37.7;44.7
O3;uur;µg/m³;2023-02-20T00:00:00+01:00;2023-02-20T01:00:00+01:00;42.5;36.9;12.8;21.5;20.3;33.84;41.85;31.67;43.84;39.6;34.17;38.55;27.9;38.16;41.83;28.31;39.3;35.3;43.16;47.65;33.03;36.71;4.73;34.92;42.36;39.86;49.83;36.03;39.69;35.86;36.74;43.17;33.74;46;50.75;44.52;47.52;51.13;48.52;61.51;62.59;64.71;39;35;37.3
O3;uur;µg/m³;2023-02-20T01:00:00+01:00;2023-02-20T02:00:00+01:00;42.1;38;13.3;28.9;28.6;36.28;41.13;42.95;48.76;41.52;35.02;40.08;28.19;41.57;41.74;35.33;37.65;36.39;39.81;40.86;40.69;34.37;12.81;39.26;42.27;44.23;46.19;32.83;37.98;36.07;32.91;41.79;38.8;46.7;43.28;40.04;44.37;48.39;41.62;55.85;55.56;57.51;36.1;33;36.6
O3;uur;µg/m³;2023-02-20T02:00:00+01:00;2023-02-20T03:00:00+01:00;45;37;19.8;32.2;37;35.09;41.12;44.61;52.76;36.03;36.4;43;27.63;42.23;42.67;41.5;39.66;38.82;42.37;34.67;50.61;42.43;29;46.53;45.21;52.25;39.7;32.15;39.28;39.09;34.2;42.92;35.59;42.9;35.16;40.38;42.79;44.19;39.21;51.56;47.16;49.28;35.4;33.5;35.5
O3;uur;µg/m³;2023-02-20T03:00:00+01:00;2023-02-20T04:00:00+01:00;43.7;39.6;24.6;27.8;37.1;42.25;40.34;46.86;56.33;37.88;33.8;41.98;28.11;42.27;41.63;44.29;38.38;40.95;43.78;40.07;49.8;45.84;34.92;46.78;46.93;53.22;40.68;34.75;39.54;42.45;32.76;43.78;40.01;42.73;39.06;41.49;35.57;38.57;39.45;47;44.66;44.49;36.7;34.1;36.2
O3;uur;µg/m³;2023-02-20T04:00:00+01:00;2023-02-20T05:00:00+01:00;49.1;34.2;36.8;24.5;26.6;49;40.91;50.84;59.33;48.27;44.73;47.55;39.41;48.05;51.6;52.16;45.48;47.76;46.72;45.14;46.91;47.88;46.7;39.82;48.76;51.93;43.33;45.56;40.79;44.26;38.71;45.23;41.09;38.86;40.63;39.05;35.57;40.13;42.29;43.5;44.66;41.36;41.2;45.1;43.4
O3;uur;µg/m³;2023-02-20T05:00:00+01:00;2023-02-20T06:00:00+01:00;56;36.4;41.8;26;35.4;49.55;45.37;49.81;57.97;53.96;53.39;53.44;51.55;52.74;63.14;53.51;46.77;55.62;56.27;47.06;44.33;48.03;41.35;31.92;50.67;45.91;46.03;47.74;40.52;44.05;42.16;44.79;44.58;38.8;46.67;41.38;38.91;44.5;46.25;41.57;48.17;43.07;44;44.2;45.5
O3;uur;µg/m³;2023-02-20T06:00:00+01:00;2023-02-20T07:00:00+01:00;58.5;36.1;37.8;30;31.2;48.92;50.67;48.27;52.27;51.08;48.55;55.41;52.39;55.49;65.84;55.25;48.36;52.79;63.79;61.37;48.55;42.39;37.74;29.85;53.23;48.11;49.6;47.27;40.65;46.1;38.82;46.34;53.61;40.33;50.89;46.2;43.13;45.88;48.72;45.19;51.74;45.53;44.5;42.9;44.5
O3;uur;µg/m³;2023-02-20T07:00:00+01:00;2023-02-20T08:00:00+01:00;59.6;35.4;30.8;32.6;41.5;53.28;52.72;52.69;48.98;47.98;52.02;54.06;50.05;57.11;61.03;56.71;46.65;56.48;64.84;63.09;44.55;43.27;40.11;27.49;54.04;48.74;49.17;43.93;38.4;47.15;36.1;45.86;57.72;45.57;54.35;49.28;46.01;47.52;50.67;46.32;54.59;48.95;41.7;42;
O3;uur;µg/m³;2023-02-20T08:00:00+01:00;2023-02-20T09:00:00+01:00;56.3;34.7;34.2;39.8;33.5;54.12;53.51;54.22;56.57;47.65;51.62;54.45;51.13;57.19;60.82;55.12;47.9;51.47;60.46;58.51;51.51;43.53;42.05;35.5;57.91;47.85;48.28;47.41;42.6;50.83;38.4;49.85;58.55;47.93;61.37;52.25;48.13;48.17;53.28;47.67;57.1;51.36;43.2;42.1;44.6
O3;uur;µg/m³;2023-02-20T09:00:00+01:00;2023-02-20T10:00:00+01:00;51.2;35.6;41.9;48.2;36.8;54.71;53.7;55.19;57.5;51.26;53.91;54.58;53.09;56.85;55.93;54.43;53.83;44.64;59.91;60.01;59.19;43.39;48.18;45.12;61.4;59.07;49.49;46.42;43.26;49.64;40.09;48.44;54.15;49.44;60.93;48.47;50.46;48.4;58.43;49.96;61;55.35;49.3;50.5;
O3;uur;µg/m³;2023-02-20T10:00:00+01:00;2023-02-20T11:00:00+01:00;52.4;37.1;33.9;33.9;48.5;55.03;53.29;54.83;57.45;50.72;53.17;52.53;54.5;56.01;60.78;52.98;58.46;44.88;55.82;54.73;63.91;52.44;42.21;47.61;64.7;63.79;54.26;51.61;45.11;44.31;44.98;47.43;51.27;49.4;59.14;52.21;51.85;53.31;61.78;51.99;62.57;59.07;55;54;55.8
O3;uur;µg/m³;2023-02-20T11:00:00+01:00;2023-02-20T12:00:00+01:00;55.5;36.2;36.4;41;50.5;54.79;53.68;55.36;56.91;48.67;39.07;54.74;59.59;55.81;67.59;55.98;60.84;48.49;61.29;56.89;66.33;54.4;46.61;48.82;65.1;66.53;59.5;54.85;49.51;47.7;49.34;52.54;53.41;49.13;57.1;54.12;51.64;58.03;63.17;55.98;63.62;61.26;60.7;59;61.1
O3;uur;µg/m³;2023-02-20T12:00:00+01:00;2023-02-20T13:00:00+01:00;61.7;38.6;42.6;37.7;53.7;54.9;53.29;54.24;56.19;;45.07;51.28;62.32;53.71;68.84;60.6;60.81;56.14;66.39;64.88;66.16;57.69;51.28;50.72;65.91;65.57;62.09;57.43;49.94;49.81;51.33;52.47;58.77;47.45;56.56;54.44;50.79;60.31;64.8;60.24;64.31;62.99;61.6;58.8;60.5
O3;uur;µg/m³;2023-02-20T13:00:00+01:00;2023-02-20T14:00:00+01:00;61.7;41.1;42;44;53.6;52.8;48.87;53.52;56.34;;59.51;48.03;59.31;52.7;67.35;62.43;62.77;58.97;66.67;66.21;67.29;60.16;50.43;52.18;66.68;67.06;62.9;59.19;50.04;53.58;53.16;54.07;61.39;52.5;58.71;60.26;52.1;61.49;65.4;61.96;65.31;63.82;63;60.2;62.4
O3;uur;µg/m³;2023-02-20T14:00:00+01:00;2023-02-20T15:00:00+01:00;63;45.2;42.2;44.3;49.2;50.73;49.65;54.35;58.26;;58.17;49.62;58.76;54.14;68.12;62.98;64.09;57.72;65.69;65.31;66.62;58.91;49.66;50.56;66.3;65.22;64.21;59.07;50.64;52.19;53.02;53.34;60.8;54.1;62.2;60.59;54.16;62.09;65.15;62.04;66.67;63.17;62.2;59.6;62.7
O3;uur;µg/m³;2023-02-20T15:00:00+01:00;2023-02-20T16:00:00+01:00;64.4;40.4;45.2;42.3;54.6;51.85;50.01;56.65;61.26;;50.73;48.62;59.89;56.77;70.98;63.36;61.58;61.94;67.35;65.98;65.21;60.04;49.57;46.94;64.35;64.91;64.29;59.38;47.14;51.78;50.33;51.78;60.81;55.62;62.14;58.45;54.56;61.62;64.81;62.09;67.87;63.09;61.5;58.6;59.7
O3;uur;µg/m³;2023-02-20T16:00:00+01:00;2023-02-20T17:00:00+01:00;64.2;37.1;48.1;40.3;53.4;51.44;49.26;59.58;62.23;;50.5;47.92;56.57;54.39;68.7;62.82;60.43;63.73;69.35;68.95;62.01;61.05;55.29;45.87;60.06;60.25;62.62;58.95;46.84;52.43;49.92;51.81;62.4;55.97;59.71;56.19;54.32;60.19;61.67;61.53;66.14;62.39;57.5;54.6;57.2
O3;uur;µg/m³;2023-02-20T17:00:00+01:00;2023-02-20T18:00:00+01:00;62;40.7;43.5;36.4;51.5;52.19;48.16;59.61;62.59;;54.9;47.43;56.29;52.3;66.3;54.71;57.68;59.73;65.5;61.75;61.73;60.1;49.41;42.57;56.55;58.05;56.29;59.47;45.96;50.71;51.29;49.85;63.13;57.2;61.18;55.29;50.38;58.42;55.9;60.1;60.12;59.98;54.7;54.2;57.7
O3;uur;µg/m³;2023-02-20T18:00:00+01:00;2023-02-20T19:00:00+01:00;64.3;34.4;44.9;25.4;46.3;54.97;47.41;59;63.3;;55.75;44.61;57.14;51.66;67.18;61.1;51.42;64.02;64.74;58.8;61.54;50.94;54.41;36.4;53.74;58.52;55.14;55.93;45.37;50.06;50.16;49.21;59.54;56.76;61.1;53.4;46.89;53.81;52.61;58.21;57.67;57.31;55;54.5;56.6
O3;uur;µg/m³;2023-02-20T19:00:00+01:00;2023-02-20T20:00:00+01:00;62.9;41.8;44.2;26.7;50;53.63;42.04;60.06;61.6;;58.45;46.66;53.11;51.88;56.62;59.68;47.43;61.86;63.42;55.61;61.93;57.46;58.01;41.27;48.93;60.29;56.41;55.78;47.4;53.11;48.27;53.67;58.38;53.16;60.74;55.58;46.67;52.26;51.96;54.53;56.12;55.23;52.6;52.6;54.2
O3;uur;µg/m³;2023-02-20T20:00:00+01:00;2023-02-20T21:00:00+01:00;58.8;41.4;43;22.2;45.8;53.79;42.68;58.97;62.58;;55.77;49.28;53.82;53.15;61.17;56.48;48.03;58.41;54.48;43.83;63.28;58.26;56.02;42.44;45.93;63.03;53.53;55.02;53.84;56.5;49.86;59.41;57.94;46.88;57.04;51.63;48.38;49.35;47.62;51.96;56.17;53.68;52.5;54.8;54.3
O3;uur;µg/m³;2023-02-20T21:00:00+01:00;2023-02-20T22:00:00+01:00;57.7;40.1;29.9;21.3;38.8;52.42;45.58;56.79;58.98;;55.99;51.47;55.66;53.03;59.91;55.72;44.58;53.51;54.91;48.12;63.21;56.17;51.1;41.71;47.21;61.34;53.91;54.57;51.31;53.73;48.57;56.59;53.55;49.9;54.03;51.42;48.08;47.05;44.88;50.47;56.25;53.57;51.7;54.6;55.3
O3;uur;µg/m³;2023-02-20T22:00:00+01:00;2023-02-20T23:00:00+01:00;58.7;43.7;40.1;32.3;43.4;51.94;48.32;56.82;57.59;;53.59;50.78;53.66;53.27;60.59;55.59;47.44;57.93;57.52;49.64;59.14;57.06;50.91;49.57;47.35;59.92;52.97;54.56;48.8;52.81;48.93;54.93;55.05;49.09;46.61;50.24;48.37;46.42;48.28;47.95;52.46;51.61;54.2;54.4;54.7
O3;uur;µg/m³;2023-02-20T23:00:00+01:00;2023-02-21T00:00:00+01:00;60.6;44.8;42.4;16.5;41.4;49.71;46.25;53.34;53.29;;49.97;52.8;52.69;54.53;58.5;52.03;46.33;58.52;58.71;51.81;56.95;55.29;54.95;46.06;42.98;57.06;50.04;53.88;49.98;54.26;47.53;53.8;52.52;45.88;45.83;47.7;46.87;46.82;44.88;47.64;55.14;49.5;50.7;50.8;52
O3;uur;µg/m³;2023-02-21T00:00:00+01:00;2023-02-21T01:00:00+01:00;58.8;38.8;38.9;13.1;33.8;50.43;49.12;52.5;50.18;;53.4;52.33;50.45;53.49;61.62;47.71;50.21;58.53;56.17;54.54;54.54;48.58;51.89;39.82;41.27;50.77;48.24;50.7;47.36;51.13;45.12;51.03;54.56;44.21;49.51;47.86;44.82;48.67;41.81;47.48;56.87;52.74;50;48.2;48.5
O3;uur;µg/m³;2023-02-21T01:00:00+01:00;2023-02-21T02:00:00+01:00;53.2;23.8;35.2;15.3;17.4;51.97;48.09;46.96;43.9;;46.76;52.27;45.38;52.72;54.8;47.68;43.52;53.36;58.69;54.3;54.13;42.84;39.48;34.73;42.23;49.29;46.13;47.05;45.87;52.14;40.93;51.01;53.8;43.58;50.18;50.04;42.8;43.88;42.11;46.01;58.32;53.05;46.1;44.6;45.4
O3;uur;µg/m³;2023-02-21T02:00:00+01:00;2023-02-21T03:00:00+01:00;51.4;15.7;30.6;19.9;15.1;;;;;;;;;;;;;;;;;;;;;;;;;;;;;;;;;;;;;;43.6;43.1;43.2
O3;uur;µg/m³;2023-02-21T03:00:00+01:00;2023-02-21T04:00:00+01:00;47.3;12.5;27.6;25.2;23.4;44.45;43.45;46.95;43.96;;36.68;48.55;43;48.59;55.39;49.13;41.55;41.24;51.75;51.6;42.65;27.68;37.39;31.09;35.3;42.06;42.46;35.33;35.65;41.57;32.77;38.99;;41.44;47.26;44.25;40.82;38;39.64;42.55;53.98;51.24;39.2;40.3;39.1
O3;uur;µg/m³;2023-02-21T04:00:00+01:00;2023-02-21T05:00:00+01:00;47.9;16.6;14;30;20;44.02;40.07;47.44;43.57;;36.55;44.39;43.46;44.82;52.62;46.29;38.05;40.79;52.68;51.78;38.09;28.36;39.12;27.46;35.38;38.5;39.7;31.88;32.42;40.27;29.3;37.06;42.6;39.39;43.38;42.33;39.25;33.83;34.63;40.83;53.38;49.93;36.2;36.9;34.7
O3;uur;µg/m³;2023-02-21T05:00:00+01:00;2023-02-21T06:00:00+01:00;46.6;20.1;18.2;23.8;14.2;46.73;38.29;44.71;40.51;;41.58;40.62;42.69;41.55;49.76;43.33;36.46;37.95;51.01;49.69;27.33;22.78;35.87;19.78;35.37;35.7;37.79;26.89;31.42;36.36;22.88;35.65;38.8;36.13;41.65;41.27;36.52;30.48;34.08;39.45;49.48;50.8;34.6;33.2;32.6
O3;uur;µg/m³;2023-02-21T06:00:00+01:00;2023-02-21T07:00:00+01:00;44.3;13.4;5.3;19.5;11.6;46.18;33.64;39.58;35.46;;38.65;37.66;41.62;35.25;55.11;41.15;30.73;28;47.25;44.38;29.1;14;31.52;16.73;34.69;25.82;35.23;22.61;23.03;28.92;16.44;26.46;36.71;34.41;36.84;38.11;31.96;27.63;33.74;37.22;46.51;47.48;27.8;25.5;25.6
O3;uur;µg/m³;2023-02-21T07:00:00+01:00;2023-02-21T08:00:00+01:00;37.2;8.3;3.2;19.6;4;45.02;33.41;29.6;32.85;;33.38;31.21;33.42;31.32;47.11;40.37;24.78;16.36;44.05;39.26;23.41;8.41;28.34;18.09;32.33;22.15;31.85;17.39;14.11;21.62;13.76;19.82;33.28;31.01;32.85;37.7;27.86;26.44;32.08;33.84;44.33;42.2;22.3;18.6;21.4
O3;uur;µg/m³;2023-02-21T08:00:00+01:00;2023-02-21T09:00:00+01:00;34.6;2.7;3.5;5.8;0.9;39.09;32.47;28.63;33.21;;33.75;28.76;28.24;31.36;38.7;43.95;18.17;7.22;41.57;38.7;20.8;5.07;24.32;14;32.46;16.07;29.61;11.49;11.5;17.13;10;19.12;28.35;28.89;32.03;32.14;26.35;25.53;33.68;33.53;41.42;38.49;16.6;13.9;17.9
O3;uur;µg/m³;2023-02-21T09:00:00+01:00;2023-02-21T10:00:00+01:00;34.9;6;7;3.5;4.8;35.94;32.79;31.93;34.77;;34.94;30.57;28.31;33.24;33.57;42.9;10.32;12.99;35.63;31.96;28.48;6.13;22.11;10.4;35.93;25.68;28.04;10.83;14.22;15.74;9.15;20.63;28.69;27.18;30.17;28.04;24.22;25.41;31.7;33.9;42.46;33.22;15.2;13.8;17.9
O3;uur;µg/m³;2023-02-21T10:00:00+01:00;2023-02-21T11:00:00+01:00;35.1;13.2;7.9;11.5;3;37.21;32.97;32.26;34.17;;35.83;30.92;30.56;33.49;38.65;39.47;18.15;12.65;31.75;29.46;36.23;9.62;32.88;12.18;39.35;30.36;28;12.31;16.24;18.5;10.49;19.87;31.83;27.44;28.49;30.92;23.95;22.38;35.61;32.95;44.97;36.43;17.4;18.1;20.6
O3;uur;µg/m³;2023-02-21T11:00:00+01:00;2023-02-21T12:00:00+01:00;33.4;14.2;9.3;16.3;18.8;40.17;34.41;31.27;35.99;;37.72;29.5;33.42;32.14;45.22;48.15;30.44;21.7;40.05;33.67;39.44;11.99;28.25;13.09;37.41;36.59;26.09;18.2;17.68;20.84;12.04;22.01;28.74;26.44;26.93;28.13;24.55;20.28;35.33;32.18;50.7;35.05;23.8;20.1;25.4
O3;uur;µg/m³;2023-02-21T12:00:00+01:00;2023-02-21T13:00:00+01:00;38.3;23.5;15.1;10.1;21.2;36.19;36.83;29.58;38.91;33.89;35.91;29.84;34.98;34.19;52.22;46.69;34.32;23.53;45.06;39.37;37.06;31.7;21.84;16.02;41.12;35.15;26.28;24.48;19.09;18.97;12.93;23.53;28.5;22.92;27.21;26.08;23.49;18.02;36.76;34.49;53.31;35.1;24.1;29.1;34.7
O3;uur;µg/m³;2023-02-21T13:00:00+01:00;2023-02-21T14:00:00+01:00;39.7;28;13.2;22.6;32.8;32.87;39.15;34.87;38.62;35.47;31.17;34.03;32.82;38.57;41.32;45.39;30.08;26.74;45.55;41.4;34.08;34.59;21.18;20.17;48.93;34.99;22.29;31.85;18.92;20.88;21.38;24.96;35.03;22.81;25.76;26.54;23.62;13.78;33.48;33.38;56.82;40.49;33;28.7;36.4
O3;uur;µg/m³;2023-02-21T14:00:00+01:00;2023-02-21T15:00:00+01:00;41.9;29.7;24.9;30.5;30.4;29.84;40;35.4;39.03;31.25;19.6;35.88;23.6;39.88;45.54;48.42;30.91;35.68;39.58;42.27;41.75;38.63;27.75;25.33;51.46;34.26;22.13;25.89;22.68;25.56;21.02;29.18;37.41;22.43;25.98;26.95;21.45;22.06;39.19;33.61;57.28;41.88;32.7;24.6;32.6
O3;uur;µg/m³;2023-02-21T15:00:00+01:00;2023-02-21T16:00:00+01:00;30.7;25.9;21.8;23.3;36.7;29.07;40.36;34.28;35.3;31.68;24.25;35.18;18.84;34.62;45.97;47.82;41.34;28.69;39.59;32.32;48.63;43.22;25.9;23.34;46.91;33.69;19.48;29.06;28.26;22.28;16.09;33.37;38.14;22.44;26.86;24.92;19.02;18.02;42.86;33.53;50.08;43;33.5;24.9;28.2
O3;uur;µg/m³;2023-02-21T16:00:00+01:00;2023-02-21T17:00:00+01:00;35.3;23.4;17.1;17.7;34.9;29.17;38.73;34.46;31.59;32.49;23.43;29.9;15.4;34.87;43.31;41.55;41.67;21.01;40.26;34.43;47.32;37.97;26.07;25.86;42.13;36.02;20.39;36.82;28.14;24.68;20.96;36.92;37.44;18.26;29.84;33.33;18.56;12.95;45.81;31.93;46.69;35.01;23.2;23.8;27.7
O3;uur;µg/m³;2023-02-21T17:00:00+01:00;2023-02-21T18:00:00+01:00;31.6;25.2;10;27.5;28.9;28.02;38.66;25.07;26.63;35.95;22.58;23.8;19.44;33.96;44.46;43.14;37.56;29.94;42.23;27.23;45.38;38.58;28.01;26.97;43.93;36.36;20.92;31.03;29.17;25.28;21.54;38.95;31.69;10.49;18.63;36.72;13.99;12.82;41.15;26.86;41.64;37.51;26.7;19;29.2
O3;uur;µg/m³;2023-02-21T18:00:00+01:00;2023-02-21T19:00:00+01:00;33.4;17.6;16.2;19.9;27.4;30.35;38.17;11.65;18.36;34.61;17.1;24.86;21.13;31.81;40.38;37.69;33.77;32.4;42.34;27.19;44.93;36.5;23.1;19.98;31.25;38.44;24.25;23.27;24.53;20.95;22.84;33.43;34.65;10.19;18.27;28.43;7.87;11.95;38.37;18.09;40.59;35.4;32.2;23.6;31.7
O3;uur;µg/m³;2023-02-21T19:00:00+01:00;2023-02-21T20:00:00+01:00;28.9;26.5;17;29;28;30.95;35.2;4.5;8.92;32.56;8.95;28.45;23.42;32.41;39.71;15.32;33.93;34.06;34.56;20.35;37.77;35.97;34.05;21.26;30.86;34.37;36.52;22.67;27.8;20.72;12.71;32.29;19.45;12.53;21.38;32.21;8.6;18.51;34.1;14.84;43.21;28.81;32.9;26.8;32.8
O3;uur;µg/m³;2023-02-21T20:00:00+01:00;2023-02-21T21:00:00+01:00;31.3;26;25.5;31.1;25.7;30.34;35.96;13.09;17.01;33.71;12.2;25.28;27.85;32.3;32.13;13.72;31.6;37.7;29.27;19.24;33.45;27.56;35.61;25.03;39.3;32.18;36.29;30.16;23.58;17.07;14.37;28.57;12.63;13.03;19.79;27.65;9.09;10.83;30.8;13.05;43.23;31.86;22.6;22.4;27
O3;uur;µg/m³;2023-02-21T21:00:00+01:00;2023-02-21T22:00:00+01:00;31.7;22.5;21.5;32.3;27.9;31.78;39.02;11.39;15.11;31.44;15.13;26.78;34.14;28.8;25.7;14.28;32.22;26.07;22.3;23.88;35.73;23.97;32.77;21.39;43.41;31.02;36.58;25.83;18.73;9.22;13.74;21.29;9.7;17.69;20.94;26.05;10.08;16.2;27.73;14.07;34.83;27.46;19.4;18.6;22.2
O3;uur;µg/m³;2023-02-21T22:00:00+01:00;2023-02-21T23:00:00+01:00;18.3;16.2;17.6;22.2;27.2;23.74;37.16;5.07;12.32;34.83;28.24;29.9;34.91;33.58;33.4;25.93;21.66;18.93;20.89;28.76;26.29;20.03;16.64;16.73;36.18;25.06;31.78;23.29;13.39;11.95;8.96;16.45;17.16;15.27;22.83;30.37;14.18;18.44;29.58;11.68;32.7;25.38;29.6;28.2;32
O3;uur;µg/m³;2023-02-21T23:00:00+01:00;2023-02-22T00:00:00+01:00;17.2;14.2;10.4;4.5;11.4;17.66;37.05;6.29;4.92;32.68;30.31;33.87;32.11;33.96;5.78;21.02;19.2;18.29;22.14;32.67;37.26;19.54;8.58;12.91;24.69;37.06;27.71;22.7;23.69;24.51;12.57;27.65;25.31;12.85;28.25;43.95;17.14;23.72;32.25;6.77;32.3;27.21;27;25.3;27.4
O3;uur;µg/m³;2023-02-22T00:00:00+01:00;2023-02-22T01:00:00+01:00;25.7;24.2;16;2.5;11.9;17.47;34.49;2.13;1.88;34.69;23.62;35.03;33.73;33.19;10.1;16;15.34;31.24;29.69;30.43;28.45;16.85;14.41;11.66;28.18;33.79;32.97;26.38;27.96;26.86;19.04;31.3;27.72;14.04;40;41.38;23.48;20.5;34.66;7.93;31.1;25.32;16.2;19.5;21
O3;uur;µg/m³;2023-02-22T01:00:00+01:00;2023-02-22T02:00:00+01:00;24.9;24.8;26.7;6.8;22.7;14.76;34.49;-0.98;1.42;33.98;19.94;32.53;32.47;30.26;14.92;17.24;16.64;29.73;21.96;29;26.46;24.34;20.28;16.76;32.44;25.11;34.79;30.51;27.65;29.78;21.54;30.2;27.68;11.35;46.55;38.24;25.78;22.52;31.52;11.47;27.88;22.91;17.4;17.9;17.5
O3;uur;µg/m³;2023-02-22T02:00:00+01:00;2023-02-22T03:00:00+01:00;27;27.1;20.1;19.4;22.9;10.37;29.3;-0.12;3.56;31.24;18.79;27.92;29.1;26.17;5.23;12.99;14.76;30.45;27.77;31.01;31.89;23.92;18.44;16.72;26.92;30.26;44.34;30.91;32.98;34.87;21.3;36.46;29.93;8.25;43.71;38.98;21.55;30.45;30.51;13.86;27.3;24.12;28.2;24.3;23.1
O3;uur;µg/m³;2023-02-22T03:00:00+01:00;2023-02-22T04:00:00+01:00;22.8;16.9;19.4;16.4;21.4;6.68;25.11;0.37;2.84;28.53;18.16;23.3;24.68;23.41;1.77;12.59;11.97;19.21;25.56;28.93;33.87;15.28;8.93;9.15;26.71;35.88;46.47;31.92;34.74;34.85;28.32;38;29.48;8.83;40.75;38.33;16.26;43.4;35.95;15.74;34.56;28.83;28.7;29.7;29.5
O3;uur;µg/m³;2023-02-22T04:00:00+01:00;2023-02-22T05:00:00+01:00;21.4;14.4;9.6;3.5;8.8;8.02;20.98;-0.16;0.42;25.04;13.12;21.27;23.54;19.85;2.36;11.41;8.5;18.08;13.63;25.92;29.93;9.92;4.93;6.9;30.9;34.92;45.97;29.33;32.35;31.93;26.41;35.27;26.01;11;37.69;38.79;11.19;40.48;42.73;15.26;39.7;23.69;32.8;29.3;30.6
O3;uur;µg/m³;2023-02-22T05:00:00+01:00;2023-02-22T06:00:00+01:00;11.1;12.9;1.6;0;3.2;6.6;19.26;-0.08;0.39;21.17;11.66;16.09;20.46;15.78;3.99;10.99;8.47;18.56;11.87;22.96;28.78;12.7;1.95;4;32.71;32.83;41.44;27.76;28.8;28.07;25.17;32.25;24.44;7.65;38.53;33.4;14.57;23.41;46.08;11.4;38.38;19.15;30;29.5;30.1
O3;uur;µg/m³;2023-02-22T06:00:00+01:00;2023-02-22T07:00:00+01:00;8.4;6;5.2;0;8.1;2.21;15.82;-0.06;0.63;16.72;9.73;12.95;16.73;15.19;3.38;8.94;6.53;11.41;6.77;17.65;27.78;13.45;2.26;2.39;33.02;24.77;38.33;23.7;23.96;25.14;23.82;28.55;20.3;4.17;37.18;25.74;17.57;13.4;43.99;13.03;36.22;18.93;25.1;21.8;24.2
O3;uur;µg/m³;2023-02-22T07:00:00+01:00;2023-02-22T08:00:00+01:00;6.3;3;0.5;0;0;1.23;11.87;0.13;0.74;14.5;6.35;10.3;9.65;9.24;2.08;6.16;3.72;3.77;10.52;11.74;20.21;6.22;1.18;1.4;36.42;17.31;36.58;20.73;19.95;16.67;16.26;24.43;14.73;2.53;32.25;19.36;14.96;7.13;36.38;19.43;36.02;22.7;20.3;14.9;20.8
O3;uur;µg/m³;2023-02-22T08:00:00+01:00;2023-02-22T09:00:00+01:00;3.7;1.4;0.7;0;1.3;3.73;9.18;1.32;3.56;14.1;5.01;8.62;7.04;9.17;3.12;4.75;3.91;2.27;6.19;8.41;17.99;4.24;1.54;1.01;36.94;13.05;32.65;15.69;14.21;15.29;17.82;18.97;9.62;3.37;20.78;14.14;8.07;11.08;27.59;22.53;32.67;23.66;15.5;8.2;14.6
O3;uur;µg/m³;2023-02-22T09:00:00+01:00;2023-02-22T10:00:00+01:00;6.6;2.3;1.8;1.1;0.4;6.54;8.4;2.6;6.25;14.5;8.04;9.03;9.57;9.23;4.64;4.23;4.57;5.36;9.54;8.56;16.94;4.24;2.56;1.77;33.99;13.08;27.75;12.82;14.03;14.18;9.82;18.32;10.48;3.56;15.56;14.67;9.15;18.81;28.06;22.5;33.83;19.98;13.5;9.6;15.3
O3;uur;µg/m³;2023-02-22T10:00:00+01:00;2023-02-22T11:00:00+01:00;5.6;4.9;2.5;1.5;2;13.67;13;10.16;15.7;17.37;8.27;12.91;10.53;14.07;6.38;7.71;6.13;5.37;10.34;8.63;16.5;6.51;5.15;2.7;30.6;10.83;25.38;15.26;13.19;13.26;12.68;17.36;11.23;8.19;16.91;16.92;8.86;15.45;29.21;16.48;30.59;25.03;12.2;8.3;10.7
O3;uur;µg/m³;2023-02-22T11:00:00+01:00;2023-02-22T12:00:00+01:00;6.4;4.4;4.1;4.4;5.7;19.79;17.68;15.93;28.06;20.21;3.69;16.45;10.12;21.91;12.54;11.72;5.66;6.85;13.85;12.54;15.37;6.01;7.69;3.44;28.4;13.87;24.39;15.95;14.42;14.33;13.09;18.69;11.19;11.32;18.02;20.81;10.02;11.92;28.93;16.26;27.75;24.13;12;9.2;13.9
O3;uur;µg/m³;2023-02-22T12:00:00+01:00;2023-02-22T13:00:00+01:00;8.1;5.1;4.7;4.5;7.7;28.55;31.87;45.57;47.51;24.56;6.58;25.49;12.01;26.83;11.11;12.95;7.99;9.71;14.77;13.06;16.91;8.26;6.93;5.07;26.76;15.5;22.95;17.54;15.01;14.83;12.2;19.3;13.61;14.16;27.7;24;13.44;17.14;21.2;15.9;29.65;24.01;14.6;12.9;16.6
O3;uur;µg/m³;2023-02-22T13:00:00+01:00;2023-02-22T14:00:00+01:00;;5.1;4.8;6.1;7;39.2;36.23;53.36;58.67;27.02;13.43;23.48;12.29;26.22;12.38;10.71;7.93;10.01;12.92;13.33;15.93;7.13;7.41;4.58;21.87;15.73;20.78;17.3;14.47;13.97;14.7;18.85;13.74;17.66;25.74;22.72;19.13;16.3;18.91;17.91;27.03;21.25;15.3;10.8;16.5
O3;uur;µg/m³;2023-02-22T14:00:00+01:00;2023-02-22T15:00:00+01:00;;3.2;4.7;5.7;7.8;44.52;34.97;52.52;57.79;23.31;12.98;20.88;10.11;23.88;13.42;8.47;8.48;7.25;12.73;8.02;12.08;7.7;6.19;4.48;19.04;12.9;22.8;14.59;12.64;11.98;11.62;16.69;13.94;15.74;20.8;27.39;17.53;10.14;17.64;17.74;23.75;18.83;12;7.7;11.6
O3;uur;µg/m³;2023-02-22T15:00:00+01:00;2023-02-22T16:00:00+01:00;;3.4;3.5;4.9;7.5;43.56;25.83;48.47;52.85;18.69;7.81;19.32;5.82;24.73;12.89;9.5;6.32;7.44;7.66;8.75;9.08;7;5.22;2.91;15.01;9.01;19.57;9.65;9.88;9.24;6.2;14.31;8.83;15.94;21.43;23.19;10.11;9.22;16.16;20.22;18.46;16.71;8.5;5.7;10.3
O3;uur;µg/m³;2023-02-22T16:00:00+01:00;2023-02-22T17:00:00+01:00;;2;1.6;1.1;2.2;40.24;22.64;42.65;45.09;11.77;3.52;16.63;6.78;19.19;12.39;10.82;5.05;4.56;5.79;5.24;6.02;6.45;2.8;2;10.59;4.58;15.67;5.59;6.81;5.78;4.04;10.25;3.99;13.39;16.2;18.13;4.36;4.57;13.77;17.86;13.24;12.58;6.1;3.5;5
O3;uur;µg/m³;2023-02-22T17:00:00+01:00;2023-02-22T18:00:00+01:00;5.9;0.3;1.3;2.7;3.8;34.13;23.02;37.28;39.02;8.66;1.6;8.76;3.8;10.84;15.34;15.29;4.5;4.71;6.45;0.63;7.8;4.08;5.28;2.26;2.37;5.93;11.91;2.25;1.6;1.92;0.48;3.94;1.65;4.61;13.72;15.84;0.93;1.86;10.41;11.49;9.98;8.91;0.3;0.3;-0.2
O3;uur;µg/m³;2023-02-22T18:00:00+01:00;2023-02-22T19:00:00+01:00;8;-1.5;0.6;3.2;2.2;28.53;17.08;29.11;29.19;3.7;1.03;5.9;4.81;12.13;12.9;8.91;14.27;1.03;17.21;1.22;1.73;16.05;3.82;6.31;0.04;5.42;4.33;1.82;0.19;1.66;-0.58;2.09;5.42;6.84;4.36;5.18;2.08;0.08;6.78;3.54;6.24;3.76;-0.1;0.5;-0.2
O3;uur;µg/m³;2023-02-22T19:00:00+01:00;2023-02-22T20:00:00+01:00;15.9;0.7;0.9;4.2;0.6;20.05;11.59;25.07;22.97;2.5;3.78;6.65;2.16;9.2;14.51;17.71;21.03;5.29;17.31;6.68;2.17;13.04;7.96;11.87;0.1;0.87;0.84;0.62;0.39;3.51;0.1;2.67;1.6;14.37;0.54;0.78;4.9;5.66;2.16;0.76;3.73;-0.21;2.8;1;0.3
O3;uur;µg/m³;2023-02-22T20:00:00+01:00;2023-02-22T21:00:00+01:00;13.4;0.3;0.2;2.4;0.9;19.64;7.96;24;23.03;2.77;1.34;2.76;4.46;6.47;7.24;26.32;15.09;2.57;14.54;9.11;14.29;1.97;18.19;9.91;3.3;4.15;0.82;1.2;0.98;3.31;-0.54;3.14;2.58;12.59;1.49;0.4;2.26;1.81;0.86;0.23;3.81;-0.34;0.4;-0.6;-1.4
O3;uur;µg/m³;2023-02-22T21:00:00+01:00;2023-02-22T22:00:00+01:00;8.5;-0.6;6.7;0.1;1.9;16.42;5.73;20.7;20.04;2.77;-1.26;7.67;15.3;9.55;1.41;30.22;5.64;0.97;12.79;5.03;23.23;1.44;16.5;5.29;1.01;14.57;0.91;1.22;1.99;4.55;0.92;4.08;13.55;3.13;1.88;0.68;0;-0.08;0.87;1.19;4.21;-0.2;3.2;1.7;1.6
O3;uur;µg/m³;2023-02-22T22:00:00+01:00;2023-02-22T23:00:00+01:00;9.4;3.3;7.5;0.1;0;11.75;2.98;15.08;17.39;4.92;0.66;10.9;14.64;10.11;2.23;24.94;8.14;8.25;10.09;9.35;19.46;3.94;6.04;9.73;10.56;15.17;6.63;1.18;2.47;2.61;4.17;4.51;11.17;1.25;4.47;3.95;-0.36;0.46;2.61;0.54;4.22;-0.57;8.7;6.2;6.8
O3;uur;µg/m³;2023-02-22T23:00:00+01:00;2023-02-23T00:00:00+01:00;10.2;-0.4;0.3;0;0;8.04;2.4;10.84;12.95;4.17;0.58;9.41;13.28;9.45;2.29;20.45;6.69;3.2;11.31;4.02;20.65;3.2;2.04;6.33;20.66;15.88;9.46;2;2.52;3.2;2.87;4.27;2.35;0.23;7.36;5.16;-0.43;1.48;4.89;-0.19;4.19;-0.57;-0.3;1.8;8
O3;uur;µg/m³;2023-02-23T00:00:00+01:00;2023-02-23T01:00:00+01:00;4.3;-1.5;0.1;0;0;5.16;2.21;8.36;11.44;7;1.91;5.43;9.02;8.99;3.74;19.99;10.14;0.62;9.87;-0.07;24.1;1.77;0.72;4.72;27.11;18.7;9;5.11;6.66;3.64;4.36;9.64;0.33;-0.1;7.03;7.31;-0.37;5.55;13.91;-0.19;4.52;-0.74;2;10.1;8
O3;uur;µg/m³;2023-02-23T01:00:00+01:00;2023-02-23T02:00:00+01:00;1.2;-1;0;0;0;5.54;4.49;9.85;10.45;25.16;14.59;4.89;7.29;6.73;7.85;14.91;8.63;0.57;9.57;-1.06;23.09;6.69;0.69;11.57;30.9;20.95;13.92;5.14;4.35;4.04;2.01;6.92;0.83;0;4.67;6.59;-0.32;4.32;26.41;-0.06;13.52;-0.46;3.3;10.4;7.6
O3;uur;µg/m³;2023-02-23T02:00:00+01:00;2023-02-23T03:00:00+01:00;0.1;-1.6;0.1;0;0;6.18;4.88;10.56;15.47;18.75;16.89;4.29;4.71;4.16;9.47;1.66;7.7;0.56;6.22;-1.23;26.32;4.57;0.57;9.77;28.62;22.06;16.94;8.87;3.88;2.06;4.2;6.64;-0.81;3.96;6.88;3.43;-0.22;14.11;35.3;0.09;31.85;2.11;4.4;11.2;11.6
O3;uur;µg/m³;2023-02-23T03:00:00+01:00;2023-02-23T04:00:00+01:00;0;-1.4;0.1;0;0;9.25;4.14;12.36;14.38;18.7;7.71;14.28;5.1;15.19;14.02;0.28;14.35;0.58;6.59;-1.18;29.68;12.12;0.6;17.3;25.41;21.17;16.75;7.59;5.9;1.8;5.48;11.48;-1.35;3.72;11.43;6.39;9.57;14.58;24.4;1.8;24.44;19.48;5.3;13.1;11.8
O3;uur;µg/m³;2023-02-23T04:00:00+01:00;2023-02-23T05:00:00+01:00;0.5;-1.5;0.1;0;0;8.26;9.59;12.97;15.43;10.07;3.2;16.85;1.08;21.6;13.53;0.27;21.43;0.55;8.27;-1.2;22.46;14.7;0.62;20.05;28.27;23.18;14.81;8.06;7.38;2.24;4.71;8.97;-1.4;2.38;7.81;5.88;15.46;17.04;20.55;5.71;21.95;20.54;0.7;4.3;14.6
O3;uur;µg/m³;2023-02-23T05:00:00+01:00;2023-02-23T06:00:00+01:00;0;-1.3;0.2;0;0;6.07;7.18;9.8;12.02;7.84;1.24;10.15;-0.71;13.23;12.58;0.4;26.41;3.84;4.86;-1.1;19.65;7.21;0.61;20.17;29.17;21.51;10.79;11.74;8.97;3.59;3.59;10.37;-1.03;3.73;7.04;4.16;16.38;16.83;18.22;11.13;30.4;18.86;3.3;2.1;12.2
O3;uur;µg/m³;2023-02-23T06:00:00+01:00;2023-02-23T07:00:00+01:00;0;-1.5;0.3;0;9;4.95;6.45;8.67;8.37;10.07;0.5;10.36;-1.2;11.83;9.65;0.38;25.14;5.64;2.26;-1.14;24.38;4.45;0.75;24.85;18.93;15.56;15.28;14.38;9.72;6.58;3.77;14.51;-1.39;17.05;6.04;2.04;16.08;16;20.45;12.2;51.24;25.02;4.4;-0.1;7.6
O3;uur;µg/m³;2023-02-23T07:00:00+01:00;2023-02-23T08:00:00+01:00;5.6;-1.1;1.2;1.9;26;9.23;8.78;6.94;6.18;13.35;-1.36;6.11;-1;9.56;4.08;0.44;22.18;3.86;0.93;-1.06;38.13;13.41;2.66;23.05;23.98;30.83;20.24;9.9;5.42;2.61;1.56;11.01;0.68;17.69;6.94;1.3;12.35;14.32;18.03;16.55;58.36;40.19;14.2;3.1;10.8
O3;uur;µg/m³;2023-02-23T08:00:00+01:00;2023-02-23T09:00:00+01:00;10;0.2;2.2;11.7;37.8;13.02;10.23;4.17;4.44;6.43;0.54;7.15;-0.07;8.82;9.27;1.12;35.33;6.92;2.02;-0.36;49.91;22.37;5.71;29.73;24.59;36.29;20.98;12.93;3.79;3.26;4.05;7.64;4.13;16.82;9.94;1.43;12.42;15.51;22.63;23.67;55.93;42.63;24.3;8.5;15.6
O3;uur;µg/m³;2023-02-23T09:00:00+01:00;2023-02-23T10:00:00+01:00;14.5;9.9;9;30.1;46.3;11.01;18.47;13.14;9.19;6.16;2.97;11.4;0.9;16.08;24.28;2.4;45.88;25.12;7.36;5.18;52.41;39.44;17.43;46.2;28.95;38.73;23.42;22.01;9.23;5.85;11.43;13.59;16.26;22.64;7.85;4.99;13.83;17.6;29.74;33.01;46.26;43.87;31.4;13.2;19.5
O3;uur;µg/m³;2023-02-23T10:00:00+01:00;2023-02-23T11:00:00+01:00;28.3;24.1;40.5;48.9;51.5;12.6;25.39;25.29;23.05;18.02;12.79;17.29;9.79;20.48;36.78;6.08;52.58;39.25;24.02;19.39;48.62;48.13;37.19;48.83;36.98;28.28;25.94;39.05;14.62;13.6;23.16;19.57;32.48;27.54;14.78;12.73;20.88;22.9;38.03;45.63;37.04;40.43;33.2;14.9;18
O3;uur;µg/m³;2023-02-23T11:00:00+01:00;2023-02-23T12:00:00+01:00;33.6;27.2;40.7;51.7;52.2;23.93;29.22;23.79;25.82;31.38;23.66;20.41;18.9;25.31;50.75;35.38;49.54;45.19;41.12;41.04;38.47;44.28;40.61;47.34;41.7;22.25;28.5;44.84;26.33;22.27;22.22;32.97;40.48;32.48;23.69;16.78;27.5;37.44;37.87;50.71;39.22;37.85;33.9;17.4;19.5
O3;uur;µg/m³;2023-02-23T12:00:00+01:00;2023-02-23T13:00:00+01:00;38.6;30.8;40.5;46.6;46;39.6;28.76;32.15;28.82;43.82;29.71;25.01;42.96;33.41;56.87;37.69;37.11;48.77;41.72;45.16;33.79;40.32;38.67;39.36;25.84;36.9;34.5;39.25;31.37;36.08;23.06;39.13;47.06;34.3;32.03;14.73;33.38;44.3;28.34;48.52;28.59;40;37.6;20.1;26.1
O3;uur;µg/m³;2023-02-23T13:00:00+01:00;2023-02-23T14:00:00+01:00;39.6;34.4;39.3;40.2;34.5;51.89;32.15;43.99;47.9;51.6;45.16;31.98;51.04;40.73;56.12;50.81;31.9;50.38;55;45.71;36.31;37.08;35.8;34.86;63.33;21.68;45.49;37.02;37.63;36.35;25.29;42.06;40.89;33.14;41.55;29.14;36.45;38.58;47.77;42.07;70.55;27.68;30.5;16.3;19.6
O3;uur;µg/m³;2023-02-23T14:00:00+01:00;2023-02-23T15:00:00+01:00;32.6;29.9;36.4;38.4;40.6;52.3;40.21;49.1;56.28;55;52.64;43.56;46.16;44.98;49.71;54.65;33.18;41.48;52.53;45.49;58.96;32.41;34.26;30.84;74.46;31.66;37.56;31.5;42.39;35.67;21.52;47.44;36.78;34.52;44.97;35.59;40.32;32;65.88;42.05;75.9;66.83;27.6;19.7;20.4
O3;uur;µg/m³;2023-02-23T15:00:00+01:00;2023-02-23T16:00:00+01:00;23.9;24.5;31;43.5;58.9;38.55;46.37;41.25;50.93;54.43;55.76;46.33;53.06;51.5;47.62;55.41;63.65;32.55;37.87;43.08;67.26;40.52;28.73;53.97;76.82;63.63;38.97;29.13;35.63;25.88;34.87;39.14;32.84;42.08;42.37;38.34;39.39;45.14;68.35;34.63;76.71;73.79;62.6;56.8;51.7
O3;uur;µg/m³;2023-02-23T16:00:00+01:00;2023-02-23T17:00:00+01:00;25.9;31.3;40.5;63.6;69;41.24;41.82;37.57;42.06;45.3;55.61;41.6;43.84;50.24;52.34;44.12;70.06;39.39;29.72;27.79;69.13;61.32;46.09;68.25;76.52;65.46;65.44;59.37;52.55;44.7;61.86;56.66;37.96;39.58;34.01;37.71;30.58;65.17;69.94;70.03;78.51;74.26;64.7;60;58.2
O3;uur;µg/m³;2023-02-23T17:00:00+01:00;2023-02-23T18:00:00+01:00;42.2;44.9;46.4;66.1;70.5;39.28;41.51;33.78;40.15;37.22;41.85;29.59;33.58;42.32;59.62;47.1;65.06;53.78;41.96;43.15;71.21;59.62;49.72;66.9;76.21;67.35;67.3;63.44;62.12;60.9;62.25;66.84;61.9;32.2;45.28;22.79;54.28;66.98;68.49;66.74;78.49;76.84;63.6;59.2;60.3
O3;uur;µg/m³;2023-02-23T18:00:00+01:00;2023-02-23T19:00:00+01:00;35.4;48.1;48.4;67;73.7;40.1;35.11;29.09;43.87;32.37;37.12;23.13;56.11;31.45;61.07;54.19;73.43;59.19;57.24;56.82;78.02;66.75;55.3;70.79;76.16;69.21;67.56;64.87;63.54;63.01;62.28;68.03;64.85;39.83;61.41;22.56;61.23;63.34;62.37;66.22;71.75;72.43;63.5;50.6;58.2
O3;uur;µg/m³;2023-02-23T19:00:00+01:00;2023-02-23T20:00:00+01:00;51.3;46.7;59.4;75;78.9;38.58;27.1;42.67;41.17;48.84;47.87;22.03;66.26;23.87;66.74;58.54;75.73;60.48;61.76;58.2;75.9;69.59;61.93;73.39;72.82;72.14;69.8;66.32;63.97;62.89;48.74;68.28;61.67;61.79;64.53;49.97;59.03;65.62;62.39;67.76;69.36;62.89;62.6;48;52
O3;uur;µg/m³;2023-02-23T20:00:00+01:00;2023-02-23T21:00:00+01:00;48.7;42.1;56.3;74.1;79.7;38.76;44.05;37.26;41.01;64.11;58.92;49.7;65.89;47.39;68.96;61.38;75.94;57.63;54.16;52.62;69.55;64.04;44.85;74.05;73.44;68.94;68.82;66.57;64.49;60.66;34.22;66.2;54.31;57.28;51.4;62.35;47.55;57.75;63.3;48.86;76.39;57.13;60.5;40.6;47
O3;uur;µg/m³;2023-02-23T21:00:00+01:00;2023-02-23T22:00:00+01:00;36.3;32.6;44;54.2;80.5;33.52;55.53;19.47;32.45;64.52;53.15;56.66;59.83;56.5;66.36;62.57;74.21;54.68;35.25;46.1;63.05;56.82;39.03;73.68;70.36;59.44;66.44;48.22;59.01;58.18;35.86;62.54;41.95;30.84;32.1;53.83;35.57;50.23;63.83;54.18;79.44;60.3;54.3;46.1;35.1
O3;uur;µg/m³;2023-02-23T22:00:00+01:00;2023-02-23T23:00:00+01:00;41.8;17.2;47;44.5;79.3;41.71;47.57;12.85;32.15;57.05;36.01;58.62;53.86;59.24;57.51;64.69;75.22;47.6;25.83;45.85;75.67;50.24;20.01;72.94;65.25;58.65;70.61;30.58;55.45;56.3;29.3;59.33;39.65;34.89;16.13;44.12;23.96;53.98;67.08;57.12;79.41;68.66;45.6;31.4;15
O3;uur;µg/m³;2023-02-23T23:00:00+01:00;2023-02-24T00:00:00+01:00;11;11.7;43.8;39.5;77.3;53.45;33.62;23.44;27.15;48.04;33.19;47.6;46.64;51.94;57.32;62.43;74.38;31.19;19.54;44.72;80.92;33.77;13.7;73.78;68.47;65.48;59.14;21.5;48.34;55.58;23.02;53.11;31.95;31.81;10.14;29.33;20.12;59.56;71.91;58.9;70.9;68.68;53.4;33.3;14.4
O3;uur;µg/m³;2023-02-24T00:00:00+01:00;2023-02-24T01:00:00+01:00;19.8;6.5;27;52.1;76.2;55.99;21.49;51.03;45.02;35.9;34.06;43.73;44.45;47.53;59.49;59.56;76.66;37.56;21.09;21.69;81.2;46.61;5.07;74.81;77.16;70.53;62.66;45.88;38.52;29.42;21.25;45.18;30.72;30.47;9.48;29.66;19.26;64.06;73.7;60.74;70.8;68.29;50.3;30.2;20.5
O3;uur;µg/m³;2023-02-24T01:00:00+01:00;2023-02-24T02:00:00+01:00;47.1;12.6;32.1;69;77.8;53.87;17.14;56.81;56.99;43.03;40.06;41.24;39.75;44.69;61.42;62.53;76.93;41.65;29.23;10.39;81.22;72.53;13.15;75.57;75.43;73.05;70.14;60.78;36.31;14.58;27.04;33.85;40.9;27.21;20.65;23.39;19.84;66.44;68.11;62.7;66.25;69.48;57.2;38.9;37.7
O3;uur;µg/m³;2023-02-24T02:00:00+01:00;2023-02-24T03:00:00+01:00;34.8;34.5;50.8;70.2;77.6;53.04;27.75;52.06;57.33;49.73;29.88;44.25;41.23;42.96;68.91;65.18;77.42;47.9;35.64;3.8;82.43;73.63;35.43;77.16;73.67;75.46;66.03;53.11;36.32;28.06;44.91;31.87;28.26;26.72;23.65;29.71;26.39;62.88;63.68;52.16;62.74;70.71;55.1;58;50.2
O3;uur;µg/m³;2023-02-24T03:00:00+01:00;2023-02-24T04:00:00+01:00;47;44.8;52.8;38.7;74;51.79;30.24;51.95;56.5;50.53;26.99;45.4;26.46;40.89;71.35;68.87;79.4;59.01;47.57;-0.99;84.14;72.78;44.79;78.47;73.73;80.95;61.35;41.32;34.58;43.32;50.18;41.65;28.28;22.17;35.82;17.11;34.22;63.52;66.97;53.66;62.56;68.76;72.8;66.7;66
O3;uur;µg/m³;2023-02-24T04:00:00+01:00;2023-02-24T05:00:00+01:00;55.2;43.1;38.5;42.5;72.4;49.85;32.21;51.11;56.56;41.86;30.39;40.39;33.17;39.7;74.28;64.1;78.83;45.31;61.51;13.33;82.23;79.98;26.82;77.05;73.11;80.44;55.3;48.59;35.47;38.96;48.95;38.64;51.09;33.07;44.51;19.17;44.78;67.24;69.6;56.41;65.67;65.81;73.9;70.5;67.8
O3;uur;µg/m³;2023-02-24T05:00:00+01:00;2023-02-24T06:00:00+01:00;53.9;31.1;38;43.4;66.7;41.83;26.6;49.28;54.84;39.33;35.04;42;36.24;37.59;76.07;46.39;75.2;36.21;64.99;39.98;76.95;74.74;41.91;69.73;70.58;74.12;60.58;41.75;37.47;48.3;43.95;45.94;32.87;31.74;47.57;23.96;45.62;69.95;67.14;63.33;69.77;63.47;71;68.2;67.1
O3;uur;µg/m³;2023-02-24T06:00:00+01:00;2023-02-24T07:00:00+01:00;50.9;37.4;49.3;47;63.3;35.17;23.3;35.57;50.46;25.05;31.94;40.01;20.81;38.2;73.26;40.35;72.79;44.29;56.28;51.25;76.23;65.44;40.63;64.91;68.5;68.93;61.13;35.07;38.73;48.53;34.53;49.4;16.1;33.47;50.21;28.95;42.65;60.86;65.19;60.08;69.19;62.33;66.6;64.4;60.7
O3;uur;µg/m³;2023-02-24T07:00:00+01:00;2023-02-24T08:00:00+01:00;48.2;39.7;50.7;53;59.9;28.86;34.04;26.68;38.44;32.96;48.12;39.64;24.72;36.97;70.74;32.09;70.12;41.56;57.83;53.77;72.98;61.55;46.95;60.63;65.29;68.4;57.44;31.83;28.63;39.24;32.44;36.75;27.88;33.7;46.4;32.5;43.33;58.4;63.74;58.29;65.94;60.26;64.5;60;58
O3;uur;µg/m³;2023-02-24T08:00:00+01:00;2023-02-24T09:00:00+01:00;51.1;45.5;53.1;48.8;54.9;39.15;38.77;40.35;41.87;45.59;44.93;45.47;35.92;33.01;63.66;35.79;62.86;36.31;59.46;55.47;72.57;57.68;53.58;54.89;63.39;64.98;57.47;39.28;21.25;31.54;32.51;28.83;33.25;36.68;37.06;43.53;42.97;54.06;61.91;53.16;60.33;58.17;62.9;56.6;55.1
O3;uur;µg/m³;2023-02-24T09:00:00+01:00;2023-02-24T10:00:00+01:00;58;43.2;52.2;57.2;50.4;45.57;39.62;37.58;50.95;55.96;40.86;51.26;45.78;42.97;65.27;43.63;64.82;33.79;63.69;57.09;68.54;56.77;55.39;56.11;54.21;59.92;56.07;55.1;27.34;35.92;44.89;34.32;44.05;41.63;43.51;49.86;48.41;58.51;57.36;56.27;57.92;53.36;61;53.9;53.8
O3;uur;µg/m³;2023-02-24T10:00:00+01:00;2023-02-24T11:00:00+01:00;59.1;49.6;55.8;48.3;49.2;47.43;58.88;57.04;58.55;51.94;47.62;48.59;53.12;46.89;65.6;47.51;56.86;40.71;65.95;60.75;55.81;55.76;54.86;52.99;58.68;46.05;56.36;56.25;36.55;37.82;50.12;42.01;50.83;48.3;49.01;50.86;48.14;56.38;56.95;55.33;72.09;52.23;50.8;43;43.9
O3;uur;µg/m³;2023-02-24T11:00:00+01:00;2023-02-24T12:00:00+01:00;41.8;34.1;40.8;34.2;44.3;56.89;55.75;61.4;65.73;59.49;48.26;49.43;57.55;50.08;65.03;51.98;48.97;41.36;61.3;56.72;55.95;48.07;45.65;45.08;77.15;51.22;53.91;49.81;34.56;37.42;42.74;42.83;48.35;51.61;50.24;55.46;43.52;51.72;75.72;52.25;87.34;78.31;41.9;36.1;41.8
O3;uur;µg/m³;2023-02-24T12:00:00+01:00;2023-02-24T13:00:00+01:00;25.8;24.8;29.4;22.3;35.4;56.87;50.12;63.11;64.63;54.88;45.95;48.43;58.7;50.15;54.15;57.42;50.72;33.51;49.69;44.16;72.74;46.76;30.18;46.15;83.57;75.05;57.98;49.42;32.56;31.86;42.88;42.81;41.33;47.65;47.26;54.73;42.09;71.53;81.88;63.62;86.1;84.33;71.3;60.8;58.6
O3;uur;µg/m³;2023-02-24T13:00:00+01:00;2023-02-24T14:00:00+01:00;29.6;33.4;43.4;45.2;54.9;52.9;48.51;62.06;66.36;51.42;40.76;45.52;50.28;48.93;50.11;43.79;71.35;48.66;50.66;29.35;84.33;62.32;47.71;67.03;82.1;83.7;81.72;71.99;53.21;52.8;59.59;59.89;52.46;44.75;47.63;49.01;54.42;80.16;77.93;81.6;81.39;79.88;80.1;68.6;69.5
O3;uur;µg/m³;2023-02-24T14:00:00+01:00;2023-02-24T15:00:00+01:00;47.1;61.8;71.8;78;74.5;54.94;45.4;59.41;64.34;46.08;43.43;36.33;43.43;41.92;59.97;45.11;79.74;76.37;63.35;47.77;85.64;80.32;73.23;80.38;80.61;83.8;81.24;77.49;68.08;73.58;64.56;75.45;71.61;48.43;69.13;49.7;74.64;75.49;77.47;78.5;80.19;77.14;76.7;63.5;67.7
O3;uur;µg/m³;2023-02-24T15:00:00+01:00;2023-02-24T16:00:00+01:00;62;60.5;72;80.6;75.7;50.04;45.28;57.19;60.33;48.04;55.82;39.89;60.14;41.95;77.98;48.43;78.27;77.56;77.71;76.59;84.38;77.55;73.58;78.1;79.58;81.16;77.52;75.1;69.48;70.35;61.76;74.67;72.2;68.63;76.48;62.13;71.81;75.85;77.29;77.09;79.53;75.12;76.4;67.4;68.8
O3;uur;µg/m³;2023-02-24T16:00:00+01:00;2023-02-24T17:00:00+01:00;63.2;58.7;67.5;77.1;74.8;44.95;51.21;49.14;51.82;68.38;75.45;48.3;73.24;47.53;74.65;74.02;76.9;75.66;76.54;74.16;83.37;74.79;71.21;76.07;78.67;80.16;77.88;74.06;66.85;65.19;62.25;72.99;71.38;72.36;75.41;67.9;71.41;72.86;75.93;75.7;81.25;78.32;74.4;61.4;66.9
O3;uur;µg/m³;2023-02-24T17:00:00+01:00;2023-02-24T18:00:00+01:00;63.7;59.1;68;71.6;72.6;41.33;66.7;43.79;45.99;72.87;72.37;57.01;69.8;66.43;73.32;73.12;76.78;74.13;71.48;71.75;82.28;75.34;69.58;75.36;79.36;79.71;78.87;70.25;65.24;59.58;61.22;70.52;68.82;71.62;74.31;70.66;68.6;74.13;76.46;75.89;85.39;79.85;72.3;58.1;65.8
O3;uur;µg/m³;2023-02-24T18:00:00+01:00;2023-02-24T19:00:00+01:00;58.7;58.7;69.3;67.5;74.6;46.78;64.15;43.49;45.89;66.89;68.88;54.52;66.08;64.09;74.16;72.94;77.07;73.34;69.18;70.17;82.17;76.37;67.93;75.77;82.39;66.01;80;70.34;65.28;60.82;59.96;69.22;67.02;68.32;73.7;64.54;69.64;73.37;79.51;76.76;87.38;83.14;74.7;68.2;65.6
O3;uur;µg/m³;2023-02-24T19:00:00+01:00;2023-02-24T20:00:00+01:00;60.4;57.7;68.3;73.4;74;64.04;62.21;47.18;45.06;70.66;66.21;60.59;66.87;58.23;74.02;70.91;78.99;70.21;67.6;68.5;85.33;78.02;68.92;77.63;83.31;75.55;81.62;64.43;70.87;70.35;52.01;75.47;67.32;66.62;74.85;65.52;67.53;72.76;81.51;80.54;87.31;83.37;74.3;71.7;67
O3;uur;µg/m³;2023-02-24T20:00:00+01:00;2023-02-24T21:00:00+01:00;56.5;62.4;73.5;76.8;76.3;62.43;57.37;51.39;63.11;71.68;64.37;58.36;67.73;65.36;75.86;72.51;81.07;73.19;68.07;67.08;86.11;78.51;73.24;78.99;84.31;71.23;83.38;66.68;68.32;59.24;61.43;72.97;63.67;67.34;72.64;69.04;69.19;76.49;82.07;80.82;84.98;81.26;77;62.6;65
O3;uur;µg/m³;2023-02-24T21:00:00+01:00;2023-02-24T22:00:00+01:00;63.9;60.8;73.9;80.6;78.3;62;58.01;63.31;64.93;70.13;62.72;55.77;67.21;64.86;75.28;69.49;81.13;74;67.81;74.16;86.35;80.81;74.18;80.53;85.12;76.58;84.01;70.14;67.8;62.54;58.21;73.26;63.79;67.94;75.47;60.24;73.11;77.29;81.71;78.87;83.49;82.03;78.3;59.5;67.7
O3;uur;µg/m³;2023-02-24T22:00:00+01:00;2023-02-24T23:00:00+01:00;62.4;56.6;72.1;81.2;79;58.16;53.59;63.68;63.93;65.85;64.3;60.96;74.27;63.88;75.78;74.12;81.99;75.06;75.55;75.75;86.59;82.1;73.58;80.86;85.33;80.11;84.44;67.53;70.23;67.19;61.55;74.1;62.55;70.71;78.54;66.78;71.93;75.47;80.66;78.08;82.04;79.1;75.5;61.9;67.2
O3;uur;µg/m³;2023-02-24T23:00:00+01:00;2023-02-25T00:00:00+01:00;71.3;65.3;77.7;83.2;79.7;60.69;62.84;62;64.27;63.9;68.35;65.05;76.94;63.24;76.97;60.4;84.27;77.39;74.09;79.07;88.67;84.64;78.56;83.27;83.01;81.39;83.99;75.48;67.16;68;61.78;73.88;71.45;66.72;76.02;62.98;71.36;74.24;78.46;76.46;81.5;79.18;78.4;75.9;71.7
O3;uur;µg/m³;2023-02-25T00:00:00+01:00;2023-02-25T01:00:00+01:00;70.3;68.8;78.2;83.9;81;61.31;65.06;61.4;61.15;75.34;72.92;64.4;71.3;63.2;76.68;69.76;86.09;79.88;76.52;77.83;87.93;85.34;75.22;83.92;81.33;78.16;81.63;74.58;70.09;71.39;69.83;75.33;68.54;68.95;70.31;66.77;70.69;73.4;78.52;75.25;82.09;79.67;79.4;73.2;74.9
O3;uur;µg/m³;2023-02-25T01:00:00+01:00;2023-02-25T02:00:00+01:00;71.1;69.3;78.9;84;82;62.91;59.5;62.76;60.75;70.3;73.49;70.44;70.91;70.27;80.26;66.25;85.02;78.24;71.06;78.02;86.69;86.79;82.46;84.07;82.11;84.83;81;69.9;74.5;76.61;65.39;79.3;62.18;69.46;70.74;59.96;70.01;72.75;78.04;75.4;83.32;79.28;77;68.9;68.6
O3;uur;µg/m³;2023-02-25T02:00:00+01:00;2023-02-25T03:00:00+01:00;72.8;72.5;80.6;86.5;81.4;;;;;;;;;;;;;;;;;;;;;;;;;;;;;;;;;;;;;;77.9;70.3;72.7
O3;uur;µg/m³;2023-02-25T03:00:00+01:00;2023-02-25T04:00:00+01:00;73.1;72.5;81.9;87.4;80.4;66.7;64.25;66.99;66.15;63.13;71.54;65.46;74.54;62.17;79.08;77.95;85.58;81.31;79.75;79.35;89.97;87.27;82.68;85.04;84.23;79.86;82.31;70.88;73.08;70.73;69.8;78.68;66.49;67.82;74.28;71.4;69.77;73.72;79.02;72.15;82.63;79.99;79.7;77.1;74.2
O3;uur;µg/m³;2023-02-25T04:00:00+01:00;2023-02-25T05:00:00+01:00;72.9;71.4;79.8;84.9;82.3;66.46;65.56;63.11;67.8;61.05;73.51;60.1;78.02;61.08;80.2;76.14;86.48;81.38;75.38;82.72;87.86;87.33;80.77;86.07;82.51;74.81;82.77;74.57;72.7;67.53;69.85;77.62;71.63;69.49;72.92;71.15;70.42;72.62;79.51;72.74;79.17;77.93;79.3;76.1;75.4
O3;uur;µg/m³;2023-02-25T05:00:00+01:00;2023-02-25T06:00:00+01:00;73.1;69.6;80.9;83.1;81.2;65;64.27;60.53;64.83;72.11;74.01;58.18;82.43;59.44;80.03;73.97;84.1;82.47;78.53;80.23;86.26;84.7;81.3;83.4;82.73;72.72;82.55;76;72.32;70.06;67.57;77.37;68.8;71.77;75.38;71.92;70.5;72.78;79.21;71.93;79.97;78.6;76.5;68.9;72.5
O3;uur;µg/m³;2023-02-25T06:00:00+01:00;2023-02-25T07:00:00+01:00;63.7;65.4;77.7;80.2;79.8;65.14;59.29;61.09;64.79;76.66;75.52;64.42;78.78;66.87;80.04;78;83.62;78.57;69.73;77.39;86.48;83.95;78.69;82.33;82.23;76.64;82.43;69.09;71.59;68.83;67.85;76.73;65.92;70.74;76.06;68.65;67.83;73.91;78.83;72.29;80.34;78.27;74.8;70.7;67.1
O3;uur;µg/m³;2023-02-25T07:00:00+01:00;2023-02-25T08:00:00+01:00;62.4;63.1;76.4;80.2;79.5;63.38;61.58;61.64;63.74;73;71.03;67.03;74.17;66.48;76.9;76.24;83.08;76.9;72.28;68.53;87.08;83.46;77.85;82.27;82.01;76.51;82.62;70.46;67.64;61.59;61.92;72.79;59.88;67.08;70.06;68.47;61.87;71.29;75.55;72.01;76.6;79.66;74.3;72.5;70
O3;uur;µg/m³;2023-02-25T08:00:00+01:00;2023-02-25T09:00:00+01:00;67.3;68.8;76.8;75.9;77.4;52.53;63.9;61.82;61.87;73.13;72.54;62.41;68.96;62.61;77.13;63.33;80.52;80.41;75.82;72.77;86.35;78.9;74.87;79.2;82.63;78.66;77.88;67.5;69.93;66.76;59.4;75;59.5;64.08;74.37;63.31;62.05;71.53;71.41;72.82;77.35;74.78;72.4;65.4;66.7
O3;uur;µg/m³;2023-02-25T09:00:00+01:00;2023-02-25T10:00:00+01:00;63.6;61.9;72;78.3;78.6;59.69;64.95;67.17;68.2;74.35;72.55;59.72;75.22;64.81;76.52;76.56;80.52;75.8;73.11;73.72;84.98;79.62;72.38;79.9;79.77;79.59;72.15;72.45;71.18;72.83;58.62;75.75;65.08;63.29;73.82;60.9;63.99;64.52;72.76;76.1;82.67;80.74;72.8;69.2;68.8
O3;uur;µg/m³;2023-02-25T10:00:00+01:00;2023-02-25T11:00:00+01:00;68.9;66.8;73.9;80.8;77.2;66.04;67.11;68.46;72.71;73.04;72.37;62.94;78.42;68.1;76.94;78.47;80.63;77.55;76.85;73.81;80.49;80.3;77.71;79.46;81.23;77.61;74.98;75.18;72.39;74.92;63.02;76.88;67.87;67.94;73.71;63.81;69.71;71.3;73.91;81.69;83.81;82.21;73.3;67.8;65.5
O3;uur;µg/m³;2023-02-25T11:00:00+01:00;2023-02-25T12:00:00+01:00;63.6;64.5;68.3;81.5;77.2;67.75;68.78;70.11;73.37;73.63;73.14;68.33;78.27;71.1;78.78;78.81;78.1;74.15;77.01;71.46;82.07;77.88;73.14;75.38;82;78.63;76.64;77.24;69.96;69.36;69.14;74.51;70.65;75.46;76.75;70.87;73.86;73.8;77.57;82.8;83.68;83.81;75.8;74.7;75.3
O3;uur;µg/m³;2023-02-25T12:00:00+01:00;2023-02-25T13:00:00+01:00;62.5;61;62.9;77.7;75.7;69.14;72.7;72.31;75.46;74.39;76.18;65.86;77.29;71.22;77.58;79.02;76.84;72.28;74.08;73.08;82.22;77.58;71.03;71.76;83.12;77.93;81.73;79.68;74.78;75.42;73.2;79.6;73.79;79.84;80.08;74.62;77.97;77.51;;82.25;84.35;84.92;76.5;75.5;76.6
O3;uur;µg/m³;2023-02-25T13:00:00+01:00;2023-02-25T14:00:00+01:00;67.2;67.1;62.8;77.2;74.8;73.6;73.5;70.22;76.44;76.08;71.68;69.45;78.76;74.38;76.82;75.67;74.78;75.42;75.27;76.23;83.54;76.32;70.85;62.55;83.01;81.93;80.96;79.57;76.13;77.46;77.09;80.44;76.09;80.76;80.68;75.23;78.3;80.06;;82.93;83.82;84.23;78.6;78.5;79.4
O3;uur;µg/m³;2023-02-25T14:00:00+01:00;2023-02-25T15:00:00+01:00;64;64.1;67.2;78.2;77.8;74.59;73.82;74.47;77.64;76.37;72.54;68.19;79.16;75.47;74.45;72.95;78.22;75.18;77.04;78.37;85.3;78.35;71.33;69.87;83.39;81.86;82.3;80.8;78.53;79.68;77.59;82.1;76.96;80.35;80.84;76.35;78.7;78.31;80.99;82.51;81.89;82.75;79.3;78;78.7
O3;uur;µg/m³;2023-02-25T15:00:00+01:00;2023-02-25T16:00:00+01:00;68.2;67.6;69.4;80.2;80.7;75.46;74.04;76.59;79.77;78.84;73.25;71.66;80.96;77.37;75.26;75.89;80.12;77.36;78.67;79.93;84.57;79.9;77.29;75.46;82.68;81.9;80.82;80.11;78.06;79.3;75.63;82.49;77;79.31;81.56;77.65;77.72;76.98;78.55;79.78;80.17;80.5;78.9;78.3;79.2
O3;uur;µg/m³;2023-02-25T16:00:00+01:00;2023-02-25T17:00:00+01:00;63.6;66.7;70.5;79.1;81.1;77.42;73.56;77.38;81.8;78.43;75.24;69.93;80.89;76.6;77.4;70.8;77.43;75.93;78.02;77.72;84.6;78.51;74.04;67.76;81.34;81.87;77.52;81.67;77.4;77.71;75.18;80.89;74.93;77.51;79.48;77.36;75.5;75.7;76.58;77.47;79.49;79.49;76.8;76.3;77.5
O3;uur;µg/m³;2023-02-25T17:00:00+01:00;2023-02-25T18:00:00+01:00;65.4;67.8;65.9;75.4;76.7;74.94;69.36;77.44;81.16;77.27;72.87;66.54;76.98;75.37;74.83;68.51;76;72.1;77.38;75.32;82.43;78.15;71.96;59.49;80.58;77.67;71.88;77.5;74.43;74.14;69.62;77.46;72.71;72.57;75.22;70.2;71.92;74.65;72.89;76.99;77.91;78.49;71.8;73.4;73.6
O3;uur;µg/m³;2023-02-25T18:00:00+01:00;2023-02-25T19:00:00+01:00;55.6;57.6;57.7;63.7;69.2;69.37;60.08;70.91;77.54;73.29;68.73;62.43;70.71;70.11;70.26;70.1;70.43;63.44;71.47;68.83;76.67;69.42;58.18;55.63;79.02;72.13;62.4;73.56;65.11;66.54;63.04;69.65;66.66;67.31;69.67;66.45;64.13;68.55;61.59;73.63;78.81;75.69;64.5;61.4;65.3
O3;uur;µg/m³;2023-02-25T19:00:00+01:00;2023-02-25T20:00:00+01:00;49.7;42.6;44.2;46;64.6;66.88;54.61;51.67;73.56;66.67;65.8;54.54;65.5;66.47;68.1;65.67;64.76;54.52;60.94;60.4;73.3;54.71;50.01;48.36;78.57;68.22;52.86;69.49;51.77;51.42;56.41;50.38;55.94;53.46;61.6;55.19;54.41;62.69;58.82;66.87;79.3;75.24;58;55.3;55.2
O3;uur;µg/m³;2023-02-25T20:00:00+01:00;2023-02-25T21:00:00+01:00;35.1;32.6;46.3;34.3;57.5;63.38;57.14;60.3;71.45;61.77;61.18;46.69;59.55;62.61;62.1;63.53;65.56;44.91;52.22;43.73;65.91;53.45;45.13;56.5;77.37;60.52;58.44;60.25;44.82;38.44;56.49;44.69;46.7;50.84;41.6;56.12;50.56;61.04;51.3;70.91;79.94;76.92;51.5;56.4;50.5
O3;uur;µg/m³;2023-02-25T21:00:00+01:00;2023-02-25T22:00:00+01:00;35.6;26;43.1;47.3;60.7;56.58;53.67;52.84;65.6;56.55;54.79;39.17;52.93;56.67;58.86;54.31;60.8;42.76;38.4;47.99;52.13;48.59;42.24;57.28;75.63;64.28;56.4;53.85;52.94;48.28;38.23;53.51;45.08;44.47;35.37;58.97;55.04;60.15;52.54;72.86;79.89;78.02;57.2;45.5;44.6
O3;uur;µg/m³;2023-02-25T22:00:00+01:00;2023-02-25T23:00:00+01:00;34.2;20.3;33.4;46.3;66.6;51.76;48.48;;23.19;51.05;51.17;44.31;47.08;51.07;57.36;55.87;56.41;46.86;35.23;39.85;49.11;44.34;41.15;51.99;78.16;56.38;63.18;30.9;54.6;47.79;24.92;54.19;40.39;54.4;22.53;49.9;54.91;60.87;52.32;66.63;81.25;80.47;56.2;51.2;52.6
O3;uur;µg/m³;2023-02-25T23:00:00+01:00;2023-02-26T00:00:00+01:00;36.5;27.7;38;35.5;71.6;49.26;45.83;40.39;24.6;49.49;42.84;48.69;43.79;48.35;56.07;56.84;55.52;47.94;30.62;45.55;57.99;34.04;28.5;48.06;78.63;62;65;37.18;38.13;39.91;24.24;50.71;30.77;56.26;19.73;41.68;40.2;60.67;67.24;66.89;80.21;80.12;55.5;33.9;32.8
O3;uur;µg/m³;2023-02-26T00:00:00+01:00;2023-02-26T01:00:00+01:00;32.8;24.7;37.7;23.4;62.6;46.72;35.04;41.91;29.04;47.67;37.52;50.6;42.05;45.2;56.01;56.36;55.07;48.15;32.37;45.35;68.08;47.47;34.54;51.53;79.1;57.9;65.76;41.04;55.42;26.04;27.78;53.59;28.94;57;10.19;41.44;40.25;67.78;67.99;68.49;80.09;79.84;51.5;37.5;33.5
O3;uur;µg/m³;2023-02-26T01:00:00+01:00;2023-02-26T02:00:00+01:00;45.3;27.5;48.4;61.5;68.1;46;34.14;42.56;37.16;47.61;35.23;48.48;42.92;39.11;52;55;67.22;49.29;31.05;44.25;63.32;62.42;57.59;66.17;80.02;66.43;64.46;46.09;61.54;63.72;63.23;64.21;36.63;59.82;36.05;47.94;53.55;69.6;64.68;70.61;80.24;79.34;67.5;64.2;62.2
O3;uur;µg/m³;2023-02-26T02:00:00+01:00;2023-02-26T03:00:00+01:00;51.4;52.9;56.2;68.4;69.3;49.13;36.18;48.65;42.06;43.3;36.06;47.21;50.84;39.19;49.7;49.25;69.71;57.21;52.61;50.05;75.22;69.63;66.13;65.17;78.18;72.42;66.12;69.18;67.6;69.52;70.85;72.68;61.89;54.67;50.47;54.63;47.51;67.74;66.42;68.54;78.99;74.66;74.6;70.2;70.9
O3;uur;µg/m³;2023-02-26T03:00:00+01:00;2023-02-26T04:00:00+01:00;58.6;58.2;53.8;68.1;65.1;48.86;34.01;54.37;49.64;50.35;47.85;49.08;61.11;46.75;63.61;53.88;69.87;64.85;62.45;63.13;73.2;71.1;63.96;64.15;77.24;70.96;65.24;69.18;67.26;69.47;71.32;71.22;60.4;49.58;56.37;58.4;47.94;69.29;66.44;67.22;78;70.86;75.8;68.9;69.8
O3;uur;µg/m³;2023-02-26T04:00:00+01:00;2023-02-26T05:00:00+01:00;60.7;53.9;54.1;59.5;63.1;50.83;47.58;55.81;55.93;55.35;60.34;54.71;67.4;55.43;63.5;62.64;67.78;65.46;70.52;64.26;71.34;67.96;55.07;65.97;77.14;69.43;61.42;72.35;67.56;70.41;71.34;72.46;63.24;46.19;59.07;56.81;47.42;67.89;64.61;65.52;76.29;69.54;74;70.7;69
O3;uur;µg/m³;2023-02-26T05:00:00+01:00;2023-02-26T06:00:00+01:00;51.3;50.5;57.4;62.9;67.9;51;50.75;57.34;56.13;59.89;61.1;53.6;69.91;54.84;60.14;68.75;68.05;57.22;63.62;62.92;68.2;64.27;63.4;66.53;76.55;67.75;58.59;70.35;65.91;68.47;68.9;70.09;59.92;50.35;60.76;54.08;59.1;67.25;65.34;64.23;75.02;69.64;74.9;68.8;69.1
O3;uur;µg/m³;2023-02-26T06:00:00+01:00;2023-02-26T07:00:00+01:00;56.2;45.9;50.4;52.3;69.4;52.84;49.65;57.47;56.67;59.99;61.54;56.74;69.85;54.47;65.14;70.77;70.03;55.41;63.46;61.21;70.53;64.89;63.45;66.9;75.35;68.69;58.41;68.27;61.02;65.06;67.01;67.48;57.67;52.4;60.53;57.5;58.2;64.53;62.28;63.2;74.77;70.93;75.5;70.5;70.3
O3;uur;µg/m³;2023-02-26T07:00:00+01:00;2023-02-26T08:00:00+01:00;42.8;30.6;39.4;53.5;71.2;51.96;47.27;57.34;57.35;58.62;59.32;57.75;68.54;57.18;58.23;69.33;69.8;54.25;64.91;60.94;70.51;68.63;53.13;67.47;75.28;66.94;54.04;64.16;56.12;63.83;63.1;64.68;51.64;52.09;58.49;61.73;56.33;61.06;65.75;61.11;72.37;69.98;74.7;71.8;70.7
O3;uur;µg/m³;2023-02-26T08:00:00+01:00;2023-02-26T09:00:00+01:00;47.7;32.2;39.6;52.2;66.8;52.32;51.27;56.55;58.25;63.69;56.6;56.26;68.79;58.18;57.61;60.47;67.24;53.53;67.9;60.19;71.47;64.63;58.02;60.64;75.11;66.89;56.14;66.98;60.71;66;60.65;66.21;54.85;55.39;60.41;55.52;56.39;60.33;62;61.88;67.65;61.09;73.6;72.1;70.7
O3;uur;µg/m³;2023-02-26T09:00:00+01:00;2023-02-26T10:00:00+01:00;56.8;58;57.9;66.3;64.3;55.88;56.92;56.72;58.52;67.78;62.58;59.55;69.94;61.93;61.8;68.95;65.99;67.14;67.52;63.74;72.89;68.66;64.12;52.5;74.33;68.36;64.9;70.04;67.21;69.53;67.22;72.63;63.42;59.37;66.76;62.79;63.95;67.85;64.22;62.97;73.35;67.23;73.4;72.2;72.2
O3;uur;µg/m³;2023-02-26T10:00:00+01:00;2023-02-26T11:00:00+01:00;65.9;62.5;67.5;72.7;71.6;57.81;61.79;59.18;59.47;72;69.34;65.1;71.25;65.76;70.59;68.07;72.35;72.87;69.6;70.24;76.93;75.36;73.64;61.26;75.66;74.21;68.78;73.32;71.57;74.41;70.37;75.96;71.34;66.78;76.29;67.72;68.81;69.28;68.5;70.08;76.32;75.61;73.2;70.2;72.3
O3;uur;µg/m³;2023-02-26T11:00:00+01:00;2023-02-26T12:00:00+01:00;65;63.6;69.6;74.6;74;63.07;67.49;62.13;66.15;74.51;70.44;69.73;74.74;69.31;71.88;70.4;74.26;73.91;73.32;75;77.46;77.61;75.73;60.69;75.79;74.03;71.8;74.9;73.7;73.3;70.21;78.09;72.05;75.04;77.74;72.7;73.08;71.32;72.98;73.41;77.88;78.74;74;72.4;74
O3;uur;µg/m³;2023-02-26T12:00:00+01:00;2023-02-26T13:00:00+01:00;69.3;65.2;67.4;76.5;74.9;67.5;68.98;67.16;69.87;76.7;71.75;71.08;76.43;72.56;73.49;73.07;74.12;75.44;75.4;75.09;79.65;77.69;75.05;60.04;75.79;75.67;72.44;75.93;73.47;75.9;71.06;78.61;73.66;76.23;78.89;74.09;74.43;74.15;74.98;74.32;78.33;79.76;74.3;71.5;74.7
O3;uur;µg/m³;2023-02-26T13:00:00+01:00;2023-02-26T14:00:00+01:00;70.6;67.2;66.8;77.5;75.5;68.42;71.47;69.89;73.91;77.94;72.96;72.08;78.38;73.83;73.73;73.39;74.66;76.26;76.08;75.35;78.3;78.64;75.5;62.31;77.6;74;73.63;75.43;72.48;75.27;71.48;77.16;72.62;76.75;77.51;75.15;73.64;74.88;75.9;75.88;79.21;81.65;72.6;70.5;73
O3;uur;µg/m³;2023-02-26T14:00:00+01:00;2023-02-26T15:00:00+01:00;70.1;65.5;66.1;77.6;74.6;69.41;72.33;71.02;74.32;76.72;73.59;72.17;79.3;75.09;73.27;73.82;71.96;74.2;74.66;74.62;76.66;76.02;75.35;60.52;78.06;74.64;72.55;76.3;71.67;74.07;70.87;75.94;71.44;76.11;78.37;73.32;73.91;74.64;76.51;76.49;80.2;81.86;73.8;74.2;73.6
O3;uur;µg/m³;2023-02-26T15:00:00+01:00;2023-02-26T16:00:00+01:00;69.5;66.1;65.4;75.9;72.8;70.46;71.71;70.8;73.03;77.07;73.24;71.15;77.41;74.86;72.79;74.66;71.86;73.08;73.67;73.55;79.42;75.48;74.43;61.68;78.72;77.54;71.97;77.19;72.04;73.9;73.16;76.27;71.53;75.46;77.2;69.66;73.56;75.98;76.96;77.04;80.14;81.71;75;71.4;74
O3;uur;µg/m³;2023-02-26T16:00:00+01:00;2023-02-26T17:00:00+01:00;67.4;65.8;64.9;73.5;74.6;71.73;70.33;71.8;74.18;77.2;71.49;70.46;76.46;73.53;71.09;71.28;72.58;72.3;72;71.75;80.37;74.92;72.97;61.98;78.86;77.81;71.51;77.2;71.45;72.43;73.16;76.1;69.99;74.98;76.08;69.64;73.97;76.38;75.27;78.07;79.56;80.02;72.5;71.4;72.7
O3;uur;µg/m³;2023-02-26T17:00:00+01:00;2023-02-26T18:00:00+01:00;68.7;65.2;63.7;69.6;74;69.39;64.66;72.2;73.48;75.92;68.31;65.06;73.93;70.03;70.08;66.95;72.15;70.77;71.61;69.9;80.71;73.38;70.57;66.49;77.72;76.76;69.31;76.79;69.82;70.76;70.79;71.85;68.35;72.04;75.71;65.53;72.34;75.82;72.89;75.63;77.61;77.02;69.7;73.5;72
O3;uur;µg/m³;2023-02-26T18:00:00+01:00;2023-02-26T19:00:00+01:00;63.1;59.5;52;65.9;72.4;61.79;58.49;66.23;71.34;65.38;65.05;55.74;68.99;63.68;65.53;62.48;69.33;68.58;70.53;69.39;78.04;71.22;60.38;63.64;77.61;73.33;63.39;72.51;66.26;67.26;68.04;69.21;68.85;68.21;74.02;54.38;71.78;72.1;66.41;73.12;76.76;75.9;68.2;69.1;69.4
O3;uur;µg/m³;2023-02-26T19:00:00+01:00;2023-02-26T20:00:00+01:00;51.7;44;48.6;59.8;69.8;52.77;51.03;60.83;65.43;57.26;63.53;45.06;63.61;57.6;61.99;64.14;70.07;59.24;65.26;66.01;75.19;67.69;51.24;65.4;75.88;68.77;54.31;70.27;60.49;67.77;65.86;66.97;64.57;68.77;70.84;62.15;71.71;64.98;61.15;71.92;72.75;74.38;63.8;64;65.3
O3;uur;µg/m³;2023-02-26T20:00:00+01:00;2023-02-26T21:00:00+01:00;43;42.2;46;56.3;68.9;48.28;55.3;56.62;54.78;63.21;60.45;52.79;66.7;54.93;60.63;62.35;67.6;50.95;57.77;62.29;72.08;62.53;50.78;58.08;73.4;62.66;53.67;64.96;52.51;63.29;54.97;59.12;55.51;66.9;66.74;60.55;70.88;62.74;57.55;66.74;70.93;68.58;63;62.9;64.3
O3;uur;µg/m³;2023-02-26T21:00:00+01:00;2023-02-26T22:00:00+01:00;47.6;37.3;35.8;44.3;54.9;43.63;56.43;49.98;51.18;67.33;61.59;57.11;67.96;62.95;59.57;60.2;61.19;50.51;57.65;58.36;66.04;59.92;48.31;54.5;65.56;61.41;51.25;56.65;49.76;57.92;57.71;59.39;52.5;61.4;68.67;57.7;71.49;61.07;56.62;63.66;70.25;47.22;67.8;63.2;63.4
O3;uur;µg/m³;2023-02-26T22:00:00+01:00;2023-02-26T23:00:00+01:00;47.1;31.3;29.2;50.8;42.8;45.76;56;37.81;42.52;64.99;58.91;59.34;64.28;61.48;50.44;61.99;57.98;48.11;58.45;51.52;60.5;56.57;39.71;49.81;68.27;57.42;49.67;58.27;55.28;61.37;60.36;61.56;52.24;56.45;65.63;60.75;72.13;59.15;58.25;65.52;68.75;32.58;71.5;62.9;66
O3;uur;µg/m³;2023-02-26T23:00:00+01:00;2023-02-27T00:00:00+01:00;43.5;29.1;32.3;54.2;46.4;47.2;49.23;35.82;41.27;63.94;51.36;58.39;62.24;62.08;54.28;64.25;56.28;49.33;54.62;56.04;61.72;50.88;42.98;41.33;66.79;56.79;44.43;61.01;54.72;61.13;56.3;62.68;50.53;55.07;59.4;62.03;69.28;56.24;49.1;54.62;64.93;30.21;68.6;65.1;67.6
O3;uur;µg/m³;2023-02-27T00:00:00+01:00;2023-02-27T01:00:00+01:00;42.8;28.5;40.7;57.8;50.1;49.89;42.22;36.33;34.81;61.28;48.73;54.94;59.33;58.83;56.44;57.83;53.73;51.78;52.22;58.7;57.18;58.39;53.83;40.92;59.3;53.53;41.92;61.49;53.88;57.99;51.32;58.78;48.63;56.76;49.4;56.86;60.57;53.67;44.19;39.03;58.73;22.28;68.1;63.8;67.9
O3;uur;µg/m³;2023-02-27T01:00:00+01:00;2023-02-27T02:00:00+01:00;42.7;41.3;44.7;63.4;59.2;49.05;38.17;39.48;38.67;65.89;48.33;52.38;52.97;55.55;61.43;61.48;60.14;60.55;54.71;54.41;54.32;67.91;57.77;51.45;60.22;52.57;36.63;56.99;54.2;55.84;52.76;59.7;50.32;55.65;39.87;60.42;42.89;48.9;46.02;35.62;51.32;21.78;67.3;62.9;69.5
O3;uur;µg/m³;2023-02-27T02:00:00+01:00;2023-02-27T03:00:00+01:00;58;55.2;55.2;65.1;45.6;46.4;43.03;40.28;41.89;56.27;42.62;52.78;59.51;56.11;60.91;56.49;56.95;66.27;54.94;59.32;53.79;59.61;59.2;56.17;63.05;43.02;40.29;56.42;54.93;52.25;47.88;57.61;47.79;57.68;24.3;55.59;41.24;56.69;38.14;33.41;51.64;19.52;61.3;63.2;67
O3;uur;µg/m³;2023-02-27T03:00:00+01:00;2023-02-27T04:00:00+01:00;54.8;52.5;54.6;43.7;32.6;42.14;36.91;40.02;38.85;54.7;51;51.32;61.22;54.8;60.85;59.05;54.71;66.31;51.96;47.42;51.09;56.99;50.27;54.31;63.68;33.04;40.65;58.2;54.12;58.12;51.74;58.47;49.32;45.87;23.98;49.34;38.59;56.5;51.36;22.03;35.68;26.29;48.1;45.1;60.5
O3;uur;µg/m³;2023-02-27T04:00:00+01:00;2023-02-27T05:00:00+01:00;52;35.2;38.9;28.2;32.5;38.08;30.77;35.36;35.41;51.96;47.18;48.69;57.27;51.54;59.12;57;48.79;55.77;52.91;53.1;45.07;41.26;31.03;51.41;52.41;39.52;39.52;58.9;51.24;55.93;54.21;54.69;46.79;44.36;21.29;43.24;31.5;49.24;46.21;24.3;30.58;26.49;41.3;40.6;32
O3;uur;µg/m³;2023-02-27T05:00:00+01:00;2023-02-27T06:00:00+01:00;36.7;27.1;26.9;10;24.8;30.35;33.29;25.82;29.68;48;45.1;42.9;51.21;48.39;51.24;55.06;40.3;44.01;42.7;45.92;42.4;25.25;13.87;38.88;43.08;34.22;32.1;55.85;49.25;48.86;36.71;52.68;40.02;38.44;6.62;44.68;30.57;46.61;49;19.98;47.99;23.37;29.2;18.9;14.4
O3;uur;µg/m³;2023-02-27T06:00:00+01:00;2023-02-27T07:00:00+01:00;22.1;12.6;5.9;0.1;15.9;22.38;33.02;23.92;26.12;27.16;38.5;34.18;36.29;40.07;31.8;43.75;36.72;30.42;21.28;15.13;42.1;3.14;2.68;26.91;49.56;27.9;29.8;48.76;34.82;26.33;26.04;35.87;32.24;32.68;1.64;29.38;23.05;45.78;55.1;20.67;44.35;34.17;37;38.4;19.3
O3;uur;µg/m³;2023-02-27T07:00:00+01:00;2023-02-27T08:00:00+01:00;7.6;1.2;1.8;0.1;18.2;17.62;16;14.31;15.76;29.51;34.32;21.13;21.15;24.71;32.08;42.98;32.62;7.89;6.76;8.05;40.34;1.85;1.6;32.3;31.27;12.28;31.61;32.21;9.37;18.23;28.02;8.78;16.16;25.88;2.58;19.07;15.57;42.78;56.79;23.5;44.75;17.05;25.2;25;
O3;uur;µg/m³;2023-02-27T08:00:00+01:00;2023-02-27T09:00:00+01:00;8.1;7.4;2.3;2.4;13.3;25.26;18.66;19.05;17.51;30.72;29.17;21.46;30.88;25.98;34.98;47.35;37.39;13.35;10.54;20.95;44.05;9.76;8.88;20.39;32.93;21;18.62;26.46;17.21;17.76;21.46;23.32;18.42;27.6;4.96;30.97;16.19;44.7;45.18;21.28;37.78;9.35;24;19.5;10.7
O3;uur;µg/m³;2023-02-27T09:00:00+01:00;2023-02-27T10:00:00+01:00;18.4;23.9;12.8;28;47.6;34.11;36.21;31.61;29.89;46.33;36.92;41.58;47.9;42.46;45.86;57.33;51.52;28.6;39;42.62;64.14;39.54;25.89;33.12;71.17;35.25;37.16;40.37;46.58;42.89;39.75;49.53;30.33;35.93;24.69;42.14;43.1;50.61;45.91;22.34;46.21;20.48;40.2;39.9;36.6
O3;uur;µg/m³;2023-02-27T10:00:00+01:00;2023-02-27T11:00:00+01:00;42.6;37.7;37.5;56.6;65.1;48.73;55.86;43.78;48.2;58.16;49.77;51.64;56.91;53.64;62.76;57.62;64.79;44.28;59.33;56.67;73.16;61.95;44.16;38.61;70.93;53.86;53.27;60.34;60.67;57.81;63.52;64.23;52.43;43.07;60.52;56.56;59.55;53.55;60.48;34.67;62.09;57.21;64.6;55.4;59.6
O3;uur;µg/m³;2023-02-27T11:00:00+01:00;2023-02-27T12:00:00+01:00;59.1;51.8;55.6;65.2;69;53.42;65.89;60.91;63.52;66.74;61.82;62.94;65.05;65.27;66.66;63.82;55.02;60.63;67.82;68.94;72.8;63.41;64.91;38.55;67.92;63.15;63.95;73.59;66.95;66.02;71.19;71.15;65.89;57.31;75.61;65;66.11;62.06;68.43;58.9;75.79;73.29;70.6;67.7;69.7
O3;uur;µg/m³;2023-02-27T12:00:00+01:00;2023-02-27T13:00:00+01:00;62.8;52.8;53.5;71.3;67.9;47.7;68.56;64.07;58.59;69.16;64.45;65.68;70.21;68.14;69.57;67.12;63.52;67.05;72.45;72.4;79.16;72.54;71.33;51.72;72.02;68.48;73.08;76.72;72.89;69.8;72.35;77.24;70.21;72.39;80.19;68.23;71.64;70.38;74.41;72.76;79.51;81.08;76.6;67.7;75.4
O3;uur;µg/m³;2023-02-27T13:00:00+01:00;2023-02-27T14:00:00+01:00;63.2;60.8;61.2;75.3;73.9;57.69;67.97;62.28;66.12;73.19;67.02;66.77;72.55;70.21;68.99;70.31;68.03;68.97;71.92;72.99;82.08;77.6;72.9;54.17;75.78;75.93;72.12;78.72;75.35;74.6;74.55;78.87;72.8;72.76;77.74;72.22;72.57;72.2;75.08;73.03;79.92;81.13;76;72.1;77.4
O3;uur;µg/m³;2023-02-27T14:00:00+01:00;2023-02-27T15:00:00+01:00;67.5;62.6;62.6;76.2;74.5;62.72;69.23;65.43;67.68;75.12;65.62;64.62;74.84;68.52;70.55;72.02;72.49;72.28;72.58;73.49;82.1;79.62;71.55;51.58;78.11;74.07;69.85;77.07;73.68;73.87;69.51;78.07;73.08;74.36;73.79;71.11;72.97;74.07;76.29;73.25;79.41;80.72;72.9;70.9;73.9
O3;uur;µg/m³;2023-02-27T15:00:00+01:00;2023-02-27T16:00:00+01:00;63.6;65.7;60.9;77.3;75.2;63.45;68.82;65.73;69.31;77.5;68.23;66.06;77.02;70.48;68.99;69.51;73.67;66.8;71.75;73.4;77.8;76.55;68.17;51.16;77.23;72.14;70.02;71.23;70.21;72.2;67.53;74.33;71.18;71.76;72.75;67.16;71.52;72.45;77;75.03;79.53;82.86;71.7;70.7;71.5
O3;uur;µg/m³;2023-02-27T16:00:00+01:00;2023-02-27T17:00:00+01:00;60.1;59.7;54.2;72.3;70.2;61.72;64.9;64.92;67.47;71.85;69.78;64.64;72.98;70.17;72.26;64.79;67.65;65.47;67.67;67.41;75.8;72.3;62.99;42.86;78.61;67.87;67.7;70.36;71.15;72.02;67.08;74.99;67.88;69.99;71.63;64.06;72.69;71.3;75.17;74.96;79.59;78.89;70.9;69.6;71.1
O3;uur;µg/m³;2023-02-27T17:00:00+01:00;2023-02-27T18:00:00+01:00;55.4;55.2;48.8;67.9;64.1;56.82;63.5;62.64;64.45;66.85;65.35;58.16;67.1;64.85;63.32;64.33;65.79;61.4;63.44;63.12;75.75;69.87;61.42;44.62;74.65;67.61;63.03;67.93;68.2;68.81;65.88;70.85;64.01;64.48;70.23;62.94;70.77;72.01;69.89;70.2;75.46;71.31;71.2;67.9;70.3
O3;uur;µg/m³;2023-02-27T18:00:00+01:00;2023-02-27T19:00:00+01:00;47.1;48.8;40.3;65.1;60.5;47.52;58.31;59.13;59.83;70.89;55.93;49.4;60.46;55.62;57.96;56.18;66.38;57.28;59.26;54.56;70.74;60.54;51.17;40.74;70.42;63.89;54;56.83;58.28;59.83;56.53;62.73;54.58;61.53;62.73;50.38;65.75;67.93;62.86;64.5;67.98;65.57;70.1;68.5;66.5
O3;uur;µg/m³;2023-02-27T19:00:00+01:00;2023-02-27T20:00:00+01:00;28.4;35.9;34.9;58.4;51.2;39.04;36.16;53.16;55.25;54.12;50.53;44.54;50.41;48.91;52.14;55.01;58.82;48.91;44.46;43.48;68.71;53.21;39.41;42.62;71.72;59.92;48.71;54.45;50.08;53.27;47.63;54.94;41.16;56.72;52.95;41.37;62.6;65.09;56.52;48.46;64.64;63.76;63.6;60.8;62.6
O3;uur;µg/m³;2023-02-27T20:00:00+01:00;2023-02-27T21:00:00+01:00;27.2;23.7;30.9;41.2;47.1;41.81;29.52;49.82;50.86;40.11;44.33;39.61;39.22;53.54;42.17;50.97;52.32;41.81;35.31;26.02;64.12;41.95;20.73;45.71;70.97;56.15;48.6;56.3;42.72;45.47;41.43;52.79;37.46;51.65;48.54;28.72;61.37;62.35;48.56;54.02;56.4;55.57;56.6;51.3;54
O3;uur;µg/m³;2023-02-27T21:00:00+01:00;2023-02-27T22:00:00+01:00;31.3;19.1;29.2;11.7;46.1;39.07;30.09;38.44;45.77;42.43;41.82;31.9;29.53;47.89;35.29;49.61;51.07;42.83;42.79;34.08;61.48;39.12;17.75;40.11;65.9;52.69;45.21;55.11;44.49;50.45;34.5;52.29;35.71;43.47;21.49;24.64;57.3;58.84;51.72;52.34;57.49;40.9;54.5;52.5;52.8
O3;uur;µg/m³;2023-02-27T22:00:00+01:00;2023-02-27T23:00:00+01:00;31.3;29.1;27.8;7.9;34.2;32.78;30.03;31.95;41.82;35.64;35.16;36.29;29.64;38.86;27.17;44.07;45.13;49.44;42.76;41.38;58.22;35.39;11.66;34.63;61.44;50.43;47.18;52.36;45.87;48.87;41.61;53.12;37.92;37.44;12.35;12.81;36.43;57.75;44.5;42.45;54.19;36.13;58.9;52.2;55
O3;uur;µg/m³;2023-02-27T23:00:00+01:00;2023-02-28T00:00:00+01:00;32.5;24.8;21.8;11.3;30;30.57;20.26;37.74;40.31;31.9;30.27;29.95;39.49;38.63;35.17;23.59;42.51;47.41;35.58;43.57;54.79;32.91;8.63;29.05;61.65;46.44;41.96;48.96;35.33;46.7;37.02;50.42;37.62;28.43;17.92;23.67;31.18;56.38;41.75;43.26;40.9;47.94;51.6;45.2;53.4
O3;uur;µg/m³;2023-02-28T00:00:00+01:00;2023-02-28T01:00:00+01:00;14.5;12;21.6;24;19.1;27.88;20.68;34.1;36.84;26.72;28.7;30.73;42.7;36.67;29.15;23.46;41.82;47.96;34.04;38.03;50.04;33.51;8.75;36.82;62.12;46.61;40.91;50;38.15;46.24;36.67;45.93;38.76;34.13;15.99;36.2;37.87;53.03;47.97;45.55;50.63;42.89;43.6;46.9;45.2
O3;uur;µg/m³;2023-02-28T01:00:00+01:00;2023-02-28T02:00:00+01:00;21.1;12;19.5;7.2;28.2;25.71;25.2;20.55;32.4;31.57;27.36;26.88;37.49;36.19;26.71;27.03;41.79;39.69;26.49;31.65;52.94;36.67;8.77;37.37;62.9;49.54;39.67;50.91;40.54;45.26;41;44.91;33.71;32.5;17.15;39.64;44.02;50.03;46.21;32.31;47.45;39.1;42.9;45.6;46.9
O3;uur;µg/m³;2023-02-28T02:00:00+01:00;2023-02-28T03:00:00+01:00;31.1;22.8;19.8;28;21;24.71;26.12;15.36;33.76;34.31;20.71;25.38;43.24;33.49;25.69;27.98;38.25;39.16;33.17;35.46;51.4;44.3;25.16;40.25;53.81;48.44;40.44;50.15;41.36;46.48;32.23;46.89;29.19;32.01;18.25;36.85;39.88;52.83;41.47;29.76;45.76;43.28;44.3;49.5;49.8
O3;uur;µg/m³;2023-02-28T03:00:00+01:00;2023-02-28T04:00:00+01:00;30.1;27.3;25.2;38;31.3;22.46;22.61;19.08;34.15;29.22;16.31;26.79;44.47;34.24;22.35;19.44;38.16;44.48;29.18;33.99;46.45;34.85;26.62;39.08;45.23;45.42;37.51;46.85;40.72;45.46;33.68;44.59;31.31;32.12;19.76;31.09;35.42;48.38;39.4;39.43;53.76;47.83;46.5;52.9;52.1
O3;uur;µg/m³;2023-02-28T04:00:00+01:00;2023-02-28T05:00:00+01:00;31;20.3;16.3;28.5;37.4;20.61;21.63;19.02;36.18;32.22;21.57;30.36;40.86;35.48;15.88;16.9;43.36;43.22;32.15;36.95;44.66;35.99;19.99;39.42;43.44;36.76;45.3;45.01;37.82;44.57;36.79;43.83;31.1;27.67;17.32;31.41;38.2;45.7;35.58;30.06;56.55;49;47.6;48.9;53.9
O3;uur;µg/m³;2023-02-28T05:00:00+01:00;2023-02-28T06:00:00+01:00;28.9;32.8;12;31.9;28.6;17.99;23.13;14.88;25.19;34.52;30.58;31.95;39.54;35.64;21.48;36.2;40.49;53.03;30.66;37.28;38.62;37.83;12.38;19.64;47.01;39.61;47.61;42.37;39.98;41.12;43.11;43.41;31.42;27.63;48.53;32.55;29;48.82;48;25.78;55.09;53.88;57.3;48.5;61.2
O3;uur;µg/m³;2023-02-28T06:00:00+01:00;2023-02-28T07:00:00+01:00;42.4;44;24.7;34.2;45.6;21.49;20.38;10.46;22.36;29.81;29.08;25.82;36.54;26.75;12.39;35.9;45.37;54.73;25.65;40.1;33.15;39.1;17.4;11.41;54.34;25.11;50.5;38.52;43.46;46.75;46.08;53.54;47.05;30.69;32.43;30.21;22.84;49.2;49.15;17.43;42.71;55.86;54;44.9;60.1
O3;uur;µg/m³;2023-02-28T07:00:00+01:00;2023-02-28T08:00:00+01:00;38.5;29.2;36.6;36.2;30.2;18.94;8.2;12.75;20.76;28.42;38.97;21.55;35.29;19.29;23.01;42.92;39.97;44.54;46;52.13;28.6;44.92;40.27;14.45;63.91;39.66;45.19;42.78;29.47;30.48;40;42.34;49.81;23.23;29.7;22.46;15.98;46.08;52.03;19.67;55.89;47.71;34.6;35.6;48.1
O3;uur;µg/m³;2023-02-28T08:00:00+01:00;2023-02-28T09:00:00+01:00;37.8;24.9;23.9;26.6;36.2;28.3;17.64;19.27;26.28;36.07;36.52;32.65;36.16;39.67;52.25;56.28;37.97;32.29;47.74;34.03;46.54;46.2;18.97;17.8;52.46;32.67;39.07;40.47;29.03;23.74;30.62;31.53;35.39;27.84;36.79;25.29;23.54;49.08;50.32;25;50;46.41;13.2;27.9;39.7
O3;uur;µg/m³;2023-02-28T09:00:00+01:00;2023-02-28T10:00:00+01:00;18.5;19.5;10.8;20.2;17.2;44.11;39.48;39.55;40.62;54.86;32.8;51.84;41.78;53.35;52.75;54.33;38.92;28.36;32.67;40.72;44.34;33.97;9.49;12.87;46.38;32.73;47.56;38.6;33.06;24.41;21.86;34.43;33.23;57.86;56.29;52.87;52.4;49.57;46.25;37.89;50.22;43.65;27.1;23.3;38.2
O3;uur;µg/m³;2023-02-28T10:00:00+01:00;2023-02-28T11:00:00+01:00;18.4;15.2;14.1;18.9;26.1;60.86;60.31;54.5;55.47;67.35;41.72;63.64;61.05;64.47;51.46;50.25;39.92;32.77;30.21;41.6;48.94;43.32;13.63;11.33;48.58;26.39;54.42;40.53;36.3;40.1;37.96;42.67;36.69;72.16;72.61;65.29;69.34;51.91;47.54;54.66;54.22;51.35;38.5;16.7;46.3
O3;uur;µg/m³;2023-02-28T11:00:00+01:00;2023-02-28T12:00:00+01:00;38.2;31.1;36.6;34.7;35.6;70.99;65.95;71.32;74.16;74.69;;68.95;69.67;69.42;56.08;54.74;45.26;40.59;50.94;61.26;54.7;50.36;30.77;22.9;59.09;19.65;63.48;49.17;58.84;60.34;47.95;66.62;58.43;74.06;77.59;72.32;73.16;57.86;55.02;61.12;61.27;59.33;49.4;27.4;51.2
O3;uur;µg/m³;2023-02-28T12:00:00+01:00;2023-02-28T13:00:00+01:00;51.2;35.8;45.7;47.1;42.4;70.17;66.8;75.97;77.15;75.51;;69.22;73.77;70.51;59.42;59.83;51.93;51.52;65.84;69.72;60.03;56.69;50.7;30.09;66.83;43.04;73.06;64.77;68.54;67.49;55.27;73.59;67.37;77.41;78.9;75.33;75.92;67.54;65.58;66.48;66.83;65.2;55.9;40.8;57
O3;uur;µg/m³;2023-02-28T13:00:00+01:00;2023-02-28T14:00:00+01:00;57.2;49.3;54.3;57.8;54.8;65.91;70.12;74.9;76.68;74.65;;66.81;74.7;68.94;65.14;66.15;52.54;62.05;69.91;70.64;66.51;64.44;62.37;29.98;69.51;57.13;74.45;66.45;72.23;71.75;66.01;78.09;71.97;77.98;79.48;75.75;75.02;67.51;67.41;67.99;71.55;69.5;61.1;46.5;59.8
O3;uur;µg/m³;2023-02-28T14:00:00+01:00;2023-02-28T15:00:00+01:00;63.4;51.9;62.4;68;67;68.83;70.65;71.71;72.8;75.78;;70.33;77.42;69.95;68.95;72.95;60.75;65.81;69.5;71.54;67.02;71.15;70.1;30.09;72.42;56.4;74.23;73.68;74.77;74.77;70.91;79.01;72.87;78.9;79.57;77.21;75.7;70.96;66.91;72.94;72.19;73.37;62.6;54.2;65.2
O3;uur;µg/m³;2023-02-28T15:00:00+01:00;2023-02-28T16:00:00+01:00;63.4;54.7;60.6;72.7;72;69.16;69.99;71.07;72.27;77.54;;70.66;76.92;72.13;70.13;72.24;63.02;68.23;71.23;73.49;66.03;70.69;70.42;37.31;70.8;58.44;73.46;72.98;73.92;72.76;59.04;78.24;72.66;73.76;78.61;75.83;75.61;71.09;67.6;73.91;71.01;73.26;62.4;58.7;63
O3;uur;µg/m³;2023-02-28T16:00:00+01:00;2023-02-28T17:00:00+01:00;61.2;51.5;60.4;69.1;66.3;67.07;69.24;69.06;71.82;76.85;68.58;67.58;77.57;69.52;69.57;69.04;64.56;65.63;70.74;71.62;67.6;71.51;69.44;39.01;69.65;61.34;69.77;63.38;72.93;69.61;57.41;75.75;73.05;73.99;76.06;75.59;74.52;68.84;67.91;73.49;69.12;73.11;59.7;60.1;63
O3;uur;µg/m³;2023-02-28T17:00:00+01:00;2023-02-28T18:00:00+01:00;57.5;56.3;54.6;66.4;61.1;62.64;67.12;65.78;69.82;72.98;68.36;65.93;74.8;69.08;65.97;64.25;56.83;61.25;66.87;70.11;66.43;65.82;63.56;34.49;66.69;61.71;61.22;61.94;69.94;68.06;53.93;73.34;65.23;71.94;74.53;67.81;71.2;65.62;58.62;68.38;64.28;66.96;58.6;59;60.6
O3;uur;µg/m³;2023-02-28T18:00:00+01:00;2023-02-28T19:00:00+01:00;41.9;43.3;39.7;52.8;45.2;49.32;51.47;49.83;61.01;58.19;63.87;59.72;64.35;65.2;50.4;51.42;52.94;49.15;49.01;62.91;62.7;51.71;50.1;26.44;55.21;50.16;45.81;57.92;57.9;60.94;46.55;62;44.91;67.87;58.97;51.62;64.56;58.78;49.86;59.55;49.74;59.48;47;51.4;52
O3;uur;µg/m³;2023-02-28T19:00:00+01:00;2023-02-28T20:00:00+01:00;39.9;40;31.7;41.3;29.9;42.94;32.17;50.19;56.88;41.15;57.52;43.91;44.21;56.14;39.53;48.68;42.99;47.07;36.23;26.24;55.29;37.45;26.22;33.9;50.65;43.96;34.29;51.45;41.14;46.57;41.09;45.1;35.49;66.2;40.3;35.3;52.59;56.1;43.39;50.26;48.6;51.74;45.4;35.1;42.9
O3;uur;µg/m³;2023-02-28T20:00:00+01:00;2023-02-28T21:00:00+01:00;26.9;34.3;27.8;19.6;29.5;40.74;32.61;40.1;51.36;51.73;52.14;35.34;34.16;45.42;48.5;38.74;37.41;41.97;27.09;12.23;47.9;24.41;12.34;29.57;44.05;44.45;24.75;45.96;41.24;34.84;37.54;41.32;31.1;60.56;11.33;22.85;37.43;48.76;42.55;38.93;45.91;52.48;43.3;34.4;41.9
O3;uur;µg/m³;2023-02-28T21:00:00+01:00;2023-02-28T22:00:00+01:00;22;26.1;19.3;17;24.7;37;28.41;36.74;43.55;42.76;47.01;36.74;27.36;39.9;43.64;23.78;37.51;43.18;18.58;11.35;45.89;12.79;8.13;28.39;46.8;34.92;26.05;44.33;30.78;28.65;40.95;29.55;33.62;49.23;20.52;21.76;37.64;49.49;40.47;27.51;42.69;48.63;43;39.7;44
O3;uur;µg/m³;2023-02-28T22:00:00+01:00;2023-02-28T23:00:00+01:00;21.6;9.8;6.9;1.6;26.2;30.53;24.26;28.03;34.87;35.5;35.49;37.74;19.17;38.45;23.5;31.88;41.75;33.82;21.56;22.59;41.64;16.96;5.06;33.24;51.53;23.83;25.58;42.63;19.21;28.11;35.38;22.48;30.02;39.47;24.39;26.09;32.98;43.52;36.07;19.69;41.21;34.51;40.2;37.1;37.7
O3;uur;µg/m³;2023-02-28T23:00:00+01:00;2023-03-01T00:00:00+01:00;13.8;7.8;3.7;4.7;26.9;31.92;28.13;17.32;36.11;33.49;27.99;39.63;15.42;43.06;17.59;40.98;45.51;22.58;23.31;21.56;40.16;23.12;6.04;41.2;50.66;20.82;23.02;41.65;25.78;27.29;21.27;22.94;25.08;37.77;16.14;30.1;26.22;45.23;34.98;19.02;42.4;21.33;31.8;31.5;22.8
O3;uur;µg/m³;2023-03-01T00:00:00+01:00;2023-03-01T01:00:00+01:00;10.7;7.7;6.2;13.2;33.3;30.65;28.5;17.21;31.45;27.49;19.02;38.04;19.16;40.81;23.68;33.96;44.17;22.36;28.1;27.21;46.27;31.47;12.08;44.92;43.33;38.24;19.8;39.67;24.63;31.73;27.62;26;24.21;28.52;12.45;38.91;31.13;46.17;39.74;18.83;34.95;14.33;32.4;40.7;24.1
O3;uur;µg/m³;2023-03-01T01:00:00+01:00;2023-03-01T02:00:00+01:00;17.9;13.6;12.4;10.6;36.2;27.04;25.13;15.34;17.05;20.21;16.27;36.69;17.98;39.72;18.99;30.53;44.93;24.81;21.99;26.05;46.02;30.37;12.28;46.39;52.41;36.23;24.71;36.7;22.24;30.83;22.56;23.37;21.09;29.43;12.23;41.34;30.02;37.8;32.64;20.09;23.74;11.04;33.4;33.7;35.8
O3;uur;µg/m³;2023-03-01T02:00:00+01:00;2023-03-01T03:00:00+01:00;15;11;16.4;9.1;26;;;;;;;;;;;;;;;;;;;;;;;;;;;;;;;;;;;;;;21.1;14.3;18.5
O3;uur;µg/m³;2023-03-01T03:00:00+01:00;2023-03-01T04:00:00+01:00;22.2;2.5;15.9;3.7;7.9;23.05;23.78;7.27;15.28;28.15;15.82;35.21;21.69;37.68;25.64;24.49;35.21;17.19;16.31;18.01;40.58;19.58;12.64;33.86;49.9;40.67;22.97;29.73;23.41;30.02;7.53;21.78;14.17;28.82;12.41;35.82;20.55;40.54;22.36;17.73;30.14;9.16;17;10.5;1.5
O3;uur;µg/m³;2023-03-01T04:00:00+01:00;2023-03-01T05:00:00+01:00;10.9;0.3;7.7;9.7;-0.2;20.37;22.73;6.46;11.79;30.57;19.26;37.48;24.89;38.21;28.28;31.86;30.12;25.26;9.66;22.71;40;15.88;5.64;24.24;45.14;35.06;22.41;26.87;19.64;25.24;9.47;19.61;16.87;30.59;15.88;39.05;18.98;30.62;23.49;15.64;26.85;7.49;16.7;12.7;-0.4
O3;uur;µg/m³;2023-03-01T05:00:00+01:00;2023-03-01T06:00:00+01:00;-1;-1.9;1.4;15.3;0.6;20.3;25.36;6.2;13.49;27.88;23.86;33.17;34.54;35.8;25.06;33.37;31.09;16.82;10.59;17.35;40.41;1.87;1.53;8.86;28.44;21.58;28.76;21.82;12.5;19.52;4.5;15.27;16.68;26.03;6.58;34.92;17.93;28.25;23.15;14.2;28.06;22.83;7.4;1.4;-0.4
O3;uur;µg/m³;2023-03-01T06:00:00+01:00;2023-03-01T07:00:00+01:00;-2;-1.3;0.6;8;0;17.07;17.53;3.36;10.6;27.89;25.26;29.26;34;30.09;18.86;32.81;26.52;18.01;3.05;4.42;32;0.12;0.6;3.21;9.19;3.94;21.73;14.35;3.93;4.76;0.13;6.78;9.98;17.7;1;30.21;12.07;23.61;21.39;14.15;24.33;28.59;2.2;4;-0.5
O3;uur;µg/m³;2023-03-01T07:00:00+01:00;2023-03-01T08:00:00+01:00;-1.9;-1.9;0.8;0;0;13.55;12.38;2.33;6.33;22.02;29.33;19.71;33.32;19.24;10;29.59;12.06;8.22;1.33;2.71;27.69;0.04;0.82;4.04;4.79;1.48;18.06;7.23;1.2;12.09;0.82;9.27;9.01;10.5;1.28;23.75;16.39;17.8;18.08;10.43;21.81;25.47;-1.1;1.1;-0.2
O3;uur;µg/m³;2023-03-01T08:00:00+01:00;2023-03-01T09:00:00+01:00;-0.3;0;1.7;1.5;7.6;21.86;18.31;6.9;13.66;31.74;24.39;26.88;31.48;25.92;17.55;31.15;9.88;8.47;7.89;7.84;21.62;1.84;3.35;6.58;13.27;3.78;17.54;15.46;4.67;19.32;;14.2;10.23;11.52;4;23.4;13.52;14.64;16.03;6.84;13.9;25.11;3.3;6;1.5
O3;uur;µg/m³;2023-03-01T09:00:00+01:00;2023-03-01T10:00:00+01:00;5;8.4;3.9;11.2;34.6;30.81;40.28;20.38;27.46;46.09;30.76;38.1;43.17;44.72;27.48;46.78;37.16;24.04;27.25;29.96;26.43;9.87;17.31;10.07;24.47;19.4;19.26;33.11;28.3;30.29;;34.57;19.23;45;34.54;34.99;38.74;19.33;26.68;17.02;24.99;16.47;8.9;5.8;9.6
O3;uur;µg/m³;2023-03-01T10:00:00+01:00;2023-03-01T11:00:00+01:00;34.6;32.7;22.5;30.6;36.2;43.34;53.29;42.62;42.89;62.84;50.92;55.75;51.89;57.32;54.01;58.46;37.2;50.31;48.04;47.48;41.32;37.68;28.79;14.94;50.9;31.31;26.86;42.59;47.56;45.09;;51.23;48.85;60.91;60.89;47.93;51.7;38.88;40.63;34.43;38.62;37.72;21.7;15.8;28.3
O3;uur;µg/m³;2023-03-01T11:00:00+01:00;2023-03-01T12:00:00+01:00;51.9;42;41;58.3;58.3;56.89;65.17;50.83;48.37;71.79;63.41;64.51;69.66;66.55;62.93;63.91;51.68;57.17;61.96;62.18;51.29;55.78;53.41;23.26;54.67;35.36;56.12;52.7;56.32;64.94;53.85;60.06;64.32;71.08;71.22;66.35;68.94;59.24;40.97;56.49;54.34;56.43;36.9;27.4;39.3
O3;uur;µg/m³;2023-03-01T12:00:00+01:00;2023-03-01T13:00:00+01:00;54.7;50.7;52.2;69.2;65.7;61.87;69.58;57.34;57.13;73.62;63.56;63.22;71.62;67.89;65.65;66.14;57.31;55.34;62.61;67.78;62.36;57.21;62.36;37.3;62.56;46.06;59.17;62.61;63.65;67.2;61.13;66.42;68.55;72.44;73.72;69.21;70.26;63.92;55.37;62.44;67.16;65.18;57.4;53;54.5
O3;uur;µg/m³;2023-03-01T13:00:00+01:00;2023-03-01T14:00:00+01:00;53.1;53.8;52;64.8;61.1;64.16;69.12;56.37;58.67;74.68;67.04;68.9;72.07;71.56;63.93;65.63;57.57;62.56;67.17;69.85;64.75;59.56;63;34.3;65.95;61.33;65.61;66.22;69.17;72.4;63.05;74.02;69.87;73.18;73.41;70.79;70.43;;63.38;67.14;68.95;66.25;61.6;62.6;64.5
O3;uur;µg/m³;2023-03-01T14:00:00+01:00;2023-03-01T15:00:00+01:00;56.2;56.1;55.6;68.1;60.2;63.49;69.75;60.92;63.38;75.61;66.53;69.69;75.94;71.09;62.53;65.22;61.38;63.67;69.3;72.85;68.63;64.43;63.15;39.57;62.13;64.2;68.16;67.78;71.42;70.88;63.37;74.98;72.67;71.53;76.18;70.4;72.88;;66.65;69.5;72.87;67.58;59.5;60.1;62.1
O3;uur;µg/m³;2023-03-01T15:00:00+01:00;2023-03-01T16:00:00+01:00;54.9;55.8;52.1;70.6;62.4;57.17;67.58;64.99;66.08;72.8;66.6;67.78;74.51;69.82;64.37;65.19;59.92;60.65;68.31;73.18;66.04;67.02;63.33;38.2;63.64;58.33;69.36;69.83;73.04;71.47;64.88;76.13;72.05;74.23;76.47;69.23;73.64;;66.79;67.31;69.53;69.14;62.7;58.8;61.5
O3;uur;µg/m³;2023-03-01T16:00:00+01:00;2023-03-01T17:00:00+01:00;54.4;57.5;52.9;67.1;59.8;58.94;66.85;61.82;65.47;69.16;67.08;65.04;71.58;68.21;62.18;60;59.41;61.31;68.71;71.41;64.39;63.95;63.82;37.75;65.25;62.8;65.69;67.17;71.14;69.74;64.08;74.89;70.23;77.66;74.89;66.4;71.06;;63.24;65.76;67.8;66.08;64.8;64.2;64
O3;uur;µg/m³;2023-03-01T17:00:00+01:00;2023-03-01T18:00:00+01:00;49;55.5;50.8;64.8;58.7;58.62;61.69;61.98;60.83;64.88;63.27;59.01;66.29;65.9;56.04;56.12;58.16;62.84;63.5;68.73;64.44;59.17;57.71;32.22;61.79;63.43;54.46;62.79;67.83;65.72;60.02;71.53;64.52;72.85;70.4;58.8;68.41;63.98;54.54;61.84;63.66;56.22;61.3;58.3;60.4
O3;uur;µg/m³;2023-03-01T18:00:00+01:00;2023-03-01T19:00:00+01:00;31.5;46.1;38.8;57.9;54.6;49.22;49.96;54.39;52.59;53.14;51.46;48.67;57.73;58.28;49;52.86;53.03;50.77;48.89;58.8;57.38;56.36;48.15;25.76;58.09;48.9;46.96;55.4;57.68;61;52.4;58.5;54.16;68.12;60.18;52.29;61.6;57.35;44.37;48.3;68.04;56.29;56.3;51.9;55
O3;uur;µg/m³;2023-03-01T19:00:00+01:00;2023-03-01T20:00:00+01:00;25.8;34.2;32.2;49.6;45.9;40.79;41.49;43.54;48.54;49.18;48.12;38.47;50.78;52.1;49.89;41.47;46.18;44.31;34.07;53.12;47.84;54.64;41.04;28.68;56.05;41.75;37.42;48.83;54.8;57.68;44.84;57.87;51.89;62.29;54.26;50.48;55.59;51.65;45.23;35.81;71.87;63;52.3;51.6;51.4
O3;uur;µg/m³;2023-03-01T20:00:00+01:00;2023-03-01T21:00:00+01:00;23.7;32.4;28.5;51.8;37.5;37.93;33.84;38.18;48.84;47.11;45.54;37.37;50.38;49.96;40.15;35.83;42.54;50.9;31.89;43.03;40.85;50.23;32.09;25.62;52.87;36.92;35.51;44.14;46.37;54.66;32.78;52.92;49.16;63.02;37.27;53.38;53.29;47.39;47.64;38.32;71.92;65.14;47.5;48.8;47.7
O3;uur;µg/m³;2023-03-01T21:00:00+01:00;2023-03-01T22:00:00+01:00;31.8;32.7;22.8;46;23.8;36.66;31.74;30.19;46.92;60.92;35.97;44.16;42.4;44.82;39.4;39.45;44.03;50.54;37.06;49.6;40.8;41.15;30.73;29.03;54.13;36.31;33.63;39.58;45.52;50.31;31.97;48.58;50.07;58.41;35.52;50.02;47.91;43.76;46.39;46.43;69.11;64.92;47.4;47.1;46.6
O3;uur;µg/m³;2023-03-01T22:00:00+01:00;2023-03-01T23:00:00+01:00;31.9;30.6;23.2;41.8;28.8;33.57;37.51;35.06;40.98;54.43;31;49.29;40.54;49.89;43.33;41.83;44.38;46.31;34.41;51.35;39.75;36.62;27.97;33.3;53.98;31.88;32.5;40.51;43.19;50.66;40.6;46.52;46.01;49.4;48.03;52.34;37.56;43.65;52.56;52.73;68.66;68.65;41.4;38.6;40.6
O3;uur;µg/m³;2023-03-01T23:00:00+01:00;2023-03-02T00:00:00+01:00;25.5;29.5;15.6;36.8;29.1;31.44;40.45;32.29;35.71;44.14;34.79;47.82;40.94;51.68;47.63;38.42;49.27;41.78;38.37;45.89;34.17;46.02;31.2;39.71;52.34;32.9;30.9;44.08;41.56;48.85;29.1;45.25;37.51;46.03;47.94;51.6;37.39;47.15;52.53;52.07;67.36;66.89;37.4;38.7;35.3
O3;uur;µg/m³;2023-03-02T00:00:00+01:00;2023-03-02T01:00:00+01:00;27.3;35.8;27.3;45.6;40;32.6;37.64;30.66;30.41;44.89;35.17;48.3;48.21;51.06;47.64;35.35;45.34;47.99;41.05;43.62;31.82;43.02;34.86;37.26;53.01;32.98;38.36;35.39;37.3;40.49;26.66;41.64;35.39;42.92;38.28;45.72;41.01;48.75;53.45;50.11;70.62;66.41;39.6;41;36.3
O3;uur;µg/m³;2023-03-02T01:00:00+01:00;2023-03-02T02:00:00+01:00;32;32.3;24.3;36.9;36.1;34.69;34.8;32.95;36.41;44.2;37.82;49.06;46.96;49.52;46.46;33.68;25.61;40.27;40.23;32.66;33.16;37.44;32.8;29.57;56.84;39.12;42.62;33.77;33.04;36.1;32.36;37.43;30.69;28.43;37.5;38.41;38.89;51.24;54.01;47.17;67.99;66.92;42.9;44.7;41.3
O3;uur;µg/m³;2023-03-02T02:00:00+01:00;2023-03-02T03:00:00+01:00;26.7;30.6;19.2;30.4;28.8;38.99;38.07;28.23;36.17;44.92;39.92;47.26;44.72;47.4;41.99;33.95;29.62;35.37;32.18;30.89;41.34;37.44;30.43;32.15;60.05;45.52;41.56;39.25;35.54;39.76;35.81;40.5;27.69;26.67;39.89;29.09;39.59;52.67;57.53;49.22;57.29;62.58;46.9;48.7;44.9
O3;uur;µg/m³;2023-03-02T03:00:00+01:00;2023-03-02T04:00:00+01:00;30.3;33.2;24.7;28.9;33.6;36.24;34.2;31.45;32.11;42.2;39.16;44.96;35.58;45.07;33.64;32.44;36.31;37.42;32.26;24.6;40.72;40.41;30.66;34.43;61.72;47.62;42.95;39.93;35.97;40.01;39.2;39.21;31.06;25.52;39.97;27.91;38.94;52.87;55.01;47.86;50.42;55.02;49.6;52.6;47.9
O3;uur;µg/m³;2023-03-02T04:00:00+01:00;2023-03-02T05:00:00+01:00;29.4;33.4;25.6;32.8;29.2;35.26;32.86;21.57;32.23;32.72;31.29;37.73;32.77;40.77;34.46;36.04;37.72;40.74;35.58;28.68;48.06;37.71;35.77;35.34;59.74;51.73;44.94;43.29;38.77;39.81;41.67;42.83;32.87;24.7;39.18;27.89;39.6;48.34;52.5;42.89;58.07;50.39;52.1;54.2;50.8
O3;uur;µg/m³;2023-03-02T05:00:00+01:00;2023-03-02T06:00:00+01:00;24.7;30.6;30.1;35.1;24.7;31.84;28.45;15.25;33.24;27.43;26.9;31.78;32.19;35.22;36.75;26.9;38.29;42.6;35.68;28.57;51.71;37.07;32.45;21.26;54.26;53.8;44.78;43.45;39.21;41.9;38.82;44.55;34.51;25.52;35.04;29.67;41.41;49.05;50.86;38.48;56.67;47.09;54.1;55.4;52.5
O3;uur;µg/m³;2023-03-02T06:00:00+01:00;2023-03-02T07:00:00+01:00;17.9;29.8;22.3;30.7;8.8;28.81;23.96;16.18;29.96;26.18;27.32;27.68;31.75;28.07;25.61;25.76;39.6;39.71;31.08;21.9;52.26;31.15;29.6;20.22;53.51;53.21;42.89;45.35;37.21;39.28;40.32;42.7;33.24;26.16;31.68;27.48;39.42;46.92;48.16;34.11;52.28;48.22;51.9;51.7;52.1
O3;uur;µg/m³;2023-03-02T07:00:00+01:00;2023-03-02T08:00:00+01:00;17;28.3;18.7;26.1;13;24.29;20.89;10.68;24.11;21.9;23.59;21.3;28.12;19.07;24.42;28.55;35.28;26.68;29.95;21.76;50.84;29.33;24.99;16;53.01;47.2;44.22;40.96;32.28;34.83;36.04;33.92;29.94;26.74;33.66;22.56;37.83;42;45.08;33.07;55.79;47.6;48.8;45;46.4
O3;uur;µg/m³;2023-03-02T08:00:00+01:00;2023-03-02T09:00:00+01:00;22.8;27.6;18.5;30.2;23.5;29.74;24.47;19.59;25.61;25.37;26.53;22.57;28.36;21.07;29.63;25.16;33.27;31.6;34.13;26.76;49.11;28.54;32.65;17.64;47.65;38.89;44.94;38.77;31.07;33.92;37.58;34.83;28.83;28.95;34.63;25.1;37.54;39.91;41.37;32.13;56.56;43.32;47.7;45.3;45
O3;uur;µg/m³;2023-03-02T09:00:00+01:00;2023-03-02T10:00:00+01:00;24.3;34.7;24.6;39.1;38;38.07;30.42;30.81;34.06;33.78;30.24;30.74;34.38;29.44;39.5;31.06;38.09;33.28;37.64;30.25;49.67;40.22;37.49;23;48.5;44.58;43.42;42.73;41.73;39.98;41.03;44.91;34.83;35.01;43.19;31.23;37.29;37.01;41.12;34.59;47.56;43.74;47.3;45.8;44.3
O3;uur;µg/m³;2023-03-02T10:00:00+01:00;2023-03-02T11:00:00+01:00;30.5;35.5;32.4;46.6;46.6;44.2;37.16;38.26;43.14;43.64;34.57;39.65;37.78;39.14;47.51;37.33;45.69;37.37;41.1;40.65;53.16;48.92;40.56;31.63;48.14;47.3;41.99;47.33;46.78;46.51;45.76;50.98;45.14;41.09;46.79;41.1;38.2;37.84;40.22;33.62;44.91;46.68;45.9;45.7;45.4
O3;uur;µg/m³;2023-03-02T11:00:00+01:00;2023-03-02T12:00:00+01:00;35.3;39.1;37.4;51.4;52.1;44.62;44.45;49.32;46.75;52.05;39.74;45.77;43.22;44.43;52.02;40.93;54.49;40.09;46.73;49.35;53.73;54.95;46.66;35.68;48.23;47.78;42.77;50.35;49.8;47.89;46.19;53.17;49.46;47.27;52.73;43.71;40.98;41.57;38.81;36.04;51.85;50.72;45.7;45.5;45.2
O3;uur;µg/m³;2023-03-02T12:00:00+01:00;2023-03-02T13:00:00+01:00;41.8;43.7;39.4;57.2;54.4;50.3;48.78;53.65;48.29;57.29;40.89;48.38;51.6;48.57;53.53;46.7;54.43;48.07;53.1;52.51;55.2;56.29;49.38;33.23;49.34;52.44;44.72;49.75;48.88;50.78;46.13;52.18;56.65;52.54;54.21;50.11;44.33;45.63;44.32;38.29;58.49;52.24;47.7;45.3;47.1
O3;uur;µg/m³;2023-03-02T13:00:00+01:00;2023-03-02T14:00:00+01:00;44.9;43.7;41.4;59.4;55.1;54.18;53.08;53.15;53.1;56.68;46.48;52.9;60.51;52.47;54.44;47.82;54.3;47.87;56.27;57.32;59.62;55.41;51.2;36.32;51.28;54.17;49.75;51.42;52.92;51.85;47.29;56.16;52.56;59.83;59.12;57.63;47.18;48.61;50.79;39.78;60.36;48.82;48.7;48.9;48.3
O3;uur;µg/m³;2023-03-02T14:00:00+01:00;2023-03-02T15:00:00+01:00;45.2;47.6;40.4;59.2;55.6;50.57;55.9;52.8;53.24;58.21;50.27;55.64;65.64;57.37;50.22;49.55;52.82;49.98;55.14;59.07;62.82;56.11;51.32;39.63;58.07;55.45;53.18;48.59;51.05;55.09;44;55.47;51.66;68.23;63.72;55.52;49.62;51.68;60.04;40.95;60.97;52.5;50.5;53.3;49.8
O3;uur;µg/m³;2023-03-02T15:00:00+01:00;2023-03-02T16:00:00+01:00;44.3;45.8;37.8;57.9;49.7;51.42;57.75;50.37;51.36;63.8;60.33;58.67;70;59.53;50.6;55.58;52.58;45.35;53.68;50.63;66.48;54.63;42.81;41.9;62.97;55.7;54.6;49.67;53.34;52.98;46.22;56.37;51.03;63.62;63.84;51.86;50.86;59.93;56.02;42;59.86;55.22;52.4;52;52.5
O3;uur;µg/m³;2023-03-02T16:00:00+01:00;2023-03-02T17:00:00+01:00;41.9;44.9;37.9;53.6;47.4;50.86;57.22;49.22;52.02;62.27;60.24;58.11;65.77;60.95;51.13;55.22;52.46;41.3;45.27;40.8;60.11;52.3;44.52;37.95;60.46;57.03;56.63;51.54;50.52;51.86;43.2;53.62;41.98;55.67;65.49;49.98;45.5;56.49;55.26;37.53;63.75;41.56;53.8;54.6;54
O3;uur;µg/m³;2023-03-02T17:00:00+01:00;2023-03-02T18:00:00+01:00;38.1;43.3;36.2;47.1;51;49.76;55.47;42.62;47.48;61.15;54.37;53.21;62.48;55.96;46.92;48.52;48.11;38.72;41.22;37.75;62.29;50.13;42.91;38.42;55.33;54.29;51.24;49.22;51.05;49.66;42.25;54.1;39.25;41.97;55.56;46.86;40.67;50.31;50.47;39.85;59.46;38.4;49.2;49.5;50.7
O3;uur;µg/m³;2023-03-02T18:00:00+01:00;2023-03-02T19:00:00+01:00;33.3;39.2;31.9;34.5;45.3;48.11;40.92;41.64;36.44;51.95;34.63;44.15;34.78;49.06;42.05;34.39;45.39;38.69;41.17;35.89;53.86;43.37;33.24;31.8;57.32;48.85;39.04;45.71;45.68;52.86;34.97;51.58;35.26;37.3;50.26;36.36;34.76;47.42;48.89;36.43;48.15;51.5;41.1;44;45
O3;uur;µg/m³;2023-03-02T19:00:00+01:00;2023-03-02T20:00:00+01:00;33.5;34.3;24.4;26.3;41;45.89;32.63;36.25;29.26;42.77;32.15;42;28.9;44.5;41.38;29.58;41.4;35.88;40.3;34.46;52.8;37.05;27.28;35.99;55.76;47.64;30.97;43.52;39.92;48.44;37.67;39.55;32.8;24.69;47.97;19.02;27.02;31.45;50.4;34.76;45.8;47.3;37;40.9;39.9
O3;uur;µg/m³;2023-03-02T20:00:00+01:00;2023-03-02T21:00:00+01:00;24.9;29;19;22;36.6;42.26;23.55;38.57;39.73;44.06;30.49;31.35;38.34;36.89;36.13;23.36;42.79;32.32;34.62;27.12;52.59;38.14;23.17;33.68;59.35;47.85;31.65;46.35;34.23;39.35;32.88;35.68;23.94;23.49;38;31.47;22.03;35.09;41.04;31.93;48.13;38.75;36.9;41.5;39.8
O3;uur;µg/m³;2023-03-02T21:00:00+01:00;2023-03-02T22:00:00+01:00;23.8;31.5;19.7;16.8;31.4;39.02;13.17;34.27;34.81;46.92;38.04;31.12;43.18;33.37;31.05;30.07;41.13;36.94;32.1;18.95;53.57;35.42;19.72;32.5;60.11;47.21;31.34;48.66;31.14;35.18;35.95;32.54;23.48;19.06;32.5;23.16;16.03;42.01;40.64;38.7;34.62;37.97;42.4;48.5;44.1
O3;uur;µg/m³;2023-03-02T22:00:00+01:00;2023-03-02T23:00:00+01:00;25.6;29.7;17.9;17.9;30.4;31.12;20.25;27.81;27.03;42.22;35.4;34.61;39.02;36.13;22.07;30.95;40.54;35.75;31.17;21.12;54.27;35.97;21.89;35.73;60.12;47.22;36.68;51.63;29.25;31.76;39.22;27.8;24.9;27.29;23.31;17.62;15.77;46.2;40.39;43.18;34.03;49.06;42.8;46.9;46.6
O3;uur;µg/m³;2023-03-02T23:00:00+01:00;2023-03-03T00:00:00+01:00;30.1;32.1;23.8;22.4;37.4;26.63;24.28;21.02;23.44;31.39;29.79;29.68;32.82;34.35;19.96;24.55;41.29;39.1;33.41;22;54.31;36.18;22.97;39.98;57.75;49.51;35.65;55.44;35.4;32.48;43.7;35.64;25.74;33.27;19.99;16.66;25.73;44.38;40.88;47.67;31.98;51.21;43.2;47.1;47.6
O3;uur;µg/m³;2023-03-03T00:00:00+01:00;2023-03-03T01:00:00+01:00;35.1;36.6;28.1;35.6;48.4;24.5;18.32;16.5;21.95;19.29;23.14;22.54;24.43;26.86;29.09;21.19;44.07;41.23;40.11;22.77;57.02;37.74;29.15;43.63;59.09;52.92;34.52;52.21;39.44;42.28;42.02;41.43;31.99;36.55;24.15;24.34;41.72;42.27;45.29;49.44;25.19;49.67;47.7;48.7;50.2
O3;uur;µg/m³;2023-03-03T01:00:00+01:00;2023-03-03T02:00:00+01:00;31.3;25.3;28.1;40.1;49.7;21.62;21.52;18.39;17.87;20.19;20.84;19.12;24.82;21.5;39.11;26.01;47.02;31.83;43.49;33.84;51.99;44.34;23.65;49.11;64.76;53.23;42.13;46.6;40.62;43.66;41.69;41.91;36.72;35.73;38.14;28.31;47.04;47.78;46.39;49.86;21.74;44.71;51.8;51.3;52.7
O3;uur;µg/m³;2023-03-03T02:00:00+01:00;2023-03-03T03:00:00+01:00;18;30.6;29.9;44.2;54.3;20.67;31.98;14.2;11.69;24.57;16.5;25.75;21.89;24.64;40;32.07;53.23;34.58;33.41;33.83;54.45;51.53;29.44;54.29;71.42;54.12;43.75;44.14;40.85;43.5;38.94;44.19;37.35;39.33;41.07;34.95;45.84;50.91;36.12;52.94;20.07;37.79;51.3;51.8;53
O3;uur;µg/m³;2023-03-03T03:00:00+01:00;2023-03-03T04:00:00+01:00;35.8;33.2;34.6;49.2;58;31.14;32.71;18.06;17.38;35.62;18.98;29.66;36.58;27.92;40.68;40.41;54.86;37.95;35.03;37.45;63.31;49.25;37.27;54.94;64.06;60.18;44.89;43;41.09;43.01;40.13;44.61;36.23;45.42;47.51;43.42;45.99;52.23;34.33;54.88;33.51;30.64;45.4;47.5;50.1
O3;uur;µg/m³;2023-03-03T04:00:00+01:00;2023-03-03T05:00:00+01:00;39.4;38.3;36.3;41.9;54.9;37.62;32.89;14.65;17.96;38.81;30.56;35.63;43.92;33.45;45.47;31.54;55.58;44.46;41.92;34.34;64.61;45.32;35.56;52.38;64.03;59.02;46.07;51.57;43.63;48.29;46.93;48.89;42.01;45.92;45.89;46.11;49.53;52.31;38.6;50.61;49.95;27.31;55.1;52.1;52.4
O3;uur;µg/m³;2023-03-03T05:00:00+01:00;2023-03-03T06:00:00+01:00;46.1;45.6;38.9;31.5;54.2;38.68;35.33;19.86;15.94;43.11;38.66;37.86;46.83;36.03;52.72;31.73;48.95;53.06;50.02;39.48;56.17;40.25;43.94;32.05;65.8;50.23;45.83;52.72;45.88;54.8;46.95;53.53;43.77;46.08;48.42;45.07;50.42;53.1;47.8;47.49;60.59;16.98;55.8;51.3;52.6
O3;uur;µg/m³;2023-03-03T06:00:00+01:00;2023-03-03T07:00:00+01:00;38.1;46.4;32.4;29.5;22.2;34.68;38.85;29.67;15.75;45.61;39.68;37.67;46.91;37.41;47.21;30.62;38.13;53.95;52.82;44.76;47.16;42.13;40.41;6.2;67.75;27.48;48.97;49.48;41.35;49.64;51.19;47.26;39.09;43.94;54.36;46.14;53.92;50.34;51.23;46.6;61.3;11.78;51.9;45.5;49
O3;uur;µg/m³;2023-03-03T07:00:00+01:00;2023-03-03T08:00:00+01:00;39.8;44.2;29.6;32.4;8.3;33.05;44.61;30.13;17.75;50.65;38.28;41.09;53.09;41.46;30.06;41.65;16.51;43.77;48.59;37.37;42.04;43.24;35.35;0.53;67.4;6.79;54.44;48.08;36.32;48.8;48.28;40.98;37.99;49.54;49.77;42.92;50.41;45.28;51.77;41.65;68.14;5.78;45.4;30.2;37.3
O3;uur;µg/m³;2023-03-03T08:00:00+01:00;2023-03-03T09:00:00+01:00;30.7;32.3;29.7;36.4;6.2;31.55;43.49;24.3;21.67;48.05;39.28;39.46;52.54;42.82;30.73;40.73;25.37;40.58;50.19;42.12;13.63;37.93;24.87;4.21;58.92;6.43;52.19;46.75;44.46;41.21;45.16;48.55;40.73;50.51;50.76;42.72;47.28;42.03;46.06;41.76;63.79;3.01;35.9;14.1;25.6
O3;uur;µg/m³;2023-03-03T09:00:00+01:00;2023-03-03T10:00:00+01:00;32.7;33.7;32.1;38.4;18.7;35.32;41.97;27.66;21.65;47.74;45.35;40.7;53.35;43.37;43.96;48.45;32.33;42.27;51.66;45.36;24.53;39.08;43.75;9.29;73.6;28.37;56.62;51.74;45.11;50.04;46.13;49.06;47.61;52.52;52.5;47.34;54.64;44.87;54.1;46.55;65.75;11.8;21.5;15;30
O3;uur;µg/m³;2023-03-03T10:00:00+01:00;2023-03-03T11:00:00+01:00;42.7;38.9;37.3;48;37.9;40.15;47.49;31.8;25.45;54.48;47.76;45.78;51.71;48.18;45.77;45.7;37.78;49.36;52.48;50.87;72.27;51.04;54.14;16.82;82.92;56.47;59.55;56.89;52.37;52.61;51.59;58.1;49.41;53.71;61.83;50.3;66.92;43.76;69.02;54.53;76.4;31.17;44.5;47.1;55.2
O3;uur;µg/m³;2023-03-03T11:00:00+01:00;2023-03-03T12:00:00+01:00;47.9;48.7;43.5;58.3;54.2;42.51;50.6;34.27;27.58;58.21;53.39;46.83;59.21;48.88;52.61;50.73;48.57;53.31;57.68;56.22;80.49;58.04;54.45;26.99;83.76;74.28;62.78;62.43;60.6;57.86;60.66;66.01;53.82;56.47;70.31;56.22;71.62;52.29;81.97;54.79;83.52;60.43;59;56.9;65.5
O3;uur;µg/m³;2023-03-03T12:00:00+01:00;2023-03-03T13:00:00+01:00;58.5;55.1;52.4;70.7;62.1;44.67;53.19;38.54;27.9;62.05;59.72;48.29;63.73;53.16;58.19;57.62;64.57;67.79;64.6;62.72;82.11;65.62;60.43;45.75;84.73;61.02;71.22;72.23;68.41;70.05;67.2;73.41;65.95;60.38;73.75;59.99;69.05;62.77;83.61;58.37;83.17;84.14;61.5;62.1;68.1
O3;uur;µg/m³;2023-03-03T13:00:00+01:00;2023-03-03T14:00:00+01:00;57.1;56.6;51;72.4;65;46.01;55.53;41.64;31.37;64.17;62.68;55.69;67.04;57.75;63.03;59.76;75.52;67.27;72.43;67.25;88.15;67.06;61.22;70.37;84.8;73.1;75;75.15;73.73;73.92;75.42;79.1;71.99;63.94;76.94;61.69;71.35;62.95;84.11;66.09;83.2;83.13;65.7;64.3;71.4
O3;uur;µg/m³;2023-03-03T14:00:00+01:00;2023-03-03T15:00:00+01:00;56.5;59.8;55.5;73.5;76.3;48.12;56.89;44.31;41.63;67.03;65.42;58.35;69.93;61.51;67.95;62.74;81.77;68.79;68.59;75.02;87.71;74.93;55.74;75.93;82.71;73.76;80.48;71.73;74.75;75.16;75.44;80.11;73.2;71.15;77.99;68.01;75.31;77.43;81.18;73;82.77;83.06;78.5;69.1;70.3
O3;uur;µg/m³;2023-03-03T15:00:00+01:00;2023-03-03T16:00:00+01:00;53.7;55.4;63.4;83.5;78.9;50.98;59.78;46.21;47.2;69.75;62.76;59.51;72.89;62.82;69.74;61.24;81.56;71.59;66.79;70.16;90.19;75.37;60.24;76.85;82.33;79.26;83.7;73.75;77.14;76.5;70.78;80.94;72.47;;74.87;69.54;68.14;80.42;82.31;80.45;82.22;82.03;78.6;68.3;73.6
O3;uur;µg/m³;2023-03-03T16:00:00+01:00;2023-03-03T17:00:00+01:00;59.9;58.4;67.1;84;80.9;52.78;61.26;49.49;49.34;72.34;64.59;57.72;75.11;63.51;74.85;60.57;81.37;73.8;68.24;64.69;89.89;76.82;67.59;78.76;82.17;80.35;82.91;73.74;77.06;76.13;62.28;81.68;70.46;;74.87;67.26;65.97;76.63;81.86;76.84;80.47;80.72;76.2;60.4;69.5
O3;uur;µg/m³;2023-03-03T17:00:00+01:00;2023-03-03T18:00:00+01:00;58;62.9;68;84;81.4;46.61;55.41;44.03;48.95;70.2;65.16;58.36;69.6;65.13;76.96;67.86;79.39;74.34;68.89;63.79;88.17;76.64;67.95;78.56;77.37;79.57;80.66;69.65;76.84;74.8;56.3;81.21;61.72;;79.85;63.7;72.51;75.57;77.24;73.85;77.08;76.34;76.8;67.4;68.9
O3;uur;µg/m³;2023-03-03T18:00:00+01:00;2023-03-03T19:00:00+01:00;64.2;61.8;68.7;83;80.9;33.15;54.26;20.09;24.04;69.53;62.17;54.89;68.22;61.78;76.84;66.7;79.74;74.63;66.04;68.52;89.85;73.86;64.65;75.16;71.58;81.23;80.32;71.99;71.29;67.01;51.54;75.85;61.29;64.97;81.09;57.08;72.09;78.65;73.07;70.08;74.1;75.1;79.4;54.1;68.2
O3;uur;µg/m³;2023-03-03T19:00:00+01:00;2023-03-03T20:00:00+01:00;62.1;63.3;74.1;85.9;82.1;26.48;63.21;9.87;1.41;70.25;64.42;61.31;68.78;65.8;74.85;73.92;82.65;74.83;65.64;71.44;87.89;82.35;69.74;80.49;73.13;79.97;75.57;78.14;72.1;71.46;61.2;78.08;66.44;68.12;82.63;59.74;73.9;71.37;72.47;69.53;70.62;72.89;75.3;54.2;67.8
O3;uur;µg/m³;2023-03-03T20:00:00+01:00;2023-03-03T21:00:00+01:00;63;64.9;76.3;86.3;80.6;23.17;65.18;12.39;0.87;70.51;65.62;65.7;72.47;70.02;77.06;72.09;81.33;74.61;74.11;71.66;86.16;79.21;71.85;80.52;73.72;80.07;71.68;73.79;74.53;77.55;50.84;80.22;68.54;70.37;82.8;70.29;70.7;71.7;73.74;67.8;74.42;79.54;72.3;45.6;62.3
O3;uur;µg/m³;2023-03-03T21:00:00+01:00;2023-03-03T22:00:00+01:00;69.6;64.2;70.2;85.9;78.5;23.67;71.51;19.9;1.51;65.9;69.89;66.21;75.68;72.24;76.67;64.9;79.79;73.38;70.83;66.97;85.71;77.55;61.72;78.99;75.54;83.27;64.99;66.78;73.17;75.27;43.61;77.61;62.97;68.21;75.73;75.27;68.95;70.15;73.16;68.18;79.22;77.07;68.8;60.3;62.3
O3;uur;µg/m³;2023-03-03T22:00:00+01:00;2023-03-03T23:00:00+01:00;69.8;58.7;63.7;84.8;77.4;14.72;70.23;21.07;5.11;70.23;76.31;68.56;79.07;71.93;72.09;70.69;80.73;69.87;62.69;65.64;84.52;77.32;63.56;78.94;76.92;81.88;66.58;61.22;72.54;73.4;54.25;76.73;62.11;69.36;75.24;70.8;67.02;76.61;75.04;70.55;78.93;81.02;71.2;63.1;64.9
O3;uur;µg/m³;2023-03-03T23:00:00+01:00;2023-03-04T00:00:00+01:00;70;62.8;71;86.4;78.6;11.71;62.11;9.31;14.66;74.81;72.06;72.4;75.15;74.03;72.26;72.5;81.35;71.28;59.62;69.86;84.28;81.49;70.74;79.15;77.58;83.01;72.57;76.24;73.22;74.96;63.46;77.19;57.7;66.47;74.66;66.15;68.05;77.68;74.69;71.99;79.92;81.89;75.3;62.4;67.9
O3;uur;µg/m³;2023-03-04T00:00:00+01:00;2023-03-04T01:00:00+01:00;71.4;66.2;76.4;88.7;78.5;25.99;61.6;2.76;12.37;73.72;66.31;69.57;71.47;71.11;72.19;62.7;82.68;73.36;66.31;68.92;85.65;83.63;73.55;81.31;77.21;81.86;72.29;76.64;78.51;81.85;71.91;83.7;65.5;70.33;75.74;69.46;71.29;76.78;76.29;73.49;82.34;81.04;74.4;55;64
O3;uur;µg/m³;2023-03-04T01:00:00+01:00;2023-03-04T02:00:00+01:00;76.4;69.1;77.4;90.1;78.5;39.58;60.01;2.15;7.26;71.1;65.8;69.94;70.09;70.03;76.51;69.86;83.77;78.32;71.28;73.09;88.96;83.92;75.79;83.3;79.77;88.58;75.38;77.67;77.49;79.91;62.96;82.28;71.66;71.11;80.32;72.79;73.86;78.54;82.52;71.23;83.29;83.78;79.2;60.4;71.5
O3;uur;µg/m³;2023-03-04T02:00:00+01:00;2023-03-04T03:00:00+01:00;73.5;73.5;78;91.9;82.2;39.82;68;3.23;7.23;73.59;69.15;71.62;74.17;70.17;78.55;70.61;85.13;79.54;71.28;75.74;91.53;85.86;78.55;85.12;80.53;85.86;76.63;75.92;79.01;81.81;68.2;83.88;69.5;74.36;80.85;77.42;75.73;80.87;82.41;73.88;81.75;83.82;85.3;56.9;72.6
O3;uur;µg/m³;2023-03-04T03:00:00+01:00;2023-03-04T04:00:00+01:00;74;73.3;82;91.3;84.4;40.55;67.01;10.02;15.36;74.66;76.71;77.76;80.1;72.56;76.63;74.01;88.57;80.38;75.37;72.77;92.02;88.34;80.1;88.13;79.58;85.85;79.51;82.08;81.53;84.36;76.05;86.08;71.41;75.56;83.05;77.38;77.33;76.49;80.46;75.96;79.93;80.25;84.8;69.5;74.6
O3;uur;µg/m³;2023-03-04T04:00:00+01:00;2023-03-04T05:00:00+01:00;79.8;77.8;84.3;94.2;84.5;58.38;68.69;12.73;14.92;76.75;72.22;77.35;80.84;76.51;81.97;70.48;88.37;79.36;74.94;74.44;91.96;90.04;83.16;88.39;79.18;85.55;79.48;81.41;81.98;85.69;78.59;86.99;70.05;78.19;84.16;78.73;79.5;74.94;79.71;74.91;80.39;78.33;84.2;67.5;79.6
O3;uur;µg/m³;2023-03-04T05:00:00+01:00;2023-03-04T06:00:00+01:00;74.1;73.3;81.7;92;85.2;69.55;70.63;15.3;18.4;77.82;66.59;77.49;77.86;75.63;82.11;75.5;86.66;83.91;78.5;78.33;89.74;87.54;81.73;86.19;75.66;79.03;77.74;81.45;79.4;84.89;72.87;84.67;76.32;80.88;83.95;77.35;76.96;73.63;77.39;73.44;79.58;75.99;82.2;68.5;76.2
O3;uur;µg/m³;2023-03-04T06:00:00+01:00;2023-03-04T07:00:00+01:00;71.6;68.8;78.8;90;82.1;70.16;67.68;46.14;17.31;82.1;74.44;77.44;74.32;75.85;79.04;79.95;85.83;84.44;67.43;81.93;88.84;86.23;80.76;84.1;76.34;80.69;78.17;77.16;77.71;81.11;62.13;82.87;71.7;77.88;80.74;77.29;74.41;72.28;75.83;71.92;79.29;75.47;77.5;57.2;72.3
O3;uur;µg/m³;2023-03-04T07:00:00+01:00;2023-03-04T08:00:00+01:00;67.8;66.1;77.4;85.9;80.4;67.84;70.58;58.73;16.4;79.63;75.61;77.47;80.35;74.1;75.67;77.13;83.34;79.6;70.17;75.13;86.02;80.85;77.1;82.33;75.52;72.64;77.62;73.25;71.63;74.95;59.15;78.19;69.42;71.9;75.85;67.8;69.4;70.06;75.04;66.78;78.61;75.39;75.7;60.1;66.7
O3;uur;µg/m³;2023-03-04T08:00:00+01:00;2023-03-04T09:00:00+01:00;55.2;55.6;69;82.7;78.1;69.39;68.52;70.19;43.91;75.13;64.65;71.57;75.72;70.39;74.84;75.09;80.49;74.25;65.65;66.39;85.31;80.51;67.13;79.34;74.81;71.54;72.37;67.33;69.74;67.39;57.56;74.72;59;70.76;69.23;61.94;68.73;68.37;74.55;67.42;77.75;77.41;71.7;58.3;56.9
O3;uur;µg/m³;2023-03-04T09:00:00+01:00;2023-03-04T10:00:00+01:00;66.4;61.9;71.5;82.3;73.4;74.28;68.47;74.11;74.59;77.19;69.35;61.25;70.63;70.42;75.21;73.63;78.98;76.27;67.35;67.75;84.77;79.39;70.08;78.39;78.39;77.3;72.32;67.4;66.23;66.69;61.37;73.12;68.65;71.44;68.87;67.22;67.55;69.51;73.76;72.24;80.29;77.12;73.8;60.1;59
O3;uur;µg/m³;2023-03-04T10:00:00+01:00;2023-03-04T11:00:00+01:00;64.7;63.8;69.1;79.6;71.1;74.7;69.61;77.64;77.13;78.07;70.25;69.96;74.19;74.14;75.69;68.44;78.19;78.28;73.35;69.27;85.36;79.31;73.41;77.46;79.88;78.97;74.23;69.13;68.37;67.7;58.62;73.47;65.21;67.72;68.18;70.36;65.75;69.38;74.71;74.29;79.98;80.43;76.3;63.4;64.1
O3;uur;µg/m³;2023-03-04T11:00:00+01:00;2023-03-04T12:00:00+01:00;66.3;63.6;68.7;84.3;72.8;76.81;69.57;78.61;80.14;74.88;71.9;67.14;73.3;73.82;76.07;75.65;81.53;77.76;68.67;70.45;85.31;82.05;74.31;80.17;82.39;74.79;78.12;72.1;68.59;69.21;62.01;73.56;68.68;67.69;72.17;68.21;69.43;64.84;76.32;76.99;80.78;82.5;74.7;64.3;68.1
O3;uur;µg/m³;2023-03-04T12:00:00+01:00;2023-03-04T13:00:00+01:00;70.3;65.5;72.3;85;71.8;75.02;69.71;78.19;79.02;74.96;71.9;64.17;75.47;70.16;76.36;72.77;80.36;79.45;73.73;71.67;86.72;83.75;76.8;79.38;82.08;80.45;77.5;70.98;72;71.91;60.26;77.09;66.47;72.62;75.85;69.42;73.45;77.18;77.38;80.52;81.08;84.93;75.3;67.6;69.7
O3;uur;µg/m³;2023-03-04T13:00:00+01:00;2023-03-04T14:00:00+01:00;70;66;73;86.2;71.2;72.28;69.67;74.82;76.35;73.34;71.81;57.95;72.46;70.28;77.9;77.72;81.31;79.32;73.93;73.46;87.44;81.51;78.59;78.1;80.21;82.89;78.96;75.54;73.42;75.45;61.46;78.57;68.28;76.95;78.78;68.58;76.47;79.4;77.17;80.73;83.16;84.75;75.6;69.5;72.5
O3;uur;µg/m³;2023-03-04T14:00:00+01:00;2023-03-04T15:00:00+01:00;67.4;66.9;72.9;85.6;69.9;70.18;64.86;74.5;74.68;75.72;74.11;54.23;76.93;66.26;78.07;77.32;81.79;78.58;73.7;76.61;88.57;81.56;76.51;78.78;81.41;79.11;79.01;79.38;75.25;75.94;62.12;79.53;70.11;79;79;71.96;75.32;80;80.35;79.36;82.47;85.29;77.6;73;74.6
O3;uur;µg/m³;2023-03-04T15:00:00+01:00;2023-03-04T16:00:00+01:00;68.4;67.1;74.2;88.3;73.5;65.68;68.97;71.44;70.38;72.55;71.68;56.58;74.85;66.31;78.15;76.3;82.4;79.44;76.48;76.66;88.83;84.26;77.16;81.05;81.19;82.61;78.78;75.85;74.78;75.51;65.91;79.29;71.68;76.74;80.59;74.12;76.36;80.98;79.37;79.07;;83.78;75.5;67.4;69.7
O3;uur;µg/m³;2023-03-04T16:00:00+01:00;2023-03-04T17:00:00+01:00;71.2;68.5;75.5;90.1;77.8;63.68;72.5;68.02;67.45;73.27;72.49;66.12;78.11;69.18;78.48;74.63;81.98;80.71;76.01;79.28;86.89;82.74;78.78;79.45;79.98;79.52;80.88;71.59;74.06;74.61;56.39;78.37;64.95;77.2;80.89;71.73;77.8;78.83;79.59;77.04;81.19;83.12;76.3;67.5;74.6
O3;uur;µg/m³;2023-03-04T17:00:00+01:00;2023-03-04T18:00:00+01:00;69.2;65.2;73.1;87;77.2;59.77;74.19;62.68;61.92;72.84;73.11;63.05;79.26;71.48;80.24;72.04;81.21;78.11;74.94;78.51;87.52;79.54;76.1;79.43;77.69;83.79;78.73;72.64;71.53;70.57;64.26;75.9;60.78;78.17;81.12;73.94;76.31;75.3;76.55;75.26;79.02;81.62;73.3;65.6;70.6
O3;uur;µg/m³;2023-03-04T18:00:00+01:00;2023-03-04T19:00:00+01:00;62.3;58.6;68.7;80.6;74.3;62.91;69.22;52.66;53.47;71.41;74.02;59.78;78.48;71.86;78.27;72.69;78.06;73.41;72.94;74.82;88.15;78.13;66.86;76.01;79.28;82.68;72.99;74.43;74.13;75.79;56.2;78.54;68.81;76.64;79.99;74.76;73.93;73.55;75.07;72.67;77.23;78.42;73.8;69.2;69.8
O3;uur;µg/m³;2023-03-04T19:00:00+01:00;2023-03-04T20:00:00+01:00;55.8;54.6;66.8;76.2;75.4;70;69.92;54.75;50.99;71.08;75;66.72;77.74;70.47;77.96;71.31;78.3;72.37;66.43;73.62;89.01;74.45;63.69;78.01;75.29;79.12;72.79;75.19;72.34;73.94;57.46;77.39;68.82;74.61;77.1;69.6;71.15;66.88;66.23;67.98;75.56;79.38;76.7;58.5;65.7
O3;uur;µg/m³;2023-03-04T20:00:00+01:00;2023-03-04T21:00:00+01:00;50.2;47.2;57.7;76.8;75.7;69.06;69.45;63.47;66.04;68.34;67.84;63.98;71.21;65.94;77.18;68.64;82.21;67.88;49.43;76.18;88.32;78.38;56.9;79.74;77.23;75.36;72.7;73.13;72.77;75.47;48.66;77.09;69.98;73.34;74.2;73.66;67.33;67.99;67.66;67.64;73.54;74.92;70.1;58.4;64.9
O3;uur;µg/m³;2023-03-04T21:00:00+01:00;2023-03-04T22:00:00+01:00;63.1;55.3;66.7;82.7;78;73.08;73.49;65.06;69.02;68.5;69.89;54.62;72.64;60.71;70.08;54.37;82.07;73.32;53.04;76.37;83.95;79.56;69.56;79.72;75.67;75.86;73.41;63.6;68.26;72.69;49.9;72.01;69.84;68.74;71.22;69.86;70.14;61.22;67.07;67.53;75.47;74.11;70.6;58.1;60.2
O3;uur;µg/m³;2023-03-04T22:00:00+01:00;2023-03-04T23:00:00+01:00;58.9;53.1;70.8;78.3;78.6;71.28;64.6;68.53;66.76;70.72;64.63;58.61;70.94;60.98;67.38;60.78;79.59;72.37;53.35;72.63;84.55;74.09;63.39;78.28;76.41;69.46;66.31;55.77;65.05;70.04;42.47;70.15;60.64;65.52;68.5;61.84;66.63;60.38;71.69;66.39;75.68;74.59;68.7;64;55.2
O3;uur;µg/m³;2023-03-04T23:00:00+01:00;2023-03-05T00:00:00+01:00;60.4;48.6;64.2;76.8;78.7;75.37;60.77;74.88;73.95;73.6;63.27;57.49;68.92;63.78;67.29;67.88;79.52;69.46;50.93;68;83.69;79.38;63.95;77.07;71.21;72.63;65.15;59.78;56.92;60.29;37.83;62.12;55;62.6;70.36;67.02;64.33;60.46;72.88;63.08;79.02;69.7;70.3;53.4;52.8
O3;uur;µg/m³;2023-03-05T00:00:00+01:00;2023-03-05T01:00:00+01:00;63.7;49.1;63.6;77.8;77.2;71.46;65.36;57.97;73.43;73.74;63.81;59.3;62.32;60.98;68.01;52.93;80.43;69.99;41.89;60.25;83.08;70.46;59.51;77.41;66.8;79.4;67.97;57.12;52.57;52.59;39.49;57.68;59.16;63.61;56.89;64.97;59.41;60.96;74.73;63.33;80.93;75.52;55.9;49.8;46.9
O3;uur;µg/m³;2023-03-05T01:00:00+01:00;2023-03-05T02:00:00+01:00;67.5;36;57.1;76.5;74.6;70.5;62.88;45.29;70.05;71.69;54.21;64.33;49.13;62.69;71.51;36.55;75.27;62.29;44.57;51.53;85.23;59.03;45.28;71.7;74.11;54.6;64.82;58.82;51.83;49.28;38.42;58.91;59.49;58.19;58.57;63.59;49.74;70.76;75.52;66.84;80.03;70.44;61.6;51.7;45.6
O3;uur;µg/m³;2023-03-05T02:00:00+01:00;2023-03-05T03:00:00+01:00;38.7;42.8;53.3;79.8;74.1;;;;;;;;;;;;;;;;;;;;;;;;;;;;;;;;;;;;;;66.4;56;54.5
O3;uur;µg/m³;2023-03-05T03:00:00+01:00;2023-03-05T04:00:00+01:00;37.3;37.6;52.4;78.8;75.4;68.55;55.01;56.35;59.8;55.24;32.67;65.09;41.7;60.12;75.67;15.17;78.42;43.92;;23.57;84.49;62.41;34.48;79.15;68.35;64.77;63.59;54.48;60.32;60.06;40.25;64.62;52.9;57.53;55.39;57.5;53.82;69;67.67;65.51;79.4;74.49;54.3;45.1;52.1
O3;uur;µg/m³;2023-03-05T04:00:00+01:00;2023-03-05T05:00:00+01:00;25;50.1;60.7;83.8;75.4;61.62;45.52;58.28;60.04;50.05;38.35;64.32;41.92;53.75;78.19;21.59;82;67.45;35.88;38.94;84.82;78.43;62.49;80.91;64.34;83.37;66.89;49.32;62.89;57.17;47.65;67.96;52.05;58.42;54.29;56.23;56.86;65.13;75.89;57.57;78.3;75.27;48;53.2;51
O3;uur;µg/m³;2023-03-05T05:00:00+01:00;2023-03-05T06:00:00+01:00;54.9;56.8;59.7;75.9;75.2;58.5;49.71;58.18;64.59;50.35;40.33;55.44;58.52;47.15;74.04;35.46;79.14;71.97;55.64;37.43;85.12;76.71;72.21;79.29;67.26;79.94;68.37;62.72;62.16;55.86;48.12;65.69;47.5;53.84;54.69;57.59;50.55;70.6;73.43;59.03;83.27;74.63;51.5;47.3;44.6
O3;uur;µg/m³;2023-03-05T06:00:00+01:00;2023-03-05T07:00:00+01:00;57.8;51.6;62.1;75.7;73.6;60.9;49.1;55.68;61.76;53.51;22.1;49.67;58.5;42.43;73.9;40.89;78.35;69.08;52.82;44.81;83.35;69.69;53.8;76.91;77.93;65.98;62.17;60.33;61.29;50.46;49.53;65.83;45.69;48.62;54.93;60.8;52.28;73.52;75.62;63.62;78.51;70.59;56.6;52.9;49.8
O3;uur;µg/m³;2023-03-05T07:00:00+01:00;2023-03-05T08:00:00+01:00;54.2;49.3;55.5;75.6;77.2;47.62;50.8;55.4;60.89;59.91;38.1;46.96;66.25;44.7;74.08;48.83;82.77;62.88;40.92;33.93;85.4;79.57;42.56;80.86;75.31;77.36;62.2;42.14;61;57.46;45.36;66.7;47.61;49.04;58.13;57.22;57.45;72.99;68.66;67.26;74.71;70.63;48.6;58.5;50.5
O3;uur;µg/m³;2023-03-05T08:00:00+01:00;2023-03-05T09:00:00+01:00;58;47.1;59.1;84.1;77.4;45.85;49.19;57.16;61.43;61.61;48.64;53.87;57.76;55.76;74.89;63.06;80.8;70.24;48.12;41.91;81.96;79.11;54.29;80.79;72.38;72.07;69.33;64.3;55.99;55.77;46.06;61.45;54.67;54.77;58.24;47.33;61.23;65.42;64.69;65.85;78.74;72.95;68.8;44;55.7
O3;uur;µg/m³;2023-03-05T09:00:00+01:00;2023-03-05T10:00:00+01:00;67.3;59.8;69.1;85.2;75.8;52.26;52.13;54.89;60.3;63.55;61.72;58.15;56.43;58.37;75.84;64.58;79.09;77.16;62.31;52.17;83.93;78.83;77.12;79.11;79.03;68.96;75.66;69.69;55.15;54.7;53.08;63.31;69.17;56.69;60.72;53.86;65.23;72.2;76.29;69.38;79.28;77.25;58.4;54.1;62.8
O3;uur;µg/m³;2023-03-05T10:00:00+01:00;2023-03-05T11:00:00+01:00;66.6;64.4;66.6;84;74.6;53.81;62.24;61.91;65.16;68.53;74.16;67.11;65.22;63.71;78.64;67.62;79.22;78.47;67.25;72.05;86.41;78.68;78.33;79.73;85.96;76.95;80.37;71.39;62.37;65.4;64.8;67.87;72.78;67.58;66.16;62.13;72.91;79.53;80.23;73.94;81.19;80.38;69.2;60.2;63.9
O3;uur;µg/m³;2023-03-05T11:00:00+01:00;2023-03-05T12:00:00+01:00;68.8;64.2;71.2;86.1;75.4;56.74;66.75;67.54;66.15;73.93;77.6;70.78;77.37;68.37;79.45;76.25;81.52;81.78;73.72;77.18;88.62;83.66;79.68;81.25;85.2;82.15;81.71;75.9;67.4;71.46;60.22;75.16;74.84;75.94;73.94;68.84;78.86;78.43;80.04;77.77;83.74;84.16;77.2;62.4;70.6
O3;uur;µg/m³;2023-03-05T12:00:00+01:00;2023-03-05T13:00:00+01:00;72.9;66.2;73.6;85.1;77.5;64.27;72.26;70.47;72.45;77.22;82.07;68.61;79.8;70;77.28;79.59;82.66;82.85;75.59;79.7;89.88;83.91;80.13;80.83;85.91;87.7;82.54;80.76;67.08;72.65;62.67;73.22;74.39;79.67;75.75;73.44;77.87;79.23;82.84;79.3;84.18;84.46;81.3;72.8;68.5
O3;uur;µg/m³;2023-03-05T13:00:00+01:00;2023-03-05T14:00:00+01:00;67.5;66.1;74.5;77.4;71;65.59;71.73;67.58;69.95;79.95;82.17;63.86;75.39;72.85;79.88;78.58;83.35;82.25;72.66;79.73;91.58;82.54;81.46;79.08;84.62;88.97;83.93;81.72;70.26;75.87;59.5;79.01;78.92;78.74;82.29;75.02;77.04;79.35;83.22;77.95;84.69;84.91;80.1;72.3;73.2
O3;uur;µg/m³;2023-03-05T14:00:00+01:00;2023-03-05T15:00:00+01:00;55;65.7;73.2;57.8;59.4;62.1;72.99;65.27;68.86;77.65;80.62;62.4;71.82;72.93;79.35;76.61;84.84;83.28;73.1;76.01;91.51;83.62;73.93;80.11;85.61;89.04;84.17;81.33;69.1;74.02;53.95;79.98;77.83;79.56;;75.33;77.38;81.13;84.22;77.02;83.59;85.22;82.2;75.7;70.5
O3;uur;µg/m³;2023-03-05T15:00:00+01:00;2023-03-05T16:00:00+01:00;68.7;58.4;56.9;65.6;63.3;60.08;73.11;68.51;63.32;75.41;80.5;63.84;76.39;69.85;78.89;68.18;84.08;73.56;74.41;66.99;90.13;83.86;59.94;79.91;84.35;88.04;84.27;82.44;64.95;64.31;70.95;76.62;76.62;80.77;;76.74;79.68;81.5;83.84;77.09;82.5;83.28;76.8;68.1;76.7
O3;uur;µg/m³;2023-03-05T16:00:00+01:00;2023-03-05T17:00:00+01:00;65.8;57.3;64.4;60.7;65.2;57.01;70.92;70.95;69.89;70.69;79.22;67.4;75.99;66.99;79.36;68.98;82.45;72;75.15;61.39;87.95;80.68;59.17;77.05;84.37;83.5;82.76;79.79;74.81;79;70.99;82.66;75.07;78.64;;73.6;80.88;81.37;82.64;76.53;80.56;81.54;83.3;73.7;78.1
O3;uur;µg/m³;2023-03-05T17:00:00+01:00;2023-03-05T18:00:00+01:00;46.7;61.5;63.2;63.8;71.1;57.92;69.41;67.24;69.97;71.96;79.04;60.64;73.13;66.78;75.12;66.26;80.28;73.76;73.84;66.2;88.28;78.2;64.42;73;83.17;70.25;79.28;77.94;71.93;78.33;66.35;78.81;72.82;72.27;;68.56;79.01;77.6;77.12;74.72;77.96;78.11;80.8;66.6;75.8
O3;uur;µg/m³;2023-03-05T18:00:00+01:00;2023-03-05T19:00:00+01:00;53;62;72.2;77.6;75.2;47.07;60.44;58.82;61.69;72.86;76.01;61.87;72.95;72.23;73.73;58.29;80.37;76.3;70.77;51.64;86.02;76.18;70.99;70.12;75.14;60.89;70.19;71.47;68.47;69.66;57.51;74.08;64.94;69.19;;63.82;70.11;74.56;71.11;71.61;73.91;71.56;74.7;59;69.5
O3;uur;µg/m³;2023-03-05T19:00:00+01:00;2023-03-05T20:00:00+01:00;60.5;54.5;67.2;70.2;74.5;56.31;55.19;53.92;58.27;68.05;67.4;55.11;76.04;65.77;73.39;46.56;77.78;78.25;69;61.67;85.49;65.7;60.46;52.73;67.53;63.54;65.88;59.11;57.44;67.77;44.7;66.1;58.93;58.95;;63.5;55.71;70.16;66.06;65.71;62.29;70.4;55.7;55.1;69
O3;uur;µg/m³;2023-03-05T20:00:00+01:00;2023-03-05T21:00:00+01:00;37.2;42;62.6;77.5;74.2;51.31;58.16;53.06;57.84;69.47;63.26;56.48;67.61;55.93;72.32;46.4;73.55;70.81;58.3;46.46;80.74;54.24;49.59;60.1;60.55;71.38;66.33;63.07;55.79;59.53;64.17;64.33;54.83;48.76;;62.38;53.69;70.57;59.72;64.58;61.47;74.5;59.3;60.7;64.6
O3;uur;µg/m³;2023-03-05T21:00:00+01:00;2023-03-05T22:00:00+01:00;56.8;31.5;48;74.4;67.1;54.85;51.34;58.33;56.15;69.72;64.93;58.72;67.82;51.23;66.76;48.48;71.95;55.41;61.43;35.62;72.43;33.98;29.88;50.32;64.37;76.83;64.62;65.11;57.23;60.76;61.82;66.68;53.49;42.01;;55.17;52.96;60.33;62.97;61.44;64.17;74.02;72.2;66.1;68.7
O3;uur;µg/m³;2023-03-05T22:00:00+01:00;2023-03-05T23:00:00+01:00;58.8;29.5;41.7;60.6;54.6;55.4;48.65;56.58;65.31;61.82;62.42;60.1;65.71;51.36;71.43;51.01;74.81;56.95;51.19;44.88;56.49;32.61;19.79;73.25;71.65;67.87;59.67;47.08;57.78;53.53;54.5;66.61;54.56;38.46;;62.28;52.41;56.73;52.58;54.18;68.23;75.69;61.6;56.8;61.9
O3;uur;µg/m³;2023-03-05T23:00:00+01:00;2023-03-06T00:00:00+01:00;57.8;31;38.7;19.7;75.7;48.57;50.31;51.57;57.08;56.84;59.14;55.75;62.04;52.38;68.13;64.29;78.71;34.92;56.32;47.35;66.73;46.13;30.32;69.6;64.85;62.56;48.86;49.19;62.84;51.67;48.81;64.72;54.5;39.21;;59.87;51.96;62.46;55.33;58.68;78.42;69.8;60.2;60.5;59.7
O3;uur;µg/m³;2023-03-06T00:00:00+01:00;2023-03-06T01:00:00+01:00;50.9;52.5;44.6;33.6;76.3;49.2;51.46;48.1;51.52;55.54;53.3;55.18;58.61;44.48;73.75;62.39;77.08;71.65;56.63;46.97;76.02;41.96;26.52;75.16;60.61;68.11;45.83;49.4;44.95;40.74;47.67;50.6;38.21;49.22;47.07;53.56;50.68;65.31;57.65;60.78;73.77;74.97;71.5;67.9;62.3
O3;uur;µg/m³;2023-03-06T01:00:00+01:00;2023-03-06T02:00:00+01:00;55;30;20.6;76.4;71.5;44.85;49.65;45.75;44.41;48.16;58.22;52.71;52.41;42.35;73.69;52.99;78.42;35.53;52.88;47.74;83.39;32.43;22;78.49;67.51;73.33;41.06;45.13;40.17;36.8;47.21;42.29;38.14;46.95;42.92;51.84;43.6;63.09;61.91;58.35;72.02;72.81;70.9;63.6;61.5
O3;uur;µg/m³;2023-03-06T02:00:00+01:00;2023-03-06T03:00:00+01:00;42.9;28.8;37.4;35.7;67.8;37.84;48.45;42.27;46.57;51.77;50.96;49.09;53.17;46.04;71.53;47.17;72.04;39.57;51.82;52.13;78.74;59.61;51.8;74.31;72.56;77.16;42.31;47.64;31.24;39.12;45.05;34.79;38.23;44.92;43.37;49.52;42.41;54.81;69.3;59.01;73.38;69.25;71.9;67.1;63.4
O3;uur;µg/m³;2023-03-06T03:00:00+01:00;2023-03-06T04:00:00+01:00;51.1;47.1;40;22.5;68.8;33.46;49.11;40.89;46.41;51.32;29.27;49.87;51.65;44.19;69.85;47.74;75.38;58.98;49.98;54.4;83.18;51.91;32.03;71.84;77.15;80.24;49.12;46.53;34.97;41.42;48.63;36.99;30.52;44.67;43.28;48.52;47.71;55.23;72.5;59.33;72.85;67.84;75.7;70.7;68.4
O3;uur;µg/m³;2023-03-06T04:00:00+01:00;2023-03-06T05:00:00+01:00;55.9;30.3;27.8;43;69.4;31.99;48.85;40.45;45.34;43.6;48.36;44.43;47.08;41.06;66.37;48.75;74.65;23.3;54.39;49.93;79.82;39.8;41.69;67.73;77.76;80.1;54.68;42.73;44.11;49.12;47.07;46.48;23.76;39.86;43.85;46.93;52.09;71.09;69;57.4;64.83;70.98;69.7;67.6;67.6
O3;uur;µg/m³;2023-03-06T05:00:00+01:00;2023-03-06T06:00:00+01:00;53.3;20.8;12.5;31.2;49.2;40.9;43.1;39.61;42.03;35.7;33.22;35.83;36.44;32.2;66.03;41.5;72.92;9.86;52.43;52.33;81.56;40.37;44.82;65.95;78.93;77.91;62.43;56.92;45.42;46.27;53.5;48.08;42.59;37.28;48.34;43.01;55.4;67.14;68.71;59.96;57.37;68.87;69.6;62.8;65.5
O3;uur;µg/m³;2023-03-06T06:00:00+01:00;2023-03-06T07:00:00+01:00;46.8;16.6;32.4;55.5;69.5;44.5;42.14;39.57;43.22;31.16;24.98;31.12;30.18;26.5;62.66;40.2;72.39;32.48;54.29;41.91;80.72;59.6;26.97;71.03;69.95;73.07;67.79;61.82;43.66;37.94;41.63;55.47;38;41.06;44.44;39.64;52.31;65.04;62.06;59.58;56.45;61.21;70.1;53.7;62.3
O3;uur;µg/m³;2023-03-06T07:00:00+01:00;2023-03-06T08:00:00+01:00;23.7;13;31.6;58.3;51.5;26.76;39.56;35.73;36.71;29.19;25.56;25.39;16.9;23.59;58.91;35.16;68.47;28.89;53.02;38.58;75.18;50.6;35.33;67.42;64.42;57.33;63.11;47.33;41.18;29.57;29.81;53.72;36.72;40.46;47.78;41.16;46.24;53.15;61.22;56.29;43.27;45.82;58.1;30.6;45.8
O3;uur;µg/m³;2023-03-06T08:00:00+01:00;2023-03-06T09:00:00+01:00;33.6;21.2;26.7;52.1;64.6;27.36;37.82;37.03;35.82;31.44;25.54;21.94;18.06;22.61;61.05;31.27;62.47;51.35;47.92;29.04;63.18;43.65;31.59;61.75;57.52;45.48;64.2;49.79;51.31;50.88;36.25;63.36;52.73;38.77;55.8;38.38;50.99;57.24;50.6;44.46;53.68;48.92;49.2;33.9;40.2
O3;uur;µg/m³;2023-03-06T09:00:00+01:00;2023-03-06T10:00:00+01:00;21.3;35.2;53.3;53.5;63.6;32.2;37.89;43.06;41.22;36.73;28.19;24.22;17.45;23.92;65.59;31.47;73.14;59.69;47.37;37.12;62.79;59.96;45.18;67.71;69.65;53.06;72.88;64.95;60.01;59.08;61.84;69.25;64.46;50.44;71.97;54.86;63.58;68;68.36;49.23;65.18;61.99;67;28.7;46.1
O3;uur;µg/m³;2023-03-06T10:00:00+01:00;2023-03-06T11:00:00+01:00;18.2;37.8;43.5;41.7;58.2;35.8;47.9;50;50.56;42.47;33.91;35.11;24.77;30.85;68.02;51.18;76.22;52.75;60.78;47.15;67.52;66.31;36.52;53.63;83.33;61.55;80.34;71.97;72.45;67.49;64.93;79.42;68.93;62.34;76.56;62.91;72.65;71.99;80.02;75.59;83.54;70.25;77.7;49.3;64.8
O3;uur;µg/m³;2023-03-06T11:00:00+01:00;2023-03-06T12:00:00+01:00;60;39.4;43.8;62.9;64.7;38.02;59.29;51.39;54.58;47.37;44.41;47.2;55.99;30.36;69.63;62.75;71.88;49.48;67.92;41.25;66.35;70.11;53.11;63.9;82.26;66.2;82.78;71.71;65.93;68.98;59.68;73.77;69.24;71.58;78.03;70.84;75.28;74.84;78.93;81.67;85.68;80.89;71.3;50;66.3
O3;uur;µg/m³;2023-03-06T12:00:00+01:00;2023-03-06T13:00:00+01:00;66.3;53.5;63.7;;63.1;44.12;61.93;55.88;58.39;55.65;65.32;46.45;64.43;29.38;69.13;65.16;73.08;61.4;73;47.46;77.7;70.31;66.44;64.5;78.69;62.72;81.76;65.06;67.01;70.28;60.61;75.02;60.75;75.37;81.81;75.76;76.58;80.29;83.18;83.71;80.62;82.85;61.6;48.2;60.8
O3;uur;µg/m³;2023-03-06T13:00:00+01:00;2023-03-06T14:00:00+01:00;67.8;51.8;60.1;68.6;66.8;36.14;59.69;58.03;60.53;64.37;69.87;55.2;62.93;42.76;69.31;62.4;70.83;61.86;69;69.7;78.35;68.95;63.03;55.3;71.03;73.32;78.86;60.35;59.37;59.8;54.5;68.82;54.12;75.5;79.56;73.6;76.8;79.35;81.88;83.33;81.28;81.53;62.6;54.7;60.5
O3;uur;µg/m³;2023-03-06T14:00:00+01:00;2023-03-06T15:00:00+01:00;67.4;56.4;56.6;64.7;62.8;42.16;59.05;50.63;52.69;59.32;59.08;48.25;67.5;46.97;73.01;67.33;71.3;65.48;65.92;70.23;73.94;73.1;58.31;54.21;66.29;72.36;73.94;66.79;47.79;50.56;54.07;57.55;68.92;79.95;74.83;68.19;76.76;76.56;80.81;80.33;80.65;80.61;70.6;65.2;70.7
O3;uur;µg/m³;2023-03-06T15:00:00+01:00;2023-03-06T16:00:00+01:00;69.4;58.8;57.5;61.3;67.1;51.23;56.43;48.95;48.72;57.79;62.36;44.14;60.51;43.9;69.42;66.79;71.28;66.14;64.88;64.62;76.6;71.77;58.7;54.74;74.5;76.85;68.81;68.63;60.74;62.48;60.22;69.78;68.8;77.92;67;64.03;74.72;74.52;68.63;77.9;79.13;80.92;66.1;62.7;66.4
O3;uur;µg/m³;2023-03-06T16:00:00+01:00;2023-03-06T17:00:00+01:00;67.5;59.2;52.5;60.2;68.2;43.74;50.08;54.98;54.37;56.7;64.9;37.61;55.42;50.28;69.91;66.74;74.1;66.4;64.65;61.82;78.1;72.68;50.65;60.77;74.6;74.7;63.69;69.74;65.19;66.77;60.91;72.54;65.54;70.44;69.54;58.91;71.38;70.77;71.65;76.04;74.08;78.75;67.5;65.3;66.9
O3;uur;µg/m³;2023-03-06T17:00:00+01:00;2023-03-06T18:00:00+01:00;64.6;56.5;51.7;53.4;54.9;36.47;40.22;53.96;50.81;59.7;66.03;48.83;58.19;51.65;65.24;61.7;66.41;59.2;66.75;64.63;72.64;65.6;49.22;53.6;67.32;71.8;65.99;63.19;58.23;57.43;56.91;66.34;60.42;64.67;66.57;55.01;62.09;63.98;70.81;70.65;70.87;75.6;70.4;61.7;68.3
O3;uur;µg/m³;2023-03-06T18:00:00+01:00;2023-03-06T19:00:00+01:00;58.8;45.9;47.7;51.9;54.6;44.3;37.25;51.41;49.37;64.3;60.72;52.72;62.29;55.49;56.06;55.65;56.22;50.1;64.17;63.64;62.63;64.63;51.55;46.21;64.17;64.9;64.89;57.62;54.01;55.47;55.01;63.03;60.39;57.4;56.15;47.42;55.38;64.25;69.11;65.83;71.87;67.49;62.8;58;62.5
O3;uur;µg/m³;2023-03-06T19:00:00+01:00;2023-03-06T20:00:00+01:00;51.5;36.6;42.6;41.1;41.6;47.16;53.2;51.22;55.31;64.48;48.83;58.87;56.36;61.5;52.55;50.43;41.6;53.75;56.73;55.69;55;48.42;44.87;35.62;61.53;57.35;56.79;58.52;54.04;54.48;52.97;61;54.62;48.52;55.42;52.08;52.85;59.11;64.05;60.93;68.01;64.75;51.6;51.8;53.6
O3;uur;µg/m³;2023-03-06T20:00:00+01:00;2023-03-06T21:00:00+01:00;51.3;39.9;26.4;;45.3;50.49;59.44;53.95;56.91;60.41;44.13;60.54;51.75;60.47;66.43;56.23;49.7;42.17;49.93;43.94;47.66;40.46;17.99;29.02;53.67;50.51;58.3;50.52;49.11;49.87;43.04;55.24;48.45;40.38;59.74;60.23;45.81;56.47;58.98;59.19;65.48;63.36;51.6;46.6;49.3
O3;uur;µg/m³;2023-03-06T21:00:00+01:00;2023-03-06T22:00:00+01:00;60.9;46.5;37.5;43.1;42.8;54.58;58.81;51.7;55.89;54.34;51.93;54.05;50.71;53.64;60.84;64.59;66.82;51.07;66.98;52.77;67.15;53.21;40.37;55.84;58.93;57.17;55.11;42.49;43.5;44.5;36.37;49.23;41.53;46.96;58.72;57.62;51.18;57.1;55.21;51.51;60.24;57.3;46.6;45.1;44.3
O3;uur;µg/m³;2023-03-06T22:00:00+01:00;2023-03-06T23:00:00+01:00;68.3;49.9;50.7;50.8;49.4;52.82;53.36;52.23;56.47;51.99;60.62;49.69;61.14;50.74;71.43;65.28;69.69;53.03;69.24;62;82.09;67.66;64.9;66.41;74.89;78.99;50.11;59.28;46.63;47.73;54.62;52.82;57.26;52.82;52.8;53.35;54.97;52.86;55.46;51.48;61.33;55.63;60.9;60.9;59.6
O3;uur;µg/m³;2023-03-06T23:00:00+01:00;2023-03-07T00:00:00+01:00;68.2;53.2;56.3;50.2;60.1;55.26;50.69;54.44;59.49;58.83;69.13;53.24;62.86;53.57;72.4;63.97;70.83;48.47;71.49;68.16;75.67;67.62;65.5;66.52;74.59;76.59;59.49;61.45;56.59;60.79;55.65;61.99;53.68;52.67;55.81;49.35;50.01;53.6;72.93;55.35;67.39;54.17;66.5;65.6;66.9
O3;uur;µg/m³;2023-03-07T00:00:00+01:00;2023-03-07T01:00:00+01:00;58.9;54.2;53;48.1;52.5;56.36;52.4;57.56;60.53;67.34;68.38;58.29;70.28;58.39;64;62.57;65.84;59.52;68.63;66.52;76.34;69.91;60.42;65.21;75.04;76.79;69.05;60.97;51.92;53.28;53.85;56.11;53.06;48.85;60.99;57.21;50.38;66.77;70.19;53.96;65.67;52.23;67.6;67.9;64.9
O3;uur;µg/m³;2023-03-07T01:00:00+01:00;2023-03-07T02:00:00+01:00;50.6;51;48.9;39.9;45.2;59.63;61.56;64.91;63.99;70.51;56.8;69.69;66.38;67.28;60.35;63.09;67.91;51.44;64.87;64.32;79.93;70.16;48.5;67.38;78.85;81.44;67.51;65.63;54.27;52.34;62.12;57.23;53.65;49.91;58.17;61.21;60.7;71.19;75.3;65.48;74.86;62.23;67.3;67.2;69.6
O3;uur;µg/m³;2023-03-07T02:00:00+01:00;2023-03-07T03:00:00+01:00;55.9;53.1;52.2;39.3;52;62.28;64.68;65.09;64.71;64.15;63.79;66.65;57.21;64.4;68.95;61.67;75.5;56.23;61.92;58.59;81.39;75.5;52.79;75.32;81.46;81.66;75.37;70.59;62.86;64.24;65.05;63.93;54.84;53.49;56.66;61.8;62.34;71.77;77.58;71.39;80.17;72.5;72.9;72;69.1
O3;uur;µg/m³;2023-03-07T03:00:00+01:00;2023-03-07T04:00:00+01:00;63.4;51.8;47.7;29.4;60.9;59.48;60.06;64.66;66.04;65.08;59.86;64.81;64.77;62.57;70.83;59.61;71.79;49.97;64.57;56.47;81.52;74.66;53.28;71.99;80.69;85.22;68.46;68.23;63.32;66.24;64.59;67.32;59.14;56.19;59.47;60.56;66.43;70.04;78.6;68.88;80.7;79.46;71.5;71.8;70.6
O3;uur;µg/m³;2023-03-07T04:00:00+01:00;2023-03-07T05:00:00+01:00;56;48.6;52.2;38.9;58.3;59.05;63.9;61.52;63.61;64.89;60.52;64.73;65;61.26;73.56;56.33;73.47;51.01;69.8;64.54;83.03;73.53;57.93;72.87;82.12;85.6;77.83;67.23;59.46;63.63;64.32;66.19;62.02;58.68;60.4;54.47;62.57;74.89;78.28;69.01;81.47;79.98;63.9;66.5;74.5
O3;uur;µg/m³;2023-03-07T05:00:00+01:00;2023-03-07T06:00:00+01:00;54.4;51.9;53.1;54;70.4;56.55;60.84;59.64;60.67;65.75;58.7;62.07;63.33;58.44;70.46;56.49;78.16;62.24;65.65;58.54;84.74;74.8;50.56;76.27;82.37;85.75;78.11;74.28;61.63;67.38;65.39;68.02;63.83;53.85;61.35;60.71;65.14;75.05;79.55;71.41;81.27;80.84;70.8;72;75.4
O3;uur;µg/m³;2023-03-07T06:00:00+01:00;2023-03-07T07:00:00+01:00;45.9;48.2;60.6;67.5;74;55.61;59.6;56.48;58.7;63.65;59.23;56.29;64.79;54.51;72.49;58.81;77.85;68.75;68.72;56.72;84.87;73.73;57.8;76.55;81.98;82.88;77.64;77.99;71.13;74.28;64.06;77.66;69.62;58.37;68.48;59.88;67.09;73.12;79.49;71.53;80.37;78.29;74.8;62.3;65.8
O3;uur;µg/m³;2023-03-07T07:00:00+01:00;2023-03-07T08:00:00+01:00;54.8;46.1;57.8;69.2;75.8;53.53;61.23;51.3;56.93;66.97;61.67;52.84;62.72;51.23;70.89;50.52;76.35;59.58;57.93;53.59;86.5;71.11;60.8;76.31;79.53;70.65;81.31;75.58;62.63;65.03;55.35;73.3;69.54;65.55;74.66;52.51;67.07;73.85;76.79;71.91;76.07;72.83;56.9;47.8;65.7
O3;uur;µg/m³;2023-03-07T08:00:00+01:00;2023-03-07T09:00:00+01:00;58;42.4;59.4;72.3;75.4;52.75;60.43;49.24;52.53;62.06;66.71;51.93;57.28;56.43;70.71;63.04;75.61;56.77;55.55;54;86.34;66.12;52.88;75.53;78.88;62.99;78.13;72.1;33.35;56.22;50.49;56.42;58.06;72.13;70.6;55.09;71.97;77.15;75;72.28;73.84;67.94;56.9;42.3;60.5
O3;uur;µg/m³;2023-03-07T09:00:00+01:00;2023-03-07T10:00:00+01:00;51.3;41.1;57.4;72.2;74.8;53.81;52.47;51.38;50.23;54.07;58.84;44.43;51.7;58.53;67.26;61.07;78.61;63.3;56.44;36.92;86.32;68.32;52.46;71.78;76.96;67.94;78.78;72.68;47.09;44.52;55.15;59.01;61.15;65.48;64.03;56.26;69.1;75.32;73.02;70.32;76.32;69.07;56.9;50.1;62.7
O3;uur;µg/m³;2023-03-07T10:00:00+01:00;2023-03-07T11:00:00+01:00;52.9;47.7;61.6;70.5;73.1;52.19;49.84;53.39;49.24;49.41;66.28;34.96;41.07;49.54;72.4;67.05;78.37;65.19;57.93;32.46;86.19;72.14;61.98;76.1;77.08;71.36;75.65;76.45;42.84;48.71;61.53;51.71;58.19;65.48;65.66;54.41;67.9;73.38;74.15;70.14;72.38;70.3;55.1;45.2;
O3;uur;µg/m³;2023-03-07T11:00:00+01:00;2023-03-07T12:00:00+01:00;39.7;57.4;66.9;68.9;72.3;48.4;46.26;52.28;48.59;52.59;70.74;31.04;48.6;46.64;76.78;71.85;77.17;59.64;69.07;48.64;85.53;74.93;63.41;75.48;78.49;75.87;78.2;77.36;57.65;56.53;62.93;67.18;58.96;65.45;64.58;58.9;66.01;72.68;76.98;75.26;78.98;71.28;59.9;52.5;
O3;uur;µg/m³;2023-03-07T12:00:00+01:00;2023-03-07T13:00:00+01:00;56.9;47.8;59.8;64;;50.83;45.07;51.86;50.83;51.45;69.28;40.17;54.44;48.71;74.02;72.48;79.02;63.67;78.42;50.37;85.6;71.48;57.61;75.05;81.48;68.6;79.33;77.03;60.72;61.91;58.67;73.61;75.5;66.1;65;62.14;68.43;74.74;76.84;74.14;81.48;72.52;60.9;43.1;63.3
O3;uur;µg/m³;2023-03-07T13:00:00+01:00;2023-03-07T14:00:00+01:00;58.2;50.2;61.2;73.5;;53.08;52.7;50.62;50.79;55.99;72.56;52.56;66.8;52.94;76.67;73.28;78.15;56.36;77.81;55.92;85.16;71.81;64.55;65.16;81.71;74.49;76.36;76.95;61.01;67.51;58.86;73.44;74.91;65.4;73.79;61.19;70.41;74.15;77.62;75.49;82.33;78.77;66.4;55.1;68.8
O3;uur;µg/m³;2023-03-07T14:00:00+01:00;2023-03-07T15:00:00+01:00;41.3;50.8;60.4;49.4;;53.99;55.96;48.34;47.45;62.39;72.32;46.32;74.47;54.22;76.08;73.47;78.03;67.56;63.25;61.67;83.46;68.77;;73.2;82.32;66.36;79.68;74.89;56.26;63.99;63.03;70.81;72.31;69.92;74.72;54.94;70.41;71.11;78.84;74.97;81.13;81;72.2;62.8;67.8
O3;uur;µg/m³;2023-03-07T15:00:00+01:00;2023-03-07T16:00:00+01:00;49;50.7;62;74.3;84;43.12;49.04;48.98;46.12;71.34;73.75;44.86;62.18;58.8;74.07;72.42;77.21;64.02;60.24;58.56;86.34;70.01;;71.65;82.3;71.58;75.74;74.22;55.1;65.69;57.08;70.59;68.32;68.5;75.72;71.01;71.23;71.42;78.19;72.93;82.41;79.57;67.7;49.7;62.4
O3;uur;µg/m³;2023-03-07T16:00:00+01:00;2023-03-07T17:00:00+01:00;48.9;43.8;59.6;57.2;86.1;44.2;67.34;48.01;44.44;60.11;73.25;56.19;61.2;63.6;75.57;72.18;78.01;61.3;67.08;48.04;86.75;71.93;;73.29;82.5;73.95;70.53;67.91;54.88;56.8;51.53;65.5;64.12;69.01;71.12;63.3;65.59;75.72;77.46;76.36;84.68;80.69;68.4;58.4;66.2
O3;uur;µg/m³;2023-03-07T17:00:00+01:00;2023-03-07T18:00:00+01:00;46.7;34.1;51.2;71.1;88.6;45.39;63.39;52.36;45.24;59.45;72.72;51.16;56.23;59.34;76.22;73.97;80.45;44.44;74.68;51.13;88.05;74.18;;76.31;82.1;84.28;71.95;72.63;49.07;46.85;57.46;60.86;61.34;70.19;66.26;55;63.46;71.11;73.95;76.16;79.66;75.24;71.8;55.5;60.5
O3;uur;µg/m³;2023-03-07T18:00:00+01:00;2023-03-07T19:00:00+01:00;46.3;55.3;67.7;79.7;91.2;54.33;59.6;46.79;49.55;53.78;71.1;51.57;56.2;58.55;76.74;72.66;82.82;72.84;73.71;50.62;87.34;75.6;66.91;76.91;79.74;79.27;81.16;78.62;54.85;56.26;51.48;61.37;65.31;62.22;61.44;50.92;69.09;67.57;73.66;67.59;69.77;66.74;62.1;37.9;50.8
O3;uur;µg/m³;2023-03-07T19:00:00+01:00;2023-03-07T20:00:00+01:00;64.6;45.7;65.7;73;91.4;56.92;56.78;47.82;43.46;56.9;65.59;54.71;53.63;56.74;78.58;67.41;80.32;70.5;74.97;48.88;86.25;68.61;50.89;74.39;81.65;76.32;77.36;73.15;54.98;62.64;45.99;70.89;68.82;58.62;71.52;51.11;66.64;70.88;66.97;63.37;71.74;71.09;32.8;23.7;48
O3;uur;µg/m³;2023-03-07T20:00:00+01:00;2023-03-07T21:00:00+01:00;44.7;32;49.3;79.3;88.9;55.2;55.39;60.36;61.66;64.41;65.65;54.08;50.94;55.17;78.26;59.05;77.64;55.49;69.3;50.48;84.72;72.03;44.94;74.71;75.15;73.3;68.92;63.33;49.1;45.62;41.54;58.13;69.35;56.86;63.98;47.59;58.77;70.26;70.86;55;68.02;65.48;27.7;44.5;60.2
O3;uur;µg/m³;2023-03-07T21:00:00+01:00;2023-03-07T22:00:00+01:00;12.5;19.2;29;71.9;89.5;61.12;51.88;67.34;68.27;61.04;57.85;52.85;47.79;54.22;77.27;47.48;75.73;47.3;59.25;22.47;81.9;66.43;10.73;61.91;71.3;60.17;63.04;58.28;40.89;48.58;46.34;52.51;71.41;55.05;58.76;49.47;56.57;69.57;67.85;52.18;62.93;59.82;43.9;49.9;57
O3;uur;µg/m³;2023-03-07T22:00:00+01:00;2023-03-07T23:00:00+01:00;29.2;21.5;29;67.9;87.5;57.77;49.39;65.9;71.59;57.16;63;53.7;42.12;49.46;75.05;37.85;74.94;44.35;67.81;14.26;82.36;59.18;22.28;32.24;78.83;50.53;53.27;60.08;48;54.72;45.32;57.08;69.06;47.36;55.71;49.91;47.69;69.81;65.99;60.72;75.19;61.74;50.7;45.6;46.2
O3;uur;µg/m³;2023-03-07T23:00:00+01:00;2023-03-08T00:00:00+01:00;47.5;2.3;30.2;48.2;83.5;57.74;44.84;68.89;71.7;46.42;49.99;50.18;47.63;46.62;70.71;39.34;76.14;3.28;61.65;17.21;80.92;34.13;26.7;19.76;71.11;68.8;56.05;55.92;48.37;59.09;48.42;61.49;62.31;45.36;56.25;43.94;50;67.88;62.63;60.03;71.17;62.51;54.1;52;56.1
O3;uur;µg/m³;2023-03-08T00:00:00+01:00;2023-03-08T01:00:00+01:00;58;0.3;32.1;7.5;85.9;52.46;44.78;68.23;76.14;28.75;32.21;43.55;48.86;44.05;46.62;35.97;75.85;0.96;56.91;20.57;76.2;1.04;14.28;25.06;73.14;58.54;48.76;58.32;56.04;53.35;48.49;65.45;44.52;36.34;58.75;37.32;44.68;66.11;65.21;56.14;59.45;62.62;63;56.1;54.9
O3;uur;µg/m³;2023-03-08T01:00:00+01:00;2023-03-08T02:00:00+01:00;44.1;0;25.7;14.2;79.3;52.74;44.01;56.25;74.17;28.17;19.25;41.49;24.48;44.06;40.73;35.74;60.4;1.75;44.76;24.6;72.36;-0.02;4.46;30.53;68.17;56.18;46.5;51.03;55.6;52.14;42.18;64.43;28.72;33.34;53.65;37.54;41.53;56.79;73.03;54.1;63.04;62.16;53.7;48.6;48.9
O3;uur;µg/m³;2023-03-08T02:00:00+01:00;2023-03-08T03:00:00+01:00;31.6;2.7;17.5;13.5;31.1;51.36;42.55;60.25;69.42;36.73;12.22;43.14;19.35;43.11;36.38;31.4;48.38;27.09;32.9;21.56;60.57;5.76;5.47;16.66;61.67;45.17;50.97;35.68;43.17;30.75;33.83;45.98;41.55;38.72;43.67;40.29;41.25;48.37;72.4;52.97;63.14;61.41;46.8;41.7;43.5
O3;uur;µg/m³;2023-03-08T03:00:00+01:00;2023-03-08T04:00:00+01:00;22.3;12.8;25.8;32.7;18.3;51.1;38.34;67.56;68.88;38.33;10.86;40.97;18.96;38.06;32.41;40.5;64.97;41.89;23.99;20.69;76.78;14.86;25.07;40.42;60.47;42.83;45.74;37.24;27.81;19.15;22.24;30.96;33.34;44.4;29.28;36.52;44.62;46.07;71.75;49.46;67.81;64.21;37.3;33.3;34.1
O3;uur;µg/m³;2023-03-08T04:00:00+01:00;2023-03-08T05:00:00+01:00;11.9;15;0.3;11.4;3.2;52.69;34.48;64.47;68.44;37.87;19.27;39.37;27.44;40.58;34.28;46.19;47.1;23.71;19.25;18.15;79.16;18.82;5.84;21.97;60.47;48.78;47.88;39.47;19.83;19.29;34.37;24.05;26.08;49.88;28.05;35.21;43.21;44.94;71.07;45.93;66.54;63.67;26.9;14.6;28
O3;uur;µg/m³;2023-03-08T05:00:00+01:00;2023-03-08T06:00:00+01:00;6.6;7.3;0.3;1.3;0;55.93;37.23;64.98;72.28;38.08;42.52;41.86;29.01;41.9;32.22;52.95;26.01;9.95;13.89;8.92;69.18;4.35;0.8;5.17;57.8;28.84;44.08;36.46;19.15;19.11;26.4;22.1;21.12;49.81;32.29;36.58;31.47;38.13;64.9;41.54;62.93;61.31;11.9;17.7;25.4
O3;uur;µg/m³;2023-03-08T06:00:00+01:00;2023-03-08T07:00:00+01:00;1.6;2.4;0.8;0;0;64.62;39.24;67.07;73.03;50.37;64.78;47.07;32.13;41.92;33.26;55.12;49.72;1.87;10.86;14.1;45.3;17.52;0.74;6.17;42.26;9.69;26.74;23.39;14.47;14.83;21.88;16.72;7.16;49;28.14;34.79;31.47;28.85;49;38.4;56.27;58.76;12.2;12.8;26.3
O3;uur;µg/m³;2023-03-08T07:00:00+01:00;2023-03-08T08:00:00+01:00;-1.9;2;0.8;-0.1;0.3;63.32;54.42;63.99;67.67;65.28;66.02;59.75;57.38;43.07;62.92;71.07;34.43;2.52;22.14;17.94;18.72;3.69;1.13;2.34;28.22;5.53;20.05;8.36;6.19;9.05;18.97;9.73;4.48;51.86;28.33;29.61;35.18;29.13;37.74;34.01;53.09;36.96;10.4;2.1;16
O3;uur;µg/m³;2023-03-08T08:00:00+01:00;2023-03-08T09:00:00+01:00;8.5;6.6;7.8;18.4;15.6;61.24;56.84;55.81;63.58;70.64;69.17;60.61;51.74;41.56;68.13;63.26;13.48;6.37;24.94;37.95;19.84;5.84;8.31;2.9;38.31;5.8;27.01;9.33;6.8;10.88;22.26;12.44;13.13;44.24;30.11;19.14;35.83;24.12;31.82;26.03;40.93;26.5;16.9;6;16.5
O3;uur;µg/m³;2023-03-08T09:00:00+01:00;2023-03-08T10:00:00+01:00;16;23.3;21.8;26.7;39.5;55.63;63.38;53.58;58.94;67.75;68.04;55.72;63.52;54.12;68.53;61.61;20.19;22.16;53.24;42.06;18.22;20.99;24.1;9.44;68.13;11.11;28.8;12.51;16.59;13.26;21.32;22.14;23.37;42.06;35.76;33.36;38.94;26.03;30;30.93;45.43;30.12;32.3;18.8;33.4
O3;uur;µg/m³;2023-03-08T10:00:00+01:00;2023-03-08T11:00:00+01:00;41.8;45.9;49.8;45.3;53.4;52.53;56.22;44.52;49.19;69.18;69.84;58.79;67.02;52.12;67.85;62.45;39.64;50.6;47.64;46.04;32.55;52.33;47.12;26.87;75.35;43.38;37.17;21.52;26.63;26.44;27.58;29.01;36;44.06;38.31;49.14;36.34;27.7;38.22;40.74;51.3;37.25;47.5;38.2;53.4
O3;uur;µg/m³;2023-03-08T11:00:00+01:00;2023-03-08T12:00:00+01:00;52.4;52.2;50.9;58.5;72.5;51.56;57.08;40.5;42.56;68.75;65.56;55.97;67.82;57.07;70.54;62.75;51;59.38;61.63;60.01;44.97;58.48;61.63;35.57;77.85;41.11;45.71;44.15;38.37;39.88;39.95;41.95;50.64;51.69;49.17;57.9;45.68;35.97;55.42;43.82;56.95;51.27;37.3;29;41.8
O3;uur;µg/m³;2023-03-08T12:00:00+01:00;2023-03-08T13:00:00+01:00;55.5;40.5;52.2;64.6;69.5;45.84;64.21;36.82;40.59;60.46;67.07;55.34;68.09;54.8;70.11;57.32;50.7;55.96;66.9;63.64;53.47;57.04;61.4;32.97;79.73;42.51;54.84;53.76;49.7;49.33;49.9;55.42;61.99;57.94;53.9;66.26;55.22;45.94;71.85;44.45;69.4;71.71;44.1;31.7;46
O3;uur;µg/m³;2023-03-08T13:00:00+01:00;2023-03-08T14:00:00+01:00;53.6;40.1;47.5;58.3;;37.55;64.43;33.5;36.44;65.01;61.56;59.57;66.71;55.52;64.34;54.33;57.28;51.58;64.22;60.75;56.5;57.38;52.88;38.09;81.29;49.16;59.43;58.72;55.96;55.32;52.2;61.19;65.29;62.65;56.86;68.7;59.66;54.37;72.95;44.84;79.27;78.49;52;44.5;52.9
O3;uur;µg/m³;2023-03-08T14:00:00+01:00;2023-03-08T15:00:00+01:00;49.7;46.6;52.3;59.7;;35.99;64.9;31.06;34.97;67.55;56.54;57.22;66.1;56.79;61.58;51.8;55.55;56.62;57.94;58.25;60.17;59.83;63.48;36.35;77.95;50.72;63.25;58.45;53.37;54.52;53.09;56.42;59.54;64.41;58;66.56;57.03;61.27;73.44;58.74;80.4;79.61;57.6;51;57.8
O3;uur;µg/m³;2023-03-08T15:00:00+01:00;2023-03-08T16:00:00+01:00;45.7;45.2;43.8;57;56.2;35.86;62.26;27.46;32.88;65.85;55.42;53.3;65.6;51.38;60.85;47.79;60.15;53.08;57.97;58.8;65.16;59.77;56.07;37.88;76.39;54.04;62.18;56.09;47.58;46.71;50.17;50.78;56.82;65.17;59.7;64.12;58.01;64.81;72.42;66.52;77.22;78.91;56.6;48.8;61.5
O3;uur;µg/m³;2023-03-08T16:00:00+01:00;2023-03-08T17:00:00+01:00;32.2;41.9;27.5;50.2;50.2;35.35;60;30.24;31.71;64.25;54.2;51.39;62.93;47.78;57.8;42;54.82;48.28;55.5;53.33;64.57;54.55;42.03;34.22;75.34;48.39;60.33;52.76;44.32;35.8;54.52;47.05;53.43;61.23;58.38;58.43;61.51;65.92;71.27;72.02;77.5;72.11;57.9;52.6;56.7
O3;uur;µg/m³;2023-03-08T17:00:00+01:00;2023-03-08T18:00:00+01:00;24.9;42.1;35.8;46.5;42.2;32.06;58.27;24.21;22.27;61.15;51.99;48.4;60.02;44.19;55.85;39.12;46.58;48.25;51.55;47.55;60.08;47.97;48.71;27.71;74.64;50.14;54.9;51.1;49.94;46.91;50.39;52.4;48.01;59.59;54.87;53.25;59.48;60.49;70.8;65.66;75.89;66.22;66;49.7;58
O3;uur;µg/m³;2023-03-08T18:00:00+01:00;2023-03-08T19:00:00+01:00;36.5;30.8;24.1;37.1;29.1;23.65;54.75;12.29;11.99;56.3;48.01;46.01;51.08;37.6;56.72;42.03;47.83;41.28;46.67;44.04;67.03;45.28;34.81;26.01;73.52;51.5;53.02;50.16;44.3;44.31;48.72;46.7;46.28;63.13;48.73;48.08;56.99;54.14;66.17;58.96;68.77;57.82;52.4;46.3;52.9
O3;uur;µg/m³;2023-03-08T19:00:00+01:00;2023-03-08T20:00:00+01:00;26;41.5;38;43.1;44.3;18.47;49.65;9.62;6.44;51.4;47.38;49.57;46.47;43.06;50.7;37.2;44.49;46.4;51.76;47.48;58.04;52.19;40.72;27.9;74.1;43.69;58.21;50.09;39.68;39.89;50.23;41.82;45.17;62.96;44.28;45.2;56.79;56.17;61.22;55.74;68.03;56.11;54;36.4;48.9
O3;uur;µg/m³;2023-03-08T20:00:00+01:00;2023-03-08T21:00:00+01:00;44;42.8;44;53.3;47.7;16.24;49.14;6.65;4.92;52.04;46.49;48.82;44.84;44.75;46.05;33.49;49.23;47.92;52.93;49.1;55.31;47.5;53.63;31.33;68.08;42.22;55.77;54.41;46.31;38.65;52.05;48.95;42.96;61.02;57.78;50.7;54.5;54.86;60.85;52.16;67.84;48.54;53.1;41;53.4
O3;uur;µg/m³;2023-03-08T21:00:00+01:00;2023-03-08T22:00:00+01:00;35.2;43.2;41;50.8;38;18.3;46.76;3.98;4.2;49.24;47.25;47.56;49.91;42.98;43.93;24.58;48.93;48.12;49.26;47.72;51.49;48.38;47.42;39.47;66.54;52.72;54.82;55.02;54.78;52.63;51;58.89;44.09;59.6;63.92;41.01;59.25;49.4;55.46;54.43;60.98;49.91;53.1;42.8;55.4
O3;uur;µg/m³;2023-03-08T22:00:00+01:00;2023-03-08T23:00:00+01:00;32.2;40.2;38.1;40.1;35.3;19.04;45.71;3.75;2.38;50.78;46.7;44.72;53.28;40.54;45.95;19.73;56.23;48.53;47.9;48.24;52.83;56.49;47.64;44.13;67.33;53.27;60.45;51.68;50.69;56.5;52.65;55.57;45.85;56.77;61.5;41.31;60.07;53.82;49.42;61.03;57.89;46.35;58.6;54;58.1
O3;uur;µg/m³;2023-03-08T23:00:00+01:00;2023-03-09T00:00:00+01:00;20;45.8;44.8;41.9;48.6;16.59;44.56;1.26;0.87;49.09;44.82;42.62;49.77;36.53;47.9;24.45;56.19;55.42;49.53;48.81;61.67;57.06;46.79;46.56;76.69;59.01;65.14;54.84;49.98;52.69;54.69;54.56;54.17;55.54;58.68;48.72;57.93;64.22;48.23;62.05;55.93;46.63;68.3;64.2;63.2
O3;uur;µg/m³;2023-03-09T00:00:00+01:00;2023-03-09T01:00:00+01:00;40.9;47.7;47.6;49.2;49.6;15.75;42.02;0.38;0.75;46.62;43.94;42.38;47.94;36.24;47.31;34.69;60.27;54.67;50.97;50.52;72.05;58.44;49.02;53.42;73.07;66.78;67.75;57.06;51.68;54.58;56.55;57.66;48.71;53.67;56.57;48.39;58.7;67.24;47.53;63.24;56.58;53.27;73.1;68.8;71.7
O3;uur;µg/m³;2023-03-09T01:00:00+01:00;2023-03-09T02:00:00+01:00;44.8;51.4;51.2;55;56.1;15.86;41.97;2.29;0.89;48.66;44.2;44.42;50.19;40.64;50.34;39.01;62.71;53.04;51.28;50.52;68.74;62.35;51.28;57.79;67.65;73.84;65.6;60.81;55.36;58.12;60.62;60.83;51.46;49.74;56.4;48.61;56.89;67.55;60.62;61.92;51.73;52.83;78.6;77.8;76.3
O3;uur;µg/m³;2023-03-09T02:00:00+01:00;2023-03-09T03:00:00+01:00;46.6;55.2;54.2;57.2;57.5;;;;;;;;;;;;;;;;;;;;;;;;;;;;;;;;;;;;;;74.4;73.8;74.4
O3;uur;µg/m³;2023-03-09T03:00:00+01:00;2023-03-09T04:00:00+01:00;46.3;58.8;57.8;59.2;66.3;13.55;41.25;6.69;8.84;46.7;43.08;42.83;49.12;40.68;51.47;34.27;68.89;61.14;53.72;50.47;70.66;73.24;58.3;66.53;71.64;75.06;65.08;65.59;58.9;61.39;63.61;64.54;54.86;47.16;56.77;47.51;53.74;62.75;48.9;62.82;47.69;42.16;75.3;74.1;74.2
O3;uur;µg/m³;2023-03-09T04:00:00+01:00;2023-03-09T05:00:00+01:00;46.9;57.7;58.2;63.4;70.1;18.75;40.62;7.55;6.43;46.7;41.52;42.34;48.67;39.48;51.87;32.32;71.24;62.68;53.3;52.7;69.97;73.9;61.64;63.7;71.67;71.74;61.15;62.66;57.81;58.87;62.64;64.06;55.1;46.75;54.8;48.13;53.62;60.88;48;59.8;44.44;45.65;72;73.4;73.4
O3;uur;µg/m³;2023-03-09T05:00:00+01:00;2023-03-09T06:00:00+01:00;41.9;51.4;48.6;60.1;68.3;21.63;39.31;6.18;6.15;45.68;43.09;42.27;47.39;39.4;53.27;30.61;67.93;61.6;53.79;52.73;66.88;70.42;54.16;43.23;70.56;61.26;60.02;61.35;54.25;56.21;56.52;59.97;51.73;45.15;50.15;47.12;52.38;57.48;45.87;55.56;51.82;46.63;62;61.5;62.6
O3;uur;µg/m³;2023-03-09T06:00:00+01:00;2023-03-09T07:00:00+01:00;29.5;41.4;32.5;57.7;58.7;22.46;37.42;4.61;6.7;40.5;41.63;38.5;43.8;36.84;50.77;31.92;63.3;55.72;52.25;50.84;64.4;62.97;40.2;26.04;66.21;44.94;58.14;54.13;49.28;45.34;51.14;53.17;46.8;42.53;48.85;43.32;50.51;57.58;46.7;47.16;50.41;39.94;57.2;50.8;57.7
O3;uur;µg/m³;2023-03-09T07:00:00+01:00;2023-03-09T08:00:00+01:00;15.2;27.6;24.1;48;48.5;25.45;35.98;6.64;8.79;35.44;38.51;33.09;40.22;27.43;48.22;33.96;53.74;42.34;44.42;43.18;52.13;54.8;32.94;19.46;60.96;30.41;56.48;49.98;43.84;39.57;45.33;45.92;42.28;37.1;45.39;34.18;46.38;53.79;44.05;47.5;49.19;41.38;53.4;39;55.7
O3;uur;µg/m³;2023-03-09T08:00:00+01:00;2023-03-09T09:00:00+01:00;30.5;22.9;26.7;38.9;45.3;28.22;33.19;12.48;10.82;35.09;36.84;26.64;34.13;27.25;47.97;34.01;46.54;34.8;43.34;39.84;48.72;48.98;34.02;19.34;60.18;36.54;54.13;47.97;41.55;33.04;42.1;43.82;38.82;41.64;41.96;32.54;46.4;51.95;42.64;49.72;52.92;43.06;51.9;38.8;51
O3;uur;µg/m³;2023-03-09T09:00:00+01:00;2023-03-09T10:00:00+01:00;32.7;31.6;30.2;;40;26.37;33.8;13.63;7.52;40.15;37.62;31.36;36.44;29.09;46.45;28.51;45.61;35.72;42.63;37.67;51.69;47.71;41.66;19.04;59.84;38.22;55.35;49.76;42.68;35.09;49.13;45.34;42.96;47.65;45.22;36.8;47.77;53.65;55.49;52.64;57.14;60.57;54.8;40.1;51.3
O3;uur;µg/m³;2023-03-09T10:00:00+01:00;2023-03-09T11:00:00+01:00;31.7;25.4;25.1;;38.6;26.25;36.96;14.3;13.4;39.55;36.85;31.98;35.03;26.66;42.48;25.52;46.26;34.8;38.99;40.17;53.99;43.67;30.58;23.67;59.37;41.26;54.93;49.94;41.64;38.83;49.44;45.58;42.74;47.75;47.89;35.42;50.05;53.57;56.47;54.05;68.2;71.65;54.1;40.7;53.5
O3;uur;µg/m³;2023-03-09T11:00:00+01:00;2023-03-09T12:00:00+01:00;30.9;21.8;21.9;34.2;36.2;21.71;35.54;17.67;15.54;37.59;32.68;24.37;36.41;28.16;39.92;20.35;42.01;31.38;39.55;37.38;47.99;41.76;23.23;21.17;62.9;45.12;53.32;46.32;40.37;32.36;46.72;43.52;39.45;47.72;48.52;38.31;49.99;53.55;60.88;55.52;71.82;77.12;54.4;33.1;51.6
O3;uur;µg/m³;2023-03-09T12:00:00+01:00;2023-03-09T13:00:00+01:00;22.5;16.6;13.9;22;31.8;21.36;34.16;19.28;17.55;34.21;28.65;22.16;31.71;29;33.99;15.73;29.77;23.87;38.67;35.26;52.16;38.95;20.58;15.71;63.5;41.72;53.14;40.29;37.06;33.68;44.37;42.29;36.17;48.51;47.97;37.44;50.85;51.77;62.79;54.36;73.42;75.39;49.8;30.5;47
O3;uur;µg/m³;2023-03-09T13:00:00+01:00;2023-03-09T14:00:00+01:00;13.8;18.3;15.2;23.8;28.7;19.73;28.57;19.41;20.9;28.25;22.28;21.95;29.05;24.8;30.01;12.41;26.77;19.56;32.97;35.78;50.61;33.18;20.49;10.76;64.09;40.23;51.13;35.57;32.42;28.18;39.6;40.74;29.65;45.68;46.27;30.29;48.88;51.93;64.34;54.04;76.32;73.59;48.9;30.2;43.1
O3;uur;µg/m³;2023-03-09T14:00:00+01:00;2023-03-09T15:00:00+01:00;4.5;19;13.5;23;29.6;19.99;25.18;16.52;24.11;17.87;19.39;19.56;22.07;19.87;26.64;19.78;24.79;19.28;31.04;27.96;43.73;21.42;18.97;9.04;62.03;25.84;49.53;30.26;30.51;23;31.51;35.37;27.99;43.39;42.59;20.24;44.77;48.52;61.63;52.57;75.79;69.08;43.8;31.1;41.1
O3;uur;µg/m³;2023-03-09T15:00:00+01:00;2023-03-09T16:00:00+01:00;7.9;15.8;13.8;21;26.1;16.32;17.38;59.03;56.76;18.32;15.35;17.72;18.07;20.91;24.15;14.25;23.48;18.49;25.63;24.63;38.08;24.87;18.46;12.04;60.76;26.33;46.35;30.82;29.22;20.87;29.69;29.43;26.4;38.97;35.44;19.23;40.05;45.75;56.78;48.82;72.71;62.44;39.7;23.3;38.3
O3;uur;µg/m³;2023-03-09T16:00:00+01:00;2023-03-09T17:00:00+01:00;5.1;11.9;8.7;12.4;16;12.31;12.98;69.66;69.43;14.37;9.67;12.59;10.6;11.03;22.32;34.95;17.72;13.55;23.62;22.63;34.94;20.29;7.71;8.69;57.86;26.37;44.3;27.86;27.64;21.45;27.03;31.5;21.56;30.62;33.85;19.7;36.43;41.82;52.5;46.1;65.46;58.63;38.6;22.9;33.6
O3;uur;µg/m³;2023-03-09T17:00:00+01:00;2023-03-09T18:00:00+01:00;2.5;10.6;6.4;9.2;12.1;42.57;11.11;67.27;65.72;11.39;9.19;4.36;4.77;5.52;18.96;65.42;20.14;10.01;17.36;17.54;32.27;18.76;6.44;10.69;53.95;24.65;40.36;26.18;28.31;24.51;25.79;28.59;18.69;29.57;30.92;21.14;34.21;38.26;47.18;44.62;59.78;53.63;35.9;24.3;31.6
O3;uur;µg/m³;2023-03-09T18:00:00+01:00;2023-03-09T19:00:00+01:00;-0.7;8.6;4.7;6.4;9.6;57.08;5.18;71.86;71.66;3.78;6.34;-0.25;2.31;1.53;8.76;67.03;19.11;8.1;11.23;11.81;29.87;17;5.64;10.41;;20.3;37.46;25.73;26.89;26.65;28.97;28.84;17.88;28.49;28.61;13.83;32.93;33.34;38.89;41.05;57.03;47.69;34.3;28.8;31.7
O3;uur;µg/m³;2023-03-09T19:00:00+01:00;2023-03-09T20:00:00+01:00;-1.6;7.9;4.6;9.6;3.3;63.75;0.8;71.31;69.7;3.57;3.68;-0.81;0.68;2.57;6.15;66.29;22.97;8.67;5.74;5.29;33.53;20.66;5.75;15.67;;29.14;33.17;28.73;20.92;25.95;31.8;22.34;19.33;26.1;27.91;8.82;33.7;28.82;37.81;38.8;52.61;46.61;34.8;33.4;32.3
O3;uur;µg/m³;2023-03-09T20:00:00+01:00;2023-03-09T21:00:00+01:00;-1.9;14.4;10;13.5;2.9;62.64;-0.05;71.7;69.07;2.89;4.48;-1.33;0.81;7.78;3.92;63.41;25.11;16.91;1.6;-0.01;32.52;21.14;7.67;18.5;;34.02;34.9;28.25;22.01;22.41;30.57;24.26;19.21;24.21;29.04;15.74;33.31;30.89;41.47;39.47;52.14;49.78;31.8;31;31.3
O3;uur;µg/m³;2023-03-09T21:00:00+01:00;2023-03-09T22:00:00+01:00;-1.8;17.5;13.4;17.4;6.8;60.3;0.06;70.8;69.14;13.77;38.52;-0.86;1.56;32.58;4.47;57.82;24.98;17.9;6.84;1.96;34.27;21.2;14.1;18.61;;32.71;36.96;29.95;24;21.76;30.52;26.16;17.88;22.01;25.75;12.2;32.55;33.17;41.46;41.75;49.26;50.2;33.3;32;34.2
O3;uur;µg/m³;2023-03-09T22:00:00+01:00;2023-03-09T23:00:00+01:00;-0.2;14.3;10.7;16.7;7.9;60.95;1.36;72.71;71.77;14.28;45.4;3.95;1.22;58.91;1.58;65.07;25.2;14.98;6.37;3.61;34.43;18.44;14.76;18.6;;27.66;37.24;27.19;23.11;21.52;28.04;24.95;18.75;20.39;27.67;10.37;30.87;33.44;41.55;44.5;53.06;47.86;36;34.5;34.4
O3;uur;µg/m³;2023-03-09T23:00:00+01:00;2023-03-10T00:00:00+01:00;-1.9;15.3;10.6;15;5.3;65.94;45.27;74.91;74.96;8.49;63.45;53.8;0.28;55.82;1.68;72.82;24.66;17.34;7.77;3.09;32.46;21.17;13.68;19.71;45.01;26.1;35.89;24.63;23.22;21.58;27.03;25.16;16.66;20.21;27.15;13.61;29.58;33.43;43.39;46.85;55.56;46.54;32.9;32;30.5
O3;uur;µg/m³;2023-03-10T00:00:00+01:00;2023-03-10T01:00:00+01:00;-1.9;13.8;9.9;14.6;2.3;68.43;49.13;74.73;75.58;5.05;66.24;60.99;-0.2;61.93;1.63;65.86;23.27;17.74;8.34;1.9;35.13;22.7;16.33;18.84;46.13;26.25;33.6;26.88;22.91;22.32;28.07;25.77;14.7;19.12;26.57;12.5;29.23;34.48;45.96;46.68;51.9;48.41;32.2;32.2;28.7
O3;uur;µg/m³;2023-03-10T01:00:00+01:00;2023-03-10T02:00:00+01:00;-1.9;13.7;8.9;12.3;3.8;71;29.3;76.16;76.09;6.96;55.89;66.07;-0.67;64.53;13.12;64.29;24.12;17;8.73;3.37;34.36;24.33;14.48;21.17;48.08;28.52;32.28;26.58;23.32;21.62;26.31;26.18;16.39;19.6;23.5;15.15;29.51;36;46.83;44.23;58.11;50.32;30.1;30.1;27.7
O3;uur;µg/m³;2023-03-10T02:00:00+01:00;2023-03-10T03:00:00+01:00;-0.7;13.2;9.8;11;6.5;71.67;48.83;73.56;74.57;60.1;59.96;65.56;-0.65;67.16;45.44;65.06;24.38;14.93;9.56;7.56;31.58;24.38;12.53;22.39;47.61;20.99;31.69;25.19;22.48;21.4;24.95;24.78;16.32;20.48;21.62;12.84;28.43;38.95;45.06;42.34;60.21;54.77;28.4;28.4;24.6
O3;uur;µg/m³;2023-03-10T03:00:00+01:00;2023-03-10T04:00:00+01:00;2.1;14;11.6;11.3;6.6;72.89;64.83;72.79;76.99;63.58;51.9;67.28;-0.63;65.83;57.11;67.65;24.56;14.3;7.42;5.98;29.64;24.81;12.71;22.66;48.14;19.14;31.46;22.85;21.74;20.94;23.49;24.38;15.89;17.88;22.65;5.62;29.36;39.14;47.66;40.88;58.02;53.95;28.1;28.1;24.5
O3;uur;µg/m³;2023-03-10T04:00:00+01:00;2023-03-10T05:00:00+01:00;-1.8;14.4;9.4;10.8;2.8;70.8;61.9;79.66;80.54;65.71;55.37;65;-0.33;63.69;57.84;76.49;21.67;16.22;3.47;0.34;28.78;24.08;12.45;20.11;52.71;24.62;35.91;22.22;20.73;17.93;22.08;23.77;15.76;17.33;23.06;5.92;30.54;38.17;49.66;39.05;57.66;51.27;28.7;29.8;26.2
O3;uur;µg/m³;2023-03-10T05:00:00+01:00;2023-03-10T06:00:00+01:00;-1.9;10.2;7.5;10.5;2.5;71.31;63.11;77.63;77.55;63.3;58.51;64.11;1.3;61.38;63.14;69.59;21.46;16.39;5.91;1.44;29.84;22.26;10.59;12.69;54.75;30.16;37.1;22.57;20.41;19.37;23.02;23.38;14.04;19.36;23.29;4.39;32.06;37.37;48.62;42.1;57.2;48.47;34.8;34.3;31.6
O3;uur;µg/m³;2023-03-10T06:00:00+01:00;2023-03-10T07:00:00+01:00;-1.9;6.5;4.4;11.1;2.7;66.98;59.79;73.74;73.46;63.64;64.14;62.04;14.57;56.89;61.84;65.27;19.78;12.14;4.47;3.09;35.35;20.21;7.8;7.78;51.44;25.53;36.08;23.4;20.35;17.87;25.51;22.27;12.35;19.6;23.07;11.03;31.78;37.26;46.19;42.85;57.91;46.98;32;30.8;31.1
O3;uur;µg/m³;2023-03-10T07:00:00+01:00;2023-03-10T08:00:00+01:00;-1.9;3.9;1.3;8.7;2.1;63.22;58.83;66.27;69.6;56.91;54.82;51.32;42.1;55.64;55.34;63.39;18.31;12.2;4.18;3.73;32.76;18.61;6;6.07;49.4;18.08;33.53;23.56;20.13;13.87;25.88;21.07;11.75;21.48;21.81;12.24;30.9;38.48;43.75;40.97;59.57;51.51;29.2;26.5;26.4
O3;uur;µg/m³;2023-03-10T08:00:00+01:00;2023-03-10T09:00:00+01:00;-1.9;3.3;1.3;8.9;4.5;64.24;62.25;64.98;64.4;58.66;42.27;49.25;33.96;55.65;42.67;62.4;16.98;9.8;4.71;3;30.11;16.77;6.19;8.13;46.33;17.81;32.08;22.31;18.76;13.68;23.76;20.13;10.75;22.32;20.87;13.66;29.43;36.73;39.85;39.62;59.73;45.74;28.4;24.1;23.6
O3;uur;µg/m³;2023-03-10T09:00:00+01:00;2023-03-10T10:00:00+01:00;-1.7;4.8;1.7;6.5;5.2;62.04;63.99;68.76;69.39;61.64;52.11;55.64;45.72;61.83;52.6;57.4;18.94;9.28;6.06;2.45;29.99;19.98;3.76;10.07;48.34;24.34;31.88;22.18;18.13;14.71;22.42;19.53;10.72;23.06;22;11.97;27.13;34.78;44.45;41.43;61.18;47.57;28.4;28.2;25.4
O3;uur;µg/m³;2023-03-10T10:00:00+01:00;2023-03-10T11:00:00+01:00;1;3.5;5;11.5;9;63.68;63.65;68.84;69.75;62.39;48.12;60.1;54.11;61.28;52.51;53.93;19.17;9.56;8.64;4.77;29.39;22.01;7.68;11.73;54.21;30.03;31.81;22.72;18.93;12.55;22.42;20.27;11.01;23.67;22.23;8.97;25.53;33.75;45.28;41.09;70.91;52.62;29.5;28.8;26.6
O3;uur;µg/m³;2023-03-10T11:00:00+01:00;2023-03-10T12:00:00+01:00;4.9;13.4;9.8;16.3;15.6;63.18;64.47;64.9;66.61;60.46;47.64;54.48;50.78;55.12;44.43;55.87;20.54;13.86;11.42;7.96;32.72;23.97;16.41;12.94;59.8;29.87;32.45;25.66;22.06;18.92;23.65;24.73;14.04;24.11;19.85;9.77;25.4;36.11;50.92;40.12;67.4;59.3;30.1;29.5;26.8
O3;uur;µg/m³;2023-03-10T12:00:00+01:00;2023-03-10T13:00:00+01:00;12.7;18.1;14.9;23.3;21.9;58.18;59.35;59.85;59.71;55.46;53.31;46.89;33.08;51.3;10.58;56.11;24.71;20.41;19.34;12.05;39.96;28.42;21.99;17.71;69.51;36.41;34.12;27.51;22.64;20.94;26.95;25.21;20.57;23.98;23.57;11;26.05;36.84;63.45;41.97;64.87;60.4;34.6;34.5;32
O3;uur;µg/m³;2023-03-10T13:00:00+01:00;2023-03-10T14:00:00+01:00;15;21.5;20.4;24.1;32.1;51.47;54.85;47.26;49.86;49;42.39;44.29;10.88;47.98;21.2;27.15;33.06;24.23;23.41;17.34;49.57;29.27;25.37;27.74;75.92;47.49;36.89;31.35;24.83;24.5;29.93;28.29;23.27;19.42;24.56;14.87;27.08;38.2;60.9;43.89;70.32;57.98;39.8;39.9;38.7
O3;uur;µg/m³;2023-03-10T14:00:00+01:00;2023-03-10T15:00:00+01:00;28.7;31.3;39.8;54;71.5;35.82;49.85;32.37;34.97;14.94;20.66;47.81;19.8;54.66;59.14;48.7;68.15;36.34;32.51;24.91;73.58;55.97;44.39;63.48;84.29;66.99;42.9;43.24;30.82;27.33;37.56;32.74;29.68;21.62;25.86;17.37;26.42;44.2;71.81;45.1;71.94;57.67;56.5;54.4;49.9
O3;uur;µg/m³;2023-03-10T15:00:00+01:00;2023-03-10T16:00:00+01:00;61;64.2;71.6;77.4;85.3;25.27;20.43;30.05;29.73;27.25;57.75;13.66;46.61;24.81;78.05;76.8;80.53;70.69;69.67;55.04;85.96;78.63;72.31;78.87;85.38;77.75;59.75;66.42;59.89;56.03;53.28;64.19;56.9;21.96;33.34;15.52;33.34;50.45;82.38;46.79;78.74;64.45;74.5;67.4;65.6
O3;uur;µg/m³;2023-03-10T16:00:00+01:00;2023-03-10T17:00:00+01:00;63.4;68.9;74.9;80.9;87.1;21.55;28.5;25.31;26.3;66.64;78.18;43.31;75.11;46.11;80.93;79.43;83.42;76.78;75.17;72.07;90.04;83.9;78.68;82.52;89.39;77.51;84.53;72.89;74.69;74.37;59.66;80.25;69.68;24.78;67.16;35.49;41.36;67.84;76.55;52.11;81.67;71.99;75.8;63.7;68.6
O3;uur;µg/m³;2023-03-10T17:00:00+01:00;2023-03-10T18:00:00+01:00;68;68.6;77.3;78.8;90;50.59;72.51;54.08;47.25;77.19;78.83;70.73;76.42;72.3;83.31;82.71;84.47;77.81;77.52;77.14;91.92;84.3;81.47;83.23;88.2;81.71;81.52;74.1;73.94;75.02;65.55;80.26;72.4;44.8;80.89;75.44;63.65;74.4;79.5;62.57;84.07;78.16;79.9;72.5;73.4
O3;uur;µg/m³;2023-03-10T18:00:00+01:00;2023-03-10T19:00:00+01:00;70.3;71.2;79;78.7;93.2;73.51;72.74;76.82;74.37;81.62;83.3;71.24;77.85;74.5;84.16;82.28;84.86;85.04;79.99;79.59;91.83;87.08;82.52;84.62;85.64;87.58;85.97;74.02;73.47;71.05;67.08;79.5;75.25;72.8;80.06;68.83;76.39;75.14;84.2;73.76;82.72;82.89;78.4;70;73.5
O3;uur;µg/m³;2023-03-10T19:00:00+01:00;2023-03-10T20:00:00+01:00;68;68;73.9;77.6;98.2;74.56;76.11;78.61;76.7;81.18;81.73;70.38;81.88;76.23;81.39;80.01;85.01;78.03;77.47;80.4;91.38;86.68;80.31;84.2;86.44;89.37;85.46;81.65;72.59;69.45;75.51;79.82;80.05;74.32;83.77;76.53;73.7;75.89;86.19;79.53;82.63;79.85;83.2;74.5;78.3
O3;uur;µg/m³;2023-03-10T20:00:00+01:00;2023-03-10T21:00:00+01:00;64.7;66.1;69.1;76;92.4;74.92;72.91;76.87;76.01;80.35;79.66;75.43;82.76;76.32;80.23;79.52;81.08;82.88;77.09;79.37;91.83;85.23;79.44;81.5;86.78;92.55;81.95;82.76;73.38;64.73;70.46;80.34;78.86;74.61;79.47;72.54;75.73;77.97;82.99;81.51;83.24;85.12;80.3;72.3;74.1
O3;uur;µg/m³;2023-03-10T21:00:00+01:00;2023-03-10T22:00:00+01:00;61;61.3;74.4;73.6;91.6;76.34;76.29;79.13;77.72;76.95;74.56;69.94;73.16;72.88;78.83;78.55;78.98;77.19;72.93;76.91;87.46;82.38;72.48;78.54;84.28;88.68;81.49;83.72;72.6;65.19;69.1;78.97;80.5;78.14;81.78;76.55;76.96;76.64;77.63;82.78;81.61;82.41;78.1;72.3;71.8
O3;uur;µg/m³;2023-03-10T22:00:00+01:00;2023-03-10T23:00:00+01:00;59.5;55.8;73.5;67;92.4;73.5;74.05;75.41;76.84;74.48;70.8;67.21;70.4;70.73;77.31;77.5;79.27;73.95;66.66;76.01;85.26;80.85;70.39;79.17;84.85;78.01;81.3;77.7;66.53;66.86;69.32;74.05;76.64;80.8;80.13;75.34;76.41;73.96;77.06;83.29;80.45;80.49;75.6;62.4;70.5
O3;uur;µg/m³;2023-03-10T23:00:00+01:00;2023-03-11T00:00:00+01:00;61.4;53.1;69.8;71.7;91.6;68.52;71.35;72.13;74.05;69.39;62.16;63.81;65.88;65.85;77.15;78.05;81.57;73.34;66.76;67.39;84.94;82.51;67.61;80.05;83.99;82.76;78.68;72.21;66.81;68.9;67.24;74.69;70.01;75.71;77.87;72.32;73.18;71.29;78.57;80.35;80.74;79.6;74.3;60.3;67.6
O3;uur;µg/m³;2023-03-11T00:00:00+01:00;2023-03-11T01:00:00+01:00;64.9;53.6;74;76.2;91.5;65.3;68.37;67.51;69.65;64.38;53.23;58.26;57.39;60.79;75.95;73.75;82.27;74.2;62.87;52.26;84.93;83.79;66.63;81.47;81.23;80.24;80.18;71.26;59.78;66.67;66.08;64.59;65.7;72.55;70.17;68.53;71.42;72.61;76.32;79.53;81.07;79.32;72.4;65.1;63.6
O3;uur;µg/m³;2023-03-11T01:00:00+01:00;2023-03-11T02:00:00+01:00;64.2;48.4;75.2;72.2;91.6;63.48;61.43;63.68;66.96;54.41;50.32;57.32;37.19;54.09;73.63;61.46;82.07;73.87;64.54;58.96;84.69;82.29;61.36;81.89;82.3;80.58;80.24;69.5;61.33;63.94;64.72;67.45;63.45;68.14;66.12;62.64;69.51;72.91;77.01;78.03;83.25;81.28;69.4;63.6;63.4
O3;uur;µg/m³;2023-03-11T02:00:00+01:00;2023-03-11T03:00:00+01:00;60;8.7;69.7;71.5;94.4;57.23;54.35;57.24;60.29;50.15;28.47;54.67;30.58;48.6;74.02;66.21;80.95;64.84;61.08;62.08;85.24;78.98;66.21;79.98;82.96;75.26;74.71;64.37;55.97;58.33;60.21;62.79;59.3;67.78;60.65;54.04;73.29;69.69;78.11;77.18;86.21;83.27;68.6;50.2;62.1
O3;uur;µg/m³;2023-03-11T03:00:00+01:00;2023-03-11T04:00:00+01:00;49.5;3.2;65.3;67.9;91.9;49.84;52.56;50.87;51.78;43.71;29.24;51.36;25.77;45.12;75.06;63.75;79.33;54.39;53.71;39.2;83.92;77.41;52.92;79.79;81.21;79.65;72.32;61.07;31.05;41.9;54.43;40.3;58.12;62.01;58.58;52.65;69.53;67.52;76.33;76.72;84.12;85.04;63.7;44.1;48.3
O3;uur;µg/m³;2023-03-11T04:00:00+01:00;2023-03-11T05:00:00+01:00;29.4;4.9;53.1;65.6;88.6;45.55;46.88;47.61;50.83;36.55;24.93;48.07;28.88;41.71;74.12;54.86;77.77;52.54;48.42;18.11;83;68.7;38.8;77.88;79.91;76.05;70.21;60.74;31.56;30.11;44.54;39.33;61.78;57.14;57.34;53.73;60.43;69.51;72.86;76.62;81.1;77.69;59.6;52;38.8
O3;uur;µg/m³;2023-03-11T05:00:00+01:00;2023-03-11T06:00:00+01:00;10.4;-1;43.8;65.1;88;39.71;45.07;47.49;45.01;33.6;16.18;43.54;25.2;35.97;73.46;42.44;77.02;47.58;41.99;8.06;80.27;36.31;10.91;75.96;71.09;48.53;70.62;54.49;30.97;35.82;33.91;34.26;55.35;58.96;58.89;50.16;52.16;70.05;68.93;75.71;75.74;68.66;56.5;29.9;35.3
O3;uur;µg/m³;2023-03-11T06:00:00+01:00;2023-03-11T07:00:00+01:00;1.4;0.7;21.8;41.4;86.6;33.82;38.88;40.75;26.7;30.63;10.02;38.05;10.53;31.93;70.21;40.99;69.02;42.25;26.46;0.72;77.39;13.63;2.85;60.25;65.97;34.86;69.2;37.5;18.21;15.13;26.26;28.89;32.21;49.87;54.1;42.8;54.37;69.62;63.62;75.15;76.24;61.95;48.9;12;27.3
O3;uur;µg/m³;2023-03-11T07:00:00+01:00;2023-03-11T08:00:00+01:00;4.6;-0.4;11.9;36.9;82.2;30.36;25.82;38.31;15.02;23.93;8.13;37.06;2.07;25.9;64.27;34.89;49.95;29.14;20.26;1.23;72.37;2.46;2.9;2.83;63.62;23.62;66.15;37.92;6.69;1.97;25.91;23;23.26;50.18;39.32;37.19;50.15;65.12;57.94;69.83;59.32;57.84;28.2;2.9;13.6
O3;uur;µg/m³;2023-03-11T08:00:00+01:00;2023-03-11T09:00:00+01:00;6.1;0.7;11;21.4;81.8;36.44;34.47;43.46;38.9;32.96;10.5;34.24;12.5;34.37;66.6;32.21;33.98;40.05;24.68;7.79;43.03;9.92;8.05;2.62;65.59;33.31;61.38;34.09;19.12;9.98;31.35;33.03;20.58;47.24;41.47;33.24;47.68;65.02;55.72;71.8;61.93;62.42;16.6;12.4;12.5
O3;uur;µg/m³;2023-03-11T09:00:00+01:00;2023-03-11T10:00:00+01:00;27.7;30.9;50.1;35.9;85.6;46.46;50.95;52.13;54.25;46.63;41.25;48.94;31.5;48.23;69.38;45.61;77.04;32.18;41.21;38.91;77.11;54.52;62.08;30.41;63.05;51.56;61.86;39.05;33.92;39.87;39.34;47.08;41.16;52.64;60.31;50.91;53.25;64.49;52.73;72.34;64.1;68.85;34.5;29;40.8
O3;uur;µg/m³;2023-03-11T10:00:00+01:00;2023-03-11T11:00:00+01:00;47.2;44.4;62.8;47.7;85.1;61.31;68.76;70.56;70.24;74.55;74.81;67.87;69.32;71.64;74.25;68.89;80.55;43.66;59.48;53.86;86.79;73.16;75.51;65.92;63.05;78.62;69.31;60.5;57.14;61.8;50.21;67.29;65.55;64.49;65.08;73.28;59.82;60.18;58.49;70.86;69.07;73.19;67.7;50.1;46.7
O3;uur;µg/m³;2023-03-11T11:00:00+01:00;2023-03-11T12:00:00+01:00;57.1;33.8;54.7;51.6;71.1;75.11;76.54;78.89;83.33;76.02;76.72;72;73.27;75.87;72.49;77.47;80.57;45.18;63.38;68.71;86.91;75.07;62.98;61.29;58.63;78.11;71.3;66.76;62.97;70.56;58.53;74.68;67.4;75.19;76.96;76.65;68.31;71.06;65.92;74.49;75.7;78.05;69.1;60.2;69.1
O3;uur;µg/m³;2023-03-11T12:00:00+01:00;2023-03-11T13:00:00+01:00;63.9;44.7;54.9;54.8;59;78.51;78.87;80.32;84.65;77.54;73.87;70.22;74.88;76.67;77.66;76.61;81.74;64.83;75.03;73.26;87.89;76;61.62;64;72.04;80.24;79.92;72.56;67.05;77;65.47;77.77;72.98;79.93;81.29;74.62;75.21;78.04;76.47;79.08;78.76;80.26;77;68.3;74.4
O3;uur;µg/m³;2023-03-11T13:00:00+01:00;2023-03-11T14:00:00+01:00;62.6;48.9;48.3;64.8;75.7;77.79;78.07;88.12;84.21;79.5;63.47;70.62;77.06;77.81;78.12;74.66;78.54;66.59;77.8;72.19;87.7;71.28;60.61;61.58;83;81.72;79.72;75.2;70.32;75.11;62.56;79.45;70.32;80.89;81.38;77.23;75.94;79.64;77.34;82.15;79.58;82.81;82.2;74;80.3
O3;uur;µg/m³;2023-03-11T14:00:00+01:00;2023-03-11T15:00:00+01:00;72;49;59.1;74.2;83.3;80.52;78.16;89.09;85.5;83.07;62.16;73.01;79.4;78.24;73.18;74.21;77.62;68.63;79.78;72.13;87.75;71.26;68.23;61.4;82.88;81.35;77.66;69.3;69.56;72.5;65.62;78;71.89;81.37;80.94;78.23;76.04;79.99;77;84.42;84.53;82.04;83.5;75.3;81.1
O3;uur;µg/m³;2023-03-11T15:00:00+01:00;2023-03-11T16:00:00+01:00;71.4;49.2;63.5;68.6;78.6;80.73;78.7;87.71;88.58;82.84;73.68;74.53;81.02;77.78;72.19;76.93;82.05;73.92;80.9;79;83.51;78.22;74.8;76.85;83.64;79.15;78.43;68.58;64.52;69.22;59.85;73.36;73.47;79.63;77.17;76.69;76.65;75.87;80.8;85.03;83.77;82.37;82.8;74.3;79.9
O3;uur;µg/m³;2023-03-11T16:00:00+01:00;2023-03-11T17:00:00+01:00;75.1;47.3;65.3;76.2;72.7;80.68;78.08;80.5;88.78;81.5;75.77;67.94;77.95;77.39;78.36;73.93;83.5;72.41;79.48;77.04;86.42;80.95;80.75;76.83;83.47;76.39;78.7;71.72;62.22;68.96;63.48;72.98;75.09;71.75;77.65;77.19;74.54;72.09;80.1;83.02;83.1;82.97;80.2;68.2;76.1
O3;uur;µg/m³;2023-03-11T17:00:00+01:00;2023-03-11T18:00:00+01:00;72.3;39.6;70.5;63.1;78.9;76.95;76.59;79.6;83.28;77.07;68.93;69.27;73.21;76.95;81.18;70.16;78.27;71.69;72.41;71.96;85.5;76.04;75.56;71.77;74.31;76.42;80.52;73.18;59.59;64.39;58.33;71.48;67.43;65.6;75.18;74.04;66.53;73.34;76.2;79.5;81.61;81.96;77.2;67.4;76.1
O3;uur;µg/m³;2023-03-11T18:00:00+01:00;2023-03-11T19:00:00+01:00;56.7;41.3;58;47.5;72.3;60.04;47.86;54.44;59.77;63.02;58.07;36.61;60.48;71.52;77.56;49.78;75.04;67.5;55.49;50.23;79.11;59;48.95;65.28;73.3;61.21;73.93;72.22;46.03;48.85;51.4;61.62;55.73;56.85;57.36;66.3;57.12;70.3;61.44;79.18;68.7;74.11;71.2;61.4;64.3
O3;uur;µg/m³;2023-03-11T19:00:00+01:00;2023-03-11T20:00:00+01:00;13.4;12.6;34;32.9;72.6;50.49;35.55;34.25;14.66;52.36;47.74;16.47;23.98;29.79;73.33;30.99;67.03;53.73;45.07;22.37;67.3;19.79;16.1;52.82;67.5;51.41;66.5;66.37;9.1;15.54;34.48;36.68;49.37;59.92;25.96;28.4;46.69;67.49;64.14;73.94;61.11;69.43;47.5;41.2;53.3
O3;uur;µg/m³;2023-03-11T20:00:00+01:00;2023-03-11T21:00:00+01:00;4.8;3.3;8.7;25.2;49.3;27.26;44.27;25.47;6.74;44.92;31.59;12.78;3.66;6.1;61.37;49.17;54.48;23.18;38.12;13.57;53.16;17.31;3.78;18.96;66.12;45.96;58.33;45.95;2.4;1.75;1.5;8.56;36.44;54.92;25.68;18.62;38.74;48.34;63.06;64.39;55.55;66.21;36.5;14.5;55.7
O3;uur;µg/m³;2023-03-11T21:00:00+01:00;2023-03-11T22:00:00+01:00;1.6;24.7;2.2;27.1;25.1;19.49;54.44;28.43;9.16;21.98;28.51;29.98;9.88;27.21;56.44;53.65;30.27;34.45;37.99;16.8;37.55;34.65;5.35;4.64;65.64;40.37;59.11;35.28;1.68;1.27;0.4;5.65;17.79;39.13;16.31;35.24;33.51;45.88;66.18;60.28;53.7;66.42;22.5;14.1;38.9
O3;uur;µg/m³;2023-03-11T22:00:00+01:00;2023-03-11T23:00:00+01:00;6.6;22.7;15.9;26.2;5.8;27.07;46.31;26.27;23.92;47.32;17.06;48.48;29.31;40.06;48.11;55.05;31.45;29.83;16.11;27.2;31.12;23.27;1.69;11.44;46.05;29.47;36.69;36.37;3.76;2.26;11.55;8.85;3.67;36.66;10.35;46.29;29.39;35.24;67.54;54.71;55.12;62.82;2.2;3.7;28
O3;uur;µg/m³;2023-03-11T23:00:00+01:00;2023-03-12T00:00:00+01:00;10.1;25.4;3.5;21;10.6;32.18;50.69;36.71;28.17;41.92;31.4;42.64;32.99;38.97;41.67;53.56;42.42;31.57;35.83;47.34;36.22;39.5;4;15.51;38.38;26.41;37.99;25.11;13.59;3.11;9.37;20.83;24.04;34.86;20.33;59.61;29.04;37.39;65.24;53.63;58.24;59.54;12;13.9;10.1
O3;uur;µg/m³;2023-03-12T00:00:00+01:00;2023-03-12T01:00:00+01:00;29.6;28.3;3.2;23.3;21.6;38.14;55.33;36.17;23.92;39.59;42.67;47.36;43.69;44.94;44.17;44.52;47.92;36.76;34.87;49.68;57.65;47.69;12.95;29.32;42.11;8.13;37.91;22.63;26.93;13.66;5.86;31.06;29.45;36.71;23.99;59.58;29.87;31.25;50.4;55.01;53.35;59.49;20.2;28.2;17.7
O3;uur;µg/m³;2023-03-12T01:00:00+01:00;2023-03-12T02:00:00+01:00;37.5;36.3;31.9;33.3;20.6;39.23;52.93;48.53;51.39;46.03;46.68;50.18;54.67;45.8;32.52;51.67;36.34;44.06;50.37;54.8;54.96;32.68;44.92;22.39;50.76;19.02;36.66;24.63;31.33;22.63;15.08;35.02;35;31.5;37.99;59.65;35.43;25.91;47.38;49.78;52.39;57.45;18.9;29.4;30.8
O3;uur;µg/m³;2023-03-12T02:00:00+01:00;2023-03-12T03:00:00+01:00;47.9;38.6;37.7;46.4;18.1;37.64;52.05;52.51;66.08;49.08;49.36;46.25;55.13;44.39;46.44;62.05;38.45;44.88;54.97;57.43;45.09;43.92;51.37;35.07;56.58;43.85;46.05;30.82;38.44;30.59;31.66;42.23;41.18;33.96;44.02;56.33;43.86;34.71;50.68;42.38;51.11;47.1;31;34.5;34.6
O3;uur;µg/m³;2023-03-12T03:00:00+01:00;2023-03-12T04:00:00+01:00;46.7;40;29.1;48.6;38.4;32.04;51.26;59.46;66.88;50.42;47.8;41.79;54.72;40.84;54.46;63.48;49.87;49.96;52.94;57.21;47.18;42.79;51.8;46.47;44.98;50.82;54.54;39.62;41.19;38.32;41.28;45.29;47.87;25.76;44.05;58.35;43.57;37.42;49.22;47.65;52.17;51.9;29.6;39.3;38.9
O3;uur;µg/m³;2023-03-12T04:00:00+01:00;2023-03-12T05:00:00+01:00;50.6;46.2;35.4;46;42.9;33.38;46.52;63.6;68.39;50.64;52.65;45.1;55.05;42.56;64.64;61.33;49.65;52.29;57.06;56.6;50.91;53.81;51.37;42.53;51.87;53.41;56.6;50.33;44.5;46.21;41.89;48.22;50.06;16.59;45.51;56.51;42.76;42.2;48.57;47.42;57.62;59.09;35.3;45.9;47.6
O3;uur;µg/m³;2023-03-12T05:00:00+01:00;2023-03-12T06:00:00+01:00;50.3;48.1;49.1;45.4;32.1;35.74;45.95;66.19;68.99;50.48;59.76;45.73;55.55;43.63;63.38;56.7;41.97;53.93;56.88;55.59;64.64;51.24;40.27;43.11;58.91;63.3;61.23;57.92;54.33;59.3;55.68;59.21;48.41;26.9;51.8;55.26;29.54;43.46;48.24;39.34;57.19;58.27;53.4;53.4;55
O3;uur;µg/m³;2023-03-12T06:00:00+01:00;2023-03-12T07:00:00+01:00;51.6;45.4;43.9;38;38.7;49.45;49.29;61.92;62.87;59.31;50.39;51.63;60.51;57.65;56.97;48.92;40.8;53.88;58.37;54.34;57.26;52.57;34.72;43.21;63.8;61.02;60.87;52.74;50.58;53.13;55.58;55.39;50.29;30.74;54.89;51.1;23.65;41.87;46.09;33.11;55.99;53.61;52.2;59.9;61.3
O3;uur;µg/m³;2023-03-12T07:00:00+01:00;2023-03-12T08:00:00+01:00;50.7;48.6;44.3;38.5;38.5;51.09;52.18;58.81;55.63;57.34;37.95;55.81;58.34;53.99;43.7;41.61;37.4;55.92;53.7;56.64;52.06;42.95;47.83;39.92;67.09;55.08;58.52;52.18;50.66;53.03;47.24;54.62;47.49;36.7;53.41;53.76;34.87;46.45;54.45;34.77;53.06;48.88;53.7;51.5;51.2
O3;uur;µg/m³;2023-03-12T08:00:00+01:00;2023-03-12T09:00:00+01:00;42.8;27.6;26.4;29.8;30.5;47.77;53.49;51.71;49.5;51.46;34.24;49.58;49.81;45.83;41.95;43.62;37.39;43.21;42.74;47.49;46.3;38.95;25.32;33.77;57.58;49.92;54.83;49.4;46.7;47.22;44.74;51.5;48.13;39.19;52.56;51.41;56.84;55.61;59.47;35.63;48.62;43.04;50.8;48;50
O3;uur;µg/m³;2023-03-12T09:00:00+01:00;2023-03-12T10:00:00+01:00;30.6;16.6;12;32.5;14.9;42.61;48.27;47.18;47.15;43.67;40.82;43.26;37.39;41.37;47.87;49.45;34.4;26.25;36.28;33.22;40.58;26.73;23.53;29.19;49.46;39.83;51.34;41.06;40.8;41.43;40.19;46.5;37.82;34.24;50.12;47.56;49.05;52.65;58.04;38.89;48.94;44.19;46.2;40.2;43.5
O3;uur;µg/m³;2023-03-12T10:00:00+01:00;2023-03-12T11:00:00+01:00;45;22.4;33.4;49.6;27.6;43.11;41.29;50.91;48.9;38.01;52.86;39.75;43.96;39.79;52.3;56.42;42.46;30.7;49.85;38.89;51.41;48.54;50.71;45.37;36.77;46.69;48.59;30.38;32.69;32.15;32.17;38.26;33.17;42.23;46.49;43.07;44.38;44.78;51.46;43.83;54.13;48.91;32;28.6;28.5
O3;uur;µg/m³;2023-03-12T11:00:00+01:00;2023-03-12T12:00:00+01:00;49.2;36.9;39.4;52;43.6;48.04;40.22;53.06;53.98;46.63;52.51;40.53;53.04;42.72;62.56;68.49;57.76;47.89;56.91;50.1;57.97;52.14;51.93;54.45;52.4;55.46;42.49;46.03;28.68;32.55;34.58;34.42;41.25;43.97;38.83;38.18;44.03;42.55;46.08;46.04;53.62;49.6;49.2;50.2;50.3
O3;uur;µg/m³;2023-03-12T12:00:00+01:00;2023-03-12T13:00:00+01:00;57.2;40.7;49.6;50.8;48;53.19;46.95;64.98;64.45;61.39;66.45;47.7;64.66;49.23;67.18;74.72;62.08;50.89;66.24;57.4;60.54;58.05;61.58;58.89;65.8;61.3;45.76;56.65;42.57;39.94;49.07;48.51;53.44;37.98;39.13;43.81;38.93;39.72;50.5;42.54;48.85;46.37;57.4;55;56.8
O3;uur;µg/m³;2023-03-12T13:00:00+01:00;2023-03-12T14:00:00+01:00;64.9;49;52.9;57.8;52.9;61.31;54.24;71.4;70.99;68.76;72.58;58.21;73.93;60.86;66.69;78.96;70.81;61.59;72.48;69.36;67.82;66.84;66.86;62.56;68.06;64.76;55.33;62.21;54.78;48.12;57.98;60.49;58.28;38.43;52.97;55.97;36.77;44.11;65.44;41.66;46.2;40.47;63.3;59.6;63.6
O3;uur;µg/m³;2023-03-12T14:00:00+01:00;2023-03-12T15:00:00+01:00;63.2;49.5;54;64.1;51.5;68.5;64.8;77.65;76.95;71.73;77.57;67.82;77.37;70.32;73.78;79.81;72.86;65.4;74;72.02;70.39;68.6;63.23;61.75;69.84;70.18;65.27;69.83;60.02;58.32;62.85;64.74;67.84;45.46;60.59;64.88;43.68;55.33;64.75;40.35;59.81;46.53;67.9;65.1;69.5
O3;uur;µg/m³;2023-03-12T15:00:00+01:00;2023-03-12T16:00:00+01:00;68.7;51.3;58;62.2;49.6;75.72;68.4;82.08;82.77;73.11;72.17;61.95;81.67;72.45;75.27;81.55;70.37;72.68;78.65;77.23;71.41;71.68;62.84;56.72;74.99;73.9;72.35;74.21;70.33;66.59;68.3;75.06;72.95;56.52;71.97;75.63;52.09;62.3;67.2;43.87;69.26;61.18;77.2;72.2;76.9
O3;uur;µg/m³;2023-03-12T16:00:00+01:00;2023-03-12T17:00:00+01:00;72.1;55.1;60.1;65.9;53.2;77;65.38;85.57;85.73;73.05;69.08;74.78;81.26;77.56;81.7;77.84;66.95;71.81;79.26;75.41;73.87;71.93;63.35;53.75;75.78;74.54;82.75;71.82;67.02;69.13;66.97;72.1;74.87;65.05;77.52;74.68;57.54;66.27;69.56;53.7;71.65;66.98;77.4;72.9;79.4
O3;uur;µg/m³;2023-03-12T17:00:00+01:00;2023-03-12T18:00:00+01:00;79.1;60.6;67.4;70.8;58.2;77.43;72.93;82.03;81.48;78.73;75.14;76;75.9;78.14;81.96;79.36;68.84;79.48;82.73;77.14;73.92;74.21;76.03;58.58;75.94;76.62;78.73;73.11;65.18;68.69;64.21;71.1;75.34;71.91;79.84;75.64;69.94;71.39;69.02;66.01;73.46;69.71;76.6;73.6;77.6
O3;uur;µg/m³;2023-03-12T18:00:00+01:00;2023-03-12T19:00:00+01:00;79.1;63.4;64.9;75.6;65.2;76.35;75.12;76.11;74.42;77.48;76.97;77.28;76.3;77.52;79.93;77.08;73.86;78.61;82.93;77.74;78.21;79.04;75.55;66.93;73.2;78.22;75.21;75.77;74.09;76.25;70.75;79.53;79.17;71.89;77.66;70.52;69.53;72.25;64.52;71.96;68.79;70.06;69.1;70.3;64.1
O3;uur;µg/m³;2023-03-12T19:00:00+01:00;2023-03-12T20:00:00+01:00;78.2;64.5;60.4;72.5;64.4;76.04;74.18;71.48;72.15;78.99;71.31;76.34;75.05;75.62;66.01;71.68;71.26;78.84;74.29;72.11;79.85;74.43;74.73;64.83;70.07;79.56;75.45;75.06;75.1;77.57;71.19;81.04;79.12;65.63;79.09;67.78;71.6;69.81;63.01;69.98;68.1;69.1;64;70.6;64.2
O3;uur;µg/m³;2023-03-12T20:00:00+01:00;2023-03-12T21:00:00+01:00;63.3;60.5;52.2;57.9;62.6;68.25;73.05;74.41;74.75;74.21;59.11;72.17;69.63;72.03;63.51;61;66.8;65.9;70.03;67.36;75.63;73.33;59.55;62.9;68.68;77.34;75.35;71.88;71.65;72.81;67.61;77.72;66.34;53.83;78.3;71.63;76.35;73.25;70.98;67.09;64.27;68.72;64;70.8;64.3
O3;uur;µg/m³;2023-03-12T21:00:00+01:00;2023-03-12T22:00:00+01:00;66.6;52.3;51.5;41.9;49.4;66.72;67.14;73;72.78;68.98;48.5;67.7;63.75;66.55;62.2;55.34;64.23;48.74;66.78;62.39;70.91;68.46;59.06;56.97;75.98;75.46;74.69;64.37;61.44;59.79;61.79;68.11;62.33;62.17;67.86;71.72;73.31;71.76;71.56;70.86;68.54;68.41;68.7;64.1;63.8
O3;uur;µg/m³;2023-03-12T22:00:00+01:00;2023-03-12T23:00:00+01:00;58.2;35.2;50.9;57.5;53.8;66.09;65.1;69.18;69.03;69.39;48.21;67.12;63.33;66.77;52.52;60.24;60.02;61.93;56.31;56.28;67.03;61.24;56.58;56.1;69.91;67.18;70.42;62.44;60.46;59.35;50.54;66;55.05;66.25;68.76;66.31;62.32;70.39;69.98;74.1;69.82;71.7;66.4;60.5;64.8
O3;uur;µg/m³;2023-03-12T23:00:00+01:00;2023-03-13T00:00:00+01:00;52.3;31.9;48.5;50.4;40.3;62.62;64.06;69.69;70.87;66.36;51.68;63.91;62.88;62.62;56.75;61.96;53.18;56.03;56.94;51.92;62.57;49.15;51.8;48.26;64.06;61.71;66.74;51.02;55.59;55.92;46.96;60.06;52.19;63.18;68;64.08;62.77;66.49;67.92;72.96;68.52;69.4;61.7;58.6;60.8
O3;uur;µg/m³;2023-03-13T00:00:00+01:00;2023-03-13T01:00:00+01:00;53.8;32.8;48.5;54.8;42.6;65.18;60.98;72.06;72.88;62.6;50.83;60.1;62.83;59.71;57.95;56.81;50.7;58.4;59.13;54.68;53.83;48.84;48.68;52.86;57.51;53.44;61.35;46.67;50.6;49.22;44.34;54.63;48.97;61.81;63.79;60.88;63.68;61.18;65.87;66.12;67.15;68.41;50.1;51.5;52.1
O3;uur;µg/m³;2023-03-13T01:00:00+01:00;2023-03-13T02:00:00+01:00;53.6;41.2;51.3;50.5;43.3;66.44;59.28;69.39;69.95;58.69;46.65;58.8;60.05;55.8;54.39;52.25;53.69;60.4;58.65;51.53;56.03;48.07;53.5;53.37;53.75;52.86;58.89;49.12;52.62;54.31;48.28;57.39;52.48;58.13;60.52;57.11;58.94;58.28;58.88;65.44;64.96;66.5;50;51.3;53.8
O3;uur;µg/m³;2023-03-13T02:00:00+01:00;2023-03-13T03:00:00+01:00;49.3;44.6;43.9;44.1;42.3;;;;;;;;;;;;;;;;;;;;;;;;;;;;;;;;;;;;;;52;55.2;56
O3;uur;µg/m³;2023-03-13T03:00:00+01:00;2023-03-13T04:00:00+01:00;46;39.1;28;34.3;40.7;52.67;54.66;55.55;55.98;53.21;37.39;52.69;48.94;51.75;44.17;44.42;45.19;33.65;46.46;40.86;49.4;48.24;41.56;44.85;47.95;51.24;56.4;47.38;47.59;48.81;46.59;52.07;43;56.86;56.82;56.32;55.81;54.26;56.67;60.44;58.68;60.29;49.7;48.4;48.6
O3;uur;µg/m³;2023-03-13T04:00:00+01:00;2023-03-13T05:00:00+01:00;42.2;35.6;23.2;38;38.4;47.21;48.91;50.97;51.51;46.68;32.92;46.71;43.04;46.27;40.76;41.99;42.08;30.94;43.65;41.06;44.94;44.14;41.13;42.02;45.8;46.48;49.68;42.79;41.91;43.15;42.96;46.83;41.56;54.53;50.88;51.3;53.07;50.76;50.77;59.03;56.58;57.37;44.8;44.4;43.9
O3;uur;µg/m³;2023-03-13T05:00:00+01:00;2023-03-13T06:00:00+01:00;40.3;32.3;18;35.4;35.8;43.13;44.02;44.17;47.06;43.21;32.52;40.89;41.64;41.51;40.94;40.21;37.64;27.88;40.72;37;42.99;39.13;34.68;35.05;44.9;44.59;45.06;40.59;38.38;37.4;38.57;43.02;38.66;48.6;43.65;45.81;46.6;44.56;44.76;54.42;50.35;51.27;42.4;42.9;41.1
O3;uur;µg/m³;2023-03-13T06:00:00+01:00;2023-03-13T07:00:00+01:00;37.1;27.4;17.4;39.1;38.3;40.95;39.87;41.28;43.7;41.83;34.18;38.51;38.12;40.71;39.28;39.36;37.97;27.27;39.33;35.91;42.19;39.01;31.2;34.8;42.54;43.5;42.53;38.03;36.04;36.6;34.45;41.09;37.66;42.41;40.37;40.2;40.84;41.37;43.57;47.4;44.88;44.68;40.2;37.3;37.5
O3;uur;µg/m³;2023-03-13T07:00:00+01:00;2023-03-13T08:00:00+01:00;35.2;24.6;16.5;36.2;35.7;38.44;39.52;38.49;40.07;40.85;32.88;37.73;35.33;39.67;38.77;39.61;36.89;21.19;38.19;31.84;42.13;36.92;26.95;34.09;38.88;43.2;41.86;36.27;33.68;32.83;32.45;38.67;35.28;38.16;39.19;38.3;37.33;40.58;44.06;42.35;43.1;42.26;38.6;33.9;33.6
O3;uur;µg/m³;2023-03-13T08:00:00+01:00;2023-03-13T09:00:00+01:00;35.5;26.1;17.9;37.5;36.9;38.58;38.91;37.58;39.81;40.44;29.94;37.76;33.52;39.49;41.3;42.04;39.07;23.42;33.63;29.46;46.14;39.63;29.77;34.61;40.48;45.93;39.19;36.54;29.17;29.24;31.51;35.35;31.41;35.05;37.82;38.15;35.91;39.05;44.47;41.69;43.58;40.76;40.5;41.2;40.7
O3;uur;µg/m³;2023-03-13T09:00:00+01:00;2023-03-13T10:00:00+01:00;41.9;33.5;29.4;47.4;47.6;38.75;39.92;37.95;39.64;40.37;33.86;39.28;40.63;41.16;54.47;49.87;52.58;36.89;37.81;36.32;51.56;51.19;37.75;47.18;50.1;52.2;44.49;45.02;32.95;30.94;38.35;37.91;33.49;35.48;38.2;38.13;35.69;40.51;48.31;41.16;47.84;45.31;51.7;54.1;51.7
O3;uur;µg/m³;2023-03-13T10:00:00+01:00;2023-03-13T11:00:00+01:00;51;41;35.1;53.2;52.2;41.13;42.62;40.91;41.83;45.66;44.48;42.69;45.27;44.38;58.77;53.91;58.63;48.67;51.75;49.67;63.07;59.51;42.49;53;58.62;63.6;53.97;55.56;42.72;45.92;51.38;47.97;47.31;38.08;52.49;42.97;39.17;51.03;58.83;51.87;56.08;55.89;66.8;65.3;64.2
O3;uur;µg/m³;2023-03-13T11:00:00+01:00;2023-03-13T12:00:00+01:00;56.2;43.4;41.9;54.7;57.4;44.91;50.48;43.83;44.74;52.92;51.48;50.79;52.33;50.84;67.03;61.09;63.21;53.11;59.45;55.48;65.6;63.58;50.68;55.03;67.48;66.28;58.54;57;53.27;53.92;53.4;59.25;53.61;49.05;58.57;51.4;54.54;60.94;70.48;62.95;67.74;69.47;59.2;62;59.8
O3;uur;µg/m³;2023-03-13T12:00:00+01:00;2023-03-13T13:00:00+01:00;65.2;50.9;50.8;68.8;68.6;53.17;51.32;45.18;45.6;58.03;67.75;54.7;63.53;55.19;72.17;68.42;72.79;65.65;66.9;62.91;74.73;74.96;66.88;65.92;76.68;75.32;66.52;67.46;60.42;62.84;62.11;66.28;62.78;54.77;67.25;54.73;59.83;63.55;74.84;62.93;76.08;74.04;70.4;70.9;71.9
O3;uur;µg/m³;2023-03-13T13:00:00+01:00;2023-03-13T14:00:00+01:00;66.1;50.5;55.3;67.9;71.1;51.16;56.46;45.62;46.52;68.92;71.39;56.01;69.82;58.72;77.5;75.51;77.53;67.51;75.59;70.15;80.64;78.52;64.21;69.56;83.25;82.08;71.89;72.98;65.36;66.67;68.57;69.83;69.4;56.73;68.44;61.43;59.43;70.14;81.2;69.92;83.58;78.89;76.4;78.3;77.5
O3;uur;µg/m³;2023-03-13T14:00:00+01:00;2023-03-13T15:00:00+01:00;73.4;56.5;;77.8;75.7;48.38;63.89;45.33;44.68;75.68;76.36;63.99;74.79;63.58;78.67;75.49;81.38;75.85;78.32;76.19;85.09;84.39;73.25;72.71;84.88;86.08;75.54;75.74;74.21;74.56;71.12;79.2;76.73;64.49;76.93;69.89;71.25;76.48;85.05;73.58;86.58;88.07;84;84;84
O3;uur;µg/m³;2023-03-13T15:00:00+01:00;2023-03-13T16:00:00+01:00;75.9;61.3;;73.9;81.1;49.16;64.9;51.17;46.03;73.12;75.58;65.22;76.43;64.43;80.05;77.46;83.99;77.78;77.4;75.57;87.27;85.07;74.65;73.83;86.74;88.15;79.54;79.37;74.67;76.82;74.21;79.1;76.31;69.84;81.39;72.83;72.8;80.3;85.24;78.68;86.56;92.05;84.1;84.9;84.2
O3;uur;µg/m³;2023-03-13T16:00:00+01:00;2023-03-13T17:00:00+01:00;78.6;63.3;69.3;71.3;75.2;54.04;68.48;56.17;53.08;72.24;72.61;70.36;74.25;71.46;81.19;74.87;83.12;80.22;78.83;76.39;88.17;85.95;77.75;72.68;86.93;88.44;78.42;79.8;73.56;77.25;75.4;79.36;77.75;67.32;81;70.33;76.93;78.97;84.9;80.82;86.37;90.69;84.5;84.9;84.6
O3;uur;µg/m³;2023-03-13T17:00:00+01:00;2023-03-13T18:00:00+01:00;78.5;59;68.6;78.2;69.3;63.04;72.56;56.47;60.15;78.03;58.42;72.62;70.44;73.63;76.14;72.57;79.92;76.55;76.55;68.81;83.71;78.78;71.11;69.61;86.5;84.04;79.6;79.85;73.43;72.37;75.94;79.24;75.63;64.53;78.02;69.03;75.16;80.07;84.29;80.18;84.19;90.35;84.7;84.1;84.8
O3;uur;µg/m³;2023-03-13T18:00:00+01:00;2023-03-13T19:00:00+01:00;74.1;51.9;58;73.5;62.4;64.12;63.91;57.61;59.71;76.46;63.97;69.57;63.9;71.22;73.41;72.45;75.92;72.47;72.18;63.25;80.27;76.23;66.87;67.63;85.62;82.53;77.49;77.19;70.1;65.38;74.13;75.56;72.81;66.91;74.25;70.72;71.59;80.22;83.65;78.25;82.78;89.28;81.4;82.8;82.1
O3;uur;µg/m³;2023-03-13T19:00:00+01:00;2023-03-13T20:00:00+01:00;66.6;57.7;45.2;57.2;63.2;55.72;64.43;57.59;57.46;71.63;55.74;66.23;55.12;68.35;71.68;69.86;70.05;63.94;68.18;60.18;79.83;72.03;50.7;63.15;81.73;82.31;75.77;68.4;60.23;57.33;64.5;68.48;62.34;60.37;70.58;66.01;67.91;77.02;78.73;79.39;83.74;86.13;73.6;79.7;74.9
O3;uur;µg/m³;2023-03-13T20:00:00+01:00;2023-03-13T21:00:00+01:00;63.7;50.4;26.7;48.9;53.4;54.12;64.29;56.51;57.37;67.16;66.33;63.51;60.5;63.83;69.01;67.23;69.85;59.42;68.8;56.83;75.42;70.24;45.81;64.44;80.54;79.52;69.11;57.66;51.17;52.46;51.83;62.63;50.21;53.49;66.22;51.1;59.16;71.79;74.54;76.19;81.13;84.48;76.2;79.5;77.6
O3;uur;µg/m³;2023-03-13T21:00:00+01:00;2023-03-13T22:00:00+01:00;62.9;45.4;35;33.1;46.7;52.31;56.81;56.87;58.84;58.3;56.28;54.32;64.45;55.94;65.22;62.65;59.49;46.99;63.75;60.45;76.13;65.52;38.23;55.08;80.12;81.76;60.8;51.32;53.6;32.48;40.66;57.92;38.37;44.43;59.97;35.24;58.86;67.05;74.73;73.11;76.6;83.56;76.2;80.4;76.2
O3;uur;µg/m³;2023-03-13T22:00:00+01:00;2023-03-13T23:00:00+01:00;54.1;39.8;41.4;45.4;57.6;56.5;54.57;61.23;62.22;56.38;44.91;52.74;57.02;55.15;63.24;60.5;60.17;45.76;59.36;58.67;70.28;64.82;46.03;59.59;77.98;79.52;58.71;49.95;51.72;47.12;35.11;56.34;45.95;45.42;62.08;43.7;59.8;56.54;72.11;67.93;75.12;80.24;69.8;70.4;64.2
O3;uur;µg/m³;2023-03-13T23:00:00+01:00;2023-03-14T00:00:00+01:00;61.3;45.3;40.7;49.6;60.9;58.28;54.2;63.55;63.97;59.38;60.6;54.12;57.39;56.59;67.52;77.94;67.96;46.4;56.68;52.01;71.18;70.67;47.03;64.28;76.65;74.35;54.75;52.56;54.9;54.64;47.24;59.93;48.85;48.36;61.54;52.1;61.34;49.09;73.77;68.61;73.66;75.26;66.3;61.4;66
O3;uur;µg/m³;2023-03-14T00:00:00+01:00;2023-03-14T01:00:00+01:00;73.1;64.5;60.7;64.3;70.9;59.16;56.61;72.43;68.84;68.71;82.07;58.34;75.25;61.71;81.04;81.57;80.21;71.21;73.51;57.15;79.74;82.47;58.88;80.06;70.14;84.74;59.28;69.23;52.46;54.85;63.38;57.39;50.79;50.35;55.77;53.79;52.37;60.12;63.85;66.85;72.96;70.67;72;70.2;73.3
O3;uur;µg/m³;2023-03-14T01:00:00+01:00;2023-03-14T02:00:00+01:00;81.3;74;70.7;74.4;64.5;77;65.96;81.76;83.36;80.32;77.48;78.49;84.17;78.47;80.53;76.81;77.39;81.61;80.89;80.7;84.62;86.99;66.34;81.13;81.19;89.43;63.72;77.57;63.38;68.53;76.26;68.93;71.61;54.65;68.43;60.75;52.06;61.56;68.3;61.42;63.53;64.86;85.7;84.4;85.3
O3;uur;µg/m³;2023-03-14T02:00:00+01:00;2023-03-14T03:00:00+01:00;78.9;68.5;56.4;56.3;69.6;76.07;77.72;78.03;80.96;83.13;75.48;84.08;79.89;82.92;73.41;73.43;78.89;73.56;79.25;76.02;83.9;84.23;69.4;78.03;84.22;88.19;73.72;77.34;75.35;79.12;76.66;80.86;75.76;57;84.68;78.57;63.12;69.82;83.39;62.65;70.73;69.08;83;81.6;81.5
O3;uur;µg/m³;2023-03-14T03:00:00+01:00;2023-03-14T04:00:00+01:00;74.3;63.6;60.3;54.9;68.7;72.48;76.91;72.26;72.67;80.06;69.99;81.47;76.3;79.5;71.21;71.15;77.62;64.94;74.34;69.35;77.98;75.82;70.18;75.43;81.81;82.83;78;75.69;73.57;75.14;74.52;78.18;72.19;75.35;79.66;80.33;72.65;71.4;79.47;67.7;80.32;83.05;81.1;79.7;79.9
O3;uur;µg/m³;2023-03-14T04:00:00+01:00;2023-03-14T05:00:00+01:00;71.6;57.5;56.1;45.4;68.7;71.05;73.36;71.91;73.38;79.21;68.99;75.94;73.12;75.51;68.78;70.2;74.22;57.81;72.24;63.66;78.27;72.38;69.03;71.03;79.5;82.51;76.29;69.21;69.05;69.8;69.94;73.85;65.4;75.82;75.38;78.05;72.36;74.66;76.98;77.12;78.48;81.4;78.4;74.5;76.5
O3;uur;µg/m³;2023-03-14T05:00:00+01:00;2023-03-14T06:00:00+01:00;68.2;59.7;47.5;45.9;60.8;70.05;73.53;75.05;75.43;76.31;68.66;75.4;74.58;74.42;68.53;67.02;72.4;51.93;69.73;63.62;73.25;69.52;62.66;58.68;79.53;76.81;72.62;66.78;66.76;67.28;65.79;71.47;64.12;70.78;72.58;74.23;71.47;71.77;75.39;78.13;75.68;76.78;72.9;69.1;70.4
O3;uur;µg/m³;2023-03-14T06:00:00+01:00;2023-03-14T07:00:00+01:00;59.3;51.9;53.8;58.2;68.2;66.65;69.25;71.51;71.81;69.43;54.82;64.54;65.11;64.5;67.25;66.34;72.21;53.24;67.95;61.98;77.87;68.02;57.44;67.64;76.77;75.77;70.32;63.57;61.61;58.34;53.61;67.26;62.62;70.68;73.12;71.61;70.29;68.27;74.58;75.4;73.51;70.81;67.3;63.5;65.2
O3;uur;µg/m³;2023-03-14T07:00:00+01:00;2023-03-14T08:00:00+01:00;39.8;53.8;64.6;73.9;72.4;62.24;62.37;66.25;67.28;62.24;67.82;59.87;56.74;62.26;76.14;68.3;74.4;67.24;61.3;61.33;81.07;69.72;63.19;72.15;80.72;78.44;69.81;71.95;60.88;63.2;59.32;68.28;67.19;68.42;70.43;65.64;66.9;68.13;74.53;73.61;79.54;73.36;70.7;52.1;60.7
O3;uur;µg/m³;2023-03-14T08:00:00+01:00;2023-03-14T09:00:00+01:00;50.6;54.9;63.7;64.1;73.5;63.85;62.16;61.32;59.3;65.97;76.83;61.68;68.35;61.4;78.32;73.16;73.93;63.48;68.15;58.83;83.01;70.84;66.71;72.61;86.09;70.07;76.66;68.68;59.41;60.37;56.15;65.85;68.01;63.46;70.8;64.24;67.2;70.36;78.53;73.29;85.03;81.8;72.3;58.2;63.9
O3;uur;µg/m³;2023-03-14T09:00:00+01:00;2023-03-14T10:00:00+01:00;58.8;58.7;71.2;79.8;78.6;68.55;67.5;71.41;67.14;68.27;77.33;61.4;72.05;62.91;74.99;70.25;79.23;71.08;68.43;61.96;85.89;76.06;70.28;77.77;84.5;76.87;81.8;71.7;72.11;71.34;57.63;77.25;68.44;66.45;74.94;66.08;67.09;76.71;79.77;78.41;84.84;83.21;74.9;51.3;65.6
O3;uur;µg/m³;2023-03-14T10:00:00+01:00;2023-03-14T11:00:00+01:00;64.9;63.3;73.5;80.7;79.7;70.06;68.21;70.02;70.51;70.93;75.3;62.09;73.54;;78.89;71.5;78.98;73.74;72.76;71.4;84.41;78.03;73.17;77.49;83.72;73.95;83.03;71.99;75.31;76.11;58.57;80.63;73.35;71.04;79.34;70.04;72.29;77.75;79.31;80.54;82.59;85.14;75.7;59.9;67.9
O3;uur;µg/m³;2023-03-14T11:00:00+01:00;2023-03-14T12:00:00+01:00;67.2;63.3;72.1;79.9;77.6;69.24;72.2;70.67;68.56;79.21;78.68;73.57;76.26;;76.79;76.27;78.29;74.41;75.98;70.16;84.98;78.67;73.13;77.71;85.6;78.66;83.54;74.92;73.8;72.75;63.65;78.79;71.8;75.07;80.77;74.55;74.15;77.43;82.51;82.78;85.62;85.34;78.4;70.1;72.6
O3;uur;µg/m³;2023-03-14T12:00:00+01:00;2023-03-14T13:00:00+01:00;69;62.7;74.6;83.1;81.4;73.87;75.34;71.59;70;79.21;76.86;75.77;77.85;;77.06;77.97;81.2;77.13;77.77;74.08;88.07;82.68;73.49;81.27;88.27;85.85;85.35;76.36;75.43;76.1;69.19;80.21;74.49;75.28;81.67;74.37;74.29;81.15;85.43;84.25;89.66;89.6;82.6;74.7;80.2
O3;uur;µg/m³;2023-03-14T13:00:00+01:00;2023-03-14T14:00:00+01:00;71.8;64.8;78;85;85.3;76.91;72.22;73.72;74.16;78.75;79.83;72.88;82.22;;78.38;79.82;82.07;79.44;82.75;80.8;90.45;84.36;78.42;82.26;88.07;89.11;87.07;81.41;80.01;80.73;72.95;84.66;77.83;78.48;86.19;77.94;79.59;83.57;87.49;89.09;90.68;91.47;84.8;75.3;80.6
O3;uur;µg/m³;2023-03-14T14:00:00+01:00;2023-03-14T15:00:00+01:00;71.6;67;80.8;85.6;88.4;73.4;75.82;73.55;75.12;86.92;81.78;75.69;84.6;;78;83.22;81.24;82.51;82.89;81.68;90.67;83.97;78.08;83.21;87.37;89.27;86.96;82.57;79.3;82.99;73.67;85.49;76.41;83.07;87.36;82.54;81.71;85.29;86.55;89.17;85.58;90.25;85.2;73.2;79.9
O3;uur;µg/m³;2023-03-14T15:00:00+01:00;2023-03-14T16:00:00+01:00;68.5;64.3;77.8;83.9;87;72.12;79.78;69.09;71.53;87.37;81.86;79.33;82.14;;78.91;80.05;79.86;80.28;81.98;81.48;89.07;81.39;72.23;81.42;86.07;88.31;85.92;80.41;78.15;78.13;70.74;83.99;79.94;85.47;88.08;81.8;83.55;83.96;84.92;86.52;83.57;83.69;84;71.2;75.3
O3;uur;µg/m³;2023-03-14T16:00:00+01:00;2023-03-14T17:00:00+01:00;65.4;65.5;78.3;83.8;87.3;76.64;77.01;59.26;62.82;86.65;80.62;79.78;79.6;84.7;78.03;78.63;79.6;79.67;79.42;78.7;86.48;79.61;76.15;78.96;82.79;82.73;85.42;80.68;75.84;78.04;72.8;83.4;78.24;83.98;84.44;78.49;80.77;82.17;81.48;82.01;83.34;81.75;82.9;65.8;75.7
O3;uur;µg/m³;2023-03-14T17:00:00+01:00;2023-03-14T18:00:00+01:00;62;64.9;75.2;77.5;85.1;75.96;75.54;80.38;80.26;81.28;80.77;75.18;77.43;82.35;78.03;79.91;79.22;78.15;73.66;78.28;85.53;78.07;75.34;78.11;80.92;79.5;81.95;77.77;71.7;77.69;70.82;79.12;75.84;80.99;82.29;76.23;79.98;78.19;79.41;81.38;84.04;82.35;73.7;65;74.4
O3;uur;µg/m³;2023-03-14T18:00:00+01:00;2023-03-14T19:00:00+01:00;63.8;55.8;73.3;80.1;85.3;75.67;72.97;72.18;77.2;75.57;76.84;67.7;70.63;76.91;76.67;73.88;78.23;71.05;67.69;73.4;84.72;73.83;67.22;74.97;80.98;75.66;77.91;76.66;64.94;73.62;69.69;74.05;71.63;78.41;76.88;71.81;74.81;76.71;78.86;75.82;81.36;78.28;67.3;60.8;74
O3;uur;µg/m³;2023-03-14T19:00:00+01:00;2023-03-14T20:00:00+01:00;36.2;40.1;55.9;42.8;51.4;71.68;66.22;69.54;74.72;67.58;70.16;59.04;66.23;68.96;71.32;64.94;74.54;61.58;62.52;54.66;81.75;63.76;44.99;62.44;77.89;72.46;75.64;68.86;59.63;67.5;57.41;72.12;66.27;70.02;69.91;68.88;67.52;71.66;77.04;76.23;69.63;72;62.5;52.5;67.2
O3;uur;µg/m³;2023-03-14T20:00:00+01:00;2023-03-14T21:00:00+01:00;56;26.1;36.7;43.4;33.5;61.91;57.3;60.81;63.29;54.65;40.92;55.6;49.94;58.96;66.62;60.39;69.87;23.5;64.57;46.53;82.92;47.4;36.22;55.4;77.08;77.79;71.21;52;52.92;51.51;48.81;66.02;49.49;53.52;69.52;62.08;63.44;73.89;75.8;68.13;71.6;66.89;62.1;53;61.1
O3;uur;µg/m³;2023-03-14T21:00:00+01:00;2023-03-14T22:00:00+01:00;63.4;40.9;48.6;51.1;48.8;55.15;56.27;52.08;57.75;55.2;58.62;58.71;52.2;56.06;74.77;57.18;72.38;50.18;66.4;59.85;82.96;63.63;53.12;65.54;77.86;78.57;71.41;59.93;55.06;57.52;47.3;61.53;67.08;55.49;70.78;50.74;61.25;71.98;77.22;66.71;73.66;62.65;58.3;58.5;71.9
O3;uur;µg/m³;2023-03-14T22:00:00+01:00;2023-03-14T23:00:00+01:00;67.3;56.1;66.9;58.5;68.5;54.75;53.32;50.47;52;48.56;54.82;55.26;59.17;57.99;77.11;61.91;77.88;62.13;75.86;62.49;83.43;79.21;73.55;76.6;80.74;80.7;69.05;71.01;67.2;71.16;65.18;72.92;59.6;51.81;68.95;60.39;60.6;72.31;77.18;66.47;71.97;69.74;71.9;65.3;73
O3;uur;µg/m³;2023-03-14T23:00:00+01:00;2023-03-15T00:00:00+01:00;61.3;58.1;66;54.2;67.2;52.55;56.12;52.33;48.05;67.99;67.98;55.93;79.54;56.45;74.36;60.47;74.27;61.85;76.43;74.41;83.49;73.88;70.91;71.15;81.72;85.5;80.58;74.23;66.88;71.38;72.75;73.05;70.22;58.02;73.03;67.39;59.87;76.94;78.11;71.9;73.71;73.01;72.3;62;63.7
O3;uur;µg/m³;2023-03-15T00:00:00+01:00;2023-03-15T01:00:00+01:00;61;57.8;61.9;61.7;71.2;51.52;62.59;50.85;45.34;73.16;66.48;63.31;73.49;58.07;70.13;54.89;79.53;57.07;72.62;66.81;85.03;78.05;65.62;78.04;78.06;84.4;79.93;73.84;65.8;70.55;68.48;69.11;68.53;61.33;69.74;65.46;60.01;78.49;76.99;67.29;76.58;77.4;64.9;62.3;74
O3;uur;µg/m³;2023-03-15T01:00:00+01:00;2023-03-15T02:00:00+01:00;55.8;60.8;70;77.5;80.6;53.38;65.39;47.5;47.64;63.84;55.91;66.51;66.23;58.02;74.22;48;80.93;69.45;73.84;65.28;83.68;82.27;74.75;80.43;78.89;84.58;78.64;70.59;63.11;68.62;62.06;69.6;69.94;57.74;70.15;68.13;58.95;75.07;77.19;67.47;79.04;71.15;64.1;61.1;69.9
O3;uur;µg/m³;2023-03-15T02:00:00+01:00;2023-03-15T03:00:00+01:00;55.4;63.3;67.4;71.4;78.2;57.39;64.8;52.32;49.11;52.93;57.74;53.38;70.28;52.3;72.39;47.21;77.82;74.26;67.43;64.35;81.6;79.87;69.08;78.44;78.04;79.25;72.45;73.43;61.09;67.64;61.1;68.18;68.36;57.85;65.49;67.63;60.08;73.88;72.3;68.34;77.84;73.59;59.3;48.6;65.5
O3;uur;µg/m³;2023-03-15T03:00:00+01:00;2023-03-15T04:00:00+01:00;32.3;45.9;59.6;70.6;76.2;55.79;61.7;58.71;56.68;59.5;58.46;50.85;69.28;57.4;67.96;46.28;77.85;63.37;59.09;56.29;79.95;78.16;69.02;77.35;76.53;75.73;68.62;63.39;64.11;62.78;62.49;66.95;59.36;60.98;66.36;66.83;56.58;70.58;69.64;68.23;75.78;70.61;59.8;20.8;46.2
O3;uur;µg/m³;2023-03-15T04:00:00+01:00;2023-03-15T05:00:00+01:00;64.9;47.2;58.6;76.3;76.6;53.49;55.87;57.69;58.41;51.86;70.03;55.48;55.71;55.79;70.15;48.12;75.67;59.36;57.97;43.04;76.38;77.18;59;74.87;75.28;77.72;66.02;63.6;60.29;60.33;53.36;65.24;61.44;64.29;61.25;59.72;52.08;69.21;69.65;66.87;78.34;68.01;51.7;12.5;35
O3;uur;µg/m³;2023-03-15T05:00:00+01:00;2023-03-15T06:00:00+01:00;41.5;51;57.5;60.5;73.7;50.71;49.43;60.77;61.97;47.17;55.77;47.4;37;46.8;68.96;61.77;70.4;74.52;47.04;44.97;77.06;55.27;49.44;48.1;76.73;71.89;60.44;61.66;49.75;47.58;46.64;57.31;53.17;56.67;55.53;53.96;44.26;65.88;72.75;67.19;68.89;64.2;53.1;38.8;42.6
O3;uur;µg/m³;2023-03-15T06:00:00+01:00;2023-03-15T07:00:00+01:00;27.1;18.4;42.4;51;47.6;42.89;43.99;58.82;56.59;32.06;42.84;42.2;14.59;41.02;66.16;44.4;58.62;57.75;48.48;47.46;79.33;24.27;18.05;40.74;62.62;58.85;68.2;55.68;43.62;32.28;49.51;49.42;51.58;50;23.41;46.64;35.97;70.45;65.05;62.52;59.22;57.44;63;50.8;66.1
O3;uur;µg/m³;2023-03-15T07:00:00+01:00;2023-03-15T08:00:00+01:00;6.9;5.7;14.7;29.9;50.4;37.04;35.24;52.15;42.57;37.33;26.36;31.04;56.39;27.46;63.75;29.77;54.12;27.54;40.3;24.83;59.6;9.39;5.41;39.98;62.65;20.75;29.67;61.03;47.54;50.75;32.74;64.11;43.32;36.18;22.92;27.96;35.89;63.79;56.64;62.83;55.59;57.47;46.7;15.9;51.2
O3;uur;µg/m³;2023-03-15T08:00:00+01:00;2023-03-15T09:00:00+01:00;20;15.5;17.9;32.2;54.1;45.27;42.42;51.01;40.58;42.61;30.36;25.25;38.14;35.43;63.29;31.61;48.02;40.17;45.85;21.19;39.81;45.61;25.8;18.67;53.11;40.52;54.5;53.17;33.08;36.23;42.36;51.64;51.65;49.33;38.41;26.76;52.08;59.17;54.78;64.98;59.79;60.98;26.8;13.6;34.1
O3;uur;µg/m³;2023-03-15T09:00:00+01:00;2023-03-15T10:00:00+01:00;42.8;42.5;45.9;38.3;25.5;54.37;50.13;54.85;50.14;62.58;61;39.06;61.01;50.31;71.27;54.39;55.86;46.62;65.65;56.15;74.86;62.22;57.27;30.92;60.69;64.27;65.83;62.92;51.49;43.83;47.98;59.65;59.75;58.97;62.94;41.22;61.83;65.05;67.63;70.7;73.05;65.12;60.4;42.4;57.5
O3;uur;µg/m³;2023-03-15T10:00:00+01:00;2023-03-15T11:00:00+01:00;52.2;38.7;38.7;37.3;40.6;61.11;62.15;64.93;60.19;68.58;71.88;52.62;71.94;64.71;70.44;66.46;66.76;36.26;74.35;69.44;80.02;73.5;45.77;45.54;74.49;69.49;68.9;66.19;58.96;62.41;55.58;66.9;62.55;66.66;69.08;58.7;66.97;66.83;71.84;74.22;76.41;73.66;68.3;48.6;63.5
O3;uur;µg/m³;2023-03-15T11:00:00+01:00;2023-03-15T12:00:00+01:00;66.1;43.5;54.1;53.7;59;68.77;66.5;72.72;68.1;75.44;75.27;60.78;72.74;75.61;72.32;72.32;73.24;60.21;75.85;73.39;78.3;73.56;54.12;47.13;75.98;69.97;71.74;67.81;64.7;65.09;59.22;72.87;69.21;72.61;76.47;68.01;70.61;73.71;74.94;77.42;77.15;77.64;68.2;48;63.2
O3;uur;µg/m³;2023-03-15T12:00:00+01:00;2023-03-15T13:00:00+01:00;66.7;54.4;60.8;68.4;68.9;72.37;71.11;74.06;73.5;78.84;72.12;68.74;75.51;79.94;74.14;70.22;60.74;70.76;76.4;76.02;75.4;58.41;66.01;46.3;75.93;72.17;72.65;71.65;66.02;69.06;60.4;74.67;71.66;75.28;76.7;72.43;71.58;75.29;75.49;77.57;77.97;78.24;69.9;52.7;70.2
O3;uur;µg/m³;2023-03-15T13:00:00+01:00;2023-03-15T14:00:00+01:00;70.2;58.2;65.5;68.6;73.7;75;74.45;76;72.49;79.72;69.82;71.89;76.95;80.48;72.71;72.95;69.4;72.82;77.57;76.67;67.25;67.77;72.12;52.35;78.05;69.63;74.71;71.76;66.11;69.78;60.77;74.7;74.07;77.43;77.62;75.05;73.2;74.56;76.91;77.72;78.01;79.77;69.7;55.3;65.8
O3;uur;µg/m³;2023-03-15T14:00:00+01:00;2023-03-15T15:00:00+01:00;70.5;59.7;66.2;72;73.5;76.74;74.38;77.11;78.32;79.98;67.97;74.75;78.61;82.2;75.81;75.56;74.36;75.65;;76.04;76;71.93;70.81;55.87;78.45;62.72;75.67;71.75;67.21;70.94;59.78;77.32;74.07;77.41;75.96;74.18;74;75.15;74.9;78.81;78.54;80.18;68.6;58.1;69.4
O3;uur;µg/m³;2023-03-15T15:00:00+01:00;2023-03-15T16:00:00+01:00;75.6;61.1;68.6;69.4;70.8;78.28;76.41;78.55;78.5;79.59;65.19;74.69;77.34;79.41;69.74;75;75.51;73.2;;76.31;81.27;76.75;74.9;64.27;74.91;65.89;72.61;69.88;66.89;69.07;57.25;76.23;74.93;74.14;76.88;75.26;72.75;72.34;71.41;79.05;77.76;80.24;67.4;55.2;66.5
O3;uur;µg/m³;2023-03-15T16:00:00+01:00;2023-03-15T17:00:00+01:00;71.7;56;69;64.2;61;75.14;76.4;74.31;78.65;73.4;61.13;72.7;70.41;78.17;70.51;72.79;73.51;73.96;;72.78;84.5;74.62;72.04;62.78;65.04;68.89;71.6;69.38;64.59;65.56;52.27;75.5;73.68;66.87;76.29;74.9;72.19;70.24;68.95;76.66;74.64;79.63;68.7;56.3;69.6
O3;uur;µg/m³;2023-03-15T17:00:00+01:00;2023-03-15T18:00:00+01:00;61.3;41.7;59.9;51.8;51.3;73.02;73.36;71.1;74.92;70.17;65;69.42;68.39;72.1;70.41;71.03;65.44;55.1;;65.21;76.5;66.15;62.8;51.24;67.62;68.09;70.23;61.62;60.05;61.25;46.4;74.67;63.69;53.51;75.71;71.77;63.51;65.25;69.33;72.79;69.07;75.02;64.8;50.8;70.6
O3;uur;µg/m³;2023-03-15T18:00:00+01:00;2023-03-15T19:00:00+01:00;48;35.6;45.3;48.3;30.9;64.21;66.17;49.42;67.19;63.1;65.69;64.29;65.31;60.31;65.03;69.73;47.82;51.55;;57.27;64.64;56.43;52.25;40.12;71.23;53.78;61.86;53.5;57.77;43.69;35.75;68.56;45.7;56.61;63;62.03;56.89;51.86;58.89;60.05;55.95;65.59;63.1;52.1;64.9
O3;uur;µg/m³;2023-03-15T19:00:00+01:00;2023-03-15T20:00:00+01:00;40;26.6;36.4;38.9;34.4;47.76;55.31;48.36;54.27;58.61;53.03;50.5;59.48;53.94;62.46;65.28;33.63;43.04;40.12;54.7;50.9;47.69;56.49;32.54;63.98;43.71;57.59;40.68;43.16;38.35;25.54;50.97;30.67;51.69;36.4;59.59;50.07;47.53;51.55;58.57;58.66;51.64;48.9;43.6;55.2
O3;uur;µg/m³;2023-03-15T20:00:00+01:00;2023-03-15T21:00:00+01:00;41.9;29.5;18;42.7;33.2;41.04;55.07;56.34;54.04;54.2;38.09;49.37;49.59;53.84;45.85;49.83;34.41;40.69;41.68;52.05;44.27;39.18;52.15;41.56;51.67;39.62;57.96;40.06;39.02;34.71;33.62;46.09;25.55;50.6;39.28;62.29;56.95;42;50.56;52.66;39.77;30.06;39.5;41.1;50.9
O3;uur;µg/m³;2023-03-15T21:00:00+01:00;2023-03-15T22:00:00+01:00;36.9;34.8;28.6;46.7;46.5;42.27;56.96;55.17;53.81;53.98;47.7;47.2;49.52;55.94;36.77;42.47;46.16;41.67;48.79;54.06;37.71;35.05;38.22;30.96;43.96;42.17;54.99;42.05;33.93;36.07;32.91;41.34;33.33;49.76;44.33;62;57.17;41.52;46.14;53.77;38.27;32.21;33.9;39.9;46.7
O3;uur;µg/m³;2023-03-15T22:00:00+01:00;2023-03-15T23:00:00+01:00;42.1;37.2;31.3;45.8;44;44.07;54.89;56.35;53.12;51.53;46.01;45.7;49.26;49.69;32.9;47.04;35.1;43.48;50.31;53.41;46.85;33.14;45.58;33.4;42.38;49.21;55.17;46.17;32.59;35.31;39.85;38.66;39.93;45.71;48.2;61.95;57.94;46.52;47.4;51.67;43.54;38.05;27.1;39.5;47.1
O3;uur;µg/m³;2023-03-15T23:00:00+01:00;2023-03-16T00:00:00+01:00;43.4;38.8;31.2;43.6;39.2;45.17;52.12;58.54;55.16;51.79;45.35;45.39;49.86;47.34;52.91;47.89;37.11;44.79;52.47;52.57;48.03;36.49;48.27;36.88;46.88;50.64;59.97;48.74;37.88;40;42.73;43.2;45.35;41.72;57.11;58.78;55.02;46.95;53.7;50.8;49.29;47.1;31.8;40.3;51.8
O3;uur;µg/m³;2023-03-16T00:00:00+01:00;2023-03-16T01:00:00+01:00;42.3;40.1;32.9;46.5;39.1;42.66;52.77;58.43;61.81;48.34;45.02;46.54;48.17;43.89;44.1;53.16;39.71;47.1;54.15;50.64;49.79;46.19;44.8;40.93;46.88;51.47;59.25;50.86;40.05;44.39;47.21;44.39;47.33;34.48;55.72;59.83;48.27;48.8;54.62;53.01;53.65;58.42;41.7;47.3;53.2
O3;uur;µg/m³;2023-03-16T01:00:00+01:00;2023-03-16T02:00:00+01:00;38;43.6;37.5;44.1;35.8;42.33;49.31;57.56;62.15;47.22;44.83;44.5;47.29;45;47.92;49.83;39.86;48.16;53.38;46.7;51.35;42.82;35.68;38.82;54.25;53.67;57.37;48.69;41.33;46.49;47.41;45.25;43.16;30.61;57;58.58;39.74;51.46;57.21;51.24;55.35;60.85;36.1;49.9;51.8
O3;uur;µg/m³;2023-03-16T02:00:00+01:00;2023-03-16T03:00:00+01:00;39.2;45;39.6;38.2;23.2;44.11;48.72;60.02;65.13;51.04;44.35;44.41;53.56;47.55;52.82;52.8;40.87;51.94;52.76;46.85;49.88;41.48;33.53;39.12;56.2;52.47;54.99;46.31;44.72;47.91;46.15;48.43;43.38;34.55;55.68;56.49;35.77;53.01;56.43;46.38;55.88;61.78;37.6;48.2;50.5
O3;uur;µg/m³;2023-03-16T03:00:00+01:00;2023-03-16T04:00:00+01:00;36.9;43.7;39.9;46.2;28.8;47.25;48.77;63.69;66.57;54.22;36.37;44.23;56.69;50.07;52.53;54.83;36.39;49.81;48.91;52.76;46.24;44.28;42.58;35.92;49.06;50.37;54.32;46.91;47.28;49.04;45.79;51.17;45.96;47.91;55.27;57.08;35.41;50.42;55.16;44.75;58.18;53.87;52.1;47.9;49.4
O3;uur;µg/m³;2023-03-16T04:00:00+01:00;2023-03-16T05:00:00+01:00;37.5;44.1;35.3;48.1;34;43.48;48.76;62.57;65.24;53.56;49.56;45.24;56.42;50.41;54.98;42.65;43.4;50.32;50.96;53.58;44.22;42.28;30.37;42.74;48.3;48.64;54.66;46.69;47.02;47.76;45.87;50.2;46.16;53.03;54.62;54.64;38.32;49.14;54.36;45.85;52.1;49.77;50.7;47.1;48.4
O3;uur;µg/m³;2023-03-16T05:00:00+01:00;2023-03-16T06:00:00+01:00;41;49.1;41.4;47.1;46.1;40.58;47.08;58.5;63.06;53.04;55.83;45.44;53.21;51.93;62.6;47.04;47.79;60.02;57.27;53.08;45.97;46.49;38.93;37.53;44.75;48.71;54.09;48;46.27;45.94;44.87;49.31;47.75;51.73;52.56;51.68;42.53;39.7;54.25;47.6;46.37;50.44;49.8;46.5;47.4
O3;uur;µg/m³;2023-03-16T06:00:00+01:00;2023-03-16T07:00:00+01:00;50.7;52.8;49.6;50.2;42.2;43.88;43.68;58.59;61.54;53.72;56.45;47.54;51.27;51.24;61.77;30.06;46.44;58.7;63.73;52.74;49.14;51.61;52.07;38.08;47.63;54.16;52.45;53.58;45.54;43.28;48.05;48.79;48.28;50;50.22;50.77;42.1;38.87;53.45;46.97;44.72;48.33;52.8;47.7;50.5
O3;uur;µg/m³;2023-03-16T07:00:00+01:00;2023-03-16T08:00:00+01:00;50.5;37.8;43;46.4;47;54.98;43.42;57.35;57.91;54.83;52.03;45.41;48.06;50.72;50.79;47.98;46.71;27.31;58.69;50.04;56.39;49.67;45.21;45.43;54.28;56.56;52.43;48.55;46.05;46.43;50.22;51.93;43.37;45.18;47.87;48.98;42.04;40;54.33;49.18;46.17;47.59;56;46.4;50.6
O3;uur;µg/m³;2023-03-16T08:00:00+01:00;2023-03-16T09:00:00+01:00;46.7;37.5;38.7;48.4;35.8;55.19;43.13;59.45;57.23;55.27;47.66;43.38;47.59;51.89;51.99;52.9;40.13;30.64;57.3;50.89;53.44;47.58;39.79;37.89;58.57;52.87;60.94;48.29;39.31;39.38;50.11;47.97;47.6;42.74;49.51;42.28;42.93;42.11;56.5;51.61;48.86;50.94;58.2;48;51.8
O3;uur;µg/m³;2023-03-16T09:00:00+01:00;2023-03-16T10:00:00+01:00;43.2;40.8;37.7;46.4;30.4;50.52;47.06;63.4;63.09;58.21;47.23;47.68;53.59;53.24;55.16;54.45;43.96;48.57;56.7;51.79;49.24;47.69;36.15;37.97;58.51;52.51;55.96;51.01;40.58;40.57;47.28;47.93;48.65;40.18;51.26;46.37;43.4;44.76;58.7;52.25;52.83;52.86;54.8;45.7;52.5
O3;uur;µg/m³;2023-03-16T10:00:00+01:00;2023-03-16T11:00:00+01:00;45.6;42.3;45;40.9;42.6;54.01;52.74;64.4;65.87;62.74;44.41;53.2;59.81;58;56.14;56.03;46.54;51.57;58.19;57.02;51.37;50.64;45.38;42.39;58.45;53.39;55.27;51.57;45.38;48.81;50.47;50.57;49.68;42.45;50.18;50.12;45.23;47.73;58.87;51.91;56.14;56.78;50.6;48.2;53.1
O3;uur;µg/m³;2023-03-16T11:00:00+01:00;2023-03-16T12:00:00+01:00;49.6;43.4;46;51.6;45.8;59.61;58.02;69.07;70.35;66.8;61.19;59.62;62.78;63.68;58.18;60.54;50.22;54.33;57.54;60.97;58.11;53.76;52.09;45.54;59.01;55.67;58.24;56.07;53;55.65;52.23;58.37;56.42;48.91;55.78;51.94;52.02;49.27;59.41;57.25;58.07;57.99;53.3;49.4;54.9
O3;uur;µg/m³;2023-03-16T12:00:00+01:00;2023-03-16T13:00:00+01:00;59.9;42.7;56;58.2;51.7;66.26;62.91;74.21;72.82;73.01;70.82;66.12;67.83;69.51;61.77;69.18;58.2;58.15;67.79;64.73;57.25;64.55;64.05;55.19;58.29;58.68;;60.05;56.66;58.8;54.43;62.33;58.48;56.95;60.22;60.76;54.9;54.04;61.11;61.91;58.8;59.43;54.4;46.7;57.4
O3;uur;µg/m³;2023-03-16T13:00:00+01:00;2023-03-16T14:00:00+01:00;67.1;55.8;64;67.1;56.2;71.55;64.87;77.02;74.13;78.8;79.52;70.22;76.11;72.66;68.39;74.69;68.2;75.32;79.83;71.48;66.22;71.84;73.06;60;59.07;62.55;;64.9;62.98;65.09;58.73;69.78;64.86;61.53;64.93;62.37;59.47;53.32;59;66.52;61.92;62.81;59.9;55.7;65.7
O3;uur;µg/m³;2023-03-16T14:00:00+01:00;2023-03-16T15:00:00+01:00;73.1;63.9;71.8;75;67.8;73.58;73.07;76.25;75.89;82.53;81.2;72.61;82.79;76.4;70.81;76.42;76.34;79.74;86.14;77.55;76.39;78.23;79.19;68.25;63.48;70.89;;72.12;70.22;70.25;64.27;77.13;71.77;64.61;70.26;65.4;61.8;54.77;61.83;70.59;62.96;65.15;67.4;61;71.5
O3;uur;µg/m³;2023-03-16T15:00:00+01:00;2023-03-16T16:00:00+01:00;73.9;65;75.1;78.2;71.7;72.54;75.02;77.5;80.53;86.61;78.69;75.12;84.46;79.77;74.21;77.12;79.26;79.59;86.52;81.52;82.58;82.59;80.1;69.87;65.04;78.9;;77.17;72.56;72.46;65.44;79.57;74.95;67.04;73.25;68.93;61.28;56.88;62.98;71.6;63.29;66.73;71.5;64.2;75.9
O3;uur;µg/m³;2023-03-16T16:00:00+01:00;2023-03-16T17:00:00+01:00;75;62.8;74.4;74.3;52.7;73.12;72.79;77.33;81.08;84.6;76.07;74.96;83.24;79.76;74.54;76.51;77.5;80.35;78.48;82.94;83.46;82.13;76.77;72.04;71.22;80.81;70.41;79.22;74.63;73.98;61.88;82.13;76.56;64.71;74.92;74.59;60.57;60.76;65.01;70.41;62.67;68.07;75.8;68.8;81.6
O3;uur;µg/m³;2023-03-16T17:00:00+01:00;2023-03-16T18:00:00+01:00;62.7;53.6;59.2;67.8;54.1;68.45;65.57;75.56;74.8;83.02;76.12;74.31;78.65;78.04;67.58;70.52;69.25;56.83;67.38;75.55;81.59;73.19;66.32;60.16;73.62;78.42;70.39;72.18;70.13;67.76;64.68;79.38;68.1;61.24;75.17;68.31;54.19;58.65;62.4;66.84;61.28;66.93;77.3;70.3;82
O3;uur;µg/m³;2023-03-16T18:00:00+01:00;2023-03-16T19:00:00+01:00;49.8;44.9;40.5;61.5;31.7;62.03;61.53;62.93;68.69;82.17;70.62;66.43;73.17;71.56;71.05;64.41;52.88;15;61.75;66.52;68.42;55.26;42.76;34.97;68.8;70.08;69.68;68.12;65.41;61.28;63.38;72.84;56.98;58.4;68.24;64.28;56.46;51.29;53.64;60.64;59.56;64.88;70.1;58.2;71.8
O3;uur;µg/m³;2023-03-16T19:00:00+01:00;2023-03-16T20:00:00+01:00;41.9;47.8;26.6;43.3;31.7;51.18;56.35;53.14;65.35;74.63;62.89;53.76;68.37;64.14;48.12;63.17;34.24;27.86;63.12;58.95;61.92;41.34;26.75;18.27;67.33;66.67;62.51;60.68;56.92;56.78;62.64;65.11;49.36;57.12;62.45;56.56;54.45;50.88;51.85;57.74;58.6;62.46;64.6;58;68.4
O3;uur;µg/m³;2023-03-16T20:00:00+01:00;2023-03-16T21:00:00+01:00;52.3;47.7;33.8;50.8;36.2;50.67;53.64;42.03;63.3;63.12;63.56;46.08;68.25;57.79;37.97;60.93;34.6;21.68;63.89;64.22;59.82;45.46;32.4;28.68;64.71;62.06;59.4;57.36;49;43.96;60.99;54.74;51.78;55.46;56.9;55.61;56.09;50.64;52.45;57.71;56.41;59.74;62.2;60.4;68.9
O3;uur;µg/m³;2023-03-16T21:00:00+01:00;2023-03-16T22:00:00+01:00;53.1;48.2;40.4;54.1;35.5;53.74;53.26;63.84;68.18;61.13;59.46;51.14;63.65;54.94;32.59;62.12;44.43;32.37;61.87;61.86;57.77;50.56;20.84;40.66;58.48;61.72;57.25;54.11;45.2;43.29;53.71;50.75;47.51;54.59;51.29;52.21;48.02;44.39;53.2;56.56;53.56;57.35;60.8;59.6;65.3
O3;uur;µg/m³;2023-03-16T22:00:00+01:00;2023-03-16T23:00:00+01:00;52.1;49;41.7;46.6;41.6;57.75;50;71.41;73.34;54.43;56.13;47.87;56.59;55.35;35.92;59.27;48.74;28.21;59.24;57.29;57.59;54.39;31.89;41.11;48.51;62.4;53.21;48.51;44.59;46.23;51.45;49.82;48.83;56.48;49.94;48.26;43.51;39.15;50.34;55.88;54.29;55.31;52.8;50.7;58.7
O3;uur;µg/m³;2023-03-16T23:00:00+01:00;2023-03-17T00:00:00+01:00;50.7;50.4;40.9;46.1;41.5;55.44;49.7;75.4;70.29;50.42;54.27;44.37;56.09;52.45;45.9;59.76;45.73;22.25;56.35;52.28;58.58;52.66;30.26;43.18;49.53;56.01;51.34;50.69;43.51;42.5;47.77;48.6;45.05;54.2;46.79;48.94;43.52;37.98;46.9;55.33;49.43;54.21;51.5;49.8;57.3
O3;uur;µg/m³;2023-03-17T00:00:00+01:00;2023-03-17T01:00:00+01:00;44.8;49.3;34;42.8;28.5;52.32;49.69;62.84;64.89;51.1;54.5;42.31;56.02;49.96;46.27;58.33;41;38.65;52.61;52.04;53.56;48.53;28.16;38.56;53.37;53.67;50.31;49.42;43.62;41.18;49.58;47.75;41.41;51.26;49.01;49.67;45.6;39.56;48.35;53.75;44.39;53.94;50.5;49.4;54.6
O3;uur;µg/m³;2023-03-17T01:00:00+01:00;2023-03-17T02:00:00+01:00;44.6;49.2;45.1;39.3;39.2;54.13;52.81;67.8;73.79;50.61;53.95;46.8;58.65;48.94;56.56;54;38.93;14.99;52.13;51.8;50.51;43.59;36.04;33.33;51.08;53.16;50.58;45.49;44.64;42.93;45.36;48.4;44.93;51.69;50.01;53.26;47.55;40.2;51.66;49.58;43.67;55.59;49.9;48.9;52.6
O3;uur;µg/m³;2023-03-17T02:00:00+01:00;2023-03-17T03:00:00+01:00;39.4;48.1;27.8;47.1;38.8;;;;;;;;;;;;;;;;;;;;;;;;;;;;;;;;;;;;;;48;46.6;52
O3;uur;µg/m³;2023-03-17T03:00:00+01:00;2023-03-17T04:00:00+01:00;38.9;49.9;36.3;43.2;36.5;43.29;52.51;71.05;76.8;49.25;55.75;46.74;59.91;46.05;46.16;49.95;33.04;53.98;50.2;52.49;47.54;41.62;19.83;27.61;49.34;53.53;53.29;46.74;42.63;41.16;42.92;45.94;44.46;41.53;47.47;58.26;;41.34;44.52;43.55;44.2;54.14;49.7;45.9;51.7
O3;uur;µg/m³;2023-03-17T04:00:00+01:00;2023-03-17T05:00:00+01:00;41.5;51.6;24.5;38.5;31.9;48.05;48.11;68.22;74.04;53.87;54.15;46.74;60.4;47.89;52.21;49.64;33.04;59.45;51.73;51.21;46.13;35.39;38.91;28.42;46.83;51.65;52.12;44.7;42.59;38.4;47.86;45.9;39.68;43.62;47.44;54.34;;42.19;46.61;45.01;43.69;52.52;47.9;49;52.4
O3;uur;µg/m³;2023-03-17T05:00:00+01:00;2023-03-17T06:00:00+01:00;36.2;45.1;20.9;43.3;32.9;48.17;42.07;65.69;70.49;47.42;41.85;46.47;59.94;46.22;47.58;52.02;28.77;55.74;48.04;51.4;44.63;36.57;36.4;22.55;39.58;49.19;50.5;44.7;40.75;37.23;42.7;44.54;37.46;46.7;48.58;49.63;;42.09;49.75;45.96;44.44;50.35;51.3;50;50.5
O3;uur;µg/m³;2023-03-17T06:00:00+01:00;2023-03-17T07:00:00+01:00;32.2;25.7;9.8;44.4;21.4;42.05;35.48;54.72;50.21;44.29;33.01;41.37;52.48;39.41;35.18;47.1;23.75;36.62;43.99;45.83;39.6;26.73;37.03;6;30.02;39.8;48.89;39.5;35.34;26.24;39.96;40.43;37.26;41.75;45.59;47.42;;38.74;56.68;45.27;44.52;44.46;47.7;42;45.2
O3;uur;µg/m³;2023-03-17T07:00:00+01:00;2023-03-17T08:00:00+01:00;17.1;17.1;5.5;29.3;14.9;36.51;34.64;51.58;49.82;52.8;26.78;26.52;47.34;29.05;40.94;28.77;17.71;36.74;38.14;30.84;34.34;8.86;22.95;5.22;37.2;34.83;48.32;37.88;27.93;22;27.13;35.43;31.13;38.48;41.03;45.04;;34.71;54.59;44.85;44.96;40.9;33.1;32.6;42.9
O3;uur;µg/m³;2023-03-17T08:00:00+01:00;2023-03-17T09:00:00+01:00;14.3;18.6;8.3;21.8;21.1;31.72;37.16;56.22;61.36;49.08;27.4;30.72;45.13;35.87;23.86;27.42;18.87;33.12;41.17;36.63;32.22;11.2;17.08;7.37;43.02;35.12;45.68;38.98;23.51;22.34;34.09;33.07;33.04;35.11;40.3;43.05;;35.93;50.19;47.89;44.58;41.04;37.4;33.3;40.6
O3;uur;µg/m³;2023-03-17T09:00:00+01:00;2023-03-17T10:00:00+01:00;27;23.9;15.9;36.7;29.4;35.13;39.3;59.98;68.38;56.32;17.36;39.7;47.74;40.5;36.41;41.1;27.36;35.05;40.56;43.61;35.2;24.26;31.37;18.48;41.3;37.9;46.63;43.97;34.1;33.1;40.49;40.84;42.68;39.6;46.19;43.47;;35.65;54.64;48.74;46.47;45.08;45.8;35.6;43.8
O3;uur;µg/m³;2023-03-17T10:00:00+01:00;2023-03-17T11:00:00+01:00;38.3;26.4;30.7;28.5;36.9;41.12;49.87;63.49;69.57;56.79;31.06;42.13;51.53;53.72;34.88;43.5;44.03;35.23;39.93;47.74;39.81;41.79;33.37;34.43;43.13;38.78;50.28;46.24;42.76;44.89;41.08;49.06;47.36;45.08;52.17;43.25;;46.44;56.96;52.87;51.92;50.73;48.6;39.1;48.9
O3;uur;µg/m³;2023-03-17T11:00:00+01:00;2023-03-17T12:00:00+01:00;40;26;23.2;26.1;33.7;55.45;56.48;70.15;73.96;60.16;35.56;54.05;50.94;62.21;29.94;42.44;48.48;30.06;44.39;38.8;54.07;42.38;27.8;31.19;46.08;48.04;53.14;42.97;46.14;45.41;41.5;52.86;44.58;48.21;56.36;46.04;;49.3;58.45;58.32;59.52;55.53;47.6;34.3;43.8
O3;uur;µg/m³;2023-03-17T12:00:00+01:00;2023-03-17T13:00:00+01:00;36.2;19.1;18.5;24.2;22.6;60.31;57.97;70.5;74.79;64.54;51.96;65.15;52.7;69.46;33.31;45.95;43.14;29.24;50.18;44.88;50.68;39.66;25.4;24.64;54.94;53.92;56.92;42.94;42.99;46.21;35.24;51.29;44.2;52.36;58.37;49.77;;54.11;53.9;60.03;64.63;63.48;46.5;26.5;37.2
O3;uur;µg/m³;2023-03-17T13:00:00+01:00;2023-03-17T14:00:00+01:00;39.1;28.5;36;31.8;24.6;62.84;68.79;77.89;81.43;70.09;58.91;69.11;54.43;74.55;39;56.97;45.16;43.78;47.12;43.65;62.27;39.07;41.78;28.52;59.7;55.72;60.93;47.79;45.26;44.22;42.46;54.4;45.04;57.82;61.44;57.21;;59.72;49.81;63.07;68.02;66.31;43.4;31.6;48.8
O3;uur;µg/m³;2023-03-17T14:00:00+01:00;2023-03-17T15:00:00+01:00;41.5;24.9;34.5;35.2;18.5;64.53;75.98;79.59;80.73;76.99;54.55;67.61;57.35;77.25;39.65;58.52;45.38;41.74;55.89;49.26;60.82;43.1;40.46;24.87;62.42;49.25;61.78;47.56;45.01;44.19;35;52.6;48.09;51.12;66.03;59.06;;60.27;51.71;62.27;63.45;72.63;44.7;40.8;53.9
O3;uur;µg/m³;2023-03-17T15:00:00+01:00;2023-03-17T16:00:00+01:00;48.2;23.5;26.6;34.9;12.1;62.79;76.71;75.24;77.51;79.9;56.77;70.45;63.71;76.27;45.41;64.46;47.77;46.75;55.82;55.82;59.81;52.48;44.3;18.3;58.22;44.38;56.68;46.28;48.45;47.39;33.01;57.65;51.3;50.85;68.77;64.81;;59.73;49.42;61.27;61.77;71.08;48.7;35.8;50.8
O3;uur;µg/m³;2023-03-17T16:00:00+01:00;2023-03-17T17:00:00+01:00;39.4;28.7;28.2;25.6;13.1;65.44;70.54;70.31;73.93;78.02;51.84;69.24;71.1;75.64;56.04;67.16;44.61;41.32;49.09;53.38;50.36;36.56;35.9;23.88;44.62;37.26;60.06;41.82;46.22;48.73;39.35;58.99;49.61;44.43;58.3;67.89;;48.9;44.49;56.48;51.3;60.07;31.4;17.3;47.9
O3;uur;µg/m³;2023-03-17T17:00:00+01:00;2023-03-17T18:00:00+01:00;23.6;18.1;13.3;17.4;9;66.12;61.44;65.45;68.13;81.42;58.75;73;62.28;81.65;32.1;60.21;30.97;28.56;25.84;47.59;46.59;27.88;18.2;10.04;27.62;30.97;50.53;40.13;39.6;37.78;26.77;57.81;34.23;34.45;54.02;68;48.89;35.93;33.2;49.56;39.3;55.24;14.3;25.5;41.1
O3;uur;µg/m³;2023-03-17T18:00:00+01:00;2023-03-17T19:00:00+01:00;24.8;6.8;7.2;1.2;1.8;62.64;59.72;68.31;70.17;77.39;64.34;75.2;56.49;79.49;48.65;32.19;19.43;14.89;37.83;32.8;42.92;16.15;12.42;3.08;25.58;30.25;47.8;26.46;22.94;13.11;9.7;41.36;30.52;26.93;29.65;44.76;43.06;28.58;20.86;43.2;35.38;37.18;16.3;14.9;32.9
O3;uur;µg/m³;2023-03-17T19:00:00+01:00;2023-03-17T20:00:00+01:00;43.2;13;21;17.3;20.4;63.16;58.63;75.16;77.16;71.94;58.34;72.25;53.84;73.33;46.05;23.66;9.14;30.09;49.8;43.7;35.35;6.92;29.04;1.98;23.44;16.81;41.41;25.38;6.09;4.96;22.72;22.86;24.3;21.42;;52.99;32.97;21.72;20.84;40.51;41.97;28.42;1.9;0.2;16.3
O3;uur;µg/m³;2023-03-17T20:00:00+01:00;2023-03-17T21:00:00+01:00;38.5;6.8;19.8;19.1;4.3;69.45;52.93;74.15;73.22;69.26;50.47;69.85;51.99;70.77;46.19;35.35;30.65;30.08;44.25;41.93;29.83;19.77;33.78;16.98;20.59;5.6;37.78;38.55;16.65;7.83;5.38;25.5;27.04;44.24;;64.93;35.48;28.24;17.56;37.35;38.17;23.51;-0.6;0.9;5.6
O3;uur;µg/m³;2023-03-17T21:00:00+01:00;2023-03-17T22:00:00+01:00;37;21.7;34.7;30.2;9.1;68.29;51.71;68.61;71.03;66.4;29.5;63.82;48.83;66.27;44.58;26.29;35.44;9.66;43.79;38.1;24.27;19.96;37.56;24.48;23.01;11.47;32.7;27.75;30.26;29.35;30.04;40.81;29.88;49.74;;57.85;41.29;28.49;16.43;30.85;36.93;18.05;0.2;0.1;10.7
O3;uur;µg/m³;2023-03-17T22:00:00+01:00;2023-03-17T23:00:00+01:00;39.1;20.8;27.2;22;31.3;63.87;54.91;64.32;67.99;58.51;15.22;59.87;37.68;60.58;39.56;19.06;16.87;4.93;38.97;42.38;35.26;7.58;30.3;17.21;17.55;35.06;30.32;28.95;30.03;27.34;23.34;38.45;32.58;55.04;;51.54;44.58;25.54;17.81;29.22;28.43;18.54;22.6;15.3;26
O3;uur;µg/m³;2023-03-17T23:00:00+01:00;2023-03-18T00:00:00+01:00;35.2;10.8;14.6;14.1;18.1;60.03;56.7;62.63;64.29;51.62;7.17;52.06;31.92;59.5;30.37;26.11;29.31;12.12;36.91;40.05;45.65;32.24;11.58;28.32;13.24;43.88;27.26;22.39;26.48;30.8;22.53;30.18;31.22;53.7;;51.81;48.34;30.22;26.69;38.48;18.86;17.07;46.9;42.8;47.3
O3;uur;µg/m³;2023-03-18T00:00:00+01:00;2023-03-18T01:00:00+01:00;33.5;4.5;9.1;10.6;12;51.66;55.65;58.73;63.12;47.16;9.32;53.98;20.67;57.61;20.02;31.32;31.35;11.8;22.97;23.66;44.91;15.37;5.12;18.02;27.21;45.55;31.07;25.54;22.74;24.1;22.01;30.79;20.94;51.69;;51.77;47.21;30.5;27.29;45.49;14.87;22.96;48.7;42.5;
O3;uur;µg/m³;2023-03-18T01:00:00+01:00;2023-03-18T02:00:00+01:00;28;6.1;11.9;15.2;7.4;51.03;48.29;47.76;58.51;45.82;40.05;48.08;18.37;46.91;8.74;40.89;16.22;29.32;8.07;14.83;35.11;15.4;9.79;16.81;35.06;38.67;46.16;24.29;24.68;23.67;25.37;30.84;15.43;50.78;;46.78;44.25;24.75;26.53;43.01;15.2;31.92;43.8;33.6;31
O3;uur;µg/m³;2023-03-18T02:00:00+01:00;2023-03-18T03:00:00+01:00;14;9.9;6.7;10.4;8;49.86;45.94;28.66;35.14;45.93;44.5;47.63;30.07;43.62;18.78;43.48;9.63;28.33;18.85;23.06;28.78;8.43;15.72;9.87;36.32;27.91;43.36;21.37;30.67;14.41;17.05;32.37;9.88;45.19;;43.14;40.34;18.6;27.25;41.42;21.77;29.29;34.9;25;22.2
O3;uur;µg/m³;2023-03-18T03:00:00+01:00;2023-03-18T04:00:00+01:00;19.9;6.5;10.1;14.3;10.3;45.56;45.06;14.69;23.67;43.48;52.28;45.28;40.65;41.25;40.11;42.18;7.28;21.18;34.64;23.28;20.31;2.9;12.63;6.54;36.17;25.04;36.37;21.18;16.88;8.7;14.35;18.27;14.03;40.77;;43.92;37.1;29.74;33.83;35.97;26.93;27.3;27.3;17.4;24.9
O3;uur;µg/m³;2023-03-18T04:00:00+01:00;2023-03-18T05:00:00+01:00;33.1;3;7.5;5.6;16;40.85;42.82;35.41;30.16;42.89;37.8;42.18;43.1;40.46;37.92;39.36;9.63;24.11;42.21;31.58;16.67;18.1;20.65;7.95;26.34;18.13;28.63;19.39;21.32;13.76;10.4;21.5;18.82;39.19;;40.63;35.64;38.41;35.35;38.13;31;27.46;18;15.6;23.7
O3;uur;µg/m³;2023-03-18T05:00:00+01:00;2023-03-18T06:00:00+01:00;32.9;6.1;23.4;13.6;12.4;39.77;42.21;47.14;57.89;40.44;26.92;41.23;42.39;42.99;42.66;44.66;33.26;36.46;46.53;36.07;12.51;25.05;13.38;23.01;25.35;11.86;28.72;17.26;28.16;25.67;15.44;30.36;21.78;30.64;;37.38;34.04;30.1;26.81;36.23;26.47;32.08;15.8;15;19
O3;uur;µg/m³;2023-03-18T06:00:00+01:00;2023-03-18T07:00:00+01:00;32.9;8.5;17.2;10.5;18.6;45.61;39.46;51.64;59.39;42.21;26.7;41.9;41.22;41.59;37.11;46.42;30.2;17.22;42.77;35.44;37.12;22.26;8.09;19.89;14.97;14.79;25.6;22.85;32.32;25.9;18.84;35.07;25.45;23.88;;35.11;34.63;23.08;29.29;34.72;29.57;43.32;13.7;10;12.1
O3;uur;µg/m³;2023-03-18T07:00:00+01:00;2023-03-18T08:00:00+01:00;28.4;13;22;18.6;20.5;46.53;40.63;57.81;60.56;40.72;37.58;42.84;43.24;36.19;29.64;43.41;17.79;36.73;39.97;32.24;30.2;29.22;25.3;17.07;12.58;13.14;23.91;29.03;24.66;21.41;16.13;31.1;20.41;28.4;;35.01;32.05;25.04;28.35;32.67;40.16;47.62;13.7;11.3;14.1
O3;uur;µg/m³;2023-03-18T08:00:00+01:00;2023-03-18T09:00:00+01:00;36.4;27.2;30;29.3;20.9;51.57;44.06;63.4;65.64;49.75;40.79;44.16;46.9;44.11;30.94;37.78;26.41;38.03;37.72;37.49;33.11;27.55;37.69;23.45;21.74;23.68;29.04;31.91;28.57;24.06;22.37;35.72;30.22;32.65;;35.48;32.21;25.63;20.99;32.75;40.1;43.67;22.7;18.2;24.3
O3;uur;µg/m³;2023-03-18T09:00:00+01:00;2023-03-18T10:00:00+01:00;38.2;31.1;40.5;35.7;34.5;58.61;53.95;68.31;70.46;62.32;31.59;52.6;51.54;59.66;37.86;38.97;43.2;44.63;46.6;41.11;40.03;41.79;43.75;31.97;36.53;35.7;40.65;38.46;39.53;38.86;33.09;46.68;41.87;40.02;;47.89;40.53;33.39;29.65;31.61;39.09;42.1;42.7;34.2;41.4
O3;uur;µg/m³;2023-03-18T10:00:00+01:00;2023-03-18T11:00:00+01:00;44.6;36.6;43.5;38.6;27.1;67.39;61.02;72.78;75.02;68.38;36.45;60.38;59.09;66.73;41.25;44.67;49.92;50.8;50.17;47.37;48.67;48.12;47.99;40.37;49.37;47.82;56.99;44.16;46.27;45.15;38.28;52.82;53.03;50.47;;58.49;51.02;49.98;42.9;42.65;38.34;34.61;52.4;45.1;52.5
O3;uur;µg/m³;2023-03-18T11:00:00+01:00;2023-03-18T12:00:00+01:00;45;35.3;44.3;36.9;26.2;72.84;69.74;77.79;81.61;73.8;51.61;64.57;64.03;70.05;39.23;49.41;51.88;49.15;51.95;47.56;58.95;48.16;47.34;35.89;58.44;54.42;61.13;51.14;52.47;52.2;46.22;59.52;55.02;57.25;;69.81;64.23;63.04;69.38;59.88;47.16;49.85;52.2;47.2;54
O3;uur;µg/m³;2023-03-18T12:00:00+01:00;2023-03-18T13:00:00+01:00;46.8;38.2;42.3;37.7;27.6;76;73.83;74.64;80.75;69.68;57.02;67.26;65.83;69.76;40.25;63.84;49.2;57.29;61.15;48.52;58.75;47.7;48.08;26.92;67.94;58.11;68.34;50.01;58.22;58.06;44.29;65.44;54.16;73.32;;74.9;67.92;70.82;78.31;71.33;72.19;60.65;57.5;50.5;60.2
O3;uur;µg/m³;2023-03-18T13:00:00+01:00;2023-03-18T14:00:00+01:00;57.5;44.2;56;57.6;40;71.99;73.07;65.34;71.54;67.33;66.94;67.39;67.01;69.52;57.1;69.92;52.57;63.9;58.88;51.7;57.99;56.38;66.13;41.86;63.47;54.79;72.31;53.55;62.81;57.35;45.92;71.23;54.81;81.17;;77.21;75.81;73.89;85.48;77.27;81.42;68.51;59.4;50;60.6
O3;uur;µg/m³;2023-03-18T14:00:00+01:00;2023-03-18T15:00:00+01:00;62.6;51.9;62.8;72.2;56.2;68.58;71.88;69.23;72.33;69.45;70.83;66.24;72.86;67.54;65.21;72.58;72.01;68.76;72.82;66.7;76.96;73.89;74.34;55.94;61.09;66.3;71.17;64.96;61.96;56.21;55.76;69.11;59.66;80.02;;74.1;77.85;70.48;75.05;76.86;79.94;80.71;56.6;54.8;59.2
O3;uur;µg/m³;2023-03-18T15:00:00+01:00;2023-03-18T16:00:00+01:00;64.4;54.7;66;66.2;54.5;71.15;75.47;76.16;76.96;74.45;79.01;70.92;76.34;76.25;71.37;72.74;73.27;68.69;71.73;74.14;81.27;76.9;71.7;58.73;63.01;74.04;70.27;70.46;66.44;66.68;61.2;73.34;70.12;79.13;;70.55;76.76;66.67;71.83;81.33;83.12;85.34;67.5;62.3;72
O3;uur;µg/m³;2023-03-18T16:00:00+01:00;2023-03-18T17:00:00+01:00;64.8;58.1;62.9;68.7;50.1;75.73;75.49;79.05;80.54;80.2;75.66;74.66;79.21;82.15;70.53;70.77;66.53;70.22;72.55;75.35;77.08;72.37;70.5;51.92;71.19;75.52;73.07;75.61;69.32;68.25;68.21;75.58;71.22;72.75;;75.61;59.06;70.27;71.37;76.49;72.94;83.44;75.9;67.6;72
O3;uur;µg/m³;2023-03-18T17:00:00+01:00;2023-03-18T18:00:00+01:00;64.4;55;58.4;55.6;46.6;75.82;77.71;79.13;79.57;81.83;71.92;79.31;78.51;83.18;66.95;66.55;66.62;63.99;69.16;71.66;77.61;69.21;68.49;47.16;69.69;73.88;73.76;69.63;69.43;67.99;67.23;75.39;66.46;68.75;;75.21;51.32;71.14;69.45;76.11;64.49;74.2;71.4;67.3;
O3;uur;µg/m³;2023-03-18T18:00:00+01:00;2023-03-18T19:00:00+01:00;57.2;47.2;42;48.6;32.3;62.93;73.31;65.38;76.64;77.56;67.58;65.1;76.23;72.53;64.47;64.42;63.87;59.87;64.04;66.67;73.65;63.06;53.82;45.15;56.89;68.02;67.31;62.69;60.01;60.5;56.94;68.36;55.69;57.4;;66.72;42.4;46.4;56.62;66.69;65.51;72.43;58.3;56;68
O3;uur;µg/m³;2023-03-18T19:00:00+01:00;2023-03-18T20:00:00+01:00;57.9;44.8;44.4;40;30.8;56.15;64.27;60.57;67.87;72.89;60.41;61.22;69.5;62.44;61.07;59.15;53.16;56.43;68.56;64.41;69.38;51.57;48.83;34.37;54.87;66.99;65.52;60.03;54.64;61.25;58.64;60.88;52.54;51.71;;63.93;53.96;35.24;47.46;59.67;57.96;66.41;40.7;50.2;59.3
O3;uur;µg/m³;2023-03-18T20:00:00+01:00;2023-03-18T21:00:00+01:00;53.7;51.4;44.7;60.2;32;59.31;60.23;65.61;69.45;82.04;54.37;71.18;72.8;75.68;59.02;58.54;49.89;65.05;66.22;63.16;60.95;57.03;60.58;42.78;55.83;60.31;58.48;66.34;56.54;59.88;49.55;62.53;57.84;40.4;;67.96;47.12;32.78;43.34;56.91;53.05;64.88;61.6;53.6;62
O3;uur;µg/m³;2023-03-18T21:00:00+01:00;2023-03-18T22:00:00+01:00;50.9;42.2;46.4;46.4;39.7;68.81;64.53;75.51;80.07;75.41;53.56;74.29;72.22;76.73;53.13;54.31;56.15;59.49;63.01;67.06;58.81;59.47;39.11;48.81;53.86;65.17;63.67;62.04;57.69;57.64;44.66;63.73;60.24;32.65;;68.12;48.13;35.84;44.41;50.08;50.85;55.3;71.5;65;70.4
O3;uur;µg/m³;2023-03-18T22:00:00+01:00;2023-03-18T23:00:00+01:00;58.6;34.2;50.8;50;36;66.79;72.88;62.58;68.86;70.39;48.55;75.87;66.34;78.88;53.67;56.15;55.69;53.86;59.2;66.36;61.02;45.25;57.04;46.15;61.29;61.2;70.72;59.87;63.96;63.53;50.26;70.36;63.12;31.62;;68.09;42.96;47.15;60.78;50.96;51.26;53.13;62.7;55.8;62.1
O3;uur;µg/m³;2023-03-18T23:00:00+01:00;2023-03-19T00:00:00+01:00;55.2;37;52;48.6;37.8;65.24;71.49;66.28;66.92;70.11;58.24;74.82;67.25;77.54;55.8;50.93;51.83;52.62;54.23;63.84;51.9;49.51;59.39;46.18;61.36;49.83;72.46;58.77;63.27;61.42;44.99;68.44;57.05;30.83;;69.75;40.46;45.23;65.55;46.48;50.32;44.64;56.2;53.2;60.9
O3;uur;µg/m³;2023-03-19T00:00:00+01:00;2023-03-19T01:00:00+01:00;55.2;41;51.2;36.8;39.2;54.27;69.87;55.99;63.01;67.68;41.6;69.72;64.45;69.09;51.42;48.93;51.75;57.78;58.1;59.24;54.48;51.31;47.62;44.16;51.47;49.9;68.88;54.08;61.44;59.46;43.44;67.46;49.61;28.02;;70.97;48.18;57.74;71.12;47.84;51.35;41.2;59;49;57.1
O3;uur;µg/m³;2023-03-19T01:00:00+01:00;2023-03-19T02:00:00+01:00;48.1;34.6;27.2;43.8;36.2;42.6;62.68;48.82;69.47;63.62;32.87;68.62;60.82;68.53;51.52;46.15;49.02;41.33;55.75;52.16;49.69;50.54;37.99;43.54;52.87;47.89;67.19;46.7;59.47;59.77;41.09;64.82;50;59.35;;67.61;57.44;59.37;68.19;41.94;45.72;39.71;56.3;50.2;56.5
O3;uur;µg/m³;2023-03-19T02:00:00+01:00;2023-03-19T03:00:00+01:00;43.7;42.9;34.8;13.1;33.5;51.99;59;57.74;65.42;62.16;53.87;66.89;54.65;65.99;51.96;48.71;52.28;50.91;52.08;48.65;48.18;50.64;44.29;44.14;46.68;52.58;63.32;41.45;54.13;53.68;39.31;58.76;43.09;59.1;;64.27;61.3;58.04;63.05;39.24;49.73;40.9;49.4;45;49.6
O3;uur;µg/m³;2023-03-19T03:00:00+01:00;2023-03-19T04:00:00+01:00;43.6;37;37.2;28.5;43.4;56.61;53.6;62.85;62.42;57.27;50.53;62.04;49.24;62.47;59.13;52.45;48.87;32.33;49.57;47.73;46.44;43.99;38.86;42.25;57.19;53.39;56.26;44.72;48.19;46.18;35.49;51.41;34.12;57.5;;60.13;58.95;58.15;59.49;40.96;52.97;50.83;48.9;40.8;46.9
O3;uur;µg/m³;2023-03-19T04:00:00+01:00;2023-03-19T05:00:00+01:00;53.4;48.5;33.5;44.9;47.5;54.94;54.97;59.68;61.28;48.5;55.95;56.29;40.04;57.08;57.35;56.97;52.03;53.35;53.01;48.1;47.89;54.17;34.63;49.37;49.84;48.29;50.67;46.28;47.93;40.82;31.38;53.01;27.15;54.75;;55.59;60.86;51.34;52.17;50.51;52.64;55.41;50.3;44.7;47.1
O3;uur;µg/m³;2023-03-19T05:00:00+01:00;2023-03-19T06:00:00+01:00;52.9;46.1;16;41.5;43.6;51.29;53.15;58.16;60.13;44.03;43.47;51.52;34.07;53.09;57.67;53.65;51.54;51.85;55.22;43.13;47.88;54.26;46.56;51.3;48.97;47.93;47.68;49.26;45.01;41.58;24.08;48.39;31.92;40.35;;51.22;56.5;45.47;47.29;58.19;46.65;59.26;51.1;50.8;52.4
O3;uur;µg/m³;2023-03-19T06:00:00+01:00;2023-03-19T07:00:00+01:00;51.8;39.8;27.5;27.8;32.1;48.38;49.58;55.83;56.75;43.74;46.38;45.97;39.22;42.34;55.45;48.47;53.64;53.22;59.15;45.81;53.37;49.69;39.03;45.13;45.92;50.09;45.46;52.06;45.33;42.05;45.68;49.41;34.8;35.77;;45.68;50.8;42.16;45.33;51.62;45.86;54.98;56;49.6;53.9
O3;uur;µg/m³;2023-03-19T07:00:00+01:00;2023-03-19T08:00:00+01:00;42.7;40.9;23.1;42.5;36.7;47.01;42.09;54.55;55.65;38.62;53.65;44.67;41.39;37.94;53.1;48.52;41.09;44.64;56.84;43.8;51.48;48.03;31.4;36.35;51.68;50.45;47.96;43.02;44.33;41.36;49.41;47.03;47.13;41.69;;44.72;46.72;37.38;49.2;49.18;41.79;50.1;48.8;49.7;48.9
O3;uur;µg/m³;2023-03-19T08:00:00+01:00;2023-03-19T09:00:00+01:00;43.3;32.2;33.1;42.2;35.2;48.31;44.08;52.22;53.17;53.92;52.42;43.38;41.73;43.69;48.68;46.45;40.02;45.03;54.92;44.58;45.04;47.52;29.58;30.52;58.45;46.22;53.65;41.31;46.66;47.5;40.91;51.89;48.85;44.81;;45.62;48.46;45.06;47;52.47;46.79;54.85;48.6;42.5;47.7
O3;uur;µg/m³;2023-03-19T09:00:00+01:00;2023-03-19T10:00:00+01:00;46;36.5;29.5;32.5;33.9;47.65;48.69;52.66;54.4;62;55.12;56.46;49.78;64.48;44.01;45.87;43.23;41.91;54.86;46.8;44.02;45.05;33.79;29.71;49.54;41.86;51.5;47.02;48.77;48.66;39.2;56.38;50.09;54.94;;55.58;54.47;56.18;46.58;60.52;60.18;59.75;49.1;38.9;45.9
O3;uur;µg/m³;2023-03-19T10:00:00+01:00;2023-03-19T11:00:00+01:00;46.5;23;33.2;41.3;32.5;59.39;65.1;52.91;56.55;66.56;51.37;67.15;53.22;68.52;43.63;47.64;40.34;39.74;54.64;52.2;46.84;42.63;41.81;32.37;49.5;41.03;52.27;45.93;50.4;45.96;38.56;55.93;48.87;61.66;;66.25;59.55;54.02;54.06;70.39;61.6;63.37;45.3;33.5;39.5
O3;uur;µg/m³;2023-03-19T11:00:00+01:00;2023-03-19T12:00:00+01:00;40.6;21.6;37.6;36.7;26;68.11;73.53;56.36;58.49;67.39;45.55;72.9;52.57;78.98;45.79;55.76;45.55;39.08;53.29;50.69;49.74;42.55;44.19;29.48;51.71;43.29;55.83;45.11;47.26;47.65;36.48;54.33;52.56;62.47;;68.07;64.6;54.08;56.07;70.88;54.28;63.51;43;28.8;35.7
O3;uur;µg/m³;2023-03-19T12:00:00+01:00;2023-03-19T13:00:00+01:00;39.1;26.8;32.3;38.8;35.2;66.46;77.46;59.58;65.07;64.24;48.61;72.71;56.92;78.25;51.1;57.59;42.63;40.15;55.97;49.83;49.95;49.72;34.73;32.51;54.97;48.59;57.08;44.56;47.44;48.11;38.07;54.85;51.14;74.59;;72.94;71.87;57.5;52.68;71.85;54.56;66.18;44.4;35.2;48.1
O3;uur;µg/m³;2023-03-19T13:00:00+01:00;2023-03-19T14:00:00+01:00;47.4;33.4;37.1;37.5;33.5;61.64;76.97;66.49;68.44;60.88;58.41;64.12;60.51;75.68;54.69;62.51;38.6;48.11;63.33;53.87;42.05;48.06;38.6;39.56;58.38;42.73;57.6;47.14;48.86;51.14;39.38;56.71;57.55;80.98;;64.62;79.63;54.89;52.69;76.09;57.14;64.9;50;40;51.5
O3;uur;µg/m³;2023-03-19T14:00:00+01:00;2023-03-19T15:00:00+01:00;48.8;36.7;40.6;37;10.1;63.98;72.25;68.79;72.32;65.43;56.73;65.07;64.98;70.92;60.89;61.43;39.68;50.73;55.43;56.92;44.01;45.81;36.94;33.74;56.62;39.66;57.13;54.38;56.87;59.45;44.43;63.61;60.77;81.21;;70.11;74.61;55.38;48.15;78.06;59.25;63.18;52.2;41.2;49.6
O3;uur;µg/m³;2023-03-19T15:00:00+01:00;2023-03-19T16:00:00+01:00;45.4;36;46.8;37.5;28.4;59.92;68.4;65.44;65.65;69.06;61.7;64.39;63.38;71.1;65.22;61.8;39.01;44.77;58.56;52.88;40.17;44.68;47.93;36.97;56.58;34.58;54.22;51.07;56.3;58.79;45.05;65.35;58.11;80.33;;69.36;53.26;55.47;45.17;74.67;57.93;58.36;46.2;38.9;42
O3;uur;µg/m³;2023-03-19T16:00:00+01:00;2023-03-19T17:00:00+01:00;48.1;37;46.1;17.6;29.2;60.63;68.36;66.41;59.29;60.37;63.98;64.15;68.36;71.01;65.13;61.7;49.83;37.46;65.72;56.17;58.26;48.02;47.61;44.81;62.91;51.61;53.1;40.36;47.46;46.95;35.66;55.19;50.99;73.66;;65.09;55.44;52.57;51.37;70.55;63.06;59.97;34.8;27.4;35.1
O3;uur;µg/m³;2023-03-19T17:00:00+01:00;2023-03-19T18:00:00+01:00;46.9;22.5;25.9;14.7;44.4;61.62;63.29;70.72;70.93;66.46;66.11;51.81;67.58;56.05;66.27;56.65;54.47;24.45;64.21;60.69;60.81;48.42;29.36;50.31;60.75;52.59;47.12;43.01;36.82;36.24;33.67;41.53;47.5;66.97;;64.57;54.77;49.66;50.21;60.13;59.26;59.44;21.8;22.6;42.9
O3;uur;µg/m³;2023-03-19T18:00:00+01:00;2023-03-19T19:00:00+01:00;16.9;35.2;46.2;38.1;53.3;65.6;52.36;65.91;73.36;67.12;66.4;50.89;67.14;58.7;63.98;62.28;62.46;43.84;56.63;53.49;68.92;60.72;51.82;61.33;68.53;61.12;44.89;50.56;34.67;37.88;43.42;39.63;41.19;54.65;;56.69;56.38;45.5;55.18;60.92;58.51;56.19;31.6;24.9;47.8
O3;uur;µg/m³;2023-03-19T19:00:00+01:00;2023-03-19T20:00:00+01:00;27.7;41.8;51.7;44.3;38.3;53.27;51.18;49.81;54.85;69.25;64.48;61.25;65.31;67.81;60.85;55.49;65.27;58.67;56.57;41.09;68.94;59.85;54.97;62.45;68.35;62.39;51.94;55.8;44.44;46.03;43.19;49.65;45.18;41.17;;41.3;44.8;53.96;61.36;54.67;64.57;57.52;49.2;45.8;36.1
O3;uur;µg/m³;2023-03-19T20:00:00+01:00;2023-03-19T21:00:00+01:00;26.2;41;51.8;22.6;21.1;52.06;57.07;52.44;49.02;65.57;61.01;62.4;63.31;68.48;61.58;44.98;65.2;60.23;66.6;47.18;65.99;64.78;29.8;60.02;69.28;58.8;52.92;61.6;48.04;53.13;46.67;55.92;56.2;36.49;;46.22;31.52;59.44;66.13;55.72;69.51;68.84;42.5;45.4;57.6
O3;uur;µg/m³;2023-03-19T21:00:00+01:00;2023-03-19T22:00:00+01:00;45.2;32;37.6;37;17.9;61.69;60.98;52.99;52.3;64.83;55.82;61.88;65.79;63.94;52.67;32.54;44.39;41.78;57.97;46.53;65.96;43.07;46.01;37.54;68.64;60.2;51.73;56.12;55.16;59.33;49.49;61.98;53.62;29.03;;50.04;31.31;58.31;67.63;65.74;74.28;71.95;59.2;52.2;59
O3;uur;µg/m³;2023-03-19T22:00:00+01:00;2023-03-19T23:00:00+01:00;50.2;21.7;36.9;43.7;28;56.82;59.13;61.64;61.46;65.52;36.7;57.99;59.92;66.22;39.5;31.73;49.65;21.93;59.46;51.16;56.12;13.59;50.99;27.19;65.33;59.64;47.24;57.35;51.34;53.03;47.46;58.55;53;27.72;;44.15;42.87;54.59;67.48;72.27;73.97;71.02;64;51.8;60.2
O3;uur;µg/m³;2023-03-19T23:00:00+01:00;2023-03-20T00:00:00+01:00;52.2;17.5;21.5;30.7;36.4;57.07;58.08;63.28;64.57;61.58;32.3;61.37;56.15;65.06;22.15;28.32;37.27;37.48;61.16;54.97;51.39;37.59;27.02;27.03;63.16;54.69;37.73;46.72;52.51;51.51;48.67;59.27;39.13;30.42;;43.8;52.34;58.38;64.05;69.78;73.13;71.5;61.5;52.4;58.4
O3;uur;µg/m³;2023-03-20T00:00:00+01:00;2023-03-20T01:00:00+01:00;34.1;35.5;12.8;27.1;33.2;59.11;56.72;56.9;62.19;56.31;41.05;60.54;45.64;58.38;34.64;30.82;31.32;43.79;40.99;44.99;49.02;42.82;18.74;36.4;58.38;53.05;47.35;31.21;40.58;36.36;34.69;42.95;51.37;30.39;;58.8;51.55;61.06;56.05;59.76;72.84;71.45;54.2;52.8;53.3
O3;uur;µg/m³;2023-03-20T01:00:00+01:00;2023-03-20T02:00:00+01:00;35.8;22.2;10.1;19.2;28.9;56.79;58.62;58;61.6;47.24;34.77;57.36;34.85;54.43;37.78;31.45;40.92;15.44;32.97;29.98;48.85;34.6;24.15;38.54;58.59;52.77;52.82;43.33;48.45;45.8;41.47;53.73;51.46;39.09;;52.93;46.17;57.06;54.26;58.1;70.32;73.41;53.4;52.2;51.3
O3;uur;µg/m³;2023-03-20T02:00:00+01:00;2023-03-20T03:00:00+01:00;39.7;17.4;19.8;17.5;29.3;56.55;54.37;51.91;59.46;37.4;20.36;51.45;36.64;44.45;41.17;33.71;31.25;26.36;41.24;29.6;41.97;29.17;14.1;30.26;57.56;48.54;48.75;36.68;54.86;55.87;42.78;60.01;33.01;48.98;;52.61;43.46;50.15;48.8;60.06;64.21;69.25;46;40.4;
O3;uur;µg/m³;2023-03-20T03:00:00+01:00;2023-03-20T04:00:00+01:00;46.1;24.4;20.6;29.1;28.4;54.12;50.31;40.65;50.8;34.28;36.8;44.24;26.15;41.95;35.9;35.99;27.29;32.44;46.23;31.25;38.87;31.76;24.25;26.37;49.44;40.34;43.9;34.12;47.03;42.01;36.07;50.47;22.66;51.01;;55.4;50.11;52.18;52.1;60.03;55.41;62.65;46.9;40.8;43.7
O3;uur;µg/m³;2023-03-20T04:00:00+01:00;2023-03-20T05:00:00+01:00;39.5;25.7;13.7;24.7;26.5;46.6;42.98;41.84;46.85;39.98;21.84;45.64;34.28;41.51;34.19;38.53;28.42;27.32;42.78;32.2;30.78;35.82;33.94;21.88;43.97;34.57;51.02;31.86;37.68;36.59;29.09;40.89;28.88;44.87;;53.45;47.13;53.72;47.84;53.18;50.47;56.71;33.6;35.3;32.4
O3;uur;µg/m³;2023-03-20T05:00:00+01:00;2023-03-20T06:00:00+01:00;39.7;23.5;16.2;20.7;30.5;42.78;41.8;43.54;48.62;37.82;23.17;43.12;29.13;38.71;40.63;42.02;23.95;28.53;32.86;21.85;30.05;31.94;28.44;15.81;38.62;29.18;47.01;34.3;35.42;31.67;23.99;38.15;25;47.13;;43.62;50.18;49.46;45.55;51.37;51.96;56.86;30.5;27.1;27.9
O3;uur;µg/m³;2023-03-20T06:00:00+01:00;2023-03-20T07:00:00+01:00;39.5;19.3;18.2;17.3;34.4;43.64;43.98;38.88;49.58;38.44;27.18;37.32;25.92;37.67;44.06;45.46;28.29;17.07;38.38;15.23;30.76;26.86;23.79;17.3;29.67;26.82;38.72;31.59;25.88;19.04;18.5;28.49;19.42;47.57;;45.98;53.92;49.3;38.17;53.15;47.29;53.79;31.4;24.5;26.6
O3;uur;µg/m³;2023-03-20T07:00:00+01:00;2023-03-20T08:00:00+01:00;39.9;21.6;14.6;20.7;46.3;42.68;45.82;43.29;52.4;41.16;34.65;34.1;26.7;37.78;44.79;46.06;40.89;18.94;44.76;18.23;33.29;27.28;23.95;22.73;28.15;23.26;34.05;25.93;19.91;15.99;14.52;24.31;18.53;42.1;;38.41;50.21;43.14;33.52;54.44;44.71;50.96;23.9;17.1;20
O3;uur;µg/m³;2023-03-20T08:00:00+01:00;2023-03-20T09:00:00+01:00;39.6;25.2;20.6;24.8;51.1;39.43;47.36;39.75;49.18;46.69;42.12;38.05;31.38;42.4;47;44.67;48.73;24.53;50.03;26.27;51.06;38.72;32.83;30.16;32.22;34.47;31.24;31.98;23.14;20.7;22.28;27.86;25.1;47.46;;37.31;42.7;41.57;36.37;55.89;41.48;49.77;25.8;17.6;21.6
O3;uur;µg/m³;2023-03-20T09:00:00+01:00;2023-03-20T10:00:00+01:00;46.9;29.5;37.6;46.9;52.8;57.43;51.05;56.74;52.47;49.87;41.63;48.22;34.99;54.89;49.46;46.11;50.35;36.62;50.08;32.84;57.78;49.3;34.94;35.58;46.34;57.22;35.09;39.46;34.84;28.89;31.48;39.89;32.74;49.8;;41.9;47.19;41.32;36.27;55.29;40.02;48.07;32.8;26;37.2
O3;uur;µg/m³;2023-03-20T10:00:00+01:00;2023-03-20T11:00:00+01:00;45.2;30.5;38.6;48.5;49.1;63.24;55.57;68.12;63.77;52.43;43.9;54.89;44.07;58.62;50.81;48.61;49.06;42.13;54.62;41.3;59.37;54.12;42.53;35.97;64.51;55.79;49.51;50.18;38.14;38.75;41.03;43.99;40.48;55.06;;54.5;48.86;45.1;40.22;56.52;47.98;51.68;48.9;38.6;49.5
O3;uur;µg/m³;2023-03-20T11:00:00+01:00;2023-03-20T12:00:00+01:00;50.8;35;42.5;52.5;51.4;62.01;63.78;65.26;67.44;61.64;45.65;57.12;55.66;59.57;54.66;57.39;52.41;46.19;57.53;47.73;57.9;56.08;44.36;39.04;61.66;53;58.01;50.96;46.13;46.4;44.45;53.25;45.28;58.13;;62.14;53.69;54.26;43.5;61.71;53.72;55.49;47.5;38.5;47.8
O3;uur;µg/m³;2023-03-20T12:00:00+01:00;2023-03-20T13:00:00+01:00;53.5;41;45.1;44.2;55.7;63.73;65.01;68.55;69.55;62.76;52.04;62.33;58.23;65.37;59.09;64.59;56.51;48.83;60.75;47.82;61.32;54.46;45.82;45;61.08;55.93;59.98;53.19;47.93;48.13;46.81;54.8;46.85;62.04;;67.88;62.23;61.74;48.88;59.02;65.14;63.08;50.1;41.3;51.2
O3;uur;µg/m³;2023-03-20T13:00:00+01:00;2023-03-20T14:00:00+01:00;51.8;38;41.1;46.1;57;70.25;67.22;71.35;76.4;67.23;57.93;61.01;60.24;65.76;57.38;63.48;59.38;42.58;60.4;52.64;67.24;57.75;49.73;44.57;58.79;57.4;55.15;50.83;46.38;45.45;46.41;54.04;51.15;67.63;;67.8;62.02;62.38;52.53;61.47;58.42;73.29;52.8;39.7;52.5
O3;uur;µg/m³;2023-03-20T14:00:00+01:00;2023-03-20T15:00:00+01:00;50.2;34.3;39.4;39.8;54.9;68.54;67.44;69.94;73.33;71.56;59.5;61.66;54.81;66.93;54.49;65.28;62.26;41.7;60.66;45.03;67.66;54.94;46.71;43;65.6;66.05;53.3;48.91;44.12;43.45;43.54;51.56;48.38;64.47;;66.84;63.3;55.71;51.09;68.76;55.29;66.29;50.4;35.7;49
O3;uur;µg/m³;2023-03-20T15:00:00+01:00;2023-03-20T16:00:00+01:00;51.7;34;30.9;29.2;58.7;65.9;66.37;66.78;72.17;69.37;55.76;62.68;56.64;69.37;55.91;65.55;62.61;36.99;59.88;47.06;70.36;53.26;34.34;47.19;65.24;67.27;51.61;46.87;40.8;38.87;40.31;48.97;43.67;63.05;;60.27;57.41;51.74;49.76;68.35;53.16;54.87;48.9;35;43.7
O3;uur;µg/m³;2023-03-20T16:00:00+01:00;2023-03-20T17:00:00+01:00;48;27.9;28.1;58.6;56.9;63.73;64.12;64.22;71.63;67.65;51.66;64.43;53.53;72.91;58.51;66.68;53.92;32.12;57.36;47.21;74.56;71.33;30.73;44.95;61.81;66.53;49.24;44.97;37.44;37.08;39.32;46.61;41.57;60.68;56.23;56.32;53.27;49.22;55.81;64.93;50.6;48.85;48.2;53.8;50.7
O3;uur;µg/m³;2023-03-20T17:00:00+01:00;2023-03-20T18:00:00+01:00;61;42.3;49.5;65.2;50.5;61.8;68.59;62.47;60.61;61.57;52.82;60.96;48.65;65.2;62.41;65.57;55.5;50.02;57.69;46.15;69.17;66.79;60.65;42.1;56.77;65.33;45.65;41.59;37.67;34.6;36.78;45.2;44.08;58.01;55.77;52.29;50.69;46.9;53.47;57.89;48.87;45.1;53.4;57.7;56.6
O3;uur;µg/m³;2023-03-20T18:00:00+01:00;2023-03-20T19:00:00+01:00;57.4;40.7;51.3;56.6;48.7;57.64;63.98;62.55;64;59.47;59.13;54.23;45.47;60.7;55.27;62.29;59.71;53.31;61.73;49.03;74.88;60.06;54.02;48.44;53.86;65.84;42.41;63.43;38.39;33.28;46.48;44.79;39.98;56.9;51.69;53.58;47.78;44.04;50.62;52.81;54.27;41.5;51.5;57.2;55.9
O3;uur;µg/m³;2023-03-20T19:00:00+01:00;2023-03-20T20:00:00+01:00;50.4;26.1;44.3;52.1;41.1;57.31;58.16;56.06;59.37;56.94;56.4;51.16;49.07;55.69;60.41;60.46;61.07;47.16;64.49;54.22;75.44;52.45;41.96;51.19;54.1;72.61;42.54;63;38.68;33.98;57.46;45.44;43.69;52.99;48.62;53.9;47.96;41.41;48.17;50.45;54.05;41.72;58.1;61.6;62.8
O3;uur;µg/m³;2023-03-20T20:00:00+01:00;2023-03-20T21:00:00+01:00;53.3;40.9;27.2;48.6;47.4;54.83;54.98;55.61;58.54;56.53;56.47;46.7;52.77;52.64;58.83;57.19;57.53;44.46;62.35;55.5;72.09;61.17;43.4;48.23;60.12;70.26;57.73;58.58;42.55;43.53;53.19;50.46;45.78;53.35;43.89;46.26;44.73;39.68;49.86;47.98;50.82;41.34;59.9;62.4;64
O3;uur;µg/m³;2023-03-20T21:00:00+01:00;2023-03-20T22:00:00+01:00;56.2;46.7;34.1;44;42.9;55.36;54.85;58.39;59.95;51.52;56.16;49.83;55.72;55.59;62.47;59.18;57.53;50.41;63.74;57.18;71.33;62.51;46.73;52.11;59.47;68.65;59.77;57.78;46.89;48.66;54.07;54.29;48.57;52.6;43.4;49.7;43.24;44.51;52.19;47.15;47.83;43.18;56.2;62.5;56.7
O3;uur;µg/m³;2023-03-20T22:00:00+01:00;2023-03-20T23:00:00+01:00;60.5;53.9;37.4;32.5;42.2;53.43;55.56;60.4;62.18;55.14;51.23;54.82;53.81;60.3;60.71;61.09;56.51;57.97;63.72;58.15;67.28;63.27;55.66;56.2;62.59;67.86;60.99;54.31;49.71;53.09;52.24;56.45;51.76;49.31;45.99;50.26;40.95;53.54;48.53;44.57;48.65;46.86;54.4;62.6;58.5
O3;uur;µg/m³;2023-03-20T23:00:00+01:00;2023-03-21T00:00:00+01:00;62.5;54.7;53.1;33;47.8;50.96;57.07;61.82;62.66;61.45;51.24;64.21;51.9;65.71;61.16;59.08;59.85;58.36;59.79;56.4;65.24;66.35;41.98;60.29;59.41;65.1;59.47;56.56;53.31;55.71;51.58;59.26;52.38;45.34;48.75;53.7;39.44;52.78;52.36;41.74;50.88;48.38;48.3;56.6;50.1
O3;uur;µg/m³;2023-03-21T00:00:00+01:00;2023-03-21T01:00:00+01:00;59;52.8;35.5;41.8;51.4;50.36;58.36;60.46;64.05;61.5;51.17;63.53;52.38;66.44;55.86;55.6;61.58;57.26;60.45;56.36;66.04;66.08;53.4;63.28;58.62;67.78;57.84;55.95;53.97;55.21;52.46;60.22;53.99;41.96;53.82;54.72;38;53.82;54.01;38.88;50.94;49.93;51.2;52.7;53.6
O3;uur;µg/m³;2023-03-21T01:00:00+01:00;2023-03-21T02:00:00+01:00;61.9;51.4;37.4;43;51.8;55.82;54.68;58.09;64.09;60.35;54.83;63.4;51.64;65.34;55.18;56.9;64.07;47.1;61.26;51.43;67.59;61.79;53.47;60.82;43.52;69.84;57.24;55.26;58.02;60.39;54.08;63.15;55.76;45.54;52.67;58.29;41.65;53.55;55.37;37.18;50.62;52.46;58.5;58.1;60.2
O3;uur;µg/m³;2023-03-21T02:00:00+01:00;2023-03-21T03:00:00+01:00;58.3;49.6;33.4;44.4;53;;;;;;;;;;;;;;;;;;;;;;;;;;;;;;;;;;;;;;61.1;56.5;60.6
O3;uur;µg/m³;2023-03-21T03:00:00+01:00;2023-03-21T04:00:00+01:00;55.5;46;44.8;55.3;48.1;47.63;52.65;59.83;63.68;59.55;37.01;58.31;48.76;57.5;48.22;52.33;58.15;46.9;55.4;48.14;66.35;59.38;50.86;53.21;63.26;68.08;58.46;51.82;56.33;55.03;52.35;60.9;53.79;49.36;53.69;55.96;42.77;52.38;54.87;44.42;54.97;52.53;60.5;58.3;60.2
O3;uur;µg/m³;2023-03-21T04:00:00+01:00;2023-03-21T05:00:00+01:00;47.6;37.2;46.5;41.4;38;42.96;48.33;64.37;64.1;53.78;32.31;54.09;53.21;52.26;25.73;53.93;46.85;50.29;44.69;47.67;62.19;55.69;42.16;48.44;61.92;67.25;55.38;53.61;56.16;54.38;53.31;59.92;47.56;51.08;54.65;54.2;46.95;53.99;58.56;48.97;54.68;51.62;60.6;57.5;59.5
O3;uur;µg/m³;2023-03-21T05:00:00+01:00;2023-03-21T06:00:00+01:00;39.9;30.2;32.4;34.2;30.7;43.41;48.05;63.46;63.92;46.39;26.69;47.49;49.37;43.55;37.86;51.82;31.14;37.06;35.61;46.01;57.67;28.72;37.96;27.74;66.82;59.9;58.62;50.69;49;42.88;45.69;53.17;36.48;52.1;51.78;50.11;48.05;51.75;57.99;47.06;57.55;51.81;55.8;55.1;57.5
O3;uur;µg/m³;2023-03-21T06:00:00+01:00;2023-03-21T07:00:00+01:00;30.8;15.3;18.6;30;38.2;50.32;42.99;68.49;70.17;45.11;40.71;42.74;41.13;41.62;32.58;58.22;17.99;28.89;32.52;39.98;47.04;18.3;23.85;13.6;41.43;50.57;57.85;37.87;37.24;25.54;19.04;42.33;33.85;50.14;49.06;44.97;51.64;52.76;57.37;45.33;57.94;52.3;54.9;44.6;50
O3;uur;µg/m³;2023-03-21T07:00:00+01:00;2023-03-21T08:00:00+01:00;35.7;2.4;16.1;24.9;41.2;58.51;39.38;62.55;69.36;51.71;49.19;45.45;37.45;47.46;40.37;48.58;32.46;19.93;39.05;28.67;30.37;35.65;21.64;18.21;54.17;33.72;46.49;30.67;23.6;12.84;21.67;28.96;25.51;46.44;38.17;38.42;49.76;53.8;55.21;47.31;55.72;46.15;39.8;31.3;38.3
O3;uur;µg/m³;2023-03-21T08:00:00+01:00;2023-03-21T09:00:00+01:00;34.8;12.7;17.9;27;11.9;60.03;46.05;60.53;64.59;48.25;35.44;44.55;32.05;42.34;48.48;40.8;29.1;32.9;47.8;34.79;27.02;26.05;24.42;22.1;51.47;21.73;44.03;26.33;25.78;18.4;17.75;31.85;29.75;44.34;37.66;37.23;45.82;46.79;55.8;53.17;55.53;45.23;28.6;22;28.4
O3;uur;µg/m³;2023-03-21T09:00:00+01:00;2023-03-21T10:00:00+01:00;48.2;31.3;28.5;44.4;32.7;53.57;47.77;63.52;65.56;48.89;43.86;43.07;34.21;49.44;41.55;47.14;33.1;43.4;51.55;39.94;34.05;38.36;41.19;28.74;37.76;27.88;43.25;29.76;26.35;23.27;23.97;32.9;40.2;45.94;37.7;48.93;42.4;43.06;50.83;54.2;57.05;50.5;31.7;22.8;31.2
O3;uur;µg/m³;2023-03-21T10:00:00+01:00;2023-03-21T11:00:00+01:00;45.9;28.7;41.3;41.4;35.8;58.92;53.98;63.42;65.81;53.13;51.08;46.62;48.92;51.95;48.67;52.48;46.8;41.12;49.17;46.28;44.17;46.68;44.04;39.05;49.63;39.56;47.16;46.84;42.95;39.47;36.53;49.32;42.27;46.6;53.08;49.26;40.69;43.27;49.19;53.06;60.84;55.42;41.1;33.9;39.9
O3;uur;µg/m³;2023-03-21T11:00:00+01:00;2023-03-21T12:00:00+01:00;46.7;34.3;38.6;37.4;34.4;61.25;54.89;68.34;71.27;56.6;54.28;49.96;52.32;57.47;52.57;57.67;48.68;42.52;57.65;46.06;51.75;51.78;41.16;39.85;50.81;45.46;60.37;42.33;44.75;41.53;35.84;50.75;45.44;52.49;56.78;53.25;51.22;48.49;57.91;50.01;64.17;55.46;48.1;40.5;45.5
O3;uur;µg/m³;2023-03-21T12:00:00+01:00;2023-03-21T13:00:00+01:00;52.1;40.5;43.2;48.8;50.5;66.18;56.34;67.27;65.32;59.5;61.04;59.71;55.98;64.78;61.88;64.77;67.11;50.91;59.71;60.1;57.96;53.73;45.7;46.57;51.24;56.26;59.59;45.33;46.58;44.59;35.8;53.2;46.08;56.36;60.37;56.37;58.14;59.53;57.75;54.76;65.13;55.92;47.4;40;48.3
O3;uur;µg/m³;2023-03-21T13:00:00+01:00;2023-03-21T14:00:00+01:00;61.7;45.3;50;56.6;46.7;68.67;65.75;71.27;70.12;68.26;60.42;65.74;63.36;68.23;63.34;66.01;70.12;55.51;62.87;61.32;67.87;69.01;51.03;57.02;66.09;65.93;61;58.73;50.81;50.9;50.45;59.27;59.35;58.89;61.84;57.68;57.84;60.05;56.91;63.81;61.82;59.67;56.2;45;53.4
O3;uur;µg/m³;2023-03-21T14:00:00+01:00;2023-03-21T15:00:00+01:00;59.5;48.5;47.4;51.4;38.4;71.04;72.05;74.67;75.64;70.05;63.84;68.58;60.77;73.41;62.25;62.15;62.25;54.02;63.36;55.04;65.47;66.63;49.13;52.71;70.46;66.35;64.22;57.44;53.25;52.48;50.36;63.72;57.67;56.1;63.32;64.66;57.42;62.66;55.22;64.5;62.98;60.24;66.3;52.4;64.9
O3;uur;µg/m³;2023-03-21T15:00:00+01:00;2023-03-21T16:00:00+01:00;57.6;45.8;39.8;49.9;45.9;77.36;69.67;77.35;82.47;69.5;61.09;69.13;56.87;73.69;58.85;60.98;64.47;53.12;63.53;61.82;61.71;63.87;39.27;51.77;68.87;61.71;64.91;57.35;51.42;49.79;47.65;59.69;56.4;56.89;67.18;67.12;59.3;59.43;53.55;61.52;64.51;61.25;61.2;49.4;59.5
O3;uur;µg/m³;2023-03-21T16:00:00+01:00;2023-03-21T17:00:00+01:00;58.8;42.8;38.8;49;47.7;76.58;67.96;76.46;82.48;68.19;54.94;68.19;54.57;71.08;58.26;58.62;66.54;48.65;61.37;57.47;68.41;64.58;44.5;49.82;68.73;65.32;59.13;54.36;49.92;49.82;47.7;58.96;56.1;65.67;66.25;67.91;58.92;61.46;55.52;62.81;61.48;60.11;57;50;56.4
O3;uur;µg/m³;2023-03-21T17:00:00+01:00;2023-03-21T18:00:00+01:00;57.1;39.3;40.7;74;55.5;70.12;67.57;74.25;74.27;62.4;52.75;64.22;51.57;67.49;65.33;66.64;72.01;48.97;59.13;49.71;75.37;71.54;47.56;57.2;73.07;72.83;62.04;54.44;51.06;49.72;43.04;57.95;53.15;61.25;61.75;65.99;58.75;57.91;61.6;58.95;59.68;57.04;64.5;55.3;60.1
O3;uur;µg/m³;2023-03-21T18:00:00+01:00;2023-03-21T19:00:00+01:00;76.5;53.1;48.9;77.7;58.3;63.07;61.45;70.87;74.06;56.51;46.6;57.93;49.78;60.95;75.06;70.1;74.1;70.47;54.71;51.95;84.79;78.56;65.34;59.16;72.16;82.06;57.64;56.61;49.75;42.06;42.99;56.8;44.58;58.48;53.55;62.95;57.1;55.4;68.57;58.85;62.46;56.83;61.7;63.7;68.3
O3;uur;µg/m³;2023-03-21T19:00:00+01:00;2023-03-21T20:00:00+01:00;68.1;52.6;37.4;51.8;53.7;56.81;55.3;63.17;64.23;57.98;55.94;51.3;47.1;55.01;63.54;63.61;71.83;59.87;62.89;47.53;83.51;74.52;56.44;61.36;73.86;84.96;53.68;64.97;46;39.27;52.45;53.68;46.97;55.05;54.58;61.38;51.34;49.02;62.2;55.95;64.63;56.8;73.4;60.7;74.2
O3;uur;µg/m³;2023-03-21T20:00:00+01:00;2023-03-21T21:00:00+01:00;56.3;36.4;40.6;46.3;41.4;55.86;47.97;57.42;59.06;51.58;57.65;51.75;42.55;53.8;52.54;63.46;71.31;54.7;65.48;54.85;75.91;63.04;47.13;58.11;69.07;80.69;52.64;56.9;47.14;38.75;49.83;53.27;39.61;56.59;54.35;50.43;49.57;47.72;67.36;50.72;56.96;51.1;73.9;62.8;74.3
O3;uur;µg/m³;2023-03-21T21:00:00+01:00;2023-03-21T22:00:00+01:00;61;43.1;47.5;53.1;47.9;49.64;54.42;60.27;64.27;48.12;64.12;51.02;43.29;58.35;60.42;63.16;56.42;57.34;67.82;54.1;71.55;55.99;50.41;44.63;71.71;74.63;51.02;50.63;47.72;42.13;40.03;51.78;42.57;51.38;53.83;46.35;50.51;40.1;71.66;52.67;57.48;54.5;62.9;60.2;65
O3;uur;µg/m³;2023-03-21T22:00:00+01:00;2023-03-21T23:00:00+01:00;65.5;51.1;45.7;51.1;56.4;54.7;54.85;61.14;62.2;53.52;63.21;54.72;56.72;60.3;60.86;59.01;64.12;54.4;70.99;62.21;66.07;63.4;60.26;56.3;70.19;64.62;53.82;54.27;52.57;47.92;45.7;57.09;49.5;47.3;53.68;44.88;47.36;37.72;70.27;54.01;64.81;55.81;54.1;49.8;55.9
O3;uur;µg/m³;2023-03-21T23:00:00+01:00;2023-03-22T00:00:00+01:00;68.5;55.8;44.1;52.6;66.9;49.12;53.81;59.59;62.84;58.93;64.36;59.22;59.81;59.3;59.37;57.4;67.97;60.25;70.9;62.45;68.75;66.72;59.21;62.44;67.21;67.85;58.8;59.99;61.08;58.82;55.38;66.35;61.48;49.47;49.79;53.92;45.98;48.35;60.52;53.4;69.93;60.36;61.9;56.7;62.7
O3;uur;µg/m³;2023-03-22T00:00:00+01:00;2023-03-22T01:00:00+01:00;63.5;54.5;48.7;64.3;60.2;45.2;49.84;57.02;61.28;60.12;51.27;56.85;65.41;60.33;51.94;62.49;64.94;55.84;65.69;59.4;73.84;62.83;58.95;59.42;68.94;73.42;64.78;60.12;62.16;62.67;59.43;67.84;55.22;50.02;57.6;61.82;47.73;56.61;58.02;54.35;65.78;56.63;67.6;62.9;65.7
O3;uur;µg/m³;2023-03-22T01:00:00+01:00;2023-03-22T02:00:00+01:00;57.4;40.1;50.9;55.2;53.8;45.44;51.45;58.13;63.06;56.87;53.87;56.14;68.93;55.41;46.84;56.96;59.07;61.72;63.18;55.4;69;56.03;53.13;56.53;68.09;67.93;66.93;57.03;60.19;58.6;55.78;64.74;47.83;50.02;58.41;57.2;54.65;62.32;60.74;55.07;63.09;60.6;63.8;60.5;64.2
O3;uur;µg/m³;2023-03-22T02:00:00+01:00;2023-03-22T03:00:00+01:00;55.7;50.3;55.2;51;36.5;46.44;44.01;61.84;65.88;52.38;44.13;50.32;57.58;49.95;50.38;50.7;53.75;59.79;52.85;57.2;62.03;50.74;52.3;46.84;68.38;60.63;64.28;47.78;56.16;56.25;45.81;60.26;50.4;50.51;62.36;51.27;55.6;63.67;63.01;55.88;63.25;62.34;61.6;60.1;62.3
O3;uur;µg/m³;2023-03-22T03:00:00+01:00;2023-03-22T04:00:00+01:00;51.7;41.7;48.6;49.1;44.4;50.64;46.3;62.65;67.85;54.42;40.58;51.51;51.53;52.66;48.23;50.89;50.41;49.35;51.59;49.91;52.69;49.53;42.18;43.8;59.45;55.5;62.05;49.28;54.39;53.79;50.09;58.23;47.98;49.73;59.2;46.95;54.63;54.74;66.05;59.08;63.4;64.15;52.3;52.1;55
O3;uur;µg/m³;2023-03-22T04:00:00+01:00;2023-03-22T05:00:00+01:00;46.1;35.1;46.4;41.9;43.8;57.26;51.02;62.35;66.78;56.27;41.64;56.39;51.82;56.89;47.9;55.74;44.97;47.77;52.12;44.86;55.35;47.17;37.8;42.08;54.53;52.17;56.25;40.97;47.21;46.65;40.49;51.35;41.4;46.35;52.12;48.64;50.74;52.56;63.24;58.49;63.17;66.34;51;48.1;
O3;uur;µg/m³;2023-03-22T05:00:00+01:00;2023-03-22T06:00:00+01:00;47.3;37.7;42;47.9;47.7;55.92;53.25;62.43;65.26;56.86;54.87;57;53.49;56.75;54.54;59.54;43.84;47.92;53.94;47.47;49.96;47.03;37.33;35.78;48.57;50.02;49.58;38.84;43.87;41.93;30.49;48.37;40.22;46.95;50.06;53.51;45.96;48.11;57.68;56.85;60.69;63.55;42.4;42.7;45.2
O3;uur;µg/m³;2023-03-22T06:00:00+01:00;2023-03-22T07:00:00+01:00;55.5;38.1;49.3;57;52.7;55.96;55.41;61.42;63.96;57.82;59.9;55.98;53.94;58.15;57.89;62.81;52.28;44.82;59.91;51.28;51.69;54.89;42.67;42.04;38.41;47.85;45.73;45.9;41.27;33.12;23.53;46.07;41.29;49.32;51;52.73;48.46;45.21;52.4;50.37;56.93;57.27;38.1;43.4;46.2
O3;uur;µg/m³;2023-03-22T07:00:00+01:00;2023-03-22T08:00:00+01:00;59.9;48.9;54.8;55.2;59.7;58.12;54.84;61.36;66;60.39;54.91;53.68;57.08;57.96;58.65;63.72;54.86;55.4;63.96;58.5;62.24;59.28;52.11;47.38;43.92;56.89;47.73;52.9;41.73;35.22;37.73;47.92;47.98;51.7;51.96;54.08;51.99;46.75;51.42;50.8;52.2;49.38;47.2;42.9;49.6
O3;uur;µg/m³;2023-03-22T08:00:00+01:00;2023-03-22T09:00:00+01:00;59.6;51.3;54.8;59;57.7;61.22;57.73;59.61;66.56;62.22;57.81;56.43;59.64;63.3;59.34;62.97;57.74;59.47;66.78;61.77;61.33;59.36;51.81;50.29;53.91;60.31;55.85;57.81;48.71;46.86;49.96;55.35;56.67;55.26;57.09;54.66;55.53;;55.87;54.21;53.11;48.86;54.8;47.9;56.3
O3;uur;µg/m³;2023-03-22T09:00:00+01:00;2023-03-22T10:00:00+01:00;60;50.4;57.1;61.3;57.4;67.21;62.54;64.16;69.58;68.52;55.61;65.49;63.18;68.83;61.24;63.24;59.1;59.11;65.83;62.83;65.27;59.11;54.74;53.94;63.86;64.73;62.9;60.77;57.63;57.43;56.75;64.45;60.06;59.51;62.58;58.93;56.18;;61.71;61.09;57.28;57.44;58.4;53.6;61.3
O3;uur;µg/m³;2023-03-22T10:00:00+01:00;2023-03-22T11:00:00+01:00;59.6;53.6;56.3;60.6;60;70.76;67.89;70.24;68.9;69.96;58.26;68.17;65.28;72.53;61.99;66.05;61.07;61.67;68.46;61.76;65.66;60.77;56.85;55.34;66.72;62.66;65.23;59.46;58.07;57.6;55.06;63.51;59.73;61.31;68.97;67.47;58.99;;64.88;63.13;62.3;62.42;62.2;55.6;62.3
O3;uur;µg/m³;2023-03-22T11:00:00+01:00;2023-03-22T12:00:00+01:00;62.3;55.7;57.4;;60.1;71.8;70;73.39;73.05;70.88;56.89;69.65;68.08;72.06;63.39;65.29;61.8;63.59;70.78;64.18;66.49;64.1;54.95;57.05;69.49;64.42;67.48;61.77;58.53;59.14;55.6;65.21;60.42;64.87;69.66;70.31;63.8;;67.16;62.99;67.36;61.86;61.7;54.1;61.8
O3;uur;µg/m³;2023-03-22T12:00:00+01:00;2023-03-22T13:00:00+01:00;64.1;53.8;53;;56.5;72.64;70.22;73.53;75.13;70.3;61.15;68.45;66.27;73.71;62.21;64.46;63.47;59.03;69.88;64.51;68.92;65.21;55.25;55.83;68.99;64.68;68.45;63.16;59.72;59.64;56.3;65.51;60.7;64.14;69.75;69.56;66.24;;65.93;65.47;68.58;63.06;63.3;53.3;62.2
O3;uur;µg/m³;2023-03-22T13:00:00+01:00;2023-03-22T14:00:00+01:00;61.6;50.1;47.6;;46.5;73.84;73.01;;72.79;72;62.5;69.87;64.12;75.07;61.29;62.68;63.92;54.49;67.69;60.01;70.87;64.2;53.95;52.86;68.99;66.51;67.74;59.57;58.44;57.26;56.73;64.82;58.53;66.83;69.49;70.28;65.2;66.31;64.09;66.71;67.14;63.72;61.4;52.8;62.4
O3;uur;µg/m³;2023-03-22T14:00:00+01:00;2023-03-22T15:00:00+01:00;60.4;46.6;48.9;;43;73.53;72.24;;71;67.78;59.48;67.88;60.53;73.2;58.05;61.27;63.07;50.61;63.49;58.24;69.74;63.23;52.19;51.12;69.48;65.02;64.65;57.78;56.57;54.11;53.98;62.88;57.69;67.35;66.94;69.51;64.34;63.56;63.28;66.81;63.68;59.88;60.3;49;60
O3;uur;µg/m³;2023-03-22T15:00:00+01:00;2023-03-22T16:00:00+01:00;57.3;43.5;53;;44.8;72.56;70.33;;77.79;64.79;54.4;63.6;57.23;68.43;56.88;59.64;57.18;54.92;63.23;55.63;64.84;57.42;52.72;48.79;67.13;60.72;61.03;55.96;53.7;50.5;50.29;59.91;53.79;65.25;62.92;66.48;62.4;59.68;62.78;64.34;62.3;58.41;57.1;46.9;56.1
O3;uur;µg/m³;2023-03-22T16:00:00+01:00;2023-03-22T17:00:00+01:00;55.2;45.4;51.8;52.5;33.7;71.67;68.4;76;77.67;62.55;47.64;60.45;55.93;65.73;54.06;58.48;51.49;55.83;61;54.13;58.47;47.68;48.31;42.78;67.39;54.88;59.5;53.92;48.58;45.57;41.7;55.73;48.53;65.8;57.79;61.88;61.58;55.99;61.67;63.35;61.25;57.22;55.7;48.1;54.8
O3;uur;µg/m³;2023-03-22T17:00:00+01:00;2023-03-22T18:00:00+01:00;51;41.2;48.6;48;33.6;72.42;64.94;75.41;77.1;61.77;46.79;58.32;54.78;64.06;54.77;57.68;48.82;50.46;56.92;49.91;54.42;48.88;50.1;41.5;52.9;50.34;56.93;46.4;46.48;43.81;38.28;52.32;48.74;64.89;56.57;58.33;62.07;53.71;60.49;63.64;56.73;57.81;52.7;47.1;53.4
O3;uur;µg/m³;2023-03-22T18:00:00+01:00;2023-03-22T19:00:00+01:00;51.9;44.2;44.4;43.7;36;72.09;62.35;73.82;75.95;63.34;49.25;61.87;54.35;63.63;56.16;59.79;46.8;53.68;57.7;51.2;53.18;45.42;42.94;38.97;49.93;51.08;54.89;45.5;46.09;44.65;41.46;52.77;47.93;63.34;56.98;56.2;59.31;51.37;56.03;62.58;56.7;56.01;50.3;45.8;52.5
O3;uur;µg/m³;2023-03-22T19:00:00+01:00;2023-03-22T20:00:00+01:00;50.2;42.1;46.7;42.1;29.6;68.53;62.8;73.21;76.17;61.47;50.33;61.19;54.8;63.54;55.88;60.41;45.32;53.57;54.97;51.14;53.31;45.37;50.5;40.74;52.17;49.4;55.06;44.68;45.89;45.24;37.87;51.79;48.82;61.64;57.4;59.4;60.6;51.69;54.27;61.52;56.9;54.38;50.2;46.8;52.4
O3;uur;µg/m³;2023-03-22T20:00:00+01:00;2023-03-22T21:00:00+01:00;50.9;44.4;50.4;44.2;29;67.43;61.27;70.19;74.91;63.19;53.75;62.74;55.42;64.58;56.65;63.53;45.2;55.29;54.58;53.02;54.12;47.81;49.07;41.05;50.09;51.49;57.12;46.71;48.99;48.05;41.64;54.19;50.62;63.71;60.03;59.8;59.85;51.77;54.37;62.25;55.63;53.47;47.1;48.2;52.9
O3;uur;µg/m³;2023-03-22T21:00:00+01:00;2023-03-22T22:00:00+01:00;53.1;47;51.1;47.2;31.8;67.96;60.67;69.5;72.7;64.39;52.34;63.23;57.62;64.23;63.89;64.31;50.45;57.11;60.88;54.45;54.77;51.59;51.25;49.06;49.53;52.15;58.46;49.81;50.96;51.08;44.64;55.92;50.89;61.3;59.22;61.95;59.95;55.17;54.18;61.23;55;53.43;47.3;47.2;50.9
O3;uur;µg/m³;2023-03-22T22:00:00+01:00;2023-03-22T23:00:00+01:00;56.2;50.8;54.9;53.3;38.9;67.12;61.89;70.04;72.71;65.84;55.24;62.6;60.69;65.37;62.07;63.45;57.66;59.64;61.79;56.58;58.11;50.94;50.12;54.35;71.41;54.58;60.41;51.01;52.33;53.31;45.07;58.03;54.14;60.21;62.32;61.96;61.14;57.2;61.96;61.63;56.13;54.67;51.3;50.8;55.2
O3;uur;µg/m³;2023-03-22T23:00:00+01:00;2023-03-23T00:00:00+01:00;56.9;52.1;56.9;60.3;40.4;66.33;62.28;70.39;74.09;63.74;56.28;62.52;62.2;65.38;61.78;64.18;58.66;60.16;63.82;57.88;61.8;58.19;50.34;60.75;62.31;58.8;62.26;51.67;53.99;54.99;48.75;59.24;54.94;60.95;62.62;61.59;60.97;59.39;75;63.2;62.96;65.26;57.8;57.5;60.6
O3;uur;µg/m³;2023-03-23T00:00:00+01:00;2023-03-23T01:00:00+01:00;60.3;51.3;58.2;62.6;41.4;64.35;63.47;68.5;72.62;64.65;57.02;62.48;63.34;65.99;62.84;64.28;60.4;61.61;65.44;61.15;64.1;60.28;53.55;59.1;55.62;60.45;62.4;58.38;54.27;55.91;48.76;59.43;54.32;59.94;61.77;61.16;60.84;60.96;54.52;63.18;70.31;68.66;60.6;59.8;62.1
O3;uur;µg/m³;2023-03-23T01:00:00+01:00;2023-03-23T02:00:00+01:00;61.3;52.9;60.3;60.6;43.1;64.3;62.06;66.21;70.74;62.23;57.1;61.14;63.23;65.56;61.96;64.48;61.56;62.04;65.99;61.84;67.94;64.72;55.54;60.01;61.25;65.09;61.68;59.28;55.62;57.37;51.06;61.08;54.05;59.16;60.24;59.52;57.68;61.17;61.91;62.7;67.11;66.14;63.9;61.7;63.9
O3;uur;µg/m³;2023-03-23T02:00:00+01:00;2023-03-23T03:00:00+01:00;62.5;54.1;59.1;62.3;42;62.51;61.16;64.2;69.34;61.01;61.96;60.82;61.91;63.82;61.65;65.07;61.31;62.38;66.22;61.66;68.53;65.48;53.01;59.03;65.78;67.51;61.6;59.9;56.81;58.61;56.35;61.83;54.2;59.13;63.65;59.08;56.34;59.2;61.31;65.5;62.25;68.19;65.4;61.6;64.1
O3;uur;µg/m³;2023-03-23T03:00:00+01:00;2023-03-23T04:00:00+01:00;65.3;56.3;51.4;63.9;43.1;61.14;61.69;63.71;68.88;63.69;63.03;61.81;62.68;64.84;64.52;65.76;62.99;62.34;66.91;62.03;68.21;65.86;60.39;60.39;70.32;67.76;62.78;62.29;58.55;60.89;60.53;63.17;60.15;59.16;60.61;58.91;57.45;59.51;62.7;62.97;61.81;61.75;65.1;62.3;64.8
O3;uur;µg/m³;2023-03-23T04:00:00+01:00;2023-03-23T05:00:00+01:00;67.1;57.4;50.8;48.5;45.2;60.68;60.3;63.35;67.89;65.18;64.81;61.86;66;66;65.36;67.2;68.02;60.96;69.6;61.78;71.96;66.81;62.45;64.74;74.36;72.97;64.66;63.37;63.44;66.02;62.58;68.45;61.87;58.12;61.77;60.54;57.38;59.11;65.78;61.15;63.32;63.17;68.8;68.5;69.2
O3;uur;µg/m³;2023-03-23T05:00:00+01:00;2023-03-23T06:00:00+01:00;67.7;60.3;49.9;54;41;59.5;62.34;61.16;65.1;68.94;63.51;69.32;68.58;71.12;62.55;65.87;64.94;62.22;69.19;;71.98;66.66;48.4;59.28;76.77;74.03;69.78;63.4;64.36;67.01;60.81;69.98;65.47;56.45;64.7;61.35;56.07;64.72;74.92;61.71;71.39;72.09;70.9;73.2;72.5
O3;uur;µg/m³;2023-03-23T06:00:00+01:00;2023-03-23T07:00:00+01:00;63;57;46.5;50.3;40.9;63;64.07;62.1;65.82;69.1;62.7;64.78;61.76;67.1;62.05;63.85;62.04;61.12;66.08;64.78;72.68;64.76;35.15;54.54;70.72;72.37;69.99;63.87;63.16;63.05;58.87;68.56;62.54;57.11;67.31;66.93;57.35;70.69;71.09;68.05;77.15;74.52;71.8;72.7;72.6
O3;uur;µg/m³;2023-03-23T07:00:00+01:00;2023-03-23T08:00:00+01:00;60.1;48;46.6;63.4;43.1;63.24;63.55;63.62;66.09;68.52;61.21;58.88;59.15;64.39;62.87;70.81;68.01;54.46;65.76;64;75.39;80.14;39.61;61.62;52.02;72.4;72.15;57.21;56.97;52.91;51;63.97;60.01;57.31;65.32;66.02;69.39;67.19;68.99;75.04;84.08;74.46;71.2;70.8;71.7
O3;uur;µg/m³;2023-03-23T08:00:00+01:00;2023-03-23T09:00:00+01:00;58.4;45.3;34.4;48.3;40.8;63.97;61.9;62.51;64.16;73.55;69.87;61.65;59.64;66.81;61.55;75.01;70.77;50.42;61.49;59.09;80.39;73.84;39.71;60.38;64.88;75.04;66.9;60.52;54.4;57.32;53.98;61.87;60.64;58.5;66.73;64.21;71.2;67.33;70.62;71.87;78.46;79.09;71.1;69.6;71.6
O3;uur;µg/m³;2023-03-23T09:00:00+01:00;2023-03-23T10:00:00+01:00;64.4;50.8;46.7;62.5;52.3;66.24;76.69;64.04;64;74.99;71.61;76.61;65.41;78.5;75;76.68;76.89;59.14;70.64;73.14;79.72;74.57;54.49;67.2;77.44;80.62;66.49;63.26;56.95;56.58;56.3;64.94;62.91;66.38;66.95;68.02;64.85;68.01;71.95;68.98;78.47;74.31;73.8;73.4;75.2
O3;uur;µg/m³;2023-03-23T10:00:00+01:00;2023-03-23T11:00:00+01:00;72.9;62.7;67.1;79.1;58.9;77.64;83.69;65.74;66.85;81.34;75.58;77.49;75.46;81.05;81.42;78.78;85.5;72.25;80.28;80.65;86.61;84.56;70.51;78.48;73.82;85.2;75.01;72.57;68.4;71.05;65.14;75.15;74.87;65.51;72.31;77.56;66.92;73.55;76.74;71.99;85.19;80.3;81.7;78.4;80.7
O3;uur;µg/m³;2023-03-23T11:00:00+01:00;2023-03-23T12:00:00+01:00;80.3;67.1;72.1;81.2;58.7;75.64;83.03;65.5;69.84;79.83;76.32;80.13;76.98;81.93;78.25;75.84;87.92;78.68;87.09;83.82;89.51;86.31;74.96;78.27;83.64;88.38;81.05;78.92;75.99;77.75;72.27;82.63;78.47;75.39;82.32;84.21;72.97;78.56;83.5;78.7;89.28;86.4;85.3;83.9;84.4
O3;uur;µg/m³;2023-03-23T12:00:00+01:00;2023-03-23T13:00:00+01:00;76.9;67.8;64.2;79.1;55.7;66.86;78.54;64.38;64.57;80.36;73.82;77.83;74.56;77.6;79.82;79.43;87.01;78.93;85.08;82.87;90.16;87.57;73.45;75.24;90.36;89.15;84.86;81.42;79;76.34;75.13;86.11;79.35;81.3;85.34;82.61;80.88;84.27;87.78;84;90.16;86.48;89.8;84.6;87
O3;uur;µg/m³;2023-03-23T13:00:00+01:00;2023-03-23T14:00:00+01:00;80.2;68.9;72.2;86.2;59.2;65.97;77.6;63.28;65.97;80.73;76.29;76.14;72.85;78.46;77.55;78.28;87.88;80.31;84.2;81.71;90.38;89.24;72.08;74.59;91.26;89.15;87.66;82.54;75.55;74.56;75.85;81.68;79.39;84.14;86.66;82.7;85.51;82.31;87.03;88.14;92.18;96.61;85.3;85.1;86.8
O3;uur;µg/m³;2023-03-23T14:00:00+01:00;2023-03-23T15:00:00+01:00;83.1;71.5;72.4;85.4;56.9;63.53;77.07;64.13;64.68;80.11;79.05;75.24;76.74;77.27;81.03;77.85;86.17;83.13;82.88;75.91;94.73;88.49;77.09;74.07;89.85;90.78;87.71;82.95;75.7;77.94;76.87;82.66;76.42;81.92;84.66;78.62;83.71;84.26;87.9;91.59;91.96;95.41;90.5;87.1;90.8
O3;uur;µg/m³;2023-03-23T15:00:00+01:00;2023-03-23T16:00:00+01:00;81.4;69.1;69.3;84.3;61.3;67.91;73.63;62;69.31;80.31;76.67;68.36;75.54;72.53;79.26;82.88;85.17;82.22;86.29;82.22;91.27;89.87;67.45;74.91;81.72;88.76;87.75;84.98;69.94;73.32;78.58;79.02;81.06;72.48;81.87;78.64;78.2;81.5;88.63;91.73;90.21;93.1;87.8;86.3;87.9
O3;uur;µg/m³;2023-03-23T16:00:00+01:00;2023-03-23T17:00:00+01:00;79.5;65.8;74.4;76.5;60.4;67.12;68.1;71.12;77.09;78.62;75.78;72.97;75.42;74.03;74.68;76.75;84.05;78.86;83.6;79.37;90.12;88.01;64.17;67.49;75.65;88.16;87.25;77.05;77.34;74.34;69.89;84.36;78.85;70.97;86.72;80.62;75.92;85.91;84.63;87.4;88.69;94.06;83.9;83.1;85.6
O3;uur;µg/m³;2023-03-23T17:00:00+01:00;2023-03-23T18:00:00+01:00;72.6;63.8;56;51.6;57.1;68.28;62.35;73.7;78.62;75.23;66.15;65.71;74.94;70.24;67.08;70.57;75.01;70.25;80.23;77.62;83.62;77.56;42.47;59.41;84.49;85.42;80.69;71.12;68.03;63.32;61.63;78.47;73.31;71.43;80.32;74.63;69.34;67.9;80.23;84.35;82.2;89.98;82.7;78.1;80.4
O3;uur;µg/m³;2023-03-23T18:00:00+01:00;2023-03-23T19:00:00+01:00;64.6;51.1;56.9;61.8;52.7;69.13;68.51;76.01;80.19;71.03;63.8;63.54;71.54;67.91;66.38;67.2;71.34;66.59;74.15;70.51;84.96;75.57;60.58;48.78;76.81;83.04;73.61;64.32;63.69;56.98;48.89;72.84;65.36;64.46;76.4;66.63;66.69;53.12;82.59;75.6;80.03;87.68;78.4;60.3;73.1
O3;uur;µg/m³;2023-03-23T19:00:00+01:00;2023-03-23T20:00:00+01:00;63.5;53.5;58.5;63.8;39.3;69.63;64.26;73.55;76.58;67.05;63.67;67.85;68.22;70.28;60.37;64.65;59.63;66.31;67.66;67.75;68.83;60.65;60.72;51.32;73.67;66.97;69.91;62.79;61.52;57.26;40.84;66.19;61.67;60.08;73.95;60.92;63.82;56.59;80.83;66.71;72.8;80.2;66.1;55.2;71.4
O3;uur;µg/m³;2023-03-23T20:00:00+01:00;2023-03-23T21:00:00+01:00;61.3;45.9;55.3;52.4;37.1;68.98;65.6;73.53;76.92;71.14;62.04;67.91;65.02;71.62;59.44;62.83;55.61;60.95;62.25;63.42;63.52;58.76;56.53;47.8;74.29;61;69.71;56.82;56.01;54.17;42.01;61.62;58.64;55.67;62.84;59.87;61.73;58.47;73.37;63.07;69.6;66.37;52.5;52.9;60.7
O3;uur;µg/m³;2023-03-23T21:00:00+01:00;2023-03-23T22:00:00+01:00;62.9;51.6;56.4;54.5;35.3;71.59;67.9;75.78;78.3;71.51;63.54;68.89;66.68;71.27;58.33;66.55;60.55;59.8;62.01;63.55;62.81;61.91;57.02;54.62;69.3;60.8;63.77;59.05;57.49;56.44;48.56;62.55;56.43;62;64.38;62.2;58.24;57.68;65.41;65.4;60.37;64.63;58.3;54.6;60.9
O3;uur;µg/m³;2023-03-23T22:00:00+01:00;2023-03-23T23:00:00+01:00;64.1;52.8;61.4;60.4;41.4;73.41;69.59;74.69;78.63;73.48;67.45;70.12;73.41;72.58;65.64;66.26;64.19;65.3;70.01;67.3;66.35;64.46;61.47;57.33;60.14;63.46;65.38;56.55;59.07;58.49;55.14;64.55;60.36;63.45;66.14;63.94;59.78;56.1;66.42;60.95;64.37;66.65;61;55;60.4
O3;uur;µg/m³;2023-03-23T23:00:00+01:00;2023-03-24T00:00:00+01:00;66.1;59.9;63.8;66.3;43;69.61;70.51;72.52;76.06;71.9;64.15;70.6;70.86;71.59;64.63;64.25;67.79;71.01;69.72;69.84;68.87;65.95;69.54;63.99;60.62;65.72;67.68;62.29;62.73;65;58.3;67.9;67.02;65;67.81;70.12;62.23;59.97;66.07;64.66;65.23;62.98;62.8;60;64.1
O3;uur;µg/m³;2023-03-24T00:00:00+01:00;2023-03-24T01:00:00+01:00;62.5;59.2;63.6;63.3;38.5;67.83;65.35;71.52;75.47;69.17;59.43;67.43;67.68;69.19;61.15;64.79;65.75;68.75;68.17;65.89;69.25;63.48;65;61.86;63.11;69.54;70.89;64.06;64.19;66.28;61.99;69.43;64.52;67.18;69.41;69.05;65.08;63.64;67.92;66.09;65.32;62.82;65.2;62.5;66.5
O3;uur;µg/m³;2023-03-24T01:00:00+01:00;2023-03-24T02:00:00+01:00;63.1;59.3;63.1;63.5;37.5;68.46;62.81;68.49;72.52;69.15;59.54;67.13;68.03;69.42;64.37;65.28;63.19;68.12;67.27;65.01;65.43;58.61;60.24;62.54;65.57;66.82;70.11;61.24;61.86;64.52;61.17;67.04;62.94;66.5;67.53;65.32;66.43;65.02;67.94;68.6;65.73;65.1;64.6;62.5;65.1
O3;uur;µg/m³;2023-03-24T02:00:00+01:00;2023-03-24T03:00:00+01:00;64.3;59.4;59.6;65.7;38.4;65.58;62.57;66.74;71.19;69.67;62.93;67.04;68.24;69;75.62;77;66.98;67.33;71.1;64.15;66.78;66.28;61.99;67.07;63.63;66.26;68.74;61.02;61.3;64.84;60.92;66.87;62.33;64.33;67.31;65.25;64.62;65.12;67.61;69.2;67.5;65.2;64.4;64.3;66
O3;uur;µg/m³;2023-03-24T03:00:00+01:00;2023-03-24T04:00:00+01:00;77.2;63.5;68.1;73.8;43.3;65.4;62.66;68.25;73.61;67.99;79.8;64.36;80.8;65.8;83.18;84.36;78.99;74.2;86.11;80.83;78.01;74.79;75.68;75.73;73.29;79.9;68.71;75.57;67.95;71.19;71.55;73.71;71.67;64.03;67.5;65.15;62.88;65.16;68.07;67.76;67.8;66.03;77.5;77.8;78.7
O3;uur;µg/m³;2023-03-24T04:00:00+01:00;2023-03-24T05:00:00+01:00;79;65;62.7;78.3;48.2;63.89;63.98;64.97;70.41;84.03;81.91;72.71;85.05;75.8;83.35;82.12;76.57;80.94;87.21;84.61;81.1;80.51;62.82;71.95;75.9;82.26;84.11;77.47;77.69;79.45;75.2;83.2;80.73;62.23;76.48;75.81;65.89;74.27;74.82;66.37;73.85;68.2;81.2;83.1;83.2
O3;uur;µg/m³;2023-03-24T05:00:00+01:00;2023-03-24T06:00:00+01:00;80;62.1;69.3;60.7;50.2;70.84;78.82;72.57;74.51;83.6;82.47;80.69;81.9;85.44;80.9;80.43;73.28;79.96;85.05;80.87;83.65;74.81;63.99;63.05;82.55;83.64;84.16;77.58;73.31;77.81;72.72;78.8;79.63;75.25;81.21;84.21;75.81;78.15;75.71;77.64;78.35;78.23;80.3;81.8;82.6
O3;uur;µg/m³;2023-03-24T06:00:00+01:00;2023-03-24T07:00:00+01:00;79.4;65.7;68.2;65.3;53.1;79.2;78.71;81.91;86.61;77.45;75.36;80.41;77.46;83.08;78.75;77.3;78.27;77.05;80.08;76.77;80.32;79.07;67.32;63.31;79.07;78.75;80.43;74.25;70.01;74.28;65.72;76.52;75.31;77.83;81.41;79.24;76.04;79.86;78.32;80.26;75.84;77.09;76.2;77.7;76.2
O3;uur;µg/m³;2023-03-24T07:00:00+01:00;2023-03-24T08:00:00+01:00;74.5;63.1;60.6;69.3;50;71.9;78.57;75.97;80.94;77.72;70.83;80.13;69.5;81.41;76.34;72.41;75.03;71.95;79.48;75.91;82.5;76.04;63.81;60.46;76.83;79.2;77.49;75.61;67.33;68.12;67.96;74.4;72.32;72.89;77.11;74.43;74.84;76.1;73.91;80.07;77.94;77.85;74.7;74.7;75.6
O3;uur;µg/m³;2023-03-24T08:00:00+01:00;2023-03-24T09:00:00+01:00;71.7;64.4;50.3;75.3;50.2;76.68;80.75;74.94;77.61;78.31;66.86;79.59;68.96;81.18;73.43;70.77;73.73;69.59;78.49;73.82;80.16;77.11;64.66;60.49;77.31;77.24;78.11;74.96;67.17;70.83;68.96;74.39;71.12;69.77;78.92;74.72;71.98;74.3;73.42;79.81;77.52;75.05;73.9;73.5;75.1
O3;uur;µg/m³;2023-03-24T09:00:00+01:00;2023-03-24T10:00:00+01:00;72.6;65.8;62.5;74;54.1;77.94;80.49;77.3;83.08;76.53;69.03;78.23;69.51;80.82;74.12;72.01;75.6;70.01;78.53;74.74;81.94;79.03;68.3;67.14;80.51;79.26;80.15;74.66;70.03;73.93;70.53;76.1;74.36;69.93;78.48;77.4;75.37;76.82;75.49;78.51;79.76;77.59;77.6;73.8;78.1
O3;uur;µg/m³;2023-03-24T10:00:00+01:00;2023-03-24T11:00:00+01:00;75.8;64.1;69.2;74.2;50.7;78.57;78.65;76.64;82.24;73.99;68.37;76.51;68.62;79.54;73.37;71.49;78.43;75.13;78.41;75.46;81.83;80.58;70.37;69.58;82.48;79.62;81.53;75.87;71.68;75.11;70.52;77.5;75.64;75.12;81;76.21;78.25;77.76;80.01;82.56;83.17;81.17;81.2;73.8;79.7
O3;uur;µg/m³;2023-03-24T11:00:00+01:00;2023-03-24T12:00:00+01:00;74.8;65.9;65.5;73.8;52.7;76.99;77;79.27;84.61;76.96;66.57;76.21;64.74;77.17;75.83;71.5;81.47;76.24;76.67;72.21;83.48;83.67;71.05;72.61;84.03;81.56;83.08;79.1;75.48;73.27;73.49;82.06;74.25;72.81;83.35;75.22;79.71;80.06;80.66;85.51;88.01;85.18;81.7;76.6;82.5
O3;uur;µg/m³;2023-03-24T12:00:00+01:00;2023-03-24T13:00:00+01:00;77.2;66.1;72.4;78.5;54.9;77.35;76.74;80.91;85.92;75.7;71.17;76.25;66.77;77.93;77.52;75.25;81.51;78.79;79.27;72.06;86.75;84.63;73.39;71.36;84.49;85.09;85.07;79.05;70.86;72.24;74.23;77.08;73.8;75.89;79.92;71.43;78.64;79.11;82.21;88.22;89.16;88.28;84.1;80.1;86.2
O3;uur;µg/m³;2023-03-24T13:00:00+01:00;2023-03-24T14:00:00+01:00;79.7;68.6;71.7;80.4;55.5;79.16;75.81;79.17;84.58;76.11;77;71.74;70.92;73.72;76.83;75.21;83.48;82.2;80.73;73.55;89.39;85.25;75.74;74.1;86.02;;85.15;81.3;73.81;73.36;76.44;79.55;76.49;73.35;76.75;65.91;75.49;81.41;82.76;86.79;89.73;86.62;85.1;81.7;86.2
O3;uur;µg/m³;2023-03-24T14:00:00+01:00;2023-03-24T15:00:00+01:00;78;68.7;71.7;80;55.8;77.69;73.87;77.37;83.24;75.43;73.93;70.89;73.04;71.99;80.85;74.67;82.18;80.29;80.96;74.98;89.63;85.4;71.94;72.04;86.97;;84.31;80.35;75.44;73.34;76.21;80.96;73.24;69.39;73.72;74.43;72.58;80.42;81.03;88.57;88.2;87.47;87.4;84;88.1
O3;uur;µg/m³;2023-03-24T15:00:00+01:00;2023-03-24T16:00:00+01:00;81.4;70.6;72.1;83.3;53.8;74.9;74.24;77.29;82.7;73.24;73.3;72.52;70.65;74.93;81.65;76.32;84.07;84.07;84.16;76.64;85.72;86.71;74.14;70.97;83.93;;82.81;81.31;68.83;73.38;71.32;76.8;77.31;65.11;77.81;71.21;71.47;80.79;83.09;82.12;86.87;87.14;85.2;79.3;85.2
O3;uur;µg/m³;2023-03-24T16:00:00+01:00;2023-03-24T17:00:00+01:00;82.1;69.9;75.3;80.2;59.1;73.61;74.17;75.02;78.14;75.58;78.71;72.97;70.51;76.43;81.47;76.33;82.82;83.21;82.72;77.89;87.81;86.29;76.91;69.01;75;;80.45;81.87;72.32;76.13;72.86;78.97;78.4;67.78;80.13;69.64;69.62;79.43;79.73;74.13;87.68;89.07;85.3;82.7;85.7
O3;uur;µg/m³;2023-03-24T17:00:00+01:00;2023-03-24T18:00:00+01:00;78;65.5;72.2;80.8;55.6;70.73;74.09;67.45;72.43;72.58;74.72;73.71;69.75;75.96;77.11;78.2;80.62;79.88;81.09;72.62;87.14;84.58;74.57;66.37;64.93;;81.59;79.35;70.51;70.32;74.76;77.81;73.02;65.74;75.2;65.33;70.89;79.96;79.76;72.97;81.47;87.59;75.3;78;80.3
O3;uur;µg/m³;2023-03-24T18:00:00+01:00;2023-03-24T19:00:00+01:00;75;63.8;59.4;74;59.2;67.07;68.65;67.53;69.57;68.53;74.48;66.47;70.42;71.04;78.64;79.45;82.17;74.33;74.52;69.51;86.5;80.13;74.29;66.07;62.37;;78.38;75.65;61.64;61.37;71.5;72.03;64.7;60.6;67.68;66.82;66.72;;79.17;67.88;77.09;84.34;72.6;76.8;79
O3;uur;µg/m³;2023-03-24T19:00:00+01:00;2023-03-24T20:00:00+01:00;76.8;68;61.5;72.1;63;65.67;67.79;68.6;70.88;71.53;77.87;70.77;69.19;75.34;71;76.92;82.85;75.68;74.87;74.08;87.23;82.17;74.23;72.99;66.77;;72.05;76.14;56.88;53.86;70.28;63.79;62.39;52.38;55.42;67.86;60.63;;80.36;68.97;77.28;80.93;79.6;72.8;78.3
O3;uur;µg/m³;2023-03-24T20:00:00+01:00;2023-03-24T21:00:00+01:00;71.1;64.2;52;66.4;58.2;72.89;71.21;68.29;68.77;69.28;70.29;71.51;60.2;75.32;76.76;78.63;79.46;64.88;79.6;71.18;85.15;80.28;65.84;67.85;80.84;;71.06;73.81;60.5;62.02;70.03;68.16;64.68;59.55;64.88;70.55;54.83;;82.95;66.09;75.91;76.3;74.6;75.9;74.8
O3;uur;µg/m³;2023-03-24T21:00:00+01:00;2023-03-24T22:00:00+01:00;74.6;67.3;62.4;64.8;58.3;68.87;70.48;72.63;76.61;69.74;69.85;68.96;62.11;72.34;76.97;81.36;77.85;70.57;80.32;74.87;82.76;78.82;70.74;70.97;81.67;;67.6;71.18;67.1;67.52;66.21;73.77;68.02;62.97;63.28;66.81;58.53;;82.02;60.75;80.54;75.52;73.9;74.1;68.4
O3;uur;µg/m³;2023-03-24T22:00:00+01:00;2023-03-24T23:00:00+01:00;76.3;68.8;60.4;63.9;58.3;70.69;70.71;71.71;76.22;68.42;74.43;68.86;61.33;71.41;79.43;80.49;77.94;73.21;81.74;78.01;83.5;79.47;70.99;71.6;80.47;;73.93;74.22;68.21;72.46;69.48;74.53;73.33;63.5;62.91;68.68;63.32;;80.05;59.83;78.59;77.69;71.4;74.6;72.1
O3;uur;µg/m³;2023-03-24T23:00:00+01:00;2023-03-25T00:00:00+01:00;78.7;71.9;66.9;64.7;59.2;69.74;69.33;71.77;76.67;68.89;74.51;70.18;76.54;72.35;79.48;80.63;79.89;75.72;82.37;79.6;82.8;81.08;76.14;73.09;79.44;;75.5;74.9;71.02;74.75;71.57;77.37;72.27;65.22;65.91;70.37;63.55;;78.01;63.01;77.98;76.32;76.6;74.7;76.9
O3;uur;µg/m³;2023-03-25T00:00:00+01:00;2023-03-25T01:00:00+01:00;79.3;74.4;69.5;68.8;60.9;68.45;68.55;70.91;78.06;70.66;81.09;70.03;77.64;73.29;79.65;85.48;82.14;75.31;82.61;78.9;84.03;84.69;79.01;79.58;79.37;;76.14;76.69;72.72;77.84;74.15;78.75;74.17;67.33;70.82;70.74;64.29;;78.59;65.42;76.37;75.43;76.6;78.9;80.5
O3;uur;µg/m³;2023-03-25T01:00:00+01:00;2023-03-25T02:00:00+01:00;81.1;75.8;70.4;66.3;58.5;73.13;72.14;74.67;81.37;74.06;79.3;75.77;80.82;77.84;81.13;80.36;84;76.94;85.7;82.51;87.88;86.02;79.06;80.23;82.16;;76.41;77.34;72.25;76.73;75.04;77.65;73.54;66.67;81.62;71.72;67.67;;76.76;65.43;75.6;76.92;80.5;80.5;82
O3;uur;µg/m³;2023-03-25T02:00:00+01:00;2023-03-25T03:00:00+01:00;79.4;75.1;69.6;67.2;55.4;;;;;;;;;;;;;;;;;;;;;;;;;;;;;;;;;;;;;;80;80;82.1
O3;uur;µg/m³;2023-03-25T03:00:00+01:00;2023-03-25T04:00:00+01:00;77.1;70.3;62.1;69.4;55.7;72.36;;71.55;75.35;74.53;68.38;75.77;72.93;;77.47;79.03;78.37;75.05;75.44;76.13;83.05;83.57;69.23;77.78;82.71;;79.8;73.58;73.55;78.86;72.32;79.42;73.86;71.95;82.37;76.18;69.33;;80.43;71.8;78.37;79.87;77.7;77.1;79.4
O3;uur;µg/m³;2023-03-25T04:00:00+01:00;2023-03-25T05:00:00+01:00;75.6;70.6;63.5;77.9;48.3;72.7;71.62;71.56;77.53;74.88;70.34;75.81;74;77.59;79.86;80.2;78.24;72.45;75.53;74.41;81.09;83.06;74.7;75.92;81.5;;77.59;71.86;72.28;75.64;69.89;78.03;72.78;71.72;73.57;74.96;71.47;;78.5;74.67;78.9;82.91;77;77.4;79
O3;uur;µg/m³;2023-03-25T05:00:00+01:00;2023-03-25T06:00:00+01:00;77.1;67.4;70.5;78.8;46.8;73.37;70.74;73.91;78.9;77.04;72.9;76.91;75.58;79.36;79.53;78.5;74.51;80.56;80.35;76.89;79.23;79.46;69.68;72.25;76.45;;75.62;73.4;72.21;75.36;69.6;77.44;73.34;70.29;73.34;74.72;68.03;;73.64;77.16;77.18;80.54;77.7;78.2;79
O3;uur;µg/m³;2023-03-25T06:00:00+01:00;2023-03-25T07:00:00+01:00;76.6;63.8;68.2;76.7;45.5;74.33;73.04;72.58;79.46;74.96;78.18;78.84;77.19;81.13;77.33;76.47;74.26;79.84;79.2;78.14;79.03;77.26;70.46;71.25;77.38;;75.13;74.72;72.62;77.92;71.07;77.55;76.45;68.91;77.4;76.18;68.16;;72.42;74.33;76.75;80.48;75.7;76.5;77.7
O3;uur;µg/m³;2023-03-25T07:00:00+01:00;2023-03-25T08:00:00+01:00;77.6;66.8;70.8;82.9;49.3;73.97;76.01;75.18;76.73;76.83;76.22;78.48;79.08;79.41;81.33;75.65;76.3;80.15;76.8;76.27;79.48;78.91;70.48;71.29;79.57;;75.86;74.31;71.66;76.66;70.13;76.91;72.45;70.18;76.59;75.53;70.84;;74.04;74.79;74.62;80.11;75.8;76.1;77.7
O3;uur;µg/m³;2023-03-25T08:00:00+01:00;2023-03-25T09:00:00+01:00;81.5;68.4;68;83.4;50.4;74.2;76.48;75.62;75.37;78.61;74.64;77.54;78.47;79.11;83.48;78.34;79.41;84.39;82.73;74.28;82.43;80.89;71.95;72.94;81.15;;76.5;76.9;70.24;72.76;71.87;75.73;71.39;73.17;77.04;74.7;71.3;;74.96;74.79;76.02;78.3;77;75.4;79.7
O3;uur;µg/m³;2023-03-25T09:00:00+01:00;2023-03-25T10:00:00+01:00;82.3;67.9;76.4;86.2;52.3;75.89;76.26;79.94;81.81;76.34;76.89;74.63;76.87;76.76;84.22;79.99;83.32;84.98;83.42;78.67;84.24;82.55;71.71;75.49;82.17;;77.36;78.35;74.05;77.42;72.34;79.73;79.39;72.03;76.5;73.68;70.81;;76.75;77.03;77.43;78.66;79.3;76.2;80.9
O3;uur;µg/m³;2023-03-25T10:00:00+01:00;2023-03-25T11:00:00+01:00;82.8;71.3;78.5;84.1;53.8;77.74;75.96;80.79;83.58;77.6;80.06;75.76;79.05;76.84;84.55;80.52;84.17;84.42;84.84;84.07;85.94;84.81;74.42;75.58;81.26;;77.82;80.03;75.67;78.16;73.35;81.28;79.62;66.47;77.28;76.85;70.9;;77.57;77.41;79.09;79.05;82.6;78.5;82
O3;uur;µg/m³;2023-03-25T11:00:00+01:00;2023-03-25T12:00:00+01:00;81.1;69.5;76.2;87.4;56.6;78.51;77.83;78.21;80.31;79.14;82.55;77.49;82.97;80.26;83.5;79.83;84.59;85.06;84.54;84.73;86.71;86.06;75.39;77.37;83.65;;81.39;81.82;78.02;78.39;75.07;84.64;80.68;71.54;79.38;76.85;71.15;;78.58;77.68;81.64;79.88;84.8;80;84.1
O3;uur;µg/m³;2023-03-25T12:00:00+01:00;2023-03-25T13:00:00+01:00;80.6;71.3;75.6;86.4;54.3;74.99;81.02;78.96;81.23;85.33;82.31;81.35;84.47;84.47;82.58;77.42;85.8;83.42;83.89;84.55;86.71;86.28;78.85;77.44;85.33;;83.38;82.63;80.01;78.79;76.88;85.25;80.71;75.45;80.94;78.56;74.49;;81.14;80.29;83.7;81.99;86.5;81.4;85.5
O3;uur;µg/m³;2023-03-25T13:00:00+01:00;2023-03-25T14:00:00+01:00;80.2;72.5;75.8;84.6;51.6;74.68;79.71;81.48;84.54;82.72;84;82.21;85.51;83.66;82.47;76.51;82.91;82.5;83.87;83.2;83.31;84.17;81.1;76.7;84.61;;84.5;81.66;81.4;81.74;77.48;87.06;79.12;75.18;82.18;84.17;75.1;;82.09;84.34;83.12;85.08;85.1;79.9;84.4
O3;uur;µg/m³;2023-03-25T14:00:00+01:00;2023-03-25T15:00:00+01:00;81;70.9;75.8;82.8;48.5;75.97;79.28;80.58;83.3;85.43;85.36;78.22;87.24;81.76;83;78.43;80.39;80.27;84.5;84.18;84.98;79.43;79.63;73.1;84.34;;84.09;80.78;79.15;82.85;76.89;85.38;79.16;80.21;82.73;83.95;77.9;;81.77;86.7;82.9;82.88;85.4;79.4;83.9
O3;uur;µg/m³;2023-03-25T15:00:00+01:00;2023-03-25T16:00:00+01:00;79.5;69;74.2;70.7;47.1;80.42;78.2;80.93;83.63;89.24;85.32;79.4;88.65;80.61;81.95;78.52;81.15;80.28;83.29;83.2;87.83;80.04;78.53;75.14;82.18;;80.69;79.29;76.6;79.89;74.69;82.25;77.39;77.96;84.34;85.92;80.02;;80.5;86.25;81.66;81.89;83.6;76.3;81.4
O3;uur;µg/m³;2023-03-25T16:00:00+01:00;2023-03-25T17:00:00+01:00;78;67.6;71.5;69.7;41.2;77.77;79.94;83.93;87.48;89.48;78.6;79.49;87.2;82.18;79.49;78.03;82.59;73.42;82.37;82.19;89.41;75.55;74;74.9;81.76;;83.79;77.7;73.22;79.3;75.31;81.6;75.73;79.28;83.06;85.87;78.86;;79.73;83.21;84.97;79.84;84.1;76.7;81.8
O3;uur;µg/m³;2023-03-25T17:00:00+01:00;2023-03-25T18:00:00+01:00;76.7;66.3;69.2;67.4;38.8;78.49;83.15;83.58;86.06;83.52;74.87;81.02;83;81.71;78.9;79.94;78.35;73.5;79.52;78.13;88.02;70.66;69.78;72.77;81.35;;82.36;75.39;66.53;72.84;69.38;74.23;71.1;81.04;79.07;85.24;77.7;;78.78;81.76;82.4;81.58;80.7;74.1;77.4
O3;uur;µg/m³;2023-03-25T18:00:00+01:00;2023-03-25T19:00:00+01:00;76.5;65.4;71.1;60.2;35.4;78.96;78.66;78.85;82.58;80.27;77.41;76.94;80.07;77.01;78.29;76.92;71.08;65.81;78.11;75.62;87.3;70.36;72.2;64.91;81.45;;80.34;73.38;67.45;70.52;65.36;74.25;70.67;78.73;78.46;80.14;75.47;;76.84;80.65;80.26;77.39;79;73.1;77
O3;uur;µg/m³;2023-03-25T19:00:00+01:00;2023-03-25T20:00:00+01:00;74.3;62.6;66.7;59.9;34.8;70.92;75.18;80.02;83.01;79.91;73.77;74.51;76.24;77.01;75.67;77.13;62.34;56.21;77.28;74.07;84.89;69.49;68.56;63.83;80.42;;78.54;69.35;66.52;73.64;66.21;74.98;64.7;73.86;75.75;75.52;73;;79.48;79.72;82.22;78.59;80;75;77.3
O3;uur;µg/m³;2023-03-25T20:00:00+01:00;2023-03-25T21:00:00+01:00;67.9;61.3;67.3;63.2;38;73.2;79;77.93;79.4;74.37;70.69;73.68;74.87;77.47;78.49;74.95;62.74;61.76;76.24;73.93;79.05;68.29;68.95;60.21;77.76;;75.73;56.33;56.03;50.85;53.29;63.86;65.37;71.44;74.25;70.32;68.95;;81.82;80.41;84.05;81;75.4;69.6;71.6
O3;uur;µg/m³;2023-03-25T21:00:00+01:00;2023-03-25T22:00:00+01:00;63.8;53.1;57;41.4;25.9;73.55;76.43;77.77;77.66;78.77;70.1;68.29;79.63;77.09;72.4;72.66;62.07;56.24;76.67;70.11;75;56.98;53.44;56.29;83.49;;75.61;56.27;49.49;49.01;43.52;53.18;60.62;66.71;62.65;71.59;64.6;;81.96;81.97;84.35;80.12;67.8;62.1;69.4
O3;uur;µg/m³;2023-03-25T22:00:00+01:00;2023-03-25T23:00:00+01:00;66.3;39.3;48.2;61.5;10;72.01;73.52;77.81;78.57;71.47;67.64;74.16;69.46;75.14;64.27;73.44;41.64;35.51;73.43;68.11;71.08;17.09;52.62;29.34;84.5;;79.36;55.8;48.06;43.39;45.09;53.53;48.5;55.34;52.68;69.14;67.52;;81.93;81.49;83.66;78.45;55.8;46.8;69.8
O3;uur;µg/m³;2023-03-25T23:00:00+01:00;2023-03-26T00:00:00+01:00;63.5;39;49.5;51.3;25.5;71.63;68.24;79.96;83.04;65.71;64.78;63.02;65.16;68.46;67.58;68.26;57.47;60.52;66.35;63.83;68.75;8.45;58.95;18.43;80.62;;80.11;42.68;38.23;43.47;41.28;42.62;54.6;51.34;50.14;68.35;71.08;;82.64;78.62;79;77.89;64;55;61.4
O3;uur;µg/m³;2023-03-26T00:00:00+01:00;2023-03-26T01:00:00+01:00;59.1;38.3;39.5;52.4;21.6;67.48;65.33;78.6;82.13;61.33;70.29;67.43;65.37;73.2;69.41;62.63;58.89;52.39;69.74;66.35;54.24;50.68;39.17;52.89;79.32;;82.29;17.38;39.07;51.63;29.05;47.41;53.25;48.54;50.12;66.1;57.32;;80.04;76.54;79.97;75.82;64.3;50.9;57.1
O3;uur;µg/m³;2023-03-26T01:00:00+01:00;2023-03-26T02:00:00+01:00;64.2;47.4;32.9;56.4;20.2;66.82;65.67;74.29;73.74;61.35;53.48;68.99;64.61;71.33;60.42;62.7;54.29;63.97;66.89;58.72;40.03;42.98;43.63;35.32;78.88;;70.32;36.58;52.34;49.64;10.69;59.6;52.53;49.26;56.76;60.39;54.17;;78.86;77.53;81.72;77.02;61.9;36.9;51.9
O3;uur;µg/m³;2023-03-26T02:00:00+01:00;2023-03-26T03:00:00+01:00;63.2;54.3;22.2;47.3;33.5;62.14;64.03;75.2;72.17;59.53;48.71;65.3;58.67;66.76;54.79;63.51;44.34;57.74;64.08;62;23.23;45.75;54.79;36.22;75.49;;62.35;37.49;50.62;47.13;15.61;55.44;50.77;50.07;50.7;54.94;57.85;;72.83;77.92;82.77;76.22;44.7;29.6;43.1
O3;uur;µg/m³;2023-03-26T03:00:00+01:00;2023-03-26T04:00:00+01:00;57.1;51.9;34.2;43.5;33.7;56.88;56.82;74.31;73.17;56.87;70.17;65.12;52.59;59.88;56.24;57.41;35.94;57.26;57.84;60.84;23.03;61.17;53.18;40.05;70.58;;50.45;42.02;54.44;55.49;5.48;59.3;51.13;42.63;41.87;54.51;48.68;;76.28;74.33;84.35;78.95;25.7;24.9;26.2
O3;uur;µg/m³;2023-03-26T04:00:00+01:00;2023-03-26T05:00:00+01:00;45.2;35.2;48.7;37.6;22;58.6;53.42;63.39;70.18;62.61;48.05;63.83;58.92;65.78;61.69;54.95;45.43;56.27;51.84;47.97;21.16;53.36;44.73;41.27;67.39;;36.77;50.12;56.32;59.84;32.43;62.01;50.32;42.38;48.46;58.97;35.58;;75;66.39;85.28;77.82;13.1;10.7;13.1
O3;uur;µg/m³;2023-03-26T05:00:00+01:00;2023-03-26T06:00:00+01:00;38.8;34.5;35.7;38.7;21.1;46.26;51.06;51.5;67.3;64.87;45.07;65.61;59.58;62.53;51.61;54.56;42.45;53.38;50.71;40.93;25.54;40.22;41.27;32.25;68.27;;26.27;47.98;55.89;51.36;44.62;61.67;44.14;45.73;56.51;58.01;27.14;;70.38;58.42;84.74;73.87;9.8;3.7;14.4
O3;uur;µg/m³;2023-03-26T06:00:00+01:00;2023-03-26T07:00:00+01:00;37;38.6;33.5;23.4;11.4;46.52;45.94;65.01;73.14;58.38;59.9;60.76;67.49;60.4;51.04;48.88;39.12;37.08;51.9;41.03;32.29;38.71;19.08;28.77;75.53;;29.97;43.28;48.82;43.71;39.71;54.63;42.8;41.38;47.89;57.32;25.09;;70.2;47.16;77.8;76.14;26.7;21.5;19.1
O3;uur;µg/m³;2023-03-26T07:00:00+01:00;2023-03-26T08:00:00+01:00;36.8;33.1;33.5;19.5;10.7;51.62;52.37;59.79;63.18;57.95;50.58;55.79;74.02;55.92;65.68;45.7;37.75;32.55;58.24;37.82;17.4;40.32;6.14;29.87;83.42;;44.24;39.39;41.55;44.14;34.17;46.16;39.53;40.89;46.92;50.88;30.33;;65.24;50.54;75.65;77.68;51.2;47.4;40.6
O3;uur;µg/m³;2023-03-26T08:00:00+01:00;2023-03-26T09:00:00+01:00;48;31.6;28.2;46.7;13.5;53.54;53.34;70.84;72.44;55.62;45.53;54.38;58.69;52.68;74.99;62.75;34.53;35.96;54.18;46.38;49.86;39.86;27.52;30.84;85.56;;65.48;42.15;40.83;38.77;32.39;43.91;41.71;47.87;48.11;48.71;58.06;;75.16;71.42;83;82.57;68;64.8;63.8
O3;uur;µg/m³;2023-03-26T09:00:00+01:00;2023-03-26T10:00:00+01:00;43.3;38;40.8;40;26.5;61.84;57.37;62.74;65.7;52.55;52.89;52.98;55.56;49.06;77.78;70.54;46.88;44.36;54.49;50.84;71.19;43.6;44.77;31.05;85.96;;73.75;43.85;39.58;44.56;48.13;43.16;48.12;50.96;53.74;58.92;67.54;;79.09;85.62;85.85;87.52;75.6;74.5;74.3
O3;uur;µg/m³;2023-03-26T10:00:00+01:00;2023-03-26T11:00:00+01:00;49.3;56.2;58.7;52.5;37.8;64.96;63.89;59.72;60.42;58.64;61.51;59.14;66.39;70.2;74.26;73.9;53.82;61.76;51.55;57.1;77.36;53.27;56.61;37.48;84.4;;77.95;61.44;52.01;44.16;59.04;54.71;52.01;53.73;54.36;60.3;72.01;75.94;80.33;86.2;85.79;87.99;77.5;77.3;78.2
O3;uur;µg/m³;2023-03-26T11:00:00+01:00;2023-03-26T12:00:00+01:00;54.4;55;52.5;61;38.1;66.17;61.45;56.2;66.08;76.35;76.38;76.35;76.52;81.04;74.61;69.59;68.95;63.08;67.31;70.57;80.17;71.52;55.81;53.53;85.37;;77.32;66.71;60.14;57.22;62.41;63.84;50.2;59.58;64.43;62.79;73.39;77.56;80.91;84.78;83.85;87.47;80;78.2;79.1
O3;uur;µg/m³;2023-03-26T12:00:00+01:00;2023-03-26T13:00:00+01:00;57.2;62.9;60.7;72.1;48;63.71;66.35;71.32;82.91;77.64;80.29;70.81;73.72;78.01;76.42;67.63;72.19;67.23;63.97;57.46;83.35;72.27;66.85;61.73;86.48;;81.32;72.19;65.41;66.65;63.66;70.16;57.88;64.19;70.58;56.32;76.44;79.02;81.03;84.81;84.03;85.82;81.1;80.2;82.4
O3;uur;µg/m³;2023-03-26T13:00:00+01:00;2023-03-26T14:00:00+01:00;63.6;66;64.3;74.7;55.1;65.02;67.85;65.02;78.57;81.22;74.88;65.31;76.88;75.1;63.52;73.4;74.19;71.22;67.34;62.34;84.8;76.56;70.69;61.79;85.71;;81.56;79.02;68.84;67.34;70.64;73.24;63.64;66.47;70.95;55.45;78.39;78.88;80.68;84.68;82.38;85.76;80.3;78.2;82
O3;uur;µg/m³;2023-03-26T14:00:00+01:00;2023-03-26T15:00:00+01:00;63.7;70.9;66.6;76.9;63.4;67.09;65.83;61.66;68.38;72.23;67.98;66.33;68.19;73.7;71.42;62.7;79.94;77.65;72.25;65.23;85.18;79.43;72.73;70.73;85.03;;80.57;81.66;74.94;74.9;75.62;79.15;72.09;71.52;76.32;61.72;76.9;77.7;79.78;84.09;82.29;84.64;79.9;78;82
O3;uur;µg/m³;2023-03-26T15:00:00+01:00;2023-03-26T16:00:00+01:00;66.6;66.7;68.4;83.6;71.3;70.43;61.08;60.98;66.64;66.24;68.23;58.86;70.27;68.56;72.91;66.68;83.33;77.37;77.15;76.85;85.31;81.58;74.94;82.84;84.18;;78.18;78.89;77.87;78.71;75.38;82.84;75.95;76.25;78.77;67.05;77.08;76.74;79.91;82.4;82.82;84.93;80.1;76.3;80.9
O3;uur;µg/m³;2023-03-26T16:00:00+01:00;2023-03-26T17:00:00+01:00;65.2;67.4;70.6;84.7;77.3;67.14;63.34;64.57;70.62;67.72;74.99;64.54;78.28;69.42;77.75;74.31;83.97;76.84;76.08;76.57;85.97;82.75;74.63;83.75;83.72;;78.19;78.76;77.54;78.85;74.88;81.67;74.57;76.15;79.1;72.53;76.14;77.05;79.62;82.27;81.51;82.45;80.1;77.2;80.4
O3;uur;µg/m³;2023-03-26T17:00:00+01:00;2023-03-26T18:00:00+01:00;63.6;68.2;73.4;85.9;79.1;63.69;67.29;62.93;66.96;72.41;74.41;57.7;79;66.23;78.53;78.68;81.8;77.93;76.22;75.49;83.94;82.68;75.46;82.29;84.27;;78.16;79.61;77.63;77.72;73.68;81.96;74.69;73.96;77.16;73.54;75.53;76.93;80.65;82.95;81.82;82.11;79.2;77.2;77.9
O3;uur;µg/m³;2023-03-26T18:00:00+01:00;2023-03-26T19:00:00+01:00;67.3;66.9;72.2;84.6;79.5;65.98;68.74;63.08;64.71;74.27;72.21;64.75;79.06;71.06;77.82;80.54;81.73;77.16;78.22;75.19;80.99;82.24;75.2;81.34;83.27;;76.65;80.62;77.26;77.75;75.83;81.02;70.96;72.87;78.68;72.71;74.87;74.97;76.19;80.84;81.02;79.72;80.9;77.1;79.4
O3;uur;µg/m³;2023-03-26T19:00:00+01:00;2023-03-26T20:00:00+01:00;65.8;67.3;71.8;83.8;78.6;68.71;68.95;63.61;64.89;74.84;75.16;68.71;78.69;72.16;79.32;81.43;83.15;76.13;76.85;73.21;83.82;83.55;78.98;82.98;82.86;;75.52;78.76;78.04;79.64;64;82.88;72.09;76.33;78.6;71.13;71.47;71.93;71.96;78.22;80.63;78.56;77;71;76.1
O3;uur;µg/m³;2023-03-26T20:00:00+01:00;2023-03-26T21:00:00+01:00;69.3;65.3;72.7;81.9;76.2;69.04;70.82;68.38;70.9;76.33;76.8;71.35;78.37;76.35;77.68;78.77;81.84;73.56;73.11;75.7;72.54;82.58;78.86;80.55;81.91;;74.19;76.11;78.11;78.63;59.68;82.69;72.31;72.11;76.61;73.66;64.35;70.79;68.52;71.61;82.27;80.95;74.3;65.3;70.2
O3;uur;µg/m³;2023-03-26T21:00:00+01:00;2023-03-26T22:00:00+01:00;60;65.2;66.7;82;77.8;69.93;72.85;67.87;70.84;75.43;73;73.88;79.05;77.17;75.4;81;82.63;74.19;74.69;70.45;75.64;76.91;75.4;79.56;81.71;;74.12;72.89;77.18;78.07;58.35;81.45;70.32;65.6;74.76;71.94;56.21;67.29;70.92;64.34;82.79;81.5;73.9;58.1;68.8
O3;uur;µg/m³;2023-03-26T22:00:00+01:00;2023-03-26T23:00:00+01:00;57.2;66.8;68.9;83;75.1;72.88;67.7;71.03;75.37;71.48;71.56;71.78;74.19;76.26;79.04;75.04;81.66;74.89;73.36;68.68;84.98;81.12;71.76;81.07;82.03;;66.01;65.57;74.5;76.36;58.77;79.46;63.49;63.97;73.93;67.16;57.13;64.14;66.59;61.41;82.1;80.35;70.4;59.7;62.9
O3;uur;µg/m³;2023-03-26T23:00:00+01:00;2023-03-27T00:00:00+01:00;65.7;67.7;75.6;81.1;72.9;68.41;62.56;71.76;75.69;69.18;68.77;69.05;72.11;73.01;79.2;75.58;83.84;79.46;76.28;70.43;87.11;83.93;79.28;83.64;82.11;;64.52;53.65;73.62;76.39;62.71;78.51;53.33;58.93;70.91;66.04;56.19;67.76;72.85;61.97;84.83;81.8;65.4;46.2;52.4
O3;uur;µg/m³;2023-03-27T00:00:00+01:00;2023-03-27T01:00:00+01:00;69.7;64.7;76.5;81.9;72;65.16;57.46;68.22;72.48;71.39;69.19;65.22;75.14;65.51;79.41;76.44;84.37;75.79;71.51;77.19;82.33;84.23;78.09;83.65;81.78;;60.35;56.57;71.46;73.39;64.81;76.01;48.57;59.79;62.77;65.2;54.36;67.53;70.82;57.07;84.58;80.8;78.7;73.1;71.9
O3;uur;µg/m³;2023-03-27T01:00:00+01:00;2023-03-27T02:00:00+01:00;75.7;64.1;73.6;81.5;70.2;62.53;55.87;62.45;63.59;70.61;59.29;62.15;77.94;62.54;78.98;76.32;85.74;78.07;70.15;78.28;77.27;85.43;79.15;85.6;76.59;;62.71;68.07;74.59;74.29;70.3;78.85;49.3;60;45.58;66.84;42.76;75.32;75.33;57.46;86.9;80.41;80.4;74.1;77.5
O3;uur;µg/m³;2023-03-27T02:00:00+01:00;2023-03-27T03:00:00+01:00;73.6;66.6;80.7;83.7;70;59.33;53.13;50.46;57.94;60.55;71.96;67.08;83.19;63.27;78.39;71.8;86.54;78.57;74.39;73.18;88.18;88.21;83;87.14;83.09;;81.83;64.79;74.95;76.72;77.06;79.63;64.39;59.03;56.55;62.6;37.7;66.02;77.78;65.9;90.92;84.43;78.8;62.9;65.3
O3;uur;µg/m³;2023-03-27T03:00:00+01:00;2023-03-27T04:00:00+01:00;68.3;75.8;80.2;82.8;69;54.86;56.04;52.1;53.73;62.74;67.12;62.37;79.44;58.16;81.24;68.69;84.23;85.31;76;71.42;88.74;84.17;77.86;85.76;83.7;;80.44;63.94;72.16;74.61;58.8;76.57;60.33;61.09;75.58;74.04;38.08;68.08;83.67;70.49;94.76;90.38;73.7;60;62
O3;uur;µg/m³;2023-03-27T04:00:00+01:00;2023-03-27T05:00:00+01:00;62.7;61.3;71.8;69.6;68.4;55.17;65.37;58.75;52.76;73.56;63.77;54.07;75.46;55.78;81.66;76.45;84.64;83.84;70.73;75.02;88.62;71.22;57.89;80.6;85.92;;78.55;62.93;56.23;65.52;55.28;60.42;55.19;60.6;75.08;69.09;44.33;79.3;87.05;71.07;95.38;87.64;75.7;68.6;68.9
O3;uur;µg/m³;2023-03-27T05:00:00+01:00;2023-03-27T06:00:00+01:00;59.4;37.5;55.9;77.7;73.5;60.72;36.9;56.51;54.19;59.75;70.76;50.83;71.86;56.71;78.27;79.45;87.65;76.67;66.97;66.03;97.06;76.71;49.96;84.51;86.6;;73.59;70.46;63.03;57.23;52.62;68.15;57.83;61.01;67.37;68.23;73.13;74.21;86.18;70.74;81.77;85.32;76.8;61.9;64.6
O3;uur;µg/m³;2023-03-27T06:00:00+01:00;2023-03-27T07:00:00+01:00;52.6;36.5;55.3;79.4;85.1;50.97;39.84;54.57;51.71;54.97;63.29;42.68;64.55;46.52;82.66;78.74;87;66.24;62.02;57.79;92.3;65.71;39.48;87.71;77.41;;82.91;81.77;49.82;59.09;50.6;61.08;75.45;55.38;49.85;42.83;65.82;72.08;75.25;73.3;79.74;73.24;77.4;54.5;59.7
O3;uur;µg/m³;2023-03-27T07:00:00+01:00;2023-03-27T08:00:00+01:00;58.8;25.5;62.2;87.6;73.1;51.16;41.67;58.46;52.24;67.11;71.64;49.64;59.76;55.62;84.97;82.89;82.04;62.28;57.1;57.89;82.12;80.79;69.61;83.49;78.73;;77.37;74.1;54.15;61.08;53.93;64.17;69.46;66.43;58.65;44.65;59.35;73.37;74.4;75.18;81.29;69.64;65.5;50.3;53.7
O3;uur;µg/m³;2023-03-27T08:00:00+01:00;2023-03-27T09:00:00+01:00;65.1;58.9;70.6;76.3;;58.86;66.31;63.42;63.66;75.79;84.59;59.35;70.79;68.44;86.31;81.51;76.69;70.67;78.15;67.46;82.85;75.59;69.39;76.21;80.04;;73.94;69.49;59.07;61.89;55.73;67.13;67.91;74.41;67.51;61.31;70.82;72.3;78.5;75.09;83.46;83.43;72.9;60.1;60.8
O3;uur;µg/m³;2023-03-27T09:00:00+01:00;2023-03-27T10:00:00+01:00;68.9;62.1;73.6;80.6;;74.52;76.36;73.44;75.2;79.78;84.38;75.1;74.83;80.51;77.32;86.5;78.46;73.78;75.93;71.85;84.77;79.72;74.89;79.58;82.58;;78.79;71.99;72.81;72.49;61.75;78.26;66.83;74.41;76.48;72.09;74.51;75.76;81.63;78.38;82.82;82.86;76;61.5;65.3
O3;uur;µg/m³;2023-03-27T10:00:00+01:00;2023-03-27T11:00:00+01:00;67.1;64.1;76.1;80.9;64.9;79.9;70.19;83;85.67;77.96;78.93;73.8;74.76;79;79.85;88.27;79.98;72.23;76.46;74.01;86.09;81.52;76.73;81.38;83.15;;81.22;75.06;71.79;76;62.36;79.18;72.87;77.4;79.23;71.83;77.09;77.78;78.98;83.01;81.45;83.86;77.6;65.4;71
O3;uur;µg/m³;2023-03-27T11:00:00+01:00;2023-03-27T12:00:00+01:00;72.2;68.9;77.3;83.9;62.2;76.12;67.58;80.13;79.68;81.5;83.08;71.19;78.67;79.37;83.96;87.95;81.31;77.24;82.81;78.46;87.26;81.63;79.19;81.45;82.19;;82.77;77.07;73.19;73.34;69.16;78.2;75.63;80.73;78.66;78.09;78;77.18;80.23;81.77;83.39;85.25;83.2;74.5;78.2
O3;uur;µg/m³;2023-03-27T12:00:00+01:00;2023-03-27T13:00:00+01:00;70.3;68;74.6;83.7;59.2;75.55;75.6;74.67;72.68;85.84;88.43;69.29;82.83;78.61;80.47;92.3;82.51;80.76;79.75;79.34;88.63;83.92;77.71;83.42;82.87;;82.23;79.62;77.95;78.03;70.88;82.91;77.95;80.45;83.68;80.96;75.9;76.69;82.24;81.96;86.27;86.04;81;69.8;77
O3;uur;µg/m³;2023-03-27T13:00:00+01:00;2023-03-27T14:00:00+01:00;71.2;67.5;76.1;84.7;62.5;77.78;75.69;76.94;78.31;84.71;84.57;73.76;82.29;81.29;79.57;88.22;84.68;81.54;81.24;81.42;88.76;86.63;80.6;85.38;84.13;;82.56;79;77.36;78.1;67;82.52;78.75;79.27;82.7;77.67;78.04;79.26;83.71;83.22;87.22;90.6;79.2;67.6;75.4
O3;uur;µg/m³;2023-03-27T14:00:00+01:00;2023-03-27T15:00:00+01:00;71;70;77.7;85.6;64.5;81.02;74.53;77.72;81.59;84.37;82.8;75.84;84.18;81.81;80.47;85.8;84.79;80.3;83.03;82.47;86.81;86.49;80.48;85.28;84.68;;81.81;77.99;73.97;78.95;67.88;81.03;77.57;78.73;82.42;77.94;79.73;80.89;84.99;86;87.12;89.39;80.1;72.2;74
O3;uur;µg/m³;2023-03-27T15:00:00+01:00;2023-03-27T16:00:00+01:00;67.9;69.1;78.3;84.8;67.8;80.4;71.38;84.52;81.5;85.66;84.62;79.3;86.08;84.28;81.01;84.14;83.27;80.53;79.79;81.95;88.07;84.36;80.54;82.73;84.98;;84.16;78.86;72.82;77.76;68;78.7;76.65;80.81;82.13;78.28;82.94;81.67;83.4;85.76;85.52;89.12;83.6;76.3;76.9
O3;uur;µg/m³;2023-03-27T16:00:00+01:00;2023-03-27T17:00:00+01:00;66.2;67.2;77.1;84.2;68.8;77.32;76.13;81.13;77.93;82.44;83.88;78.17;84.24;83.05;81.6;82.48;81.86;78.09;79.12;81.3;87.81;84.03;79.94;81.52;83.33;;83.23;79.62;73.87;76.82;70.51;80.89;76.88;78.38;83.27;75.16;81.76;79.75;82.49;84.08;83.84;86.47;83.3;75;79.5
O3;uur;µg/m³;2023-03-27T17:00:00+01:00;2023-03-27T18:00:00+01:00;73.1;68.2;76.7;82.3;71.6;76.69;73.78;77.46;79.81;83.23;83.77;76.7;83.41;81.82;81.16;81.59;81.21;79.03;78.5;79.53;87.7;82.86;78.86;81.25;82.29;;81.34;78.6;75.93;75.35;70.94;81.28;75.87;78.16;83.62;75.35;79.88;78.07;81.25;81.47;87.04;85.04;81.4;73.6;74.9
O3;uur;µg/m³;2023-03-27T18:00:00+01:00;2023-03-27T19:00:00+01:00;70.4;65.2;75.3;79.6;69.5;74.43;72.18;76.27;74.69;80.87;83.98;75.68;77.28;78.37;79.08;82.32;81.49;80.77;77.7;77.48;85.8;82.75;74.82;82.26;80.32;;79.86;75.46;72.6;72.12;64.66;78.66;70.8;76.18;79.52;78.14;75.86;76.11;80.34;78.58;87.36;88.17;78.9;65.1;70.1
O3;uur;µg/m³;2023-03-27T19:00:00+01:00;2023-03-27T20:00:00+01:00;61.2;62.5;73.6;72.5;74.2;71.84;67.98;71.55;70.15;79.62;79.28;70.94;72.96;74.07;77.2;81.38;80.35;78.18;73.2;74.01;85.76;81.47;71.14;80.73;76.47;;78.98;69.79;61.83;65.93;58.19;70.17;70.87;72.8;71.8;72.67;74.24;71.59;81.64;78.16;88.78;83.96;74.7;60.1;65.8
O3;uur;µg/m³;2023-03-27T20:00:00+01:00;2023-03-27T21:00:00+01:00;60.4;57.6;67.4;67.4;73.8;66.87;64.92;71.53;70.88;78.89;66.85;59.4;65.02;73.15;76.59;64.04;81.17;75.92;68.76;69.43;84.08;77.77;66.19;80.26;78.79;;74.76;64.66;52.79;57.2;59.77;63.85;62.28;67.68;69.47;66.36;62.44;71.94;81.96;81.91;86.26;84.9;75.3;64.8;62.1
O3;uur;µg/m³;2023-03-27T21:00:00+01:00;2023-03-27T22:00:00+01:00;54.2;34.8;60.6;52.9;70;66.26;57.66;59.86;62.6;68.76;61.63;61.1;47.74;69.57;72.35;49.11;80.82;69.33;55.03;56.95;83.54;79.51;54.41;79.7;76.76;;74.21;62.52;62.32;60.01;53.95;68.42;59.31;55.3;62.65;66.41;57.18;78.07;79.38;76.87;86.74;84.69;73;50;51.8
O3;uur;µg/m³;2023-03-27T22:00:00+01:00;2023-03-27T23:00:00+01:00;56;38.3;57.2;65.6;66.8;50.58;46.58;42.41;57.58;52.87;47.7;50.32;43.24;56.92;73.32;34.4;79.84;57.49;47.8;44.95;85.33;66.1;34.87;76.33;73.01;;67.59;70.25;49.28;44.14;48.11;60.37;51.83;48.86;61.78;54.05;67.07;75.51;79.17;69.26;87.83;85.16;68.9;40.6;50.5
O3;uur;µg/m³;2023-03-27T23:00:00+01:00;2023-03-28T00:00:00+01:00;49.8;44.7;48.8;76.1;69;52.22;45.94;35.39;53.01;44.86;32.11;55.93;37.57;50.26;73.76;31.99;79.95;56.58;54.81;34.68;84.46;72.02;23.33;77.7;71.06;;68.35;55.3;51.91;34.86;56.8;60.24;44.6;60.51;61.62;48.46;61.01;73.48;80.53;69.3;86.8;82.41;47.4;46;50.1
O3;uur;µg/m³;2023-03-28T00:00:00+01:00;2023-03-28T01:00:00+01:00;40.6;31.2;44.1;72.2;68.2;46.08;47.68;39.86;33.49;42.57;28.01;55.42;31.95;43.91;71.98;31.12;77.75;54.37;57.75;21.47;81.25;52.28;5.61;73.42;59.76;;66.46;46.83;59.95;55.94;52.75;56.36;35.92;60.54;55.26;51.01;53.5;74.48;78.16;68.6;87.36;76.85;76.9;49.4;47.8
O3;uur;µg/m³;2023-03-28T01:00:00+01:00;2023-03-28T02:00:00+01:00;42.3;22.5;42.4;64.1;68.1;46.09;47.6;36.48;30.32;38.4;21.43;52.09;36.25;39.75;68.06;40.04;76.61;50.74;59.51;22.08;81.54;38.38;7.02;67.96;59.21;;58.19;42.27;51.13;44.81;43.62;57.19;33.99;49.2;53.25;50.43;54.69;72.2;76.28;70.86;87.47;76.17;62.9;24.1;39.8
O3;uur;µg/m³;2023-03-28T02:00:00+01:00;2023-03-28T03:00:00+01:00;59.5;17.4;40.9;35.4;35.8;36.56;40.43;42.27;28.88;37.54;15.94;44.26;40.14;31.95;70.32;28.5;70.24;33.02;55.38;28.13;84.46;17.11;5.78;52.64;61.19;;53.76;26.62;42.14;32.19;37.9;44.9;22.49;40.56;49.22;31.95;48.6;72.37;79.89;68.95;82.99;74.35;38;31.6;32.1
O3;uur;µg/m³;2023-03-28T03:00:00+01:00;2023-03-28T04:00:00+01:00;37;6.6;27.1;5.3;19.1;32.45;33;44.08;40.79;33.14;11.7;41.24;43.97;32.56;54.4;30.53;59.9;12.81;57.49;24.24;75.55;8.68;3.29;23.63;64.33;;48.24;20.87;43.44;35.87;30.18;46.46;21.76;38.95;50.47;36.71;42.31;70.51;72.47;68.4;68.86;73.78;34.8;34.3;29.8
O3;uur;µg/m³;2023-03-28T04:00:00+01:00;2023-03-28T05:00:00+01:00;48.8;16.2;23.2;13.6;24.1;17.96;26.29;37.09;28.4;21.55;10.23;37.74;23.76;28.62;63.9;31.85;10.78;18.01;47.18;21.26;59.26;0.79;12.34;0.75;55.15;;34.67;26.92;30.99;16.78;19.26;46.43;25.87;37.72;30.87;34.18;41.77;66.02;64.26;67.64;56.3;72.05;36.6;29.4;25
O3;uur;µg/m³;2023-03-28T05:00:00+01:00;2023-03-28T06:00:00+01:00;47.8;12.5;18.9;23.5;38.7;9.14;25.43;35.04;14.59;14.09;4.02;22.06;1.96;13.57;59.63;35.72;1.42;18.56;36.46;7.24;38.23;-0.21;15.28;0.59;43.05;;22.35;21.48;19.71;4;10.72;36.37;15.32;31.03;9.08;29.44;38.72;54.1;56.61;61.57;54.48;65.96;26.6;19.3;26
O3;uur;µg/m³;2023-03-28T06:00:00+01:00;2023-03-28T07:00:00+01:00;33.9;5.1;14.5;24.1;39.6;9.4;25.14;33.7;6.67;9.64;1.3;3.85;0.67;7.12;63.96;39.94;2.86;12.34;35.82;0.17;24.18;13.51;9.02;1.38;28.25;;29.34;25.64;26.29;2.31;7.91;30.98;10.57;29.51;2.24;25.01;33.04;40.27;58.53;52.1;61.33;52.79;19.7;9.4;9.9
O3;uur;µg/m³;2023-03-28T07:00:00+01:00;2023-03-28T08:00:00+01:00;35.1;5.5;23;49.3;45.6;26.41;23.68;38.27;28.41;15.01;4.48;9.14;8.38;12.6;58.37;22.39;11.55;26.23;23.13;12.76;12.71;30.97;27.39;14.13;39.06;;33.27;25.3;19.19;8.87;13.44;26.34;14.39;23.19;20.14;18.76;32.97;39.01;56.03;48.5;50.01;46.95;21.6;6.7;13.1
O3;uur;µg/m³;2023-03-28T08:00:00+01:00;2023-03-28T09:00:00+01:00;45.1;25;41.6;53.2;45.3;41.47;32.13;46.91;57.96;41.8;8.54;18.56;23.64;32.99;45.53;22.73;50.48;44.16;29.38;23.73;34.57;53.31;50.33;38.04;43.22;;36.79;29.35;34.85;31.29;21.73;43;25.7;36.82;38.81;26.51;40.75;46.24;70.33;57.2;60.4;61.57;35.9;19.6;27.3
O3;uur;µg/m³;2023-03-28T09:00:00+01:00;2023-03-28T10:00:00+01:00;46.5;38.3;48.7;57.2;46.9;61.59;47.95;60.6;69.34;58.34;15.94;51.2;44.68;56.14;48.56;39.9;73.08;48.52;43.12;38.44;68.87;64.32;58.02;56.92;47.89;;51.62;48.12;56.5;47.72;33.93;63.19;43.47;51.18;55.8;47;55.53;62.21;81.23;74.33;76.64;76.99;56.8;38.2;50.4
O3;uur;µg/m³;2023-03-28T10:00:00+01:00;2023-03-28T11:00:00+01:00;55.1;47.5;58.4;64.2;60.9;72.9;67.65;76.81;72.48;73.63;44.87;68.22;64.46;71.44;63.02;63.79;66.78;62.69;55.24;65.75;78.25;70.29;61.97;;68.8;;70.97;58.32;63.35;59.79;52;70.85;60.44;67.07;74.11;71.16;72.89;72.16;73.98;76.69;80.99;82.39;74.1;55.4;72.7
O3;uur;µg/m³;2023-03-28T11:00:00+01:00;2023-03-28T12:00:00+01:00;55.4;59.1;58.7;64.8;69;75.74;73.32;80.65;81.7;76.6;59.69;72.19;77.93;75.35;68.99;68.49;69.3;70.35;57.68;72.61;80.49;71.49;60.93;;77.59;;79.44;72.22;70.21;70.37;59.88;77.76;71.8;72.06;79.95;74.42;73.23;76.35;79.35;80.69;84.78;83.26;74.6;62.2;76.6
O3;uur;µg/m³;2023-03-28T12:00:00+01:00;2023-03-28T13:00:00+01:00;65.2;47.5;55.2;77;70.8;82.73;71.23;83.3;86.45;84.89;70.53;77.66;80.46;84.01;71.61;68.98;69.23;58.16;65.93;77.42;78.94;64.75;69.6;;76.99;;77.47;74.73;74.11;75.51;66.38;81.5;72.9;75.84;82.01;76.63;75.63;75.86;80.23;82.47;80.5;83.88;78.6;67.1;77.9
O3;uur;µg/m³;2023-03-28T13:00:00+01:00;2023-03-28T14:00:00+01:00;69;59.4;62.4;67.4;71.8;82.69;78.54;87.84;87.01;86.12;68.86;83.52;80.5;88.65;71.76;73.1;;72.55;72.19;78.47;70.55;73.39;70.62;;77.51;;79.63;73.77;71.24;69.73;60.76;78.56;71.56;75.5;82.37;76.67;77.92;75.38;79.39;78.41;81.3;85.14;75.5;70;77.1
O3;uur;µg/m³;2023-03-28T14:00:00+01:00;2023-03-28T15:00:00+01:00;68.6;57.5;65;65.1;67.2;83.51;82.75;88.9;90.58;89.07;75.81;87.63;75.01;92.75;65.81;75.34;;71.54;69.53;73.13;70.09;68.59;67.75;;76.36;;78.35;74.9;71.62;69.58;63.32;79.09;72.17;76.63;81.66;82.1;77.72;76.55;77.38;78.41;80.03;86.29;71.1;66.9;76.2
O3;uur;µg/m³;2023-03-28T15:00:00+01:00;2023-03-28T16:00:00+01:00;67;54.2;62.8;63.9;64.4;86.21;85.8;89.85;90.31;86.15;75.87;89.1;73.22;90.89;69.62;74.15;;66.38;64.43;66.57;70.55;70.63;65.09;50.88;71.89;;75.42;69.69;71.23;68.41;57.87;79.1;67.46;76.33;81.63;85.92;74.66;73.79;78.5;79.65;77.95;82.15;74.8;62.9;73.7
O3;uur;µg/m³;2023-03-28T16:00:00+01:00;2023-03-28T17:00:00+01:00;63.8;47.8;62.7;63.5;64.3;86.58;84.85;88.17;90.5;82.49;77.44;86.2;73.36;86.77;73.64;71.6;;63.36;68.01;64.78;72.38;68.67;65.06;50.07;64.92;;75.78;67.76;68.41;66.93;53.8;78.28;64.41;79.7;84.94;85.58;72.57;72.29;78.95;79.08;79.95;81.53;70.3;59.4;68.4
O3;uur;µg/m³;2023-03-28T17:00:00+01:00;2023-03-28T18:00:00+01:00;64;48.9;58.9;52.6;65.7;83.8;83.03;87.21;86.73;77.56;77.49;82.47;70.17;83.61;72.92;76.39;57.53;68.48;75.41;72.55;69.27;62.3;63.3;41.8;58.48;;76.23;59.65;62.75;60.3;52.27;74.4;57.14;76.21;82.85;84.09;73.99;67.25;75.44;76.04;79.52;80.01;68.6;57;66.7
O3;uur;µg/m³;2023-03-28T18:00:00+01:00;2023-03-28T19:00:00+01:00;74;60;71.1;55.5;69.4;85.83;81.83;87.14;82.79;81.07;77.47;83.34;74.16;84.18;71.51;72.14;57.71;73.85;71.03;76.94;62.48;60.09;70.56;48.26;62.77;;71.76;55.87;59.85;53.34;42.66;68.98;62.88;72.13;86.66;82.27;74.64;78.91;63.01;72.55;72.58;79.99;61.9;53.9;63.1
O3;uur;µg/m³;2023-03-28T19:00:00+01:00;2023-03-28T20:00:00+01:00;71.5;63.3;72.6;57.4;63.4;86.81;85.06;87.07;90.68;81.8;72.86;81.85;78.37;81.57;74.01;72.68;61.66;68.01;72.45;77.39;56.82;71.86;67.99;55.98;55.98;;70.28;58.56;59.04;58.76;46.83;65.83;63.73;60.12;80.73;84.19;72.08;75.77;67.13;78.47;69.81;78.09;50.9;50.7;57.5
O3;uur;µg/m³;2023-03-28T20:00:00+01:00;2023-03-28T21:00:00+01:00;68.2;59.3;64.7;58.2;53.5;80.57;82.85;84.41;85.75;85.04;69.04;82.94;79.68;84.28;75.37;74.13;62.22;73.08;73.75;73.32;73.53;69.55;70.2;57.44;53.36;;70.52;67.3;67.52;64.85;50.74;72.86;67.29;71.63;84.34;80.33;71.46;60.98;68.37;80.15;71.55;75.66;66.6;66.1;72.5
O3;uur;µg/m³;2023-03-28T21:00:00+01:00;2023-03-28T22:00:00+01:00;66.7;67.2;60.4;67.2;65.6;76.59;80.24;81.96;85.33;81.57;73.8;81.16;79.31;82;74.66;51.79;67.95;77.88;77.35;79.18;71.36;70.63;62.04;62.47;58.2;;77.48;66.54;71.96;69.77;60.96;76.85;68.58;83.6;82.52;80.24;79.86;69.3;70.02;77.47;70.41;75.77;71.2;67.9;72.7
O3;uur;µg/m³;2023-03-28T22:00:00+01:00;2023-03-28T23:00:00+01:00;69.4;69.9;55;56;61.1;75.8;75.85;78.77;81.45;79.5;69.49;77.68;77.14;79.95;68.33;61.9;66.12;79.62;76.62;78.59;71.26;72.71;58.03;59.13;69.64;;76.08;69.85;73.02;74.49;66.77;78.23;69.75;80.61;79.55;78.7;83.11;74.75;71.03;74.36;70.7;74.91;71.4;68;71.2
O3;uur;µg/m³;2023-03-28T23:00:00+01:00;2023-03-29T00:00:00+01:00;65.5;67.6;56.8;58.8;45.8;68.51;71.78;76.79;81.73;77.31;59.72;75.44;76.27;76.43;61.64;70.16;63.59;77.12;73.32;74.62;71.32;67.72;55.48;57.31;69.59;;77.33;71.61;74.78;75.49;68.49;79.32;68.33;75.52;81.21;77.33;79.95;73.48;78.22;75.31;71.37;76.36;75.5;70.4;75.9
O3;uur;µg/m³;2023-03-29T00:00:00+01:00;2023-03-29T01:00:00+01:00;62;63.9;57.7;63.1;51.1;61.63;69.1;78.1;81.32;71.18;63.74;71.86;72.31;69.93;63.23;65.82;56.65;71.43;66.29;74.48;70.49;64.45;65.58;57.11;68.68;;78.9;68.25;72.51;74.07;66.96;76.5;63.74;72.79;79.56;73.56;76.86;71.78;77.89;81.64;73.25;79.44;74.4;69.8;72.1
O3;uur;µg/m³;2023-03-29T01:00:00+01:00;2023-03-29T02:00:00+01:00;63.7;54.1;61;58.9;51;60.32;66.11;78.68;79.46;68.06;54.03;68.97;73.01;69.15;63.69;60.97;60.5;66.48;62.17;68.69;64.28;64.02;66.63;58.12;71.27;;77.9;63.79;70.22;70.79;66.85;74.04;60.5;62.97;73.93;69.61;73.87;70.31;78.95;80.02;74.45;82.34;71.9;66.6;70.2
O3;uur;µg/m³;2023-03-29T02:00:00+01:00;2023-03-29T03:00:00+01:00;60.8;49.5;61.3;50.7;51.9;;;;;;;;;;;;;;;;;;;;;;;;;;;;;;;;;;;;;;66.2;62.8;64
O3;uur;µg/m³;2023-03-29T03:00:00+01:00;2023-03-29T04:00:00+01:00;47.9;42.7;53.2;47.5;44;39.93;62.39;71.99;75.23;62.2;48.13;69.97;60.29;;49.6;54.7;47.88;58.99;56.49;55.6;56.23;58.87;45.2;43.76;58.93;;66.13;48.28;;54.2;44.58;61.43;54.13;50.85;68.6;66.47;65.32;64.42;72.93;69.47;73.9;77.89;58.7;56.8;58
O3;uur;µg/m³;2023-03-29T04:00:00+01:00;2023-03-29T05:00:00+01:00;47.9;30.3;40.9;33.2;39.1;49.29;59.28;70.57;72.14;60.44;42.68;65.83;53.89;61.04;45.16;50.03;40.42;46.99;49.07;50.55;50.51;49.74;41.65;27.44;51.52;;61.93;42.73;51.73;50.95;32.92;55.63;48.04;53.93;64.37;63.39;63.15;59.41;67.76;63.13;70.17;73.61;53.9;51.6;53.9
O3;uur;µg/m³;2023-03-29T05:00:00+01:00;2023-03-29T06:00:00+01:00;42.6;13.6;29.7;32.9;33.9;50.55;58.68;67.24;67.5;56.92;34.36;58.87;43.44;51.47;37.59;45.35;31.97;29.78;45.22;40.67;45.77;36.7;28.13;19.13;46.11;;55.58;37.65;45.39;34.26;16.86;49.68;38.32;58.63;62.16;59.48;59.94;53.22;62.73;59.73;66.94;67.12;43;40.7;45.7
O3;uur;µg/m³;2023-03-29T06:00:00+01:00;2023-03-29T07:00:00+01:00;36.1;10.4;22;11.4;37.7;52.38;51.34;63.88;63.13;52.16;30.74;50.41;28.57;42.43;39.72;43.07;29.95;25.69;42.98;32.25;41.31;30.96;22.85;9.28;38.9;;50.6;31.21;29.02;17.97;14.25;33.29;32.57;54.97;55.56;50.79;57.36;47.65;57.25;58.77;62;61.92;31;26.1;35.8
O3;uur;µg/m³;2023-03-29T07:00:00+01:00;2023-03-29T08:00:00+01:00;31.9;5.9;14.7;10.8;37.3;52.66;46.47;61.54;57.27;48.66;29.82;42.9;28.74;43.34;34.14;38.41;32.53;21;41;26.31;43.27;28.9;17.01;9.11;32.68;;46.59;32.75;25.77;22.61;16.82;31.34;29.79;51.22;49.79;32.64;54.53;48;53.02;53.65;57.22;56.73;23.8;11.3;21.2
O3;uur;µg/m³;2023-03-29T08:00:00+01:00;2023-03-29T09:00:00+01:00;38.7;16.3;12.8;15.7;39.9;52.94;48.28;59.81;57.91;45.3;26.89;35.03;30.57;46.61;38.44;39.99;41.7;19.09;37.62;24.92;47.83;30.71;20.84;24.62;30.36;;42.78;32.73;31.51;28.32;27.37;37.32;27.99;50.69;47.12;36.1;51.85;44.62;48.37;51.07;53.28;55.04;18.7;11.1;22.7
O3;uur;µg/m³;2023-03-29T09:00:00+01:00;2023-03-29T10:00:00+01:00;36.7;26.7;24.6;19;35.8;53.04;47.12;58.81;57.83;47.1;29.41;41.59;35.07;44.34;33.93;41.91;47.61;28.45;42.66;32.13;47.95;37.85;33.07;33.12;39.97;;42.69;34.1;34.06;32.72;30.64;39.35;33.47;49.03;43.82;42.22;50.69;43.84;43.67;51.4;50.97;53.6;29.3;17;30.5
O3;uur;µg/m³;2023-03-29T10:00:00+01:00;2023-03-29T11:00:00+01:00;32.4;25.6;21.2;22.2;31.5;51.82;48.6;57.57;58.44;45.42;31.17;40.12;36.94;48.37;40.05;47.4;42.58;29.5;43.74;35.75;45.02;39.6;27.56;31.94;47.89;;44.16;37.6;34.46;35.79;33.86;41.3;40.7;44.43;44.87;48.06;49.05;44.19;39.2;53.5;50.31;51.97;35;21.4;34.6
O3;uur;µg/m³;2023-03-29T11:00:00+01:00;2023-03-29T12:00:00+01:00;37.3;25.2;29.2;26.9;28.8;57.26;48.74;61.39;63.7;47.9;43.92;47.58;42.73;52.6;45.65;53.32;42.62;30.4;47.13;34.46;47.17;38.56;31.03;31.5;50.23;;46.51;38.39;35.68;33.93;34.86;43.68;39.25;45.8;48.78;49.27;49.15;46.73;39.07;52.9;47.73;50.23;40.5;30.5;41.2
O3;uur;µg/m³;2023-03-29T12:00:00+01:00;2023-03-29T13:00:00+01:00;42.3;35.3;32.3;28.3;36.9;60.42;55.3;66.35;67.75;56.18;50.75;52.8;49.69;57.95;50.97;52.31;47.36;38.46;44.04;41.98;53.31;42.25;34.84;35.35;46.65;;48.12;41.44;33.22;34.26;33.59;39.82;36.79;47.71;48.75;46.89;50.17;49.77;38.65;53.69;51.27;53.19;49.2;32.5;47.9
O3;uur;µg/m³;2023-03-29T13:00:00+01:00;2023-03-29T14:00:00+01:00;51.1;41.2;41.9;39.7;37.9;66.72;58.95;68.86;70.36;59.34;56.71;58.99;55.61;63.61;52.76;57.87;53.86;47.71;49.29;46.58;53.71;58.29;41.29;44.34;53.17;;45.6;42.99;36.39;34.58;33.42;42.54;49.6;48.23;46.96;49.14;53.48;53.4;39.24;57.18;50.83;54.83;42.9;34.1;44.5
O3;uur;µg/m³;2023-03-29T14:00:00+01:00;2023-03-29T15:00:00+01:00;54.3;40.4;51.4;47.4;42.5;69.16;64.57;69.07;72.85;64.15;57.52;;61.44;68.11;51.71;62.4;62.74;52.02;56.21;48.45;58.29;60.7;45.52;49.25;52.15;;40.27;52.45;45.04;44.93;40.83;53.97;47.7;50.06;47.22;48.84;58.31;56.37;50.78;55.81;51.34;55.57;39;27.3;44.4
O3;uur;µg/m³;2023-03-29T15:00:00+01:00;2023-03-29T16:00:00+01:00;55.7;43.1;55.8;50;33.4;69.56;67.14;61.91;66.67;68.51;60.37;;63.25;69.07;50.56;57.87;57.12;57.48;59.62;57.51;62.88;56.73;56.64;39.94;46.33;;42.5;49.52;40.13;40.06;35.82;48.14;52.76;53.55;50.03;58.12;54.34;54.87;51.14;54.81;55.31;57.62;46.9;39.2;49.2
O3;uur;µg/m³;2023-03-29T16:00:00+01:00;2023-03-29T17:00:00+01:00;52.3;40.2;48.5;40.7;26.2;61.59;63.92;59.04;62.25;67.71;54.51;;61.11;65.97;43.03;50.36;48.42;45.31;53.38;57.78;56.98;53.39;47.94;36.01;38.91;;40.74;46.54;46.44;44.67;30.39;54.49;51.94;56.74;55.51;63.63;49.54;49.59;47.2;57.09;55.82;59.75;44;36.5;50.3
O3;uur;µg/m³;2023-03-29T17:00:00+01:00;2023-03-29T18:00:00+01:00;42.9;35.2;31.2;43.8;24.7;52.74;59.64;56.6;56.38;60.86;50.61;;53.96;57.28;43.85;43.81;42.95;46.4;46.98;52.83;52.08;46.55;38.45;35.85;39.29;;41.1;46.49;50.39;44.5;35.53;57.1;41.86;48.04;60.77;58.59;47.01;38.4;43.96;51.5;54.36;56.87;29.3;28;41.3
O3;uur;µg/m³;2023-03-29T18:00:00+01:00;2023-03-29T19:00:00+01:00;38;30.2;22.8;22.7;15.4;49.69;51.71;51.62;50.93;54.12;42.8;;48.46;45.21;40.28;40.82;36.03;40.06;37.65;43.42;47.59;40.94;31.42;32.77;39.49;;45.33;45.13;44.64;37.99;30.89;51.5;37.33;39.26;56.57;51.34;43.46;33.41;42.95;43.42;46.66;56.97;40.4;31.9;45.1
O3;uur;µg/m³;2023-03-29T19:00:00+01:00;2023-03-29T20:00:00+01:00;33.2;23.9;6.2;28.7;16;45.31;46.74;51.79;54.77;43.44;46.08;40.23;40.78;45.12;33.35;39.81;23.42;35.39;30.9;33.9;42.27;37.57;20.64;27.62;34.14;;47.93;39.09;36.11;37.21;32.83;38.49;28.48;47.24;51.29;49.7;40.27;33.29;34.8;41.24;46.29;46.35;35.5;39.7;46.1
O3;uur;µg/m³;2023-03-29T20:00:00+01:00;2023-03-29T21:00:00+01:00;35.2;22.1;9.6;25.1;15.6;45.01;41.84;56.46;58.9;42.45;46.24;38.11;37.94;43.92;25.59;49.15;19.51;31.23;31.98;36.44;32.74;31.47;24.55;16.9;30.87;;46.95;35.91;35.87;35.17;35.42;37.11;28.67;41.93;46.05;42.64;42.31;31.66;35.37;43.97;45.6;42.87;39.5;33.4;39.4
O3;uur;µg/m³;2023-03-29T21:00:00+01:00;2023-03-29T22:00:00+01:00;31.8;24;10.5;39.2;21.9;47.87;42.27;63.16;64.1;46.6;38.19;41.85;43.12;48.71;39.86;53.25;17.76;36.81;34.33;38.46;27.5;39.59;29.15;30.8;42.11;;46.03;33.69;32.94;34.18;32.92;36.05;28.27;35.47;40.47;40.86;46.21;30.72;36.72;34.77;44.2;42.72;33.7;33.1;37.2
O3;uur;µg/m³;2023-03-29T22:00:00+01:00;2023-03-29T23:00:00+01:00;46.7;30.7;29.5;43.6;33.6;52.2;38.2;69.6;68.54;53.41;47.93;49.77;50.33;55.6;42.83;58.51;42.26;43.28;45.37;47.51;24.05;47.07;44.39;37.59;37.74;;44.22;35.69;37.2;34.73;33.46;40.61;36.59;37.76;39.41;43.79;43.76;38.51;37.53;26.36;45.67;42.53;40.2;33.1;37.2
O3;uur;µg/m³;2023-03-29T23:00:00+01:00;2023-03-30T00:00:00+01:00;53.5;44.7;47.6;47.4;35.7;58.47;46;66.05;68.35;57.38;53.89;56.57;54.71;57.89;54.56;60.02;46.83;49.92;56.75;46.54;43.97;52.1;46.16;43.59;37.56;;43.9;36.13;41.87;39.91;35.28;44.6;35.81;33.88;48.85;44.75;42.66;34.62;38.4;26.41;45.95;33.15;40.7;36.7;39.8
O3;uur;µg/m³;2023-03-30T00:00:00+01:00;2023-03-30T01:00:00+01:00;54.8;45.8;40.3;51.3;39.2;59.98;50.12;65.41;68.09;57.7;56.59;56.97;59.94;60.34;56.56;61.38;53.46;50.57;55.28;53.23;58.05;54.51;43.1;47.12;35.61;;46.58;39.99;45.78;45.07;38.74;49.64;41.27;39.6;53.01;50.18;42.37;35.6;45.93;28.22;43.79;30.22;39.7;39.3;40.6
O3;uur;µg/m³;2023-03-30T01:00:00+01:00;2023-03-30T02:00:00+01:00;56.7;44.1;48.8;58;45.8;63.61;56.2;65.83;70.04;60.51;59.73;58.04;58.76;60.99;55.65;67.88;57.76;57.2;52.93;58.11;61.12;60.94;49.32;56.02;43.1;;47.54;59.91;49.46;45.32;52.05;51.79;47.48;42.22;53.12;54.03;44.98;46.38;47.67;30.71;40.93;31.28;49.2;55.9;51.5
O3;uur;µg/m³;2023-03-30T02:00:00+01:00;2023-03-30T03:00:00+01:00;49.3;44.4;39.1;43.4;48.9;63.15;57.21;66.38;70.16;66.19;69.7;61.22;66.74;63.7;64.08;71.15;60.86;47.01;46.41;58.39;65.21;70.23;49.78;61.93;65.11;;54.61;58.94;52.85;53.87;57.25;57.96;48.89;50.46;56.45;52.83;49.81;48.49;54.69;35.91;43.23;40.17;64;67.9;67.5
O3;uur;µg/m³;2023-03-30T03:00:00+01:00;2023-03-30T04:00:00+01:00;60.2;54.2;44.7;53.7;52.9;64.64;58.38;65.51;67.52;60.07;69.7;62.72;77.87;67.42;71.2;74.03;66.11;54.23;61.27;63.81;70.07;75.45;58.32;66.59;62.28;;56.95;57.51;49.73;52.62;53.15;55.92;48.98;48.07;56.46;54.33;53.46;50.49;60.93;47.16;50.84;46.53;67.4;71.8;68.9
O3;uur;µg/m³;2023-03-30T04:00:00+01:00;2023-03-30T05:00:00+01:00;74.6;64.7;61.4;65.8;59.6;55.23;59.6;61.4;69.54;60.91;71.4;68.86;71.38;71.47;78.57;75.1;73.37;70.83;73.37;72.39;74.14;75.93;69.1;65.18;62.83;;57.61;62.19;58.46;59.03;50.74;63.68;64;49.14;62.45;65.57;49.36;54.53;63.89;51.54;59.22;61.21;69.4;71.4;69.7
O3;uur;µg/m³;2023-03-30T05:00:00+01:00;2023-03-30T06:00:00+01:00;77;67.5;60.8;72.9;64.5;64.6;63.48;59.36;66.91;64.34;71.49;68.9;65.06;74.08;79.26;77.36;74.42;78.74;71.66;68.9;78.71;78.89;71.05;61.53;64.5;;64.7;72.05;67.36;70.17;61.75;72.74;69.6;57.46;75.51;63.71;52.91;54.33;69.59;53.51;61.8;65.38;71.7;70.3;70.9
O3;uur;µg/m³;2023-03-30T06:00:00+01:00;2023-03-30T07:00:00+01:00;80.3;71.3;65.3;68.9;64.7;73.3;70.15;67.72;66.97;64.52;76.87;63.61;70.38;74;82.88;79.76;72.91;71.7;80.12;68.65;78.06;74.21;65.74;62.23;65.34;;72.14;69.92;67.54;68.41;60.34;74.05;70.29;49.47;67.24;70.12;67.48;61.92;69.06;51.09;66.64;64.93;68.4;69.2;64.8
O3;uur;µg/m³;2023-03-30T07:00:00+01:00;2023-03-30T08:00:00+01:00;78.4;68.7;56.6;78.2;60.9;72.47;60.46;72.38;58.58;72.44;75.11;64.35;75.45;60.74;79.3;80.57;74.96;77.44;77.8;75.32;81.96;78.97;65.58;65.75;74.41;;74.84;72.34;69.06;71.7;63.62;78.45;78.79;61.74;70.34;69.07;65.92;70.88;70.34;56.07;67.5;60.42;66.4;67.5;65.6
O3;uur;µg/m³;2023-03-30T08:00:00+01:00;2023-03-30T09:00:00+01:00;79.9;67.3;68.5;78.4;56.2;77.97;72.59;72.08;70.95;74.9;79.95;71.77;79.58;72;79.91;81.06;74.92;79.35;78.03;72.97;83.14;79.79;69.52;62.03;;;76.46;77.41;73.72;76.99;70.49;79.94;75.81;66.1;76.52;74.94;72.4;73.4;72.04;76.02;73.01;74.63;77.4;79.1;80.9
O3;uur;µg/m³;2023-03-30T09:00:00+01:00;2023-03-30T10:00:00+01:00;79.7;68.6;70.9;80.3;62.9;77.06;76.49;81.01;79.47;80.59;82.29;79.51;82.2;82.86;83.73;83.3;78.55;78.63;78.98;78.42;85.36;83.19;71.73;67.98;;;79.66;79.99;76.79;79.53;73.99;81.94;79.49;73.13;81.57;78.48;81.1;76.53;76.94;80.78;76;76.85;85.3;85.2;86.1
O3;uur;µg/m³;2023-03-30T10:00:00+01:00;2023-03-30T11:00:00+01:00;83.6;70.6;69.9;87.1;69.2;76.36;83.77;80.27;80.5;84.9;83.44;85.68;85.45;88.09;87.38;82.59;85.15;85.24;85.85;82.47;85.75;87.87;74.54;75.46;;;85.08;83.55;78.84;82.32;77.2;86.07;83.7;80.9;85.06;;82.32;84.15;80.26;82.11;84.34;82.08;91;88.4;90.8
O3;uur;µg/m³;2023-03-30T11:00:00+01:00;2023-03-30T12:00:00+01:00;86.3;74.6;77.1;87.4;66.2;80.04;85.63;84.08;83.71;87.29;85.89;86.41;89.74;88.55;87.33;81.46;86.51;88.07;88.4;87.89;89.65;87.21;74.7;75.39;;;87.2;87.69;81.27;86.17;82.45;87.7;88.94;80.12;90.16;;84.15;88.54;85.43;90.66;86.98;88.93;91.5;88.4;91.6
O3;uur;µg/m³;2023-03-30T12:00:00+01:00;2023-03-30T13:00:00+01:00;85;73.7;76.3;88.1;62.4;80.07;86.78;81.76;81.97;87.92;85.24;88.12;87.73;89.43;87.37;81.36;83.83;86.4;86.2;88.94;90.34;83.87;71.46;74.26;92.31;;86.72;87.99;84.44;87.26;82.29;90.67;89.55;82.01;93.79;;86.36;89.19;89.55;93.51;88.73;89.13;92.8;89.7;93.3
O3;uur;µg/m³;2023-03-30T13:00:00+01:00;2023-03-30T14:00:00+01:00;85;70.4;73.7;87.4;64.2;81.21;84.01;79.91;77.24;86.22;81.95;84.91;;86.88;85.97;79.45;80.83;83.73;83.94;87.63;86.8;79.44;72.16;68.55;90.97;;87.13;82.8;81.04;82.57;79.29;86.41;85.21;83.77;92.49;82.96;86.48;91.23;91.09;93.28;90.71;94.38;88.1;86.4;90.4
O3;uur;µg/m³;2023-03-30T14:00:00+01:00;2023-03-30T15:00:00+01:00;83.3;71;70.8;85.5;68.3;80.91;82.6;81.22;82.47;83.29;82.19;84.17;;83.19;85.9;76.74;84.55;84.25;82.5;86.74;88.19;86.73;76.99;71.54;88.93;;84.32;85.01;77.31;80.74;76.93;83.42;84.66;84.04;88.73;83.33;84.42;88.25;89.31;94.35;89.75;95.56;87.4;86.1;88.7
O3;uur;µg/m³;2023-03-30T15:00:00+01:00;2023-03-30T16:00:00+01:00;83.4;70.6;77.1;88.2;67.1;78.93;79.37;81.31;86.17;80.57;79.44;77.68;;80.84;85.16;76.84;83.52;85.5;81.72;85.45;89.44;86.62;78.66;71.82;89.61;;81.66;84.29;79.41;81.43;78.39;85.38;83.25;82.65;87.05;80.62;82.73;86.25;88.81;92.97;87.9;93.65;87.5;81.7;89.5
O3;uur;µg/m³;2023-03-30T16:00:00+01:00;2023-03-30T17:00:00+01:00;81.8;64.7;75;84.2;68.2;73.99;77.28;82.78;86.13;81.19;77.27;76.28;;79.1;83.39;76.29;84.47;82.47;81.48;84.52;90.1;85.17;75.18;71.9;85.06;;82.22;83.67;77.51;79.73;77.88;82.64;83.77;78.94;86.2;80.1;83.26;85.98;85.33;90.5;86.27;90.44;84.9;80.8;88.1
O3;uur;µg/m³;2023-03-30T17:00:00+01:00;2023-03-30T18:00:00+01:00;81.7;69.7;67.5;80.1;67.4;72.52;75.07;79.61;81.37;77.18;74.86;75.21;77.52;75.2;83;74.85;82.07;82.07;78.95;83.21;88.26;82.44;75.6;69.7;81.55;;81.92;81.24;75.56;74.95;76.54;80.78;81.32;78.85;85.56;78.38;80.96;82.29;80.09;88.56;83.68;90.2;83.2;79.8;86.4
O3;uur;µg/m³;2023-03-30T18:00:00+01:00;2023-03-30T19:00:00+01:00;80.1;66.2;72.1;81.6;65.2;64.46;72.31;75.35;76.8;72.7;74.31;69.09;76.27;70.23;81.4;76.56;77.27;81.23;77.94;77.47;87.12;80.81;77.57;67.62;81.94;;77.22;78.18;73.96;77.57;72.58;78.37;79.57;70.74;83.08;74.01;79.67;78.02;77.15;85.87;80.99;84.28;81.4;80.5;85.6
O3;uur;µg/m³;2023-03-30T19:00:00+01:00;2023-03-30T20:00:00+01:00;77.3;66.5;62.2;75.9;63.1;67.33;67.06;71.79;72.63;68.58;72.87;65.06;74.35;67.12;75.91;73.02;74.69;78.34;75.14;71.49;83.6;80.03;74.87;71.28;79.27;;75.15;75.55;74.28;76.49;71.54;79.36;76.62;68.64;79.29;64.49;77.71;73.9;73.96;73.77;78.77;82.45;74.9;78.4;78.5
O3;uur;µg/m³;2023-03-30T20:00:00+01:00;2023-03-30T21:00:00+01:00;71;64.6;62;62.4;61.8;66.36;63.58;70.19;73.96;62.18;65.15;61.84;72.02;65.01;66.62;67.6;73.01;67.66;65.17;62.85;82.1;77.22;70.44;66.07;76.57;;71.82;70.53;70.18;72.66;66.36;76.41;66.67;63.75;69.64;58.28;77;71.7;71.1;74.67;77.24;77.76;70.3;64.3;68.1
O3;uur;µg/m³;2023-03-30T21:00:00+01:00;2023-03-30T22:00:00+01:00;66.1;59.8;48.9;54.2;57.2;65.86;60.31;66.97;70.6;58.73;63.74;60.71;64.2;64.32;68.34;65.06;72.85;57.79;65.91;65.36;76.77;73.64;55.97;64.47;72.16;;70.77;66.25;62.8;61.31;60.79;70.3;56.61;58.11;69.79;57.31;67.64;69.24;72.8;70.82;71.87;78.02;71.4;61;64.8
O3;uur;µg/m³;2023-03-30T22:00:00+01:00;2023-03-30T23:00:00+01:00;67.7;57.8;47.2;53;54.5;60.67;61.68;67.6;69.93;60.8;49.98;60.06;60.42;63.62;61.28;60.82;71.4;54.89;61.36;66.17;70.51;68.34;53.71;62.54;71.61;;69.2;60.08;59.86;58.3;57.27;65.07;61.26;57.59;70.6;55.02;62.01;68.64;71.41;66.34;68.75;76.65;71.6;62.6;69.2
O3;uur;µg/m³;2023-03-30T23:00:00+01:00;2023-03-31T00:00:00+01:00;66.8;49.7;53.7;54.4;55;58.59;60.12;68.52;71.41;61.42;44.73;62.04;59.59;63.16;59.79;60.15;67.27;57.53;58.33;59.83;71.55;66.28;59.19;60.35;63.99;;64.38;58.57;61.38;60.06;57.76;65.87;58.2;55.88;63.99;55.82;68.24;66.83;70.34;67.28;69.72;70.79;70.8;62.7;69.7
O3;uur;µg/m³;2023-03-31T00:00:00+01:00;2023-03-31T01:00:00+01:00;50.7;38.6;48.4;50;30.5;59.42;55.6;68.1;71.43;58.34;55.55;59.48;65.55;59;52.81;57.81;57.97;57.3;49.79;51.21;69.67;57.33;55.83;52.46;55.83;;61.95;54.51;56.48;52.97;48.07;60.33;45.37;56.64;54.74;55.83;55.86;61.8;66.5;65.51;67.64;69.93;64.3;60.3;66
O3;uur;µg/m³;2023-03-31T01:00:00+01:00;2023-03-31T02:00:00+01:00;54.5;45.2;43.2;47.5;23.7;58.32;55.83;67.99;72.01;56.18;52.95;63.63;59.19;61.95;56.4;62.34;45.2;52.97;53.5;57.35;60.27;54.58;54.77;47.08;63.31;;58.15;47.19;47.47;47.73;44.26;51.31;47.11;55.8;58.92;55.68;51.61;59.29;63.36;62.02;63.45;67.96;60.9;56.2;61
O3;uur;µg/m³;2023-03-31T02:00:00+01:00;2023-03-31T03:00:00+01:00;53.3;46.4;54;53.7;40.8;61.77;60;69.03;73.36;59.84;54.69;63.33;60.63;61.98;62.77;69.01;57.9;59.69;61.81;56.26;56.79;57;53.04;55.06;58.57;;52.34;51.93;54.17;54.68;45.24;58.74;51.45;54.63;61.95;58.8;55.86;50.64;64.13;55.15;55.53;63.73;51.2;45.2;49.3
O3;uur;µg/m³;2023-03-31T03:00:00+01:00;2023-03-31T04:00:00+01:00;62.5;55.8;55.3;54.6;46.9;64.79;56.28;69.42;72.68;64.6;57.67;60.48;67.49;59.74;68.47;67.86;60.69;67.71;69.68;58.56;66.45;61.73;61.28;56.29;58.54;;58.03;55.77;51.25;52.42;48;55.44;51.69;55.17;60.6;60.42;58.96;49.97;58.81;52.52;53.56;61.27;51.9;48.1;54.1
O3;uur;µg/m³;2023-03-31T04:00:00+01:00;2023-03-31T05:00:00+01:00;63.2;64.4;55;62.1;46.5;63.95;57.61;76.15;79.45;64.53;58.96;64.39;70.16;65.25;70;78.13;66.7;70.66;65.47;63.67;66.16;73.97;60.73;60.94;48.59;;55.99;57.32;53.34;54.75;48.95;58.62;52.18;53.04;62.51;58.37;57.56;53.41;55.31;58.2;52.75;58;56.3;53.9;60
O3;uur;µg/m³;2023-03-31T05:00:00+01:00;2023-03-31T06:00:00+01:00;64.5;56.2;53.6;54.4;42.7;72.7;59.52;80.91;85.13;69.99;65.91;64.32;71.58;66.31;73.43;82.92;61.02;62.61;67.18;66.77;73.7;59.43;59.62;49.46;51.28;;62.25;59.95;56.79;58.98;56.48;63.84;60.18;54.43;64.35;58.96;58.63;53.73;54.84;61.86;50.26;52.17;54.8;56.2;63.5
O3;uur;µg/m³;2023-03-31T06:00:00+01:00;2023-03-31T07:00:00+01:00;73.2;56.3;63.7;67.5;54.5;76.86;64.83;83.79;85.94;67.78;65.31;67.04;68.64;66.43;77.11;74.86;66.86;70.93;72.69;66.32;65.8;70.29;63.69;58.85;64.09;;67.38;63.03;55.42;52.38;52.68;61.94;61.8;53.48;62.8;;59.58;54.42;60.11;56.76;53.46;49.21;56.7;52.4;62.4
O3;uur;µg/m³;2023-03-31T07:00:00+01:00;2023-03-31T08:00:00+01:00;68.6;55.2;64.7;65.1;54.5;74.09;64.91;79.42;82.19;69.72;55.23;59.81;62.63;64.63;69.51;67.95;68.1;69.69;72.02;65.05;70.52;65.71;67.79;54.64;66.1;;65.16;63.58;55.27;51.82;47.58;63.94;64.18;50.52;64.92;62.99;58.95;51.98;64.53;58.2;54.27;54.13;61.4;51;63.6
O3;uur;µg/m³;2023-03-31T08:00:00+01:00;2023-03-31T09:00:00+01:00;61.4;52.5;59;58.7;54.1;69.92;64.79;73.82;76.28;68.38;57.67;63.26;62.61;63.6;63.03;68.81;63.48;62.5;64.82;58.25;69.35;61.56;57.22;53.85;64.77;;67.36;58.81;53.86;50.44;45.58;61.25;61.36;59.39;69.89;58.53;61.17;53.52;64.9;60.08;60.75;57.69;61.5;45.4;62
O3;uur;µg/m³;2023-03-31T09:00:00+01:00;2023-03-31T10:00:00+01:00;58.3;51.3;56.9;60.5;52.2;68.7;65.7;69.34;75.08;;61.41;60.32;64.29;66.34;67.9;67.88;62;61.14;68;62.74;67.58;56.62;53.66;52.56;65.55;;68.2;57.37;50.6;50.47;45.15;58.74;57.39;61.56;67.87;63.34;65.92;62.93;67.47;58.06;59.16;59.58;60.1;43.4;60.3
O3;uur;µg/m³;2023-03-31T10:00:00+01:00;2023-03-31T11:00:00+01:00;63.6;56.3;62.3;62.8;54.4;70.84;68.98;73.19;75.48;;62.98;68.57;68.57;73.2;67.75;68.32;65.48;66.64;69.79;67.21;65.97;63.47;61.2;54.38;65.55;;65.86;64.39;56.95;59.11;49.68;63.77;62.36;63.62;65.25;63.38;65.09;63.13;67;63.38;58.14;53.75;60;47.6;60.2
O3;uur;µg/m³;2023-03-31T11:00:00+01:00;2023-03-31T12:00:00+01:00;64.8;58.6;63;61.7;52.2;77.18;74.23;75.48;78.11;;59.54;73.01;68.72;77;68.51;68;68.78;64.55;68.48;66.74;68.91;66.27;62.6;61.3;64.83;;67.43;64.01;62.88;62.63;52.73;69.3;64.14;65.4;68.59;70.29;62.44;60.26;67.28;69.61;64.81;59.51;66;53.6;67
O3;uur;µg/m³;2023-03-31T12:00:00+01:00;2023-03-31T13:00:00+01:00;66.6;59;61.1;66.4;64.3;73.46;75.66;73.72;78.18;74.39;64.1;70.41;64.37;75.03;71.15;69.13;69.96;66.74;69.96;61.16;74.79;69.24;63.11;59.07;68.96;;71.46;64.62;58.78;59.09;54.82;65.93;61.73;66.43;71.86;73.01;66.36;61.93;65.08;70.5;66.8;64.48;68.6;57.9;69.8
O3;uur;µg/m³;2023-03-31T13:00:00+01:00;2023-03-31T14:00:00+01:00;65.3;55.8;60.4;66;66.5;74.9;73.03;75.94;78.68;74.78;67.77;72.79;64.78;75.98;72.25;73.51;70.33;65.6;69.43;64.41;74.63;69.04;62.01;59.25;71.75;;71.89;66.17;61.27;57;57.62;67.53;61.84;70.71;69.41;72.72;69.59;68.41;71.59;67.13;66.77;66.44;69.2;57.8;69.2
O3;uur;µg/m³;2023-03-31T14:00:00+01:00;2023-03-31T15:00:00+01:00;67.9;53.3;57.4;69;72.4;76.66;74.36;77;80.04;72.52;73.23;72.94;68.48;75.69;74.45;77.65;72.54;60.47;73.63;68.12;76;73.91;54.56;58.58;70.67;;68.57;66.19;57.64;54.3;53.07;65.64;63.93;71.34;68.87;74.37;69.27;70.47;72.57;66.77;65.68;67.62;68.2;51.7;67.3
O3;uur;µg/m³;2023-03-31T15:00:00+01:00;2023-03-31T16:00:00+01:00;73.4;64;68.6;70;73.7;70.66;72.98;72.75;75.14;73.95;74.85;73.12;69.81;76.79;75.99;76.25;70.34;69.87;77.46;70.61;74.73;72.72;67.78;56.43;69.52;;69.96;65.79;61.67;60.52;59.01;68.58;67.33;70.66;70.54;71.47;69.37;66.06;71.66;70.87;68.84;69.14;70.7;54.9;69.4
O3;uur;µg/m³;2023-03-31T16:00:00+01:00;2023-03-31T17:00:00+01:00;72;62.9;68.8;72;70.6;70.15;72.23;70.1;72.17;76.33;71.4;74.42;72.13;77.01;72.74;74.98;71.55;73.43;75.96;72.92;75.03;73.05;70.14;57.23;70.55;;72.55;68.67;60.93;58.15;53.59;68.92;66.22;68.55;69.56;72.18;66.79;64.66;69.32;69.37;70.63;73.16;71;51.8;71
O3;uur;µg/m³;2023-03-31T17:00:00+01:00;2023-03-31T18:00:00+01:00;71.4;63.5;66.8;68.2;73.9;68.82;70.42;69.91;72.31;75.56;69.13;72.92;71.68;76.36;73.95;75.33;71.42;69.85;74.69;69.42;74.63;70.99;65.07;56.85;69.61;;71;66.17;58.87;56.65;51.22;65.63;63.28;69.23;70.34;73.89;65.26;64.94;70.09;67.36;65.15;67.17;69;52.4;70.4
O3;uur;µg/m³;2023-03-31T18:00:00+01:00;2023-03-31T19:00:00+01:00;70.5;56;54;68.5;75.4;69.34;70.11;73.9;74.87;74.28;69.29;71.26;69.82;74.65;76.2;74.59;74.32;64.19;72.59;65.18;73.77;76.87;68.93;64.19;69.5;;70.46;65.53;57.8;55.95;49.6;63.73;62.49;66.36;70.95;67.66;67.76;62.24;70.91;66.92;63.61;62.7;65.5;57.1;67.1
O3;uur;µg/m³;2023-03-31T19:00:00+01:00;2023-03-31T20:00:00+01:00;71;62.9;55.2;69.5;61.6;71.07;69.08;74.21;77.23;72.13;64.02;71.07;69.61;73.76;75.56;74.43;70.57;61.6;71.64;63.6;75.88;74.25;69.46;64.06;68.83;;68.73;65.13;59.6;60;52.25;65.58;64.66;63.19;71.01;69.29;65.5;61.54;66.2;64.63;64.17;63.87;63.8;57.7;67.4
O3;uur;µg/m³;2023-03-31T20:00:00+01:00;2023-03-31T21:00:00+01:00;70.5;64.2;54.5;65.3;52.4;72.65;71.08;72.75;76.8;73.55;65.45;70.98;70.13;73.26;75.5;74.6;61.12;68.38;71.12;63.99;70.94;69.58;68.2;54.66;67.47;;67.62;64.97;59.13;57.13;55.15;65.05;64.61;62.94;70.59;66.97;64.22;59.64;66.31;63.37;67.55;61.75;64.6;56.2;66
O3;uur;µg/m³;2023-03-31T21:00:00+01:00;2023-03-31T22:00:00+01:00;66.5;57.4;54.7;61.1;35.6;72.14;70.52;71.05;75.62;74.26;68.55;71.44;69.28;74.3;73.48;72.59;61.43;68.51;72.04;67;60.06;59.71;59.8;48.58;66.33;;67.22;62.89;60.07;61.96;52.01;66.6;63.85;64.69;69.89;68.69;63.51;57.87;64.6;64.89;65.26;60.47;62.9;53.7;64
O3;uur;µg/m³;2023-03-31T22:00:00+01:00;2023-03-31T23:00:00+01:00;61.1;47.2;54.3;58.9;42.4;72.54;70.09;71.11;75.75;73.3;69.51;71.95;67.23;74.25;63.83;69.92;59.43;59.55;69.55;67.35;64.61;59.73;58.8;56.71;66.03;;66.72;58.84;60.05;61.48;53.95;66.32;65.45;66.65;71.16;69.62;64.96;56.18;61.33;64.16;60.36;61.37;59.8;51.8;60.4
O3;uur;µg/m³;2023-03-31T23:00:00+01:00;2023-04-01T00:00:00+01:00;68.2;58.3;65.9;60.7;53.8;70.44;70.18;73.11;77.17;71.97;67.67;72.07;66.2;73.49;69.36;68.06;55.8;57.84;65.09;63.13;67.24;58.18;72.86;52.31;64.53;;65.96;63.1;58.23;59.94;54.52;65.15;60.77;66.29;69.53;70.39;66.55;57.22;57.92;63.33;57.11;60.49;69.6;55.3;65.4
O3;uur;µg/m³;2023-04-01T00:00:00+01:00;2023-04-01T01:00:00+01:00;64.1;61.2;63.2;51.9;51.9;69.96;70;73.22;77.6;69.41;64.73;71.19;63.61;72.65;79.88;67.71;55.94;65.8;78.47;68.53;65.97;56.08;68.07;51.13;64.24;;62.63;64.71;55.04;57.08;63.62;60.76;59.02;67.13;66.18;69.64;66.25;59.41;57.56;62.74;56.01;58.18;64.9;55.1;61.1
O3;uur;µg/m³;2023-04-01T01:00:00+01:00;2023-04-01T02:00:00+01:00;61.3;52.6;55.9;32.5;42.6;70.02;69.26;73.52;76.14;64.5;69.6;70.17;73.12;70.62;75.1;72.47;64.97;61.64;74.4;74.33;68.02;58.27;63.12;62.05;63.54;;60.51;58.85;62.62;64.43;58.25;67.6;61.66;65.63;62.36;68.4;65.3;57.66;61.98;62.55;55.5;57.72;55.6;51.3;60.2
O3;uur;µg/m³;2023-04-01T02:00:00+01:00;2023-04-01T03:00:00+01:00;51.3;49.2;49.6;35.7;45.4;68.26;66.64;70.39;75.96;69.89;63.49;67.22;80.67;67.79;64.47;64.03;64.93;;68.22;69.21;58.51;64.43;48.3;63.61;59.08;;65.42;61.95;50.29;54.61;57.31;53.67;54.29;64.21;67.49;63.13;63.07;54.03;57.58;62.97;55.98;52.92;49.4;37.7;45.8
O3;uur;µg/m³;2023-04-01T03:00:00+01:00;2023-04-01T04:00:00+01:00;37;51.5;54.3;44.4;46.4;68.3;66.24;69.99;74.77;70.66;63.37;71.9;72.73;69.57;63.88;65.74;53.66;;63.59;63.81;59.26;56.84;50.95;52.53;59.76;;62.83;54.21;55.98;54.97;48.29;60.46;54.56;60.47;68.84;67.35;58.63;50.26;55.74;63.39;57.99;51.06;48.1;31.9;35
O3;uur;µg/m³;2023-04-01T04:00:00+01:00;2023-04-01T05:00:00+01:00;26.2;44.9;48.8;54.3;47;68.18;68.25;71.62;72.42;68.03;64.86;67.42;65.73;66.45;63.61;64.99;54.02;;54.28;52.06;59.17;53.79;52.63;53.61;58.84;;55.09;48.16;46.43;51.96;43.13;50.88;50.96;57.1;61.61;72.72;56.34;46.89;59.8;60.6;54.88;48.92;55.9;49.6;52.1
O3;uur;µg/m³;2023-04-01T05:00:00+01:00;2023-04-01T06:00:00+01:00;39.9;40.5;43.2;50.5;46.5;67.1;62.6;70.74;72.45;66.27;64.14;64.12;60.24;65.47;55.56;60.24;48.17;;34.18;43.26;53.94;50.88;47.22;48.02;58.34;;51.56;44.58;48.59;49.42;47.16;53.01;50.56;57.58;50.75;65.59;58.26;56.29;61.57;56.14;51.74;50.73;56.2;50.1;51.7
O3;uur;µg/m³;2023-04-01T06:00:00+01:00;2023-04-01T07:00:00+01:00;41.1;39.5;47.5;49.5;42.6;65.26;60.63;69.81;73.15;58.61;53.55;60.41;49.62;60.7;50.31;55.17;47.45;;40.4;46.4;52.7;48.71;49.38;47.64;56.36;;47.88;45.27;47.29;51.56;45.36;51.15;50.61;60.89;48.25;51.07;55.55;51.88;52.33;57.49;51.75;50.35;56.5;45;50.7
O3;uur;µg/m³;2023-04-01T07:00:00+01:00;2023-04-01T08:00:00+01:00;36.8;40.9;46.3;44.1;39.4;62.64;52.88;65.89;70.4;48.56;50.18;50.54;43.22;54.96;45.55;49.78;48.3;;39.05;44.03;47.27;46.72;45.36;46.15;52.38;;53.54;49.5;46.91;48.07;;51.07;49.56;54.58;43.72;49.75;57.49;48.5;50.51;56.32;49.61;49.03;49.8;39.7;45.2
O3;uur;µg/m³;2023-04-01T08:00:00+01:00;2023-04-01T09:00:00+01:00;34.4;37;41.9;42.5;38.3;55.1;47.2;60.02;63.68;45.34;46.4;45.62;43.87;49.95;52.35;48.56;53.11;;35.2;42.72;50.51;52.75;40.36;52.57;53.19;;57.54;48.79;42.14;43.08;;47.56;43.58;49.18;46.2;46.81;57.69;49.77;48.51;52.77;44.83;47.75;47.1;36.8;38.9
O3;uur;µg/m³;2023-04-01T09:00:00+01:00;2023-04-01T10:00:00+01:00;38.7;42.5;47.7;43.6;38;47.21;51.68;54.92;58.02;48.45;54.39;47.26;44.58;53.69;51.01;46.78;51.59;;35.45;40.03;52.97;50.68;47.9;50.62;48.09;;55.72;45.73;40.34;44.79;;45.89;44.56;50.98;53.3;43.26;54.68;49.29;48.53;62.05;42.83;47.69;45;33.5;36.7
O3;uur;µg/m³;2023-04-01T10:00:00+01:00;2023-04-01T11:00:00+01:00;39.6;40;48.5;44.6;36.1;43.15;50.27;49.58;51.82;48.75;51.89;47.8;47.34;53.88;47.67;44.84;48.92;;38.73;45.27;54.85;49.58;48.64;48.9;46.05;;51.27;42.23;39.66;43.34;;43.97;43.81;51.45;51.96;40.84;54.99;48.44;45.99;61.29;43.45;37.89;45.7;38.7;40.7
O3;uur;µg/m³;2023-04-01T11:00:00+01:00;2023-04-01T12:00:00+01:00;36.6;34.5;41.5;40.8;32.1;42.07;51.02;47.35;49.23;49.47;46.49;45.61;48.03;52.52;44.06;43.85;44.44;;37.65;44.86;48.7;44.53;40.76;44.18;44.01;;57.88;36.33;42.48;42.83;;47.89;43.38;55.16;52.02;38.17;61.1;50.36;44;58.75;46.84;40.04;44;36.3;39.4
O3;uur;µg/m³;2023-04-01T12:00:00+01:00;2023-04-01T13:00:00+01:00;33.1;34.4;38.6;37.6;33.8;41.29;46.73;45.67;47.76;48.93;42.76;44.6;45.08;50.87;40.23;42.77;44.19;;32.95;39.96;44.71;42.88;40.97;42.36;47.48;;55;37.15;48.57;48.53;;53.15;44.3;56.15;52.23;41.1;51.72;53.68;41.76;38.95;49.86;43.38;52.5;44.6;45.1
O3;uur;µg/m³;2023-04-01T13:00:00+01:00;2023-04-01T14:00:00+01:00;31.7;31;39;36.5;29.2;42.02;44.92;49.57;50.18;48.32;41.52;44.18;45.78;51.31;40.36;41.94;39.34;;33.17;38.13;47.11;39.43;37.91;39.15;47.97;;53.55;43.92;50.01;52.24;;54.68;41.28;59.18;51.18;46.84;55.42;38.46;42.01;38.39;52;46.54;47.9;42.1;41.8
O3;uur;µg/m³;2023-04-01T14:00:00+01:00;2023-04-01T15:00:00+01:00;30.3;28.9;34.8;32.9;27;41.07;44.51;54.41;56.73;47.86;40.58;42.89;44.29;52.46;36.25;44.28;40.72;;29.2;36.97;51.78;41.78;36.37;40.34;49.33;;47.75;53.82;48.56;51.2;41.69;52.63;38.11;61.03;49.74;50.69;53.35;38.03;42.33;41.65;54.52;48.3;40.8;37.6;42.4
O3;uur;µg/m³;2023-04-01T15:00:00+01:00;2023-04-01T16:00:00+01:00;32.1;34.5;39.3;40.5;32.5;40.9;41.14;45.57;49.42;42.5;36.66;40.84;35.95;48.88;39.92;43.54;47.78;;37.23;35.92;50.73;47.63;40.55;47.07;49.28;;44.61;43.34;38.95;40.2;38.77;43.03;45.33;58.27;48.1;47.94;38.65;39.38;43.25;44.14;60.7;51.47;38.8;35.6;38.2
O3;uur;µg/m³;2023-04-01T16:00:00+01:00;2023-04-01T17:00:00+01:00;35.7;30.8;41.1;48.2;40.2;38.41;40.38;41.53;44.08;33.41;38.33;34.42;29.28;43.36;42.08;43.3;50.67;;43.79;38.63;48.82;47.64;43.71;48.18;50.32;;43.29;41.8;36.96;37.4;37.46;39.98;37.27;58.31;40.79;37.13;39.21;41.46;45.14;46.99;67.73;57.09;39.3;33.6;37.9
O3;uur;µg/m³;2023-04-01T17:00:00+01:00;2023-04-01T18:00:00+01:00;30.5;29.4;38.6;47.4;42.7;38.9;37.51;46.37;46.48;34.4;37.27;30.57;40.43;35.61;45.61;46.64;50;;36.67;36.29;48.04;43.14;40.72;47.26;56.09;;44.42;42.76;37.16;37.27;36.99;40.1;35.27;40.94;38.5;44.25;42.51;42.97;49.36;48.73;71.99;62.72;39.5;36;37.3
O3;uur;µg/m³;2023-04-01T18:00:00+01:00;2023-04-01T19:00:00+01:00;22.4;30.6;31.4;42.5;41.6;46.31;36.91;48.76;50.02;36.09;39.28;29.95;40.19;34.37;53.07;50.76;43.8;;33.31;37.37;46.81;40.29;37.29;38.24;60.33;;45.88;42.79;38.01;38.24;36.74;41.28;37.08;39.46;41.17;37.14;42.53;44.65;55.84;53.61;72.92;65.29;40.3;39;39.9
O3;uur;µg/m³;2023-04-01T19:00:00+01:00;2023-04-01T20:00:00+01:00;22.9;29.6;32.5;38.5;38.8;33.49;41.81;39.79;43.78;34.72;38.29;34.08;39.52;35.45;50.56;55.01;40.76;;37.37;37.44;49.27;38.56;36.81;38.73;63.55;;46.71;43.1;38.73;41.04;39.29;42.14;38.68;41.65;42.11;36.26;45.05;48.94;59.98;58.55;76.85;69.12;44.9;44.5;44
O3;uur;µg/m³;2023-04-01T20:00:00+01:00;2023-04-01T21:00:00+01:00;26;35.8;35.6;36.6;39.5;27.82;35.85;33.09;34.42;35.31;35.01;34.66;38.79;37.86;45.83;53.76;42.92;;41.02;38.09;51.01;40.48;37.12;38.12;65.68;;51.77;46.48;40.04;40.3;41.22;43.01;38.68;45.51;43.6;35.38;50.67;54.8;62.1;61;80.36;74.48;48.1;48.5;47.8
O3;uur;µg/m³;2023-04-01T21:00:00+01:00;2023-04-01T22:00:00+01:00;30.3;37.9;39.8;41.4;40.1;32.23;38;30.95;30.99;38.58;40.38;36.82;40.94;37.89;42.72;45.1;43.8;;43.79;38.51;56.22;43.77;37.27;37.92;68.96;;56.64;49.54;43.24;42.66;45.55;46.24;41.8;50.77;48.08;39.64;53.69;58.55;66.69;62.38;83.89;78.34;55.7;55;53.8
O3;uur;µg/m³;2023-04-01T22:00:00+01:00;2023-04-01T23:00:00+01:00;37.1;44.6;43;47.4;45.5;36.04;39.9;34.37;36.36;40.81;40.24;37.52;41;38.55;40.38;44.33;49.77;;47.1;41.12;60.22;47.11;45.08;45.7;72.31;;60.61;54.12;47.45;48.71;50.43;51.17;46.14;55.69;52.65;44.04;59.06;61.43;71.02;65.02;86.44;80.18;58.4;57.8;56.8
O3;uur;µg/m³;2023-04-01T23:00:00+01:00;2023-04-02T00:00:00+01:00;50.4;51.9;51.6;53;48.2;40.31;44.38;37.4;38.87;42.57;41.95;41.96;44.47;41.63;47.63;47.71;53.01;;51.89;46.49;63.79;54.61;54.24;47.12;74.54;;63.34;57.63;51.33;52.74;51.6;55.76;50.39;61.35;57.32;49.79;61.41;63.83;73.06;68.05;87.32;81.72;61.1;60.7;59.9
O3;uur;µg/m³;2023-04-02T00:00:00+01:00;2023-04-02T01:00:00+01:00;53.9;53.4;56;56;50.7;41.99;49.71;40.5;42.33;48.63;45.57;46.11;49.22;46.6;48.25;44.29;56.38;;54.59;50.73;66.68;53.72;58.69;52.61;79.16;;65.46;59.46;54.19;55.12;55.94;58.78;53.44;64.23;60.76;55.81;63.43;65.99;74.03;73.42;85.33;82.05;65.3;66.2;64.4
O3;uur;µg/m³;2023-04-02T01:00:00+01:00;2023-04-02T02:00:00+01:00;54.3;55.8;59.7;58.5;55;49.21;54.34;44.63;46.37;54.08;48.05;52.41;53.22;51.26;50.11;45.78;60.14;;58.63;52.27;71.4;60.01;59.89;56.93;80.76;;67.45;61.64;57.32;58.62;59.15;61.85;55.14;64.97;64.48;57.24;66.12;69.47;75.8;76;84.49;79.87;68.8;69.5;67.2
O3;uur;µg/m³;2023-04-02T02:00:00+01:00;2023-04-02T03:00:00+01:00;56;60.3;62.8;65;59.1;;;;;;;;;;;;;;;;;;;;;;;;;;;;;;;;;;;;;;70.6;70.6;68.6
O3;uur;µg/m³;2023-04-02T03:00:00+01:00;2023-04-02T04:00:00+01:00;61.4;62.6;65.8;68.7;63.2;56.56;;55.56;55.52;57.99;52.18;58.5;58.54;;55.8;49.4;67.31;;;59.64;74.75;69.01;67.75;64.29;79.59;;73.57;66.9;62.89;63.9;63.82;67.7;61.35;70.51;68.84;64.46;71.49;71.56;72.72;73.59;82.53;79.18;73.5;73.7;71.3
O3;uur;µg/m³;2023-04-02T04:00:00+01:00;2023-04-02T05:00:00+01:00;64.1;65.2;67.2;72.6;64.2;58.35;;54.46;55.27;61.56;54.58;62.29;58.97;61.55;59.66;54.46;68.08;;;62.23;76.37;72.66;70.34;66.9;79.24;;73.8;68.01;64.97;67.52;65.22;69.4;64.47;72.3;70.45;68.68;71.27;70.51;72.91;76.43;79.43;76.78;75.4;75.3;74
O3;uur;µg/m³;2023-04-02T05:00:00+01:00;2023-04-02T06:00:00+01:00;63.8;65.8;67.9;75.2;65.9;58.67;61.67;55.71;55.42;61.57;55.15;62.49;63.68;62.03;64.33;56.2;71.6;;;64.9;77.47;74.1;70.64;69.39;79.68;;72.27;69.58;66.64;67.65;66.19;71.71;64.94;71.61;72.4;70.2;72;71.95;71.61;78;77.05;73.87;74.5;74.6;73.5
O3;uur;µg/m³;2023-04-02T06:00:00+01:00;2023-04-02T07:00:00+01:00;67.1;67.3;70.1;74.4;68.6;61.06;63.05;56.67;58.3;65.44;57.82;66.43;62.96;65.46;67.3;59.08;72.42;;;65.86;76.2;74.8;73.55;69.13;78.26;;73.01;69.15;66.08;69.14;65.57;70.75;66.28;71.48;72.03;69.28;72;74.57;69.92;75.54;74.72;70.17;73.5;74.5;74.3
O3;uur;µg/m³;2023-04-02T07:00:00+01:00;2023-04-02T08:00:00+01:00;66.2;66;67.4;73.7;69.9;61.94;61.97;58.92;58.89;64.14;62.34;66.18;65.51;66.21;66.17;59.58;71;;;66.18;77.65;73.46;71.91;67.88;77.02;;74.39;68.28;64.9;70.85;64.97;69.16;64.69;72.66;72.1;69.43;72.28;73.04;68;71.66;72.82;66.66;72.3;74.2;73.6
O3;uur;µg/m³;2023-04-02T08:00:00+01:00;2023-04-02T09:00:00+01:00;62.1;64.7;65.6;75;72.3;62.9;64.3;57.89;60.14;68.67;62.74;66.24;66.84;66.26;66.67;65.91;72.63;;;64.41;77.84;73.4;71.2;65.74;77.13;;75.5;69.08;66.21;69.18;65.97;70.81;62.5;74.29;71.16;69.78;72.85;71.38;69.76;75.48;74.65;68.11;70.8;73;73.7
O3;uur;µg/m³;2023-04-02T09:00:00+01:00;2023-04-02T10:00:00+01:00;61.3;63.7;65.5;74.7;73.7;62.23;64.62;58.79;58.72;67.77;61.06;64.87;66.6;65.63;63.44;66.74;71.28;;;63.93;77.62;73.92;71.41;64.25;75.53;;75.74;68.58;71.14;72.19;66.01;75.55;66.27;74.37;74.55;66.85;73.83;71.46;72.59;75.6;74.98;71.09;71.2;73.6;74.7
O3;uur;µg/m³;2023-04-02T10:00:00+01:00;2023-04-02T11:00:00+01:00;63.2;63.8;62.6;73.4;76;60.29;65.58;57.14;60.05;67.79;63.72;66.07;68.88;66.57;65.49;65.92;72.87;;;69.68;79.38;74.57;69.57;63.2;74.01;;75.09;69.67;70.32;70.05;67.49;74.34;69.25;76.06;76.61;66.64;73.5;71.76;70.51;77.05;75.21;72.23;72.5;74.3;75.8
O3;uur;µg/m³;2023-04-02T11:00:00+01:00;2023-04-02T12:00:00+01:00;63.6;62.5;64.5;75.3;78.3;59;65.9;55.6;61.53;66.33;62.78;65.79;68.1;67.22;64.05;64.79;74.3;;;68.39;80.68;75.66;71.72;60.85;72.85;;76.57;72.07;71.7;72.04;67.53;76.79;69.86;77.57;77.28;70.59;74.31;73.45;69.12;75.4;75.01;73.41;75.8;75.9;77.2
O3;uur;µg/m³;2023-04-02T12:00:00+01:00;2023-04-02T13:00:00+01:00;65.7;65.5;64.2;79.5;79.4;61.12;68.02;55.28;61.18;68.9;64.79;66.81;69.39;68.35;66.99;65.96;74.34;;;69.26;82.8;78.14;74.59;60.27;73.3;;76.79;73.59;71.8;73.07;69.91;76.56;73;79.6;78.95;74.05;76.01;73.9;70.38;74.26;76.01;75.24;75.4;74.1;76.4
O3;uur;µg/m³;2023-04-02T13:00:00+01:00;2023-04-02T14:00:00+01:00;68.5;66.6;68.3;82.1;80.5;61.73;69.88;56.08;61.28;71.8;65.41;67.26;74.61;70.12;71.04;68.46;77.17;;;73.72;81.85;79.79;75.53;63.57;73.92;;78.61;74.44;73.87;74.21;70.81;77.61;74.34;81.14;80.58;79.13;77.73;73.13;70.37;73.11;76.85;74.88;75.2;73.9;77.1
O3;uur;µg/m³;2023-04-02T14:00:00+01:00;2023-04-02T15:00:00+01:00;70.2;68.6;70.2;82.9;82.2;64.95;74.85;59.15;64.34;78.09;71.24;70.44;80.47;72.23;75.49;72.52;77.16;;;75.25;81.14;79.35;77.02;62.57;73.9;;78.16;75.92;74.79;75.67;72.69;78.79;73.95;80.77;82.22;80.07;78.15;71.71;71.5;72.02;77.94;75.26;75.5;75.6;77.9
O3;uur;µg/m³;2023-04-02T15:00:00+01:00;2023-04-02T16:00:00+01:00;71.5;67.7;70.4;82.6;80.5;66.65;78.24;60.59;65.81;83.72;77.47;74.96;81.49;77.55;76.79;73.33;77.53;;;77.22;81.56;81.24;79.16;61.15;74.52;;75.32;77.45;76.42;76.34;73.13;80.42;74.86;79.73;83.84;77.52;77.89;70.04;70.95;75.84;79.97;79.21;74.9;75.6;77.3
O3;uur;µg/m³;2023-04-02T16:00:00+01:00;2023-04-02T17:00:00+01:00;71.5;69.4;71.7;83.4;81;69.23;78.57;64.54;71.11;84.43;79.23;78.72;81.87;81.64;76.44;74.89;76.74;;;78.76;79.44;80.58;78.53;63.75;73.86;;73.06;75.83;76.87;75.67;71.53;80.57;75.41;78.27;82.98;78.92;75.76;69.1;70.07;77.43;83.37;84.31;74.2;74.4;75.8
O3;uur;µg/m³;2023-04-02T17:00:00+01:00;2023-04-02T18:00:00+01:00;70.9;68.1;71.6;80.7;77.5;69.45;75.62;67.73;74.33;82.04;79.38;78.48;80.49;83.33;75.17;73.92;74;;;79.42;77.19;77.53;76.53;56.29;74.14;;68.37;71.17;73.57;73.09;68.04;77.44;72.56;76.75;80.76;75.17;72.25;71.47;72.64;79.75;83.04;86.18;72.2;71.8;73.6
O3;uur;µg/m³;2023-04-02T18:00:00+01:00;2023-04-02T19:00:00+01:00;67;67.2;67.6;74.5;70.7;67.42;70.73;67.38;71.34;78.01;71.14;72.81;77.29;80.36;71.09;72.74;70.68;;;78.41;74.79;73.44;72.15;48.89;76.6;;63.91;63.59;68;68.91;62.44;71.74;64.58;74.18;75.79;70.24;71.15;69.68;75.01;77.51;80.77;84.78;67.2;65.7;67
O3;uur;µg/m³;2023-04-02T19:00:00+01:00;2023-04-02T20:00:00+01:00;60.6;61.6;58.1;68.5;58.9;61.32;60.36;58.63;67.41;67.35;57.83;69.07;70.24;74.58;66.95;61.53;66.94;;;62.55;67.71;62.47;61.95;49.98;79.8;;58.18;58.51;58.79;61.4;49.6;63.86;52.58;69.78;63.47;64;66.66;72.6;69.64;73.71;82.93;84.13;65;65.1;62.3
O3;uur;µg/m³;2023-04-02T20:00:00+01:00;2023-04-02T21:00:00+01:00;43.3;50.5;44.5;51.3;57.6;57.83;49.17;52.62;68;55.2;52.85;61.87;59.8;67.91;60.04;56.88;58.74;;;45.59;66.23;54.68;45.5;47.2;80.39;;60.27;53.77;50.52;51.64;38.71;53.37;46.59;62.04;56.71;42.14;63.85;73.57;65.91;72.77;85.8;80.2;69.2;70.5;67.4
O3;uur;µg/m³;2023-04-02T21:00:00+01:00;2023-04-02T22:00:00+01:00;40.3;49.5;39.1;34.2;55.7;46.7;39.84;61.01;64.74;44;44.65;51.54;48.6;55.69;54.63;42.12;57.15;;;46.6;70.36;50.95;37.5;48;81.9;;60.29;56.26;50.04;55.85;52.52;54.37;45.52;51.95;55.83;25.34;66.51;72.09;64.63;67.1;81.46;76.7;73.4;72.1;71.1
O3;uur;µg/m³;2023-04-02T22:00:00+01:00;2023-04-02T23:00:00+01:00;37.5;47.7;41.7;38.7;57.5;41.56;24.34;59.25;61.46;42.28;47.32;38.25;46.41;37.99;39.4;41.41;62.46;;;45.37;70.22;58.44;39.69;54.72;82.91;;65.37;63.6;57.44;60.02;57.94;63.31;46.98;59.72;57.18;36.08;65.52;73.11;67.69;57.11;70.06;67.52;75.8;75.4;72.4
O3;uur;µg/m³;2023-04-02T23:00:00+01:00;2023-04-03T00:00:00+01:00;48.4;54.1;49.1;52.7;58.8;41.34;25.19;52.75;56.92;43.91;34.13;27.03;41.75;18.63;39.33;38.56;62.78;;;46.38;66.89;61.05;53.64;55.08;78.85;;62.75;62.85;61.82;66.52;62.87;68.08;52.48;64.03;61.83;43.33;62.15;69.69;67.44;56.48;63.3;56.11;73.3;76.4;73.6
O3;uur;µg/m³;2023-04-03T00:00:00+01:00;2023-04-03T01:00:00+01:00;52.5;60.7;58;57.4;62.7;38.68;17.3;46.22;47.32;36.82;23.67;29.77;48.33;13.14;40.39;34.27;61.52;;;56.06;62.48;67.5;59.66;55.18;73.61;;61.37;58.67;63.71;67.5;59.07;68.75;51.43;64.05;65.2;51.53;59.35;65.19;63.64;59.13;62.79;52.91;70.4;68.3;71.6
O3;uur;µg/m³;2023-04-03T01:00:00+01:00;2023-04-03T02:00:00+01:00;48.5;58.3;59.2;60.2;46.9;37.27;8.88;38.06;38.13;30.19;19.64;26.75;47.9;12.29;50.83;38.73;64.24;;;59.02;56.51;67.58;55.8;59.64;71.09;;57.61;57.21;61.39;64.31;62.54;65.64;54.99;60.36;61.46;54.04;56.36;62.55;65.51;64.7;62.63;64.31;67.5;68.2;69.5
O3;uur;µg/m³;2023-04-03T02:00:00+01:00;2023-04-03T03:00:00+01:00;42.7;56.5;58.1;57.2;59.1;34.08;9.33;18.83;38.5;25.14;17.39;30.06;47.55;14.06;55.97;30.04;65.45;;;56.44;62.25;63.51;47.47;61;;;;55.46;56.96;60.89;;61.57;55.53;57.36;57;49.79;53.67;60.54;57.63;61.2;64.95;66.25;64;64.7;66.3
O3;uur;µg/m³;2023-04-03T03:00:00+01:00;2023-04-03T04:00:00+01:00;48.9;53.8;55.6;52.2;64.9;32.61;16.6;18.27;30.88;28.59;18.21;30.76;46.43;26.09;52.49;30.98;61.92;;;49.2;62.16;58.41;47.98;51.83;;;51.63;52.62;53.12;56.66;59.36;57.1;52.36;56.72;53.54;44.46;51.81;57.96;57.91;52.34;64.61;67.11;59.2;60.6;64.1
O3;uur;µg/m³;2023-04-03T04:00:00+01:00;2023-04-03T05:00:00+01:00;33;49.4;43.5;40.3;46.1;29.36;26.09;13.85;36.32;31.3;19.3;33.65;44.43;33.8;49.42;34.94;58.02;;;45.13;58.46;55.52;33.2;29.85;;;50.99;46.66;48.51;53.42;57.42;53.02;46.66;59.28;50.94;46.77;50.84;54.89;58.43;49.07;62.66;63.72;54;53;59.3
O3;uur;µg/m³;2023-04-03T05:00:00+01:00;2023-04-03T06:00:00+01:00;17.1;40.9;18.4;35.4;27;26.23;25.3;10.72;32.85;26.78;18.58;32.4;37.55;33.9;40.74;17.42;52.64;;;27.89;47.56;50.65;3.71;21.85;67.62;;46.99;44.99;43;43.07;52.9;47.59;39.35;58.43;45.67;42.75;50.2;53.48;60.34;55.22;60.59;63.05;52.2;43.9;58.9
O3;uur;µg/m³;2023-04-03T06:00:00+01:00;2023-04-03T07:00:00+01:00;9.8;30.3;3.9;23.3;14.8;36.95;39.53;9.81;22.22;21.3;16.07;32.84;30.88;39.29;32.51;4.42;44.85;;;19.09;37.95;40.32;4.92;18.85;67.84;;47.71;42.55;36.91;34.67;52.81;38.4;37.49;56.69;43.71;37.47;48.69;50.72;53.7;48.25;61.02;58.86;47.4;32.6;54.9
O3;uur;µg/m³;2023-04-03T07:00:00+01:00;2023-04-03T08:00:00+01:00;28.2;31.1;28.2;26.7;27.2;40.47;49.49;17.12;27.64;43.18;23.69;46.49;34.88;43.79;32.57;17.06;44.5;;;31.02;38.52;40.02;22.77;22.38;68.64;;46.5;45.94;44.47;46.64;50.63;46.27;46.13;62.5;48.92;47.5;55.63;55.11;59.18;56.26;62.3;63.3;57.7;43;56.6
O3;uur;µg/m³;2023-04-03T08:00:00+01:00;2023-04-03T09:00:00+01:00;48.1;40;47.3;39.7;46.1;53.64;59.53;39.7;42.17;59.8;44.47;57.99;57.15;54.9;52.54;34.98;48.43;;;45.1;66.33;50.96;51.68;28.26;74;;50.89;55.15;60.77;61.38;53.09;65.15;59.46;68.04;65.16;61.13;65.39;62.37;66.91;71.43;69.38;71.2;61.9;50;62.5
O3;uur;µg/m³;2023-04-03T09:00:00+01:00;2023-04-03T10:00:00+01:00;60.4;52.8;58.1;63.8;;65.58;66.34;53.75;54.81;70.21;62.65;67.12;72.41;68.05;60.5;48.55;57.92;;;62.84;79.16;70.12;66.74;39.09;;;;63.64;67.77;67.36;;72.58;68.28;73.02;73.68;60.69;72.85;66.39;68.04;77.5;73.82;74.92;63.7;54.4;66
O3;uur;µg/m³;2023-04-03T10:00:00+01:00;2023-04-03T11:00:00+01:00;66.3;56.6;64.6;76.4;;72.84;70.98;60.13;62.28;76.99;70.66;73.86;75.27;76.1;69.43;63.86;63.76;;;71.37;80.48;77.56;72.39;51.93;73.45;;75.66;71.54;73.92;72.5;69.21;77.8;73.25;79.08;81.47;72.05;78.77;73.39;75.14;81.64;75.66;79.61;68.3;60;70.2
O3;uur;µg/m³;2023-04-03T11:00:00+01:00;2023-04-03T12:00:00+01:00;70.4;62.1;70.6;81;;73.4;76.1;67.23;70.52;81.11;76.79;77.66;80.88;79.37;69.89;69.4;67.94;;;77.49;81.85;80.16;77.87;62.17;76.49;;80.23;76.59;77.67;78.78;75.07;81.43;78.79;83.32;84.99;81.83;82.22;78.12;80.11;85.1;77.94;81.33;78.7;65.2;76.8
O3;uur;µg/m³;2023-04-03T12:00:00+01:00;2023-04-03T13:00:00+01:00;76.8;64.8;72.2;85.3;;73.03;77.11;73.65;75.42;82.6;78.83;80.78;82.29;81;74.93;74.84;75.73;73.41;;78.49;86.21;82.43;80.32;63.29;81.84;;83.79;81.15;80.46;82.1;77.88;85.2;82.24;85.38;87.06;83.1;84.76;81.06;83.53;87.21;82.84;86.5;83;72.2;81.5
O3;uur;µg/m³;2023-04-03T13:00:00+01:00;2023-04-03T14:00:00+01:00;75.6;68.2;77.3;90.2;;72.96;78.65;78.23;81.95;84.41;83.01;80.19;84.87;80.6;78.04;80.36;75.92;76.64;;82.36;87.71;86.1;86.22;65.21;85.46;;85.2;82.45;81.99;81.89;80.68;85.75;82.66;85.66;89.29;84.87;85.88;83.57;86.12;86.95;85.04;89.25;86.1;75.5;84.9
O3;uur;µg/m³;2023-04-03T14:00:00+01:00;2023-04-03T15:00:00+01:00;75.2;65.5;74.7;91.2;;75.73;80.81;83.25;84.98;86.4;83.96;81.56;86.83;84.39;80.11;81.73;80.85;79.15;;83.75;88.93;86.87;84.11;61.79;87.08;;86.22;84.66;83.2;82.67;82.64;88.88;85.03;85.62;90.82;86.94;86.38;85.13;87.06;87.82;85.76;91.11;86.2;77.2;86.4
O3;uur;µg/m³;2023-04-03T15:00:00+01:00;2023-04-03T16:00:00+01:00;78.2;71.2;80;91.6;;82.03;83.56;84.16;85.69;87.3;85.27;84.67;88.38;85.37;80.92;83.4;82.28;82.39;;84.96;89.87;88.49;88.01;57.91;88.7;;87.37;87.34;85.48;85.23;84.25;91.29;85.22;85.98;90.77;89.24;87.36;86.02;86.28;87.55;87.28;90.03;87.8;79.6;88.9
O3;uur;µg/m³;2023-04-03T16:00:00+01:00;2023-04-03T17:00:00+01:00;78.9;70.8;77.2;92.4;;83.92;83.61;85.95;87.11;89.27;85.87;86.91;88.08;88.61;81.64;82.52;87;81.76;;85.33;91.73;89.66;89.05;61.89;88.7;;85.64;86.34;83.68;86.07;84.66;91.12;85.37;87.15;90.05;88.13;87.71;85.72;85.77;88.67;90.62;90.86;88.5;82.2;90.4
O3;uur;µg/m³;2023-04-03T17:00:00+01:00;2023-04-03T18:00:00+01:00;79.3;64.4;78.3;92;;84.01;81.76;85.68;88.28;89.42;85.07;85.02;89.27;88.8;81.39;82.96;88.04;79.11;88.67;86.14;92.69;91.01;86.42;66.29;86.04;;84.94;83.92;83.73;83.06;85.27;88.99;85;87.9;89.9;83.73;87.3;84.12;83.07;87.34;90.02;88.07;86.1;83.2;88.7
O3;uur;µg/m³;2023-04-03T18:00:00+01:00;2023-04-03T19:00:00+01:00;78.9;65.6;74.8;91.2;;81.89;79.3;83.12;85.85;86.42;82.05;83.19;87.29;86.03;79.33;81.44;84.91;75.46;85.01;82.87;88.14;89.18;80.53;65.64;82.23;;79.32;79.74;84.21;84.52;83.26;88.12;80.71;85.83;87.95;81.37;85.13;81.94;77.91;81.28;85.95;79.04;82.8;77.1;86.1
O3;uur;µg/m³;2023-04-03T19:00:00+01:00;2023-04-03T20:00:00+01:00;74;59.9;73;79.6;;78.66;72.77;78.26;81.96;75.76;75.02;77.4;84.17;80.36;74.76;76.97;80.92;70.04;81.03;76.55;81.18;86.22;77.74;66.4;82.49;;60.05;69.48;80.11;82.17;77.82;82.15;75.25;79.9;81.87;75.55;80.5;77.21;74.56;73.07;78.83;70.88;84.5;79.9;86.4
O3;uur;µg/m³;2023-04-03T20:00:00+01:00;2023-04-03T21:00:00+01:00;69.5;59.6;71.1;76.2;;77.37;62.3;77.55;78.62;71.77;66.03;72.99;79.72;76.83;66.88;65.91;78.53;69.24;75.39;74.31;79.22;81.49;78.34;59.59;83.18;;56.92;66.51;72.46;70.76;71.88;74.04;70.21;77.76;67.69;59.32;71.96;73.29;74.44;64.86;80.55;72.67;78.4;69.7;81.3
O3;uur;µg/m³;2023-04-03T21:00:00+01:00;2023-04-03T22:00:00+01:00;65.4;60.1;69.2;77.1;;74.98;47.19;76.57;76.51;70.12;59.22;70.45;73.88;74.65;63.59;64.24;73.76;66.21;69.64;67.84;70.17;77.84;75.77;53.33;80.65;;56.94;64.11;68.58;65.36;48.22;69.13;66.31;75.33;46.35;57.38;66.45;73.05;71.81;59.73;76.83;74.13;71;67.2;77.2
O3;uur;µg/m³;2023-04-03T22:00:00+01:00;2023-04-03T23:00:00+01:00;68.7;59.6;68.7;75.4;;70.84;42.17;72.79;71.78;67.62;59.14;70.6;72.16;72.14;67.49;57.51;73;67.35;61.31;64.17;60.51;73.86;73.69;53.57;78.59;;63.26;62.25;57.75;61.95;40.86;61.26;59.08;72.32;28.99;55.99;63.41;69.94;64.32;54.7;71.92;68.51;72.1;62.4;71.9
O3;uur;µg/m³;2023-04-03T23:00:00+01:00;2023-04-04T00:00:00+01:00;66.8;60.3;70;70.3;;64.5;45.1;68.06;69.5;67.86;60.56;66.12;67.02;68.06;68.35;55.25;70.25;69.87;49.56;63.91;53.91;68.65;75.72;52.39;77.83;;53.22;53.99;55.44;58.32;48.83;58.23;57.73;62.69;28.84;56.99;61.16;68.14;57.05;50.9;70.19;59.42;72.9;71.4;76.3
O3;uur;µg/m³;2023-04-04T00:00:00+01:00;2023-04-04T01:00:00+01:00;64.2;56.5;62;65.6;;60.5;50.52;53.58;69.6;58.82;55.92;64.08;61.16;62.33;66.58;53.45;68.38;62.74;49.28;59.11;53.73;60.91;62.5;54.02;76.69;;51.7;53.57;57.14;61.27;45.13;61.3;58.18;60.13;26.4;61.59;61.51;67;60.68;50.04;66.84;44.17;66.9;67.7;69.2
O3;uur;µg/m³;2023-04-04T01:00:00+01:00;2023-04-04T02:00:00+01:00;61.7;52.7;57.8;56.5;;57.74;46.2;37.65;55.92;51.7;59.73;60.5;60.72;59.47;63.26;52.06;64.67;63.02;42.22;55.91;61.46;59.58;46.42;53.91;73.4;;51.36;47.89;56.32;57.76;51.15;60;51.53;58.34;25.34;56.28;58.65;60.92;61.14;50.16;58.09;38.93;67.3;66.7;68.7
O3;uur;µg/m³;2023-04-04T02:00:00+01:00;2023-04-04T03:00:00+01:00;54.1;54.7;42.1;45.2;;54.1;48.52;37.64;47.99;49.55;53.93;55.77;56.29;57.43;62.45;44.37;64.96;61.24;48.73;55.4;55.31;58.15;33.89;51.29;69.12;;49.65;49.6;52.2;52.65;56.79;54.42;48.14;51.06;24.76;51.61;41.91;56.39;56.08;47.35;58.22;49.18;63.7;61.4;66.9
O3;uur;µg/m³;2023-04-04T03:00:00+01:00;2023-04-04T04:00:00+01:00;41.1;50.2;42.8;47;;44.5;30.05;26.01;48.23;45.5;47.76;51.39;50.52;51.69;57.51;42.92;60.34;58.12;43.34;50.68;48.78;54.15;31.98;45.16;60.77;;47.3;48.85;52.33;50.31;52.33;53.81;46.68;52.76;21.57;48.58;37.21;54.05;60.33;46.41;48.52;54.09;60.9;61.4;63
O3;uur;µg/m³;2023-04-04T04:00:00+01:00;2023-04-04T05:00:00+01:00;36.1;45;32.8;37.9;;39.54;26.22;23.31;38.04;43.71;46.72;43.99;46.42;44.83;50.9;37.51;52.35;46.17;41.16;49.16;43.7;34.64;17.58;18.15;62.78;;45.92;47.18;47.61;46.46;51.74;47.59;39.84;50.85;11.88;42.22;32.03;51.99;54.82;38.31;39.66;48.48;54;48.6;60.3
O3;uur;µg/m³;2023-04-04T05:00:00+01:00;2023-04-04T06:00:00+01:00;;30.1;12.3;14.8;;29.08;25.35;21.14;18.37;30.36;44.05;36.15;35.74;28.67;30.32;24.73;33.76;45.61;25.83;13.23;46.33;7.3;1.74;5.4;59.68;;32.53;43.84;30.14;25.07;31.84;35.24;29.62;38.44;6.82;33.36;23.47;47.39;56.32;34.73;34.26;48.47;21.7;25.9;50.1
O3;uur;µg/m³;2023-04-04T06:00:00+01:00;2023-04-04T07:00:00+01:00;;18.6;4.7;8.4;;21.85;17.82;15.93;7.56;29.26;33.35;25.47;27.2;10.89;18.44;25.99;15.11;28.05;13.45;6.47;45.58;7.77;4.75;4;35.65;;23.42;34.33;7.6;12.59;8.23;12.19;24.15;28.64;3.5;22.37;33.05;43.8;51.03;23.66;36;41.03;4.7;13.7;42.2
O3;uur;µg/m³;2023-04-04T07:00:00+01:00;2023-04-04T08:00:00+01:00;9.6;19.8;8.4;16.1;;34.12;27.01;15.89;26.58;35.3;38.34;32.76;27.27;20.57;34.14;38.87;22.67;20.49;23.37;19.46;39.77;21.79;13.3;4.92;35.61;;20.39;33.82;21.58;11.34;19.14;27.24;21.75;30.43;7.07;32.6;27.41;40.01;51;43.55;42.6;39.31;9.4;7.2;37.1
O3;uur;µg/m³;2023-04-04T08:00:00+01:00;2023-04-04T09:00:00+01:00;37.7;31;29.5;22.7;;54.6;41.66;49.81;55.19;45.12;48.23;49.23;44.29;49.67;49.99;49.7;33.51;24.84;38.25;38.07;45.53;42.43;28.83;12.28;65.33;;43.38;40.95;41.86;29;53.16;42.46;30.11;55.31;37.73;46.84;57.25;53.53;59.01;60.28;62.02;72.62;58.7;23.1;56.3
O3;uur;µg/m³;2023-04-04T09:00:00+01:00;2023-04-04T10:00:00+01:00;58.5;56.2;56.1;55.1;;71.78;64.14;71.55;74.13;68.73;67.9;65.83;75.07;72.5;68.44;53.87;70.13;57.81;58.73;71.5;74.79;61.13;60.64;32.31;78.67;;58.88;65.99;68.77;68.07;70.69;74.36;60.81;71.58;76.26;63.39;69.16;60.38;57.4;77.45;75.7;85.84;68.9;41;72.4
O3;uur;µg/m³;2023-04-04T10:00:00+01:00;2023-04-04T11:00:00+01:00;76.4;68.9;71.9;78.6;;76.82;75.95;72.99;76.69;80.86;79.51;79.03;81.97;81.55;74.2;68.54;82.13;61.05;77.58;81.96;81.04;79.26;76.11;54.41;83.53;;83.24;83.17;80.64;79.09;80.29;84.66;79.55;81.25;91.91;81.89;80.44;77.34;73.06;84.59;86.71;90.45;81;62.2;85.8
O3;uur;µg/m³;2023-04-04T11:00:00+01:00;2023-04-04T12:00:00+01:00;77.1;65.5;71.5;86;;75.03;79.14;77.51;76.05;85.61;83.8;77.53;82.18;84.49;79.14;82.3;83.68;75.8;84.88;81.88;82.12;86.39;78.23;57.44;89.96;;87.59;85.45;83.85;86.16;87.95;89.02;82.53;86.38;92.19;85.13;86.13;83.25;85.79;92.03;90.21;90.94;89.7;79.1;91.9
O3;uur;µg/m³;2023-04-04T12:00:00+01:00;2023-04-04T13:00:00+01:00;77.8;;73.9;85.9;;81.97;82.31;81.51;81.34;88.15;85.36;81.32;84.56;84.32;82.6;83.32;82.73;76.84;83.81;80.49;85.72;83.52;76.25;55.04;93.5;;89.37;92.2;84.41;82.52;87.91;88.94;85.31;91.62;96.01;88.81;90.12;84.48;89.16;93.44;90.4;93.71;90.6;83.4;93.4
O3;uur;µg/m³;2023-04-04T13:00:00+01:00;2023-04-04T14:00:00+01:00;77;;77.4;89.7;;81.62;85.36;83.97;85.29;89.97;86.46;85.39;85.47;86.03;83.4;82.12;88.44;78.5;84.77;83.14;85.75;89.9;82.13;62.53;95.24;;92.86;91.65;85.85;84.47;86.29;92.58;86.84;92.97;96.88;89.79;91.11;88.33;91.84;93.14;88.24;97.93;94.2;87.1;95.7
O3;uur;µg/m³;2023-04-04T14:00:00+01:00;2023-04-04T15:00:00+01:00;75.7;;77.7;91.8;;77.93;88.38;84.96;85.68;88.51;87.18;88.26;86.47;91.04;82.59;82.94;88.97;82.27;86.44;87.16;90.96;94.09;84.55;62.35;95.87;;93.35;90.85;92.09;89.61;88.54;96.59;88.45;94.35;98.94;91.9;92.07;91.12;91.45;94.99;93.27;98.92;95.1;85.7;98.4
O3;uur;µg/m³;2023-04-04T15:00:00+01:00;2023-04-04T16:00:00+01:00;76.6;;75.4;91.7;;79.15;89.5;88.2;88.13;93.08;88.74;88.6;93.21;92.98;82.61;84.99;83.44;80.3;90.77;90.44;94.31;96.56;84.9;70.73;96.73;;97.09;92.97;90.48;92.53;87.95;96.83;88.21;95.65;98.85;92.28;93.4;92.57;88.63;95.13;96.89;96.41;95.7;88.7;99.5
O3;uur;µg/m³;2023-04-04T16:00:00+01:00;2023-04-04T17:00:00+01:00;73.7;74.8;80.6;83.3;80.2;80.97;89.18;84.89;86.36;92.25;88.04;88.69;93.59;93.24;83.14;80.11;86.13;84.16;91.67;91.5;96.12;85.55;88.01;82.43;96.73;;91.36;92.91;87.63;90.76;88.44;92.88;86.51;96.79;96.95;94.14;93.9;92.83;90.6;95.15;98.45;94.11;93.4;86.1;97.5
O3;uur;µg/m³;2023-04-04T17:00:00+01:00;2023-04-04T18:00:00+01:00;74.8;77.6;83.1;85.2;80.9;82.52;84.91;79.39;84.98;91.53;85.55;89.05;91.09;94;80.79;82.24;91.76;88.44;91.42;90.27;100.93;88.12;85.95;87.17;94.08;;89;89.87;86.03;88.15;84.93;91.4;81.21;95.06;96.14;92.89;94.12;90.44;89.19;93.38;97.49;90.49;92.7;86.4;95.4
O3;uur;µg/m³;2023-04-04T18:00:00+01:00;2023-04-04T19:00:00+01:00;73.7;72;76.4;87.9;76.7;79.17;78.9;76.9;78.65;83.29;86.49;79.63;89.81;91.63;76.47;77.93;91.22;84.66;84.76;85.43;94.1;90.98;72.64;89.52;86.14;;84.31;86.42;84.05;82.81;77.66;88.08;76.12;85.93;93.7;88.63;90.7;88.52;82;82.14;90.17;82.94;91.6;90.8;95.8
O3;uur;µg/m³;2023-04-04T19:00:00+01:00;2023-04-04T20:00:00+01:00;62.4;71.8;76;84.8;71.6;75.47;67.26;69.57;69.54;75.4;76.92;73.89;83.35;85.49;66.2;72.27;86.63;81.81;71.71;80.82;89.93;85.77;73.04;86.03;78.76;;74.15;79.6;82.11;78.12;62.28;83;66.43;76.17;88.64;84.12;84.75;83.24;82.69;76.12;85.22;78.33;80.6;81.8;90.6
O3;uur;µg/m³;2023-04-04T20:00:00+01:00;2023-04-04T21:00:00+01:00;60.1;65.6;70.5;69.4;65.8;72.58;62.26;52.52;51.33;60.46;67.41;60.59;74.22;76.26;65.47;48.81;80.84;73.25;58.3;76.93;74.6;76.85;67.98;76.29;81.4;;66.23;76.64;75.62;78.84;54.88;75.48;58.73;67.71;77.97;70.07;80.32;67.2;75.78;64.95;81.23;80.73;74.4;75.9;82.3
O3;uur;µg/m³;2023-04-04T21:00:00+01:00;2023-04-04T22:00:00+01:00;50.1;56.5;53.8;68.5;49.9;49.28;44.68;33.12;42.19;62.87;64.89;57.2;65.55;46.41;65.45;50.95;74;70.62;48.17;74.41;68.37;66.52;55.02;57.7;81.98;;57.46;69.68;65.68;76.28;60.4;73.49;63.01;67.08;73.97;55.51;75.29;68.24;68.68;63.29;77.62;74.45;68.9;75.3;80.1
O3;uur;µg/m³;2023-04-04T22:00:00+01:00;2023-04-04T23:00:00+01:00;41.7;55.7;52.2;59.5;28;44.94;44.57;23.68;32.14;58.46;56.96;48.16;62.17;33.39;58.7;52.01;64.09;75.09;62.08;65.67;71.04;50.44;35.03;44.71;84.48;;56.52;66.21;66.28;74.51;57.35;69.66;63.37;59.38;59.91;58.06;68.25;68.2;60.08;60.18;68.14;80.42;74.4;70.7;75.8
O3;uur;µg/m³;2023-04-04T23:00:00+01:00;2023-04-05T00:00:00+01:00;50.2;48.2;56.4;54.6;15.5;38.59;34.16;16.81;26.45;46.05;54.75;49.44;65.25;32.01;50.63;42.97;58.94;70.84;55.34;56.3;63.48;46.82;42.54;41.63;71.52;;48.54;67.88;63.85;70.45;59.2;70.78;53.98;56.81;38.9;47.97;46.49;66.48;60.61;53.49;60.29;62.9;72.7;77.2;75.3
O3;uur;µg/m³;2023-04-05T00:00:00+01:00;2023-04-05T01:00:00+01:00;50.2;57.7;50.1;46.2;15;28.48;31.22;15.07;23.44;46.26;50.02;39.98;54.74;29.03;58.2;21;54.5;71.02;47.41;47.82;54.11;30.5;36.93;44.51;66.67;;42.08;64.14;54.13;60.65;56.14;59.59;47.95;61.54;35.26;53.4;42.78;61.99;64.78;28.94;56.52;59.78;67.9;66.5;68
O3;uur;µg/m³;2023-04-05T01:00:00+01:00;2023-04-05T02:00:00+01:00;30.4;50.3;37.6;39.2;7.1;27.12;24.29;15.03;21.74;48.17;43.14;35.15;42.56;18.71;58.21;22.8;54.72;65.81;51.14;36.61;44.08;32.83;34.34;47.62;62.6;;36.75;55.65;49.29;57.03;46.61;52.71;39.58;57.78;34.07;64.54;43.45;59.41;70.05;24.04;70.65;57.82;61;63.3;62.9
O3;uur;µg/m³;2023-04-05T02:00:00+01:00;2023-04-05T03:00:00+01:00;15.2;45.6;35.8;41.4;13.4;27.97;18.18;9.99;18.17;42.98;28.63;21.89;37.61;16.9;54.2;26.23;55.18;61.5;43.17;30.31;45.89;41.08;25.94;51.6;56.29;;37.18;49.87;42.18;54.13;43.87;46.39;39.17;53.33;32.05;61.75;42.77;56.75;67.25;21.4;65.94;53.35;52.6;59.7;55.1
O3;uur;µg/m³;2023-04-05T03:00:00+01:00;2023-04-05T04:00:00+01:00;12;43.1;30.2;38.8;26.7;36.39;16.69;12.93;16.09;29.67;24.54;23.74;30.36;15.33;49.41;21.19;61.27;48.7;39.04;27.31;46.99;40.05;10.17;40.88;57.77;;33.17;49.37;46.69;51.72;46.98;55.35;35.1;50.01;25.53;58.12;40.3;57.68;60.54;17.68;48.85;45.38;50.6;55.2;47.9
O3;uur;µg/m³;2023-04-05T04:00:00+01:00;2023-04-05T05:00:00+01:00;25.5;20.8;9.5;29.9;28.2;28.04;17.08;10.86;10.86;18.83;23.35;17.04;7.26;10.79;46.3;15.51;54.61;27.12;33.45;24.03;43.93;10.68;3.85;17.28;54.61;;34.78;48.36;48.51;44.71;40.51;53.26;42.35;46.62;16.73;44.88;40.95;49.46;61.01;19.65;54.63;40.32;51.8;48.8;54.6
O3;uur;µg/m³;2023-04-05T05:00:00+01:00;2023-04-05T06:00:00+01:00;15.5;1.4;5.5;13.7;7.6;13.15;7.25;8.29;3.39;13.92;17.77;10.31;3.04;6.32;42.48;10.05;39.56;29.08;26.19;11.18;36.92;4.67;1.01;5.38;54.03;;35.82;40.28;33.6;17.88;44.98;35.79;23.09;37.53;6.39;33.65;38.05;46.82;53.86;16.91;46.37;36.04;45.4;28.5;55.9
O3;uur;µg/m³;2023-04-05T06:00:00+01:00;2023-04-05T07:00:00+01:00;-0.2;0.3;6.3;2.2;2.7;7.07;5.99;7.77;2.58;8.8;14.12;5.77;1.86;4.03;40.34;9.65;15.46;18.35;8.59;12.19;29.31;3.05;1.89;3.66;50.18;;27.7;25.7;13.18;4.44;45.68;12.66;28.55;20.78;4.42;27.02;38.74;40.24;56.2;17.73;35.79;36.4;43.6;18.1;44.3
O3;uur;µg/m³;2023-04-05T07:00:00+01:00;2023-04-05T08:00:00+01:00;4.2;2.6;9;8.2;7.2;13.93;19.94;18.36;12.94;15.62;8.97;26.49;12.77;6.85;30.28;13.06;17.74;13.52;15.83;23.88;23.72;13.96;4.12;3.81;45.81;;36.78;22.32;12.71;9.74;40.34;18.56;27.86;26.67;22.43;17.53;32.57;37.04;58.38;30.34;51.35;44.46;26.5;18.8;35.2
O3;uur;µg/m³;2023-04-05T08:00:00+01:00;2023-04-05T09:00:00+01:00;23.7;22.6;13.5;12.8;6.6;28.44;34.23;35.6;36.38;31.11;39.18;34.3;31.31;24.06;32.17;29.79;25.92;20.06;35.25;43.82;46.64;23.97;29.29;7.67;64.26;;49.57;35.17;40.44;26.56;40.81;49.72;39.59;53.98;50.79;42.5;50.73;46.08;60.64;40.97;55.68;52.5;33;16.5;48.7
O3;uur;µg/m³;2023-04-05T09:00:00+01:00;2023-04-05T10:00:00+01:00;54.8;35.6;41.5;32;14;48.4;42.83;46.61;56.23;48.72;57.26;54.58;111.21;52.4;38.72;68.5;41.35;47.6;54.99;61.65;64.06;43.29;39.89;19.84;65.76;;61.77;58.91;62.03;49.77;39.11;71.09;55.49;74.46;68.49;61.29;69.64;58.94;64.12;53.11;57.9;60.42;;35.5;61.6
O3;uur;µg/m³;2023-04-05T10:00:00+01:00;2023-04-05T11:00:00+01:00;67;52.6;53.9;41.5;38.7;64.81;72.18;65.75;73.81;78.46;76.71;71.65;96.33;79.69;63.03;80.64;60.65;72.39;76.95;83.5;81.57;64.46;54.54;31.21;68.85;;85;82.86;80.98;77.6;55.7;;75.87;85.64;90.15;82.06;82.62;76.65;70.73;78.1;70.64;71.76;;60.5;83.3
O3;uur;µg/m³;2023-04-05T11:00:00+01:00;2023-04-05T12:00:00+01:00;79.2;65.2;71.5;67.7;45.7;71.81;81.72;81.52;87.56;90.35;76.12;78.95;95.77;86.38;83.95;85.64;72.26;84.34;87.03;92.19;97.73;74.55;69.26;36.9;73.73;;93.04;89.1;85.64;87.25;80;;85.87;88.67;91.84;87.82;85.75;91.94;88.52;86.18;81.42;85.66;83.2;67;93.6
O3;uur;µg/m³;2023-04-05T12:00:00+01:00;2023-04-05T13:00:00+01:00;81.3;70;77.3;81.4;44.4;78.12;83.6;88.78;90.73;94.44;80.63;82.49;96.56;87.88;85.51;88.13;68.5;85.59;91.97;94.9;94.56;80.04;66.83;53.65;83.99;;93.63;90.71;86.41;;76.38;;86.69;90.98;93.44;90.07;86.81;92.63;91.15;89.81;88.4;88.43;86.8;70.8;
O3;uur;µg/m³;2023-04-05T13:00:00+01:00;2023-04-05T14:00:00+01:00;86.2;71.7;82.7;85.5;57.1;78.43;83.29;92.29;92.72;96.56;82.96;85.42;99.23;90.48;85.72;85.79;69.47;82.8;96.92;94.36;93.43;83.98;71.67;63.6;90.21;;95.17;92.17;86.37;;76.69;;85.71;92.37;95.09;91.21;88.29;90.93;93.85;93.19;91.45;91.86;87.7;76.5;89.6
O3;uur;µg/m³;2023-04-05T14:00:00+01:00;2023-04-05T15:00:00+01:00;86.6;68.5;79;78.3;51.3;80.27;86.18;96.68;95.48;97.17;83.02;84.89;99.82;93.47;88.54;89.62;69.53;85.43;95.28;96.42;94.99;72.38;74;63.68;94.72;;96.46;94.17;86.6;;75.63;95.07;88;95.05;92.19;94.25;90.44;92.63;99.28;93.73;92.73;94.77;86.9;77.7;96.3
O3;uur;µg/m³;2023-04-05T15:00:00+01:00;2023-04-05T16:00:00+01:00;89.9;67.8;78.2;56.3;55.4;82.54;86.99;92.77;97.56;98.19;82.71;82.69;101.67;94.25;88.61;93.24;79.72;88.08;95.28;94.92;89.93;73.59;82.15;70.73;96.33;;97.09;90.35;78.88;;75.85;88.85;93.33;94.96;94.72;94.23;93.06;93.64;100.68;94.47;95.18;96.33;90;78.4;94.8
O3;uur;µg/m³;2023-04-05T16:00:00+01:00;2023-04-05T17:00:00+01:00;93.2;65.8;80.8;60.8;54.8;83.95;87.73;91.73;95.15;96.3;88.76;83.33;102.23;96.96;91.95;92.77;91.56;86.15;98.53;96.53;96.63;84.13;76.5;83.28;99.9;;96.57;91.26;78.14;82.06;73.66;89.89;93.9;93.77;96.49;93.01;93.77;92.77;102.37;95.4;94.68;97.24;88.2;69.1;93
O3;uur;µg/m³;2023-04-05T17:00:00+01:00;2023-04-05T18:00:00+01:00;86.4;61.4;66;65.8;57.8;81.37;86.29;89.46;94.29;96.97;91.47;85.52;97.88;99.3;86.5;70.52;83.08;83.43;99.41;94.51;101.05;81.47;60.76;73.91;100.12;;95.08;89.6;79.51;81.62;69.74;90.58;91.48;91.74;96.75;92.85;94.46;93.52;103.38;95.21;92.34;95.83;87.7;65.3;87.8
O3;uur;µg/m³;2023-04-05T18:00:00+01:00;2023-04-05T19:00:00+01:00;37.7;45.3;58;59.5;57.1;73.43;75.56;83.33;88.78;82.92;90.24;80.76;84.58;99.45;79.92;49.81;77.1;65.84;90.4;92.82;93.04;71.44;48.54;57.73;90.48;;80.03;74.93;71.76;74.03;52.73;88.57;80.64;81.24;82.43;87.73;91.79;78.75;96.99;90.67;78.4;82.07;78.6;59.5;59.5
O3;uur;µg/m³;2023-04-05T19:00:00+01:00;2023-04-05T20:00:00+01:00;20.1;45.8;49.6;37.7;51.3;49.73;55.35;44.06;54.25;58.69;77.75;66.36;73.27;87.31;79.28;53.81;71.37;62.74;79.52;69.23;78.04;62.71;18.16;38.35;77.43;;67.14;66.3;67.18;52.44;46.55;80.97;67.61;79.31;61.23;81.61;74.73;79.95;95.59;78;70.7;71.22;76.2;40.1;45.5
O3;uur;µg/m³;2023-04-05T20:00:00+01:00;2023-04-05T21:00:00+01:00;-0.2;42.5;39.7;16.3;31.7;40.89;52.88;25.85;16.81;54.88;61.72;50.12;60.23;45.5;72.48;53.19;59.66;51.97;44.3;43.26;67.9;37.97;4.47;32.29;78.27;;66.22;65.06;54.16;15.97;39.04;64.51;47.77;77.49;43.66;78.37;51.15;67.39;77.06;71.21;57.05;61.92;67.6;50.7;39.1
O3;uur;µg/m³;2023-04-05T21:00:00+01:00;2023-04-05T22:00:00+01:00;17.4;35.9;35.1;35.9;12.5;35.73;40.08;21.67;9.87;48.43;44.36;51.23;50.39;45.3;62.55;22.02;55.15;37.85;43.6;27.93;51.07;35.33;5.93;25.01;64.8;;69.58;53.85;20.41;18.66;14.89;36;38.26;44.15;39.06;79.7;52.04;56.54;66.31;68.35;54.32;53.18;50.8;49.4;27.7
O3;uur;µg/m³;2023-04-05T22:00:00+01:00;2023-04-05T23:00:00+01:00;33.4;32.8;44.6;34.3;11.7;29.53;37.37;17.7;8.21;38.89;55.44;56.96;31.07;49.85;57.39;34.01;49.41;39.58;40.2;36.98;50.55;30.78;22.85;22.75;62.14;;65.86;37.88;4.13;3.12;3.73;13.27;48.59;46.64;43.06;82.77;44.81;64.03;65.3;66.65;53.5;59.96;42.9;38.8;29.1
O3;uur;µg/m³;2023-04-05T23:00:00+01:00;2023-04-06T00:00:00+01:00;25.7;47.7;39.8;27;5.5;25.88;32.61;29.19;15.45;31.65;51.42;50.25;54.08;58.91;56.27;37.15;45.66;45.54;37.53;48.04;35.98;33.15;18.77;17.22;59.29;;63.36;35.31;16.17;15.88;19.09;29.75;33.58;40.87;39.25;81.95;48.46;55.56;62.89;63.81;52.38;59.64;26.9;15.7;27.9
O3;uur;µg/m³;2023-04-06T00:00:00+01:00;2023-04-06T01:00:00+01:00;37.2;49.8;23;28.3;9.4;16.7;40.18;31.24;20.8;38.08;46.83;54.12;58.71;56.78;61.35;34.73;48.83;57.97;47.88;63.1;26.57;42.95;28.24;32.79;63.78;;62.46;26.3;48.61;40.25;40.08;51.98;41.61;48.25;43.98;80.45;53.25;50.96;59.79;64.21;46.78;58.85;32.5;46.2;44.1
O3;uur;µg/m³;2023-04-06T01:00:00+01:00;2023-04-06T02:00:00+01:00;41.2;55.5;29.4;19.2;32.9;12.93;34.47;37.88;15.41;48.36;52.79;55.92;60.41;52.21;57.05;24.19;50.64;55.94;41.6;62.87;40.64;48.56;25.85;37.61;58.85;;69.84;36.08;53.36;45.74;53.19;56.35;50.74;46.39;49.19;79.36;50.68;45.14;56.1;60.21;42.14;58.15;37;64.2;59.7
O3;uur;µg/m³;2023-04-06T02:00:00+01:00;2023-04-06T03:00:00+01:00;39.4;55.3;31.5;57;46.4;;;;;;;;;;;;;;;;;;;;;;;;;;;;;;;;;;;;;;47.9;61.7;61.7
O3;uur;µg/m³;2023-04-06T03:00:00+01:00;2023-04-06T04:00:00+01:00;42.7;55.1;50.1;41.7;28.9;7.13;36.26;34.36;20.62;46.13;43.68;46;55.89;37.31;36.46;28.62;51;39.91;44.64;57.69;50.5;55.55;54.51;40.38;53.5;;68.92;47.21;51.27;48.66;53.15;53.14;49.4;36.3;45.04;59.8;58;48.19;50.79;43.49;42.45;49.73;42.9;62.3;63
O3;uur;µg/m³;2023-04-06T04:00:00+01:00;2023-04-06T05:00:00+01:00;39.3;43.1;36.1;34.9;23.3;4.69;37.1;43.43;22.93;46.31;38.9;44.89;56.8;32.98;33.3;26.78;35.3;42.94;42.79;54.14;51.88;48.01;32.86;20.63;55.82;;60.44;41.73;47.92;41.06;44.6;49.99;41.95;35.82;39.06;57.6;53.26;42.3;49.03;43.61;39.77;41.81;37.8;59;61
O3;uur;µg/m³;2023-04-06T05:00:00+01:00;2023-04-06T06:00:00+01:00;32.1;26.1;26.5;24.3;14;6.55;30.01;44.9;18.09;38.82;34.4;35.43;46.29;26.86;41.91;38.17;16.11;41.43;41.7;46.69;48.38;23.46;18.73;11.86;56.68;;57.8;44.38;37.7;24.92;45.04;40.81;35.95;35.82;33.72;56.38;53.81;39.57;50.89;33.94;38.77;39.17;30;51.9;54.8
O3;uur;µg/m³;2023-04-06T06:00:00+01:00;2023-04-06T07:00:00+01:00;24.4;12.1;11.3;14.3;18.9;10.05;23.75;41.8;17.3;34.76;23.36;25.79;32.22;28.85;48.95;49.75;5.91;30.64;31.37;34.41;33.07;9.14;13.48;4.46;50.97;;54.97;39.81;23.8;15.63;37.09;29.1;37.49;29.23;31.38;45.28;42.8;38.55;46.5;34.88;37.81;30.4;24.8;35.8;51.5
O3;uur;µg/m³;2023-04-06T07:00:00+01:00;2023-04-06T08:00:00+01:00;25.8;13;25.5;34.2;36;16.55;32.12;46.3;46.63;37.04;15.27;32.12;27.34;31.88;62.97;68.55;9.08;29.26;30.64;30.12;25.67;19.13;17.36;10.3;54.85;;52.5;33.95;20.19;21.91;38.05;27.34;32.64;25.39;36.01;51.42;41.75;40.57;50.02;39.13;42.3;45.35;37.4;27.2;40.9
O3;uur;µg/m³;2023-04-06T08:00:00+01:00;2023-04-06T09:00:00+01:00;37.8;15.4;27.4;54;46.3;21.28;41.72;54.87;66.5;40.76;44.25;36.98;29.81;36.41;71.39;65.83;44.47;26.76;33.23;30.85;23.34;52.64;40.04;34.81;49.41;;61.05;34.61;27.4;29.67;34.16;31.63;33.68;28.19;50;57.07;43.95;42.45;53.05;47.47;53.62;56.96;39.3;20.2;35.5
O3;uur;µg/m³;2023-04-06T09:00:00+01:00;2023-04-06T10:00:00+01:00;59.1;39.3;54;65.8;45.1;27.85;47.03;63.34;67.57;43.93;54.19;42.2;47.46;47.06;74.28;69.73;69.77;37.74;57.07;41.94;30.24;65.84;64.56;59.59;47.6;;54.66;39.35;33.96;36.83;38.55;39.52;37.38;41.34;49.42;44.64;50.68;51.74;52.47;56.35;64.65;66.31;43.5;32.9;42.9
O3;uur;µg/m³;2023-04-06T10:00:00+01:00;2023-04-06T11:00:00+01:00;57.6;51.4;55.3;67.6;43.2;48.29;48.11;59.09;70.91;56.14;68.37;51.88;66.91;55.36;70.71;67.87;69.52;56.21;65.59;65.46;57.22;71.16;65.36;65.55;53.25;;57.01;42.64;34.89;34.14;39.5;39.17;37.3;57.04;51.13;51.12;63.25;54.17;57.54;65.64;73.56;76.68;49.1;37.3;47.1
O3;uur;µg/m³;2023-04-06T11:00:00+01:00;2023-04-06T12:00:00+01:00;62.4;50.1;56.2;64.1;38.6;60.09;59.78;63.32;74.73;67.66;65.24;61.18;70.44;66.36;68.56;62.83;65.61;61.79;71.94;69.34;71.19;64.55;68.62;55.39;57.25;;51.69;58.58;56.88;61.02;49.5;62.53;64.19;67.14;59.19;55.99;72.98;66.07;70.66;76.2;78.42;79.42;54.2;46.2;51.9
O3;uur;µg/m³;2023-04-06T12:00:00+01:00;2023-04-06T13:00:00+01:00;58.3;51.7;58;65.9;37.8;74.01;72.7;74.67;74.03;72.74;65.07;77.33;74.4;77.04;64.64;62.35;65.57;66.6;74.82;69.74;68.35;64.09;61.75;53.34;71.43;;65.26;68.75;65.94;66.56;65.71;70.73;69.78;71.68;70.89;69.74;74.63;63.67;71.58;83.21;87.7;86.07;63;54.2;62.6
O3;uur;µg/m³;2023-04-06T13:00:00+01:00;2023-04-06T14:00:00+01:00;57.3;51.3;55.9;55.1;33.1;73.3;72.55;74.48;71.82;70.08;58.88;70.18;82.05;72.32;58.76;60.58;60.75;63.19;71.77;67.07;66.78;61.4;50.68;48.38;79.94;;79.03;70.13;62.83;65.45;64.66;69.68;66.91;66.42;79.14;70.11;76.98;73.03;70.76;86.15;84.21;90.42;67.6;61;71
O3;uur;µg/m³;2023-04-06T14:00:00+01:00;2023-04-06T15:00:00+01:00;53.5;50.8;50.4;53.7;31.6;66.64;71.89;76.24;78.33;69.52;55.9;65.99;68.9;67.98;56.25;55.57;54.97;59.93;67.11;67.57;65.35;57.61;52.68;45.19;81.96;;78.38;64.3;56.48;59.08;60.14;64.48;60.44;71.76;74.61;69.2;75.28;66.24;80.05;89.96;84.7;88.31;56.7;60.2;67.6
O3;uur;µg/m³;2023-04-06T15:00:00+01:00;2023-04-06T16:00:00+01:00;48;45.3;41.6;51.3;31;71.56;70.67;74.44;75.37;69.51;56.41;63.44;63.63;65.43;52.53;51.91;47.63;53.09;60.61;64.62;61.14;52.2;52.79;37.59;74.41;;75.79;61.21;54.96;57.32;56.19;61.46;60.47;71.99;70.24;66.09;70.66;68.96;78.64;83.14;87.13;86.21;53.8;51;63.3
O3;uur;µg/m³;2023-04-06T16:00:00+01:00;2023-04-06T17:00:00+01:00;46.2;35.5;39;39.1;27.8;66.32;65.71;73.11;74.48;63.54;47.36;56;58.2;61.33;46.85;59.4;45.05;46.77;55.18;57.85;55.24;45.35;43.36;32.56;71.25;;71.52;58.03;53.66;56.64;53.18;60.34;55.39;70.73;67.14;67.04;73.78;68.69;76.54;85.94;84.76;86.56;53.9;51.1;61.7
O3;uur;µg/m³;2023-04-06T17:00:00+01:00;2023-04-06T18:00:00+01:00;38.7;28.2;34.2;26.7;23.9;65.88;64.68;66.64;70.04;59.7;45.45;56.48;54.05;58.19;51.39;62.04;34.13;42.05;47.08;50.2;48.75;33.39;35.88;24.1;67.87;;68.73;52.71;50.16;52.74;53.15;56.58;51.78;65.45;67.66;61.08;73.03;64.53;71.08;71.85;73.7;85.79;49.8;48.7;58.1
O3;uur;µg/m³;2023-04-06T18:00:00+01:00;2023-04-06T19:00:00+01:00;30.8;11.3;27.1;30.3;21.2;62.24;61.91;62.44;65.88;52.54;50.97;51.27;44.29;52.05;53.79;59.62;38.45;21.42;43.33;42.24;38.72;32.69;26.13;30.26;63.01;;67.75;49.06;46.95;43.79;46.09;53.9;45.06;62.7;63.56;60.62;70.6;66.73;69.02;65.45;76.37;77.89;48.2;48.4;54.9
O3;uur;µg/m³;2023-04-06T19:00:00+01:00;2023-04-06T20:00:00+01:00;5.9;28.5;41.4;41.8;24.1;56.15;58.88;61.04;63.03;46.94;47.1;45.4;34.33;46.47;52.58;50.83;59.22;40.68;45.71;31.89;53.47;53.88;30.63;53.34;58.79;;63.32;42.76;43.13;42.05;35.29;47.95;38.9;57.34;61.22;58.87;66.18;65.68;68.05;62.89;76.06;73.89;47.5;41.9;46
O3;uur;µg/m³;2023-04-06T20:00:00+01:00;2023-04-06T21:00:00+01:00;14;30.3;39.5;28.4;17;51.99;52.75;61.14;62.48;42.46;48.49;44.97;44.54;43.65;59.38;55.77;67.85;46.21;50.39;31.32;62.38;65.39;33.86;63.24;48.45;;60.13;31.05;34.01;33.11;21.1;37.8;30.39;58.68;59.27;55.3;62.05;60.26;65.36;62.4;71.73;67.44;40.8;28.2;33.8
O3;uur;µg/m³;2023-04-06T21:00:00+01:00;2023-04-06T22:00:00+01:00;17.1;36.3;34.9;29.2;18.8;50.21;45.74;59.83;59.35;44.84;33.85;38.5;44.42;42.22;65.36;53.58;65.51;44.71;61.82;25.46;64.86;63.85;25.61;61.29;36.04;;56.82;29.51;22.87;14.23;25.83;26.92;30.36;54.66;53.88;49.54;61.02;51.93;61.11;61.41;66.02;64.85;28.7;21.5;33.9
O3;uur;µg/m³;2023-04-06T22:00:00+01:00;2023-04-06T23:00:00+01:00;8.1;28.6;23.4;22.5;33.9;49.73;41.85;52.05;57.12;48;43.38;39.14;48.07;45.21;59.12;65.11;66.59;38.9;67.37;40.17;78.92;65.22;43.66;65.53;49.71;;51.37;56.79;34;35.34;44.11;38.48;43.73;55.2;48.26;41.35;56.85;45.29;57.18;69.27;64.67;64.09;46.1;36.3;48.9
O3;uur;µg/m³;2023-04-06T23:00:00+01:00;2023-04-07T00:00:00+01:00;0.3;43.4;57.3;43.3;33.8;47.21;37.98;55.65;55.09;48.09;38.87;44.8;53.17;47.71;53.79;64.02;66.57;57.81;62.11;36.32;79.85;70.67;50.29;67.61;64.46;;42.75;70.3;55.72;53.65;60.58;59.25;54.18;51.99;38.72;34.17;54.41;43.4;51.38;67.81;63.81;67.7;70.9;61.6;62.5
O3;uur;µg/m³;2023-04-07T00:00:00+01:00;2023-04-07T01:00:00+01:00;0.4;53.4;51.9;51.2;37.9;44.98;38.39;56.46;56.66;49.12;44.08;45.49;58.04;43.26;57.47;68.43;68.33;65.72;57.21;53.92;80.67;68.02;47.71;67.66;69.59;;53.44;71.47;65.05;69.3;65.11;69.16;66.07;51.4;36.59;39.09;52.42;40.84;56.02;67.27;64.93;67.8;57.1;53.9;67.7
O3;uur;µg/m³;2023-04-07T01:00:00+01:00;2023-04-07T02:00:00+01:00;55.7;43.2;50.1;61.9;38.8;46.22;48.35;53.86;56.37;51.04;38.17;47.3;56.46;46.96;64.98;72.71;69.93;61.28;48.92;59.65;80.36;68.28;46.05;67.05;76.75;;73.77;74.17;67.04;70.61;66.85;69;65.8;46.14;52.14;49.23;48.36;40.52;63.46;65.01;64.3;65.45;66.1;59.3;68.3
O3;uur;µg/m³;2023-04-07T02:00:00+01:00;2023-04-07T03:00:00+01:00;11.8;44.7;51.1;44.9;33.1;41.91;53.06;50.36;51.7;48.99;42.61;45.83;54.15;49.17;60.91;62.88;71;59.72;46.79;54.98;80.13;69.29;49.83;70.48;77.6;;74.44;72.79;67.14;71.59;68.63;69.51;69.97;38.92;58.64;63.96;44.54;55.38;70.97;62.68;62.97;63.49;69.7;57.1;65.8
O3;uur;µg/m³;2023-04-07T03:00:00+01:00;2023-04-07T04:00:00+01:00;47.4;44;47;66.4;42.4;46.39;63.74;52.87;52.85;48.56;54.42;60.37;43.78;54.05;59.81;51.05;74.59;57.57;44.29;49.19;84.17;73.18;47.03;73.79;77.82;;74.69;65.19;65.15;69.33;61.77;67.2;61.5;35.37;61.06;67.71;39.57;61.51;72.13;61.76;61.39;61.39;74;62.6;64
O3;uur;µg/m³;2023-04-07T04:00:00+01:00;2023-04-07T05:00:00+01:00;60.6;41.9;60.2;73.5;48.8;55.58;65.29;52.14;53.41;52.3;54.2;58.66;32.17;53.67;60.99;53.08;81.08;59.48;49.7;28.5;86.52;78.4;60.76;80.07;73.49;;75.09;74.83;60.37;59.39;64.43;62.18;53.25;33.57;62.72;63.87;38.49;67.75;65.47;61.15;59.79;60.66;80.7;65.1;70
O3;uur;µg/m³;2023-04-07T05:00:00+01:00;2023-04-07T06:00:00+01:00;59.7;52.1;60.9;73.2;49.2;64.18;62.97;48.92;46.52;45.04;53.18;46.66;38.13;50.76;67.18;57.75;79.04;74.39;48.8;31.75;84.62;78.3;59.99;79.58;75.05;;73.37;77.89;64.49;63.17;57.02;68.35;60.45;44.21;58.35;56.16;58.13;64.02;52.93;61.31;58.71;61.2;76.8;56.6;61.5
O3;uur;µg/m³;2023-04-07T06:00:00+01:00;2023-04-07T07:00:00+01:00;55.8;45.6;55.7;71.6;51.1;65.07;57.87;51.04;63.48;32.07;59.16;33.71;33.53;43.89;57.72;58.05;78.56;63.46;69.86;58.27;88.76;73.33;57.04;78.89;69.58;;68.13;73.52;58.19;66.83;54.92;64.49;67.67;56.57;59.43;51.48;59.01;61.75;44.21;61.22;61.27;60.93;70.9;52;54.7
O3;uur;µg/m³;2023-04-07T07:00:00+01:00;2023-04-07T08:00:00+01:00;55.2;50.4;58.3;77;52.2;55.88;55.09;59.07;60.61;31.56;62.18;34.08;51.13;41.61;66.83;73.15;80.74;63.28;69.8;69.82;93;81.63;55.77;84.2;70.43;;69.2;71.89;51.47;65.43;50.91;61.98;71.48;61.03;59.65;45.08;52.47;58.31;39.92;61.42;59.91;61.75;71.6;58.4;56.9
O3;uur;µg/m³;2023-04-07T08:00:00+01:00;2023-04-07T09:00:00+01:00;64.3;69.1;72.6;82.9;55;50.53;64.69;54.59;56.06;36.76;67.77;45.42;67.48;52.54;68.66;72.79;81.51;76.43;78.47;78.14;92.2;81.85;71.1;84.3;71.69;;69.2;79.15;50.96;61.07;59.4;59.87;72.28;63.98;61.14;48.82;36.93;57.79;38.99;;61.79;63.52;74.9;54;62.3
O3;uur;µg/m³;2023-04-07T09:00:00+01:00;2023-04-07T10:00:00+01:00;71.8;67.5;77.7;86.8;55.8;52.66;73.21;56.45;61.19;62.11;76.83;61.63;77.47;59.92;77.51;80.93;82.63;78.13;86.01;83.99;89.45;87.1;79.23;84.91;67.2;;69.82;80;65.3;74.78;58.88;71.72;79.7;48.09;66.22;60.93;38.68;50.97;45.15;;66.21;54.82;75.8;60.9;67.8
O3;uur;µg/m³;2023-04-07T10:00:00+01:00;2023-04-07T11:00:00+01:00;68.7;66.6;75.9;87;52;59.55;68.46;65.69;64.26;75.66;79.13;66.23;80.81;68.94;74.2;83.94;75.34;80.92;86.86;81.77;88.75;81.58;77.68;80.73;62.93;;71.57;79.56;64.87;73.71;55.85;73.04;76.96;46.96;70.43;64.75;45.51;42.11;44.73;;61.9;61.15;78.2;58.9;67
O3;uur;µg/m³;2023-04-07T11:00:00+01:00;2023-04-07T12:00:00+01:00;66.6;65.9;75.4;84.9;52.2;66.99;69.33;74.09;71.87;81.3;84.19;70.54;81.11;77.4;80.3;84.34;79.53;78.58;77.94;78.36;90.05;82.99;76.83;83.91;53.03;;73.35;77.93;66.74;71.65;60.49;71.97;74.46;49.7;69.82;63.01;50;46.43;43.12;;64.75;67.46;77;57.5;56.6
O3;uur;µg/m³;2023-04-07T12:00:00+01:00;2023-04-07T13:00:00+01:00;65.2;68.6;75.6;86.8;51.8;64.91;72.88;72.67;71.25;81.39;85.05;76.51;75.82;80.33;81.44;83.79;83.38;80.3;76.71;75.49;90.19;84.7;77.87;84.11;51.77;;74.96;79.11;65.31;73.37;57.65;72.58;76.12;49.84;70.7;67.59;53.08;51.33;46.01;;68.71;80.44;75;59.2;64.2
O3;uur;µg/m³;2023-04-07T13:00:00+01:00;2023-04-07T14:00:00+01:00;61.7;64.3;75.8;85.7;52.4;68.47;73.42;68.87;70.99;78.33;85.45;67.5;73.71;78.46;79.68;85.8;82.97;79.7;78.25;76.26;90.58;84.49;77.91;83.95;54.65;;77.13;77.69;67.09;72.27;51.26;71.65;76.34;52.35;72.1;67.6;56.98;53.07;51.85;;75.69;86.38;73.3;56.9;62.2
O3;uur;µg/m³;2023-04-07T14:00:00+01:00;2023-04-07T15:00:00+01:00;68.7;65.7;75.6;87.8;53.3;71.83;73.14;70.6;75.96;72.26;83.59;66.1;76.82;78.73;80.7;85.59;84.17;77.89;79.69;76.21;89.07;80.89;76.34;82.76;55.43;;72.5;76.1;61.82;70.03;53.52;67.37;75.06;54.13;72.73;57.57;60.62;54.89;56.06;80.27;80.96;85.64;68.7;55.3;60.1
O3;uur;µg/m³;2023-04-07T15:00:00+01:00;2023-04-07T16:00:00+01:00;70.6;65.9;76;86.5;51.3;70.55;73.38;62.45;69.84;70.95;82.31;65.61;78.51;76.02;78.81;83.63;83.96;80.22;81.02;74.71;89.35;83.7;77.04;82.38;52.46;;69.44;76.98;61.88;68.62;54.44;68.84;74.43;51.94;73.71;59.69;62.2;59.04;56.97;85.06;83.79;87.84;58.5;54;59
O3;uur;µg/m³;2023-04-07T16:00:00+01:00;2023-04-07T17:00:00+01:00;69.3;67.3;76.9;85.6;51;71.38;69.29;67.17;68.92;73.74;79.27;67.03;74.01;71.84;79.04;82.19;84.48;81.14;81.31;73.77;85.85;84.19;77.79;81.2;53.12;;69.26;71.7;62.19;68.61;53.15;68.4;69.74;51.75;69.21;58.3;62.45;56.86;56.55;88.33;82.95;99.46;65.8;56.3;57.3
O3;uur;µg/m³;2023-04-07T17:00:00+01:00;2023-04-07T18:00:00+01:00;66.8;66.7;75.4;83.3;50.6;69.54;68.24;68.69;74.42;72.84;80.23;62.8;73.92;69.39;78.19;81.02;82.37;80.79;79.28;73;84.75;82.49;76.05;82.19;58.58;;66.97;72.78;59.73;65.44;47.42;66.49;71.01;51.47;68.18;56.62;61.57;57.42;53.92;88.6;83.85;93.52;62.5;45.9;55.2
O3;uur;µg/m³;2023-04-07T18:00:00+01:00;2023-04-07T19:00:00+01:00;62.5;63;70.9;81.8;49.7;68.74;65.42;64.75;69.67;68.28;76.69;59.71;73.39;67.69;75.72;76.69;79.77;78.03;79.77;77.46;80.07;80.16;72;80.75;60.22;;63.09;71.41;55.64;61.35;41.37;60.94;69.85;39.76;64.65;46.44;59.45;47.52;46.67;70.13;88.61;90;56.2;34.1;47.4
O3;uur;µg/m³;2023-04-07T19:00:00+01:00;2023-04-07T20:00:00+01:00;64.1;56.1;69.9;80.3;50.7;66.38;64.53;62.22;67.48;68.44;74.52;64.18;74.82;64.89;76.95;78.58;79.17;75.3;74.02;74.1;73.35;79.96;72.31;78.01;53.87;;52.73;66.58;54.2;59.25;41.09;58.3;65.21;35.03;57.45;54.93;47.37;38.53;42.3;50.82;80.12;87.06;51.2;40.2;38.4
O3;uur;µg/m³;2023-04-07T20:00:00+01:00;2023-04-07T21:00:00+01:00;58;54.2;70.6;79.3;49.9;59.39;59.65;58.51;67.72;59.12;73.27;63.39;73.21;56.86;73.42;75.8;76.92;69.7;63.1;71.13;66.21;75.75;73.11;77;47.25;;42.27;60.81;45.52;54.89;33.64;51.69;63.31;31.61;52.58;42.07;21.27;40.9;49.24;63.92;70.72;79.33;51.9;29.9;40.3
O3;uur;µg/m³;2023-04-07T21:00:00+01:00;2023-04-07T22:00:00+01:00;58.2;53.3;66.9;76.3;47.4;53.59;58.23;43.41;60.02;66.39;70.47;63.71;64.81;54.61;70.14;70.96;73.88;68.53;63.75;61.75;60.72;74.19;70.77;74.91;37.19;;36.51;56.41;39.03;47.15;26.15;42.59;59.66;19.88;41.42;39.7;20.57;47.16;39.42;65.07;66.67;71.82;39.9;23.8;34.2
O3;uur;µg/m³;2023-04-07T22:00:00+01:00;2023-04-07T23:00:00+01:00;59.7;50.8;64.5;73.9;46.3;51.42;57.57;55.02;58.63;59.26;69.98;64.16;66.67;52.73;69.53;70.92;72.79;67.52;62.01;54.16;57.41;70.66;66.22;71.58;36.83;;20.78;50.35;30.3;39.32;23.33;34.5;54.85;7.95;29.47;37.03;12.89;48.32;51.87;59.78;60.98;62.52;37.3;34.8;28.4
O3;uur;µg/m³;2023-04-07T23:00:00+01:00;2023-04-08T00:00:00+01:00;58.3;51.6;62.1;68.1;45;47.34;52.45;54.05;56.58;52.78;59.27;60.68;57.43;51.74;64.91;69.71;64.29;66.64;59.14;61.82;53.21;66.97;61.98;63.56;43.07;;22.21;45.51;20.85;28.7;33.39;24.63;47.61;7.83;34.28;34.24;30.67;58.37;45.35;53.9;63.41;60.38;35.3;33.7;33.9
O3;uur;µg/m³;2023-04-08T00:00:00+01:00;2023-04-08T01:00:00+01:00;48.5;49.5;58.8;68;42.4;43.75;48.57;53.01;54.38;48.3;48.97;56.08;51.48;47.48;60.22;65.15;53.93;63.56;51.38;58.83;46.55;53.96;58.27;54.03;59.22;;17.23;37.87;26.64;29.44;39.71;32.18;43.28;6.02;29.86;32.19;54.79;62.08;49.87;46.01;59.67;51.05;28.9;21.7;32.3
O3;uur;µg/m³;2023-04-08T01:00:00+01:00;2023-04-08T02:00:00+01:00;45.4;45;51.7;59.7;39.9;45.65;42.72;50.75;55.53;44.36;55.29;60.04;46.45;45.16;64.47;58.05;48.85;57.28;51.52;52.54;39.34;49.59;52.18;50.41;63.24;;20.3;42.64;39.08;41.38;35.9;45.79;41.33;10.8;23.73;17.61;57.98;59.94;51.24;39.6;48.63;45.86;15.3;6.6;20.4
O3;uur;µg/m³;2023-04-08T02:00:00+01:00;2023-04-08T03:00:00+01:00;23.4;37.6;44.1;49.8;32.5;41.69;36.29;51.09;52.05;40.36;54.98;55.96;43.11;43.53;64.38;57.1;48.51;51.46;47.72;50.11;39.88;48.67;42.22;46.01;61.66;;33.1;43.67;37.6;43.75;38.11;42.78;31.12;19.3;29.06;21.16;56.03;51.2;45.73;34.77;43.36;34.28;19.5;11;3.5
O3;uur;µg/m³;2023-04-08T03:00:00+01:00;2023-04-08T04:00:00+01:00;22.7;36.9;41.9;40.8;27.9;42.73;31.37;43.02;48.06;37.9;43.48;43.2;38.35;39.82;62.65;56.23;43.02;43.48;34.38;43.78;29.03;39.37;36.54;40.78;57.02;;42.18;44.48;32.5;40.33;41.22;36.53;29.88;16.84;23.83;16.93;53.1;47.17;42.43;31.69;39.73;28.87;22.5;9.1;12.9
O3;uur;µg/m³;2023-04-08T04:00:00+01:00;2023-04-08T05:00:00+01:00;24.9;29.7;34.9;33.6;26.3;43.29;16.99;37;49.99;30.5;31.43;37.51;30.49;35.75;56.11;49.48;35.8;41.94;25.47;37.18;21;26.24;23.97;17.96;52.48;;42.35;43.75;29.23;33.93;24.78;35.33;34.7;18.67;16.17;15.51;48.53;44.03;40.99;28.42;36.93;26.38;16.4;8.6;7.9
O3;uur;µg/m³;2023-04-08T05:00:00+01:00;2023-04-08T06:00:00+01:00;20.7;18.5;26.2;28.1;25.8;42.12;22.4;28.83;46.18;29.67;35.57;36.42;28.49;33.14;53.09;55.15;32.85;41.24;18.55;33.88;20.21;20.56;18.6;21.18;49.3;;39.88;35.13;32.11;36.33;21.97;36.73;35.93;17.14;13.37;12.34;41.07;39.49;34.74;25.37;32.59;28.12;27.1;23.9;18.6
O3;uur;µg/m³;2023-04-08T06:00:00+01:00;2023-04-08T07:00:00+01:00;8.5;25.1;19.3;22.7;25.1;37.21;30.11;33.92;42.21;29.85;37.51;36.57;37.02;30.95;52.1;59.43;26.37;45.49;22.75;35.86;18.24;36.26;8.11;27.01;45.55;;37.03;25.53;35.38;37.09;28.93;38.27;37.13;19.29;9.38;13.54;36.92;33.29;27.94;23.75;29.05;27.95;40.6;38.9;30.1
O3;uur;µg/m³;2023-04-08T07:00:00+01:00;2023-04-08T08:00:00+01:00;21.5;34.5;30.3;31.1;26.1;35.74;38.19;41.76;45.76;38.7;42.93;48.2;44.1;37.19;51.67;52.5;39.31;40.15;39.22;32.64;14.5;36.78;31.36;32.65;41.9;;39.02;26.85;30.42;36.97;32.99;33.74;37.54;28.51;9.39;17.43;35.11;29.61;25.51;30;37.24;35.63;45.5;37.2;43.7
O3;uur;µg/m³;2023-04-08T08:00:00+01:00;2023-04-08T09:00:00+01:00;21.3;27;32.4;38.1;32.4;41.94;39.57;50.58;54.08;53.99;39.74;45.83;46.61;51.28;57.65;62.64;45.21;33.38;44.45;35.86;28.29;45.15;36.17;40.33;42.43;;41.42;34.2;29.59;32.15;37.79;32.77;34.12;30.98;33.53;24.74;34.52;29.57;33.46;39.31;51;48.08;50.8;42.6;48.5
O3;uur;µg/m³;2023-04-08T09:00:00+01:00;2023-04-08T10:00:00+01:00;23.3;37.7;36;40.1;32.6;47.09;37.19;52.74;49.09;56.03;38.91;45.57;44.7;56.03;53.19;61.8;42.52;41.62;42.16;37.26;52.94;42.47;40.14;39.7;40.77;;45.11;44.35;35.76;35.66;42.91;37.51;34.23;36.71;46.92;30.14;37.26;33.14;36.31;43.86;54.35;50.31;52.5;48.5;49.7
O3;uur;µg/m³;2023-04-08T10:00:00+01:00;2023-04-08T11:00:00+01:00;33.2;36.9;42;46.4;32.6;57.34;42.77;55.27;52.51;52.18;48.49;46.8;43.63;53.07;48.87;60.28;42.34;43.91;45.47;43.19;62.84;41.91;44.26;38.87;46.23;;52.52;53.7;49.68;47.21;53.64;51.86;46.99;42.86;56.77;49.54;45.64;41.87;43.62;44.66;56.48;53.37;53.5;46.5;52.1
O3;uur;µg/m³;2023-04-08T11:00:00+01:00;2023-04-08T12:00:00+01:00;47;41.8;48.7;53.7;33;60.37;49.19;70.63;65.83;53.16;58.98;48.47;39.08;60.8;52.4;65.38;47.91;57.22;54.58;52.73;70.05;47.52;60.8;42.37;48.3;;62.31;64.65;67.88;66.19;58.56;68.02;56.91;47.44;66.67;65.46;44.99;47.77;52.42;47.62;57.22;53.05;63.2;57.5;64.4
O3;uur;µg/m³;2023-04-08T12:00:00+01:00;2023-04-08T13:00:00+01:00;60.8;57.2;63;55.9;33.1;66.43;59.2;74.13;74.13;60.77;60.68;58.03;52.7;70.88;56.27;66.26;49.93;66.66;64.96;62.31;75.18;77.21;74.84;46.85;56.13;;75.05;71.64;81.35;85.02;61.96;82.92;74.2;64.03;80.3;70.62;50.04;56.28;57.04;47.09;57.14;52.88;70.3;67.9;73.3
O3;uur;µg/m³;2023-04-08T13:00:00+01:00;2023-04-08T14:00:00+01:00;79;71.6;83.4;34.6;34.3;77.3;68.09;80.02;76.16;76.27;71.82;69.29;77.07;82.61;58.4;66.78;59.88;94.61;89.27;75.13;90.07;96.73;93.38;58.61;63.64;;78.81;85.16;88.05;92.65;66.64;90.66;90.23;62.87;77.32;72.58;59.36;61.4;54.2;48.84;62.65;56.77;73.4;67.8;80.4
O3;uur;µg/m³;2023-04-08T14:00:00+01:00;2023-04-08T15:00:00+01:00;87;88.5;95.4;47.3;35.4;86.08;84.89;85.12;81.38;89.32;84.12;68.74;94.3;88.52;67.02;56.72;68.81;98.46;96.36;91.27;85.23;105.86;100.61;68.66;61.33;;78.41;98.71;82.09;89.84;83.71;84.03;89.98;56.67;73.04;71.92;58.73;59.57;52.57;50.9;67.65;60.91;67.9;69.2;77
O3;uur;µg/m³;2023-04-08T15:00:00+01:00;2023-04-08T16:00:00+01:00;93.9;87.3;94.3;46.5;41.8;72.37;84.18;92.99;91.97;85.87;91.93;71.05;92.4;74.87;66.47;63.31;76.84;100.46;104.88;99.06;82.93;99.42;106.01;76.12;58.35;;75.17;92.49;74.22;79.95;76.11;75.99;85.32;51.4;72.11;69.62;60.16;58.08;46.98;51.64;59.8;58.85;66.4;61.3;68.3
O3;uur;µg/m³;2023-04-08T16:00:00+01:00;2023-04-08T17:00:00+01:00;93.1;94.3;96.1;80.8;50.5;73.55;62.57;87.18;76.76;84.87;95.91;75.66;89.79;80.33;55.82;77;81.8;104.21;105.34;95.25;80.89;88.99;103.52;79.28;57.99;;71.02;84.01;69.52;74;60.41;71.2;85.55;49.38;73.9;64;52.54;49.94;47.88;55.1;54.81;60.79;67.9;61.1;74.4
O3;uur;µg/m³;2023-04-08T17:00:00+01:00;2023-04-08T18:00:00+01:00;92.1;87.6;85.3;87.2;52.3;69.14;61.53;72.3;76.18;91.7;94.27;74.69;98.95;83.35;46.34;68.37;79.88;95.92;103.42;100.15;65.28;77.1;94.74;76.51;54.7;;55.14;72.44;72.25;73.44;53.94;74.29;68.82;44.67;71.76;63.57;50.93;47.7;44.35;56.39;51.94;62.73;63.8;62.6;69.5
O3;uur;µg/m³;2023-04-08T18:00:00+01:00;2023-04-08T19:00:00+01:00;79;71.6;67.1;66.3;52.6;54.45;57.13;69.55;64.15;75.39;63.89;68.43;87.75;78.67;46.66;54.63;70.17;76.99;88.54;84.46;66.2;65.21;70.77;56.42;47.95;;49.87;56.39;57.34;63.89;48.92;61.72;46.62;42.28;65.44;57.28;49.47;48.51;47.36;52.37;50.36;49.95;55.1;55.7;62
O3;uur;µg/m³;2023-04-08T19:00:00+01:00;2023-04-08T20:00:00+01:00;56.8;64.3;53.6;54.8;38.4;47.58;51.81;50.45;43.77;63.78;40.1;51.76;73.32;61.18;58.52;49.25;51.56;69.07;65.35;64.75;58.59;63.83;58.34;36.67;45.41;;44.32;51.55;42.22;46.61;35.28;44.63;38.47;47.08;56.33;49.09;48.71;44.69;51.12;51.63;46.86;40.49;42.3;44.7;48.3
O3;uur;µg/m³;2023-04-08T20:00:00+01:00;2023-04-08T21:00:00+01:00;53.4;50.3;51.7;46;30.7;45.81;52.71;39.97;42.72;50.48;33.22;40.95;61.73;46.3;56.81;34.81;45.18;57.6;43.94;43.19;47.65;49.34;53.93;29.42;46.58;;41.73;45.99;24.26;36.99;18.02;33.21;32.01;47.32;50.44;44.8;47.36;44.38;47.09;49.54;41.21;37.3;38.2;30;34.7
O3;uur;µg/m³;2023-04-08T21:00:00+01:00;2023-04-08T22:00:00+01:00;33.8;42.7;46.2;47.1;26.1;36.75;49.86;42.36;45.04;41.33;33.5;50.65;44.72;43.11;24.54;26.97;38.61;48.39;34.55;36.24;40.54;47.25;49.2;24.31;49.88;;35.49;38.34;33.64;31.73;20.05;33.59;27.25;44.7;49.66;50.57;46.51;44.99;37.11;48.22;38.25;35.12;36.9;28.9;28.7
O3;uur;µg/m³;2023-04-08T22:00:00+01:00;2023-04-08T23:00:00+01:00;21.2;34.5;39.5;36;29.2;39.1;44.65;43.81;42.61;34.57;35.93;53.28;31.57;54.77;11.01;41.22;28.7;42.14;33.4;30.1;33.11;23.83;40.67;18.37;51.56;;42.19;32.73;17.58;25.16;22.47;21.17;25.69;42.66;45.56;42.59;42.91;44.7;32.9;48.76;34.23;40.37;46.1;40.2;41.6
O3;uur;µg/m³;2023-04-08T23:00:00+01:00;2023-04-09T00:00:00+01:00;24.3;27.2;25.4;36.6;19.4;36.03;40.66;37.8;33.51;38.77;37.68;51.15;25.75;52.11;27.54;31.97;24.97;31.6;24.11;27.98;26.3;18.25;20.47;13.44;47.19;;43.88;30.48;13.82;23.21;23.78;21.53;19.79;44.64;49.6;46.85;40.41;42.89;30.36;45.33;46.62;40.29;44.4;42.5;43.3
O3;uur;µg/m³;2023-04-09T00:00:00+01:00;2023-04-09T01:00:00+01:00;8.7;18.7;17.7;21.5;6.3;28.19;34.41;32.1;30.24;52.37;28.22;42;23.34;42.81;27.06;15.78;29.31;24.39;21.51;13.81;33.81;23.11;19.79;19;47.79;;46.39;25.13;20.45;21.91;27.01;24.37;37.08;41.29;47.99;48.34;38.39;42.11;26.83;47.48;44.04;45.3;45;43;45.9
O3;uur;µg/m³;2023-04-09T01:00:00+01:00;2023-04-09T02:00:00+01:00;6.5;17.2;12;16.5;9.5;23.34;30.86;16.96;18.06;45.73;24.05;40.34;36.65;35.97;28.4;22.45;29.62;15.53;21.15;29.14;39.77;23.8;13.53;21.33;50.52;;51.17;26.78;29.2;32.9;28.95;30.33;39.33;35.05;46.04;46.35;36.46;41.67;26.3;44.37;50.03;48.49;42.8;39.6;40
O3;uur;µg/m³;2023-04-09T02:00:00+01:00;2023-04-09T03:00:00+01:00;10.5;19.4;17.4;12.7;10.8;22.32;26.31;6.74;12.56;39.33;18.76;36.44;55.66;32.97;25.49;16.53;25.47;20.71;14.63;40.82;35.64;20.98;4.69;17.83;52.15;;47.01;28.39;41.4;42.1;35.59;42.08;44.01;38.48;45.45;46.61;36.24;40.59;36;39.2;47.48;52.04;45.5;38.9;44.3
O3;uur;µg/m³;2023-04-09T03:00:00+01:00;2023-04-09T04:00:00+01:00;13.4;19.4;11.1;10.3;8.1;20.15;22.12;3.96;8.79;38.27;18.09;30.3;48.4;27.14;22.69;22.73;23.45;26.56;26.62;43.23;31.86;13.41;3.08;15.85;50.65;;46.36;35.11;43.09;45.93;42.57;44.43;43.96;36.51;44.57;42.85;38.83;40.32;48.85;34.57;48.36;49.99;50;43.6;49.6
O3;uur;µg/m³;2023-04-09T04:00:00+01:00;2023-04-09T05:00:00+01:00;31.2;34.7;30;8.1;5.8;16.53;21.33;2.49;7.77;32.72;13.24;27.07;45.52;22.71;23.66;23.7;23.74;42.51;35.89;46.66;31.37;1.32;4.82;12.31;51.34;;47.05;42.46;43.34;48.51;42.11;44.94;43.97;34.59;46.57;35.78;40.9;37.04;50.02;31.71;40.6;44.78;50;40.9;49.8
O3;uur;µg/m³;2023-04-09T05:00:00+01:00;2023-04-09T06:00:00+01:00;39.8;38.6;43.5;6.7;2.2;12.32;16.6;2.38;4.8;29.88;12.52;16.93;41.35;18.93;29.62;25.67;23.64;37.4;39.64;42.4;28.86;9.4;41.46;10.92;49.91;;49.75;43.41;42.85;45.55;41.72;45.42;45.78;33.4;42.99;35.5;44.7;35.6;49.13;33.12;35.54;36.72;49.6;38.7;49.8
O3;uur;µg/m³;2023-04-09T06:00:00+01:00;2023-04-09T07:00:00+01:00;32.9;39.2;39.5;14.9;2.4;9.23;15.01;3.35;6.34;20.71;14.52;19.09;38.15;17.99;36.03;27.91;34.5;24.61;39.49;35.57;46.21;25.65;15.51;17.7;50.09;;48.04;43.24;45.15;41.73;40.77;46.7;42.58;28.88;40.21;33.74;40.71;39.1;45.8;34.11;32.44;31.39;49.2;38.4;51.1
O3;uur;µg/m³;2023-04-09T07:00:00+01:00;2023-04-09T08:00:00+01:00;31.2;33.7;33.9;29.7;6.4;13.35;17.97;4.92;13.72;20.68;19.77;21.5;32.25;21.5;42.55;20.18;39.94;21.07;37.52;32.83;47.37;31.47;27.45;22.05;50.81;;47.93;42.33;40.31;39.21;38.43;41.82;38.67;34.35;45.44;30.93;43.15;40.81;42.24;30.62;36.92;43.68;50.3;40.7;52.4
O3;uur;µg/m³;2023-04-09T08:00:00+01:00;2023-04-09T09:00:00+01:00;35;28.8;33.2;32.7;12.2;26.15;29.11;18.05;30;27.44;32.95;25.47;29.61;25.55;37.35;31.55;39.43;22.27;38.04;37.51;50.28;37.17;31.21;22.83;53.03;;49.35;40.75;36.38;32.5;37.76;39.68;38.59;35.8;47.02;32.65;46.79;46.38;45.92;38.31;51.99;47.16;43;36.8;50
O3;uur;µg/m³;2023-04-09T09:00:00+01:00;2023-04-09T10:00:00+01:00;37.7;32.8;38.9;33;23.8;39.69;38.23;40.77;38;31.12;36.63;29.59;39.42;35.67;43.88;51.51;41.7;25.78;40.94;37.39;51.62;45.23;35.01;28.05;51.32;;49.68;37.63;37.15;37.41;39.85;38.21;37.41;45.96;49.02;52.05;48.54;46.12;45.74;42.98;54;54.03;45.6;33.9;47.2
O3;uur;µg/m³;2023-04-09T10:00:00+01:00;2023-04-09T11:00:00+01:00;36.2;32.7;37;36.1;26.2;50.93;52.74;58.72;61.18;45.37;46.14;37.21;51.56;49.07;50.92;52.89;41.67;29.54;43.59;39.39;48.31;42.82;38;27.64;49.42;;56.21;42.78;44.5;44.57;40.38;46.6;43.68;59.77;57.76;61.35;53.24;50.36;47.65;48.25;55.29;59.08;43.8;25.9;46.5
O3;uur;µg/m³;2023-04-09T11:00:00+01:00;2023-04-09T12:00:00+01:00;40.1;31.7;37.5;36.7;26.1;69.62;67.87;74.1;65.54;64.65;56.64;57.72;60.37;66.55;50.45;58.52;40.26;31.22;46.91;49.53;46.9;42.05;37.1;27.03;49.89;;61.34;54.07;52.52;51.43;48.93;55.07;53.02;71.84;69.09;67;66.92;59.96;55.02;55.76;58.56;60.26;47.2;31.7;48.5
O3;uur;µg/m³;2023-04-09T12:00:00+01:00;2023-04-09T13:00:00+01:00;43.2;35.3;44.3;44;26.1;75.86;74.36;72.58;73.31;73.52;68.43;70.19;70.74;73.67;52.18;66.23;47.29;45.19;58.14;61.71;56.36;53.53;47.72;34.17;57.83;;67.13;59.97;62.54;63.21;58.14;64.91;64.95;77.34;75.84;74.2;73.81;63.77;56.8;67.83;64.15;64.73;52.7;41.6;53.3
O3;uur;µg/m³;2023-04-09T13:00:00+01:00;2023-04-09T14:00:00+01:00;54.2;49.6;62;49.5;27.6;80.49;72.66;75.1;80.56;78.13;85.44;76.38;77.64;81.77;63.47;64.55;57.72;55.64;73.66;71.42;69.49;60.96;62.13;41.11;65.63;;73.66;69.12;70.38;68.88;65.73;74.04;72.73;80.57;82.11;78.09;78.86;66.55;65.45;75.8;70.63;72.07;58.6;52.7;64.4
O3;uur;µg/m³;2023-04-09T14:00:00+01:00;2023-04-09T15:00:00+01:00;67.6;61.1;74.1;58.9;27.8;84.39;78.19;82.92;82.24;82.3;89.18;78.98;85.59;85.72;83.23;67.47;61.99;67.7;80.86;81.75;69.09;70.02;73.52;42.09;71.75;;80.42;77.91;71.56;74.67;71.93;76.12;81.26;84.35;86.88;82.04;80.54;75.43;76.03;81.28;76.18;79.35;67.9;48.4;80.9
O3;uur;µg/m³;2023-04-09T15:00:00+01:00;2023-04-09T16:00:00+01:00;75.3;62.7;82.2;74.3;30.7;84.93;82.62;84.97;84.31;86.23;90.81;81.08;91.07;86.03;89.85;77.94;72.9;61.64;89.49;86.94;68.43;79.93;82.98;52.44;76.68;;84.5;85.2;75.53;78.22;71.4;80.54;83.91;85.08;83.3;79.24;84.5;78.39;79.29;82.29;78.53;85.04;76.7;58.8;89
O3;uur;µg/m³;2023-04-09T16:00:00+01:00;2023-04-09T17:00:00+01:00;82.4;68.6;87.2;71.6;34.8;84.29;79.55;84.5;82.89;88.25;85.32;85.74;91.35;88.9;93.65;83.73;79.12;75.53;92.52;88.48;90.94;87.96;88.8;57.1;79.51;;81.4;84.81;77.45;80.16;75.19;83.82;81.99;85.2;84.23;82.4;86.14;80.66;82.77;84.74;80.55;88.63;80.4;63.5;88.5
O3;uur;µg/m³;2023-04-09T17:00:00+01:00;2023-04-09T18:00:00+01:00;82.3;62.7;87.8;71.8;37.5;78.97;78.5;81.65;79.43;86.61;84.6;86.53;91.75;90.55;95.47;89.62;58.8;60.2;90.39;86.73;94.32;89.36;86.36;57.78;79.94;;77.23;75.67;79.5;81.13;76.84;85.53;81.58;84.03;83.41;88.41;85.33;78.16;81.44;81.62;80.04;88.6;77.4;58.7;88.6
O3;uur;µg/m³;2023-04-09T18:00:00+01:00;2023-04-09T19:00:00+01:00;79.3;62;80.3;53.9;35.8;66.36;75.62;74.97;73.73;83.39;79.82;83.43;87.3;88.59;85.88;77.67;79.57;60.21;77.24;80.33;87.94;85.51;76.32;51.09;71.83;;78.31;61.88;75.07;69.21;69.85;81.44;75.17;76.21;86.19;87.71;81.03;67.35;74.53;75.56;64.54;84.46;71.7;50.6;85.5
O3;uur;µg/m³;2023-04-09T19:00:00+01:00;2023-04-09T20:00:00+01:00;64.1;59.6;65.3;25.8;33.2;54.19;68.15;67.79;67.05;73.52;64.23;77.99;75.53;79.24;58.56;61.76;49.15;65.26;66.52;71.51;75.51;74.85;48.4;36.66;50.13;;72.18;54.89;68.27;58.1;60.61;74.84;64.8;68.62;75.95;79.75;75.22;49.59;63.09;63.42;54;76.29;64.7;46.5;74.1
O3;uur;µg/m³;2023-04-09T20:00:00+01:00;2023-04-09T21:00:00+01:00;60.1;52.3;57;2.4;21.9;53.97;57.93;33.2;54.98;69.89;56.03;68.91;67.72;72.64;27.83;48.3;30.53;58;55.44;66.49;68.25;68.99;42.43;15.6;41.52;;71.69;50.71;61.41;51;61.05;69.68;60.72;63.23;50.17;74.6;67.45;43.84;58.39;49.1;50.92;65.76;42.2;30.3;64.9
O3;uur;µg/m³;2023-04-09T21:00:00+01:00;2023-04-09T22:00:00+01:00;48.1;51.3;46.5;24.7;6.8;51.8;54.56;23.19;51.59;62.67;53.1;62.56;72.36;68.97;32.32;50.16;51.29;49.17;54.5;68.01;65.71;61.43;49.33;30.17;49.23;;60.44;44.22;57.3;48.03;57.69;64.81;54.45;54.83;41.9;67.86;58.81;38;52.55;50.42;57.28;59.93;15.2;39.4;67.7
O3;uur;µg/m³;2023-04-09T22:00:00+01:00;2023-04-09T23:00:00+01:00;52.4;31.4;41.7;38.3;10.4;50.27;52.52;29.5;62.14;55.54;54.03;58.23;70.41;59.76;60.08;61.8;54.26;57.21;56.65;60.52;60.6;55.58;56.87;25.49;47.22;;58.24;42.52;57.08;46.12;44.84;59.71;45.83;44.72;40.22;62.11;51.57;35.16;49.16;50.5;54.22;57.81;41;47.6;62.4
O3;uur;µg/m³;2023-04-09T23:00:00+01:00;2023-04-10T00:00:00+01:00;54.2;7.5;41;39.9;38.6;41.07;52.87;63.81;68.77;56.01;54.76;49.2;66.17;53.34;55.85;54.92;43.83;55.05;52.83;55.96;55.19;49.03;48.03;19.21;49.79;;47.12;;51.43;45.8;48.81;54.73;38.18;40.74;36.15;60.15;49.8;31.49;45.59;47.14;48.8;54.78;32;55.2;59.3
O3;uur;µg/m³;2023-04-10T00:00:00+01:00;2023-04-10T01:00:00+01:00;49.1;19.3;50.7;44.9;36.7;32.17;55.28;66.35;70.29;51.21;50.72;49.64;60.26;50.47;48.94;54.59;45.87;32.28;47.45;53.36;53.17;40.05;38.03;26.3;51.26;;47.36;;49.4;47.34;50.38;51.83;39.35;43.67;42.91;60.25;48.06;30.57;41.77;41.39;50.44;52.42;33.9;55.2;57.1
O3;uur;µg/m³;2023-04-10T01:00:00+01:00;2023-04-10T02:00:00+01:00;45.7;47.2;51.1;48.2;28.2;29.75;52.87;63.11;70.81;55.45;51.15;51.99;56.79;53.06;44.23;46.31;53.71;10.54;39.48;53.52;50.98;51;57.15;45.45;51.54;;48.27;;45.72;43.21;48.25;47.09;42.47;41.84;46.42;60.59;48.08;28.73;37.78;38.56;55.96;46.21;51.4;51;54.7
O3;uur;µg/m³;2023-04-10T02:00:00+01:00;2023-04-10T03:00:00+01:00;45.3;48.5;47.4;40.6;14.9;;;;;;;;;;;;;;;;;;;;;;;;;;;;;;;;;;;;;;37.8;47.1;50.9
O3;uur;µg/m³;2023-04-10T03:00:00+01:00;2023-04-10T04:00:00+01:00;43;45.6;42.5;32;19;40.29;49.59;64.42;65.57;59.07;54.86;48.95;66.57;50.75;43.72;43.15;45.29;13.21;51.4;54.22;45.29;47.19;45.16;41.02;42.26;;52.6;;44.3;52.64;45.8;48.08;44.06;32.5;61.1;60.17;44.79;30.35;35.67;38.06;50.74;42.62;47.5;48.3;50.8
O3;uur;µg/m³;2023-04-10T04:00:00+01:00;2023-04-10T05:00:00+01:00;47.6;51.1;39.9;37.1;16.9;42.07;47.51;58.06;69.74;49.3;54.59;46.95;62.76;48.37;40.68;42.71;40.74;19.99;55.91;64.55;46.41;48.03;48.2;37.08;39.42;;56.83;;49.03;53.53;44.43;53.2;47.3;31.34;58.07;59.09;42.94;32.03;33.36;36.98;52.92;41.31;54.7;49.9;50.9
O3;uur;µg/m³;2023-04-10T05:00:00+01:00;2023-04-10T06:00:00+01:00;47.2;52.6;43.8;48.3;25.2;42.11;44.79;45.59;68.97;45.92;55.14;46.3;56.04;47.21;48.17;45.75;47.72;14.61;57.08;63.19;50.91;47.83;35.9;43.44;37.34;;54.27;;46.45;48.45;48.67;49.06;45.07;32.45;49.63;61.55;40.6;30.64;33.7;34.22;52.19;40.46;58.9;51.3;52.8
O3;uur;µg/m³;2023-04-10T06:00:00+01:00;2023-04-10T07:00:00+01:00;50.5;53.5;46.5;44.4;21.6;47.15;46.59;26.66;70.34;45.77;55.14;45.43;52.66;49.42;40.61;36.52;46.75;4.92;55.81;57.36;51.74;50.78;53.74;41.7;50.55;;52.17;;40.36;39.95;41.4;43.67;39.37;31.89;48.6;61.46;42.62;34.11;38.23;38.39;53;39.12;50.9;51;55.1
O3;uur;µg/m³;2023-04-10T07:00:00+01:00;2023-04-10T08:00:00+01:00;50.3;41.1;54.2;49;27.2;48.39;50.92;57.66;66.81;43.69;54.8;50.97;54.74;53.32;49.93;22.03;50.76;12.81;54.08;55.36;58.15;55.78;56.12;46.32;49.07;;55.33;;42.86;43.18;40.89;47.42;40.48;40.13;54.6;59.38;46.76;36.68;44.59;45.1;54.29;43.26;35.1;48.7;48.9
O3;uur;µg/m³;2023-04-10T08:00:00+01:00;2023-04-10T09:00:00+01:00;48.5;45.7;52.8;48.5;24.5;54.47;56.57;63.61;71.76;52.62;54.6;56.57;58.14;55.89;44.23;29.81;52.69;19.7;55.9;56.83;58.33;55.94;53.12;48.13;51.89;;64.81;;46.2;49.33;46.25;51.64;44.67;53.6;59.45;55.97;57.06;44.37;54.26;57.5;59.65;51.52;48.7;50.1;52.8
O3;uur;µg/m³;2023-04-10T09:00:00+01:00;2023-04-10T10:00:00+01:00;46.2;44.5;49.8;45.3;27.1;58.09;62.21;67.98;76.81;59.31;52.71;58.41;58.17;59.05;51.46;43.19;52.58;12.8;55.72;55.45;56.69;58.27;54.44;47.2;57.8;;65.98;48.57;52.07;55.83;50.23;58.01;48.67;64.28;66.97;62.7;63.11;53.95;58.26;68.92;67.01;65.4;56.1;53.8;59.3
O3;uur;µg/m³;2023-04-10T10:00:00+01:00;2023-04-10T11:00:00+01:00;48.7;45.1;51.5;50.1;28;59.93;67.33;71.94;80.07;63.67;55.79;59.11;61.8;65.55;53.3;60.13;54.2;15.2;58.63;57.43;58.78;56.6;55.65;46.94;59.95;;65.84;52.15;51.25;56.42;50.36;57.8;50.36;70.72;67.92;67.08;66.82;61.07;58.08;75.45;73.6;78.3;49.3;51.4;60.7
O3;uur;µg/m³;2023-04-10T11:00:00+01:00;2023-04-10T12:00:00+01:00;53.4;54;55;56.6;33.5;74.59;67.67;75.83;81.81;69.63;60.79;69.58;74.59;73.08;60.32;63.04;59.89;45.83;63.5;61.24;62.21;62.06;58.48;53.18;61.55;;69.81;55.33;55.27;59.94;52.98;61.69;55.17;72.57;71.07;70.61;70.95;62.05;59.8;81.04;75.87;84.68;57.7;57.4;62.1
O3;uur;µg/m³;2023-04-10T12:00:00+01:00;2023-04-10T13:00:00+01:00;59.9;59.3;60.6;53.1;36.5;77.06;76.98;80.12;85.59;77.75;67.86;77.69;83.19;79.99;58.42;64.84;63.53;56.77;68.45;71.66;66.41;67.41;53.08;58.45;64.97;;74.06;64.02;64.33;69.16;61.17;71.23;66.61;75.27;77.24;76.35;72.57;64.49;64.54;83.74;76.24;84.91;65.5;60.8;65.3
O3;uur;µg/m³;2023-04-10T13:00:00+01:00;2023-04-10T14:00:00+01:00;61.8;57.8;59.7;60.5;35.5;81.53;79.96;81.72;87.16;81.38;71.22;80.56;75.91;85.57;61.75;66.37;63.84;66.09;68.63;71.05;68.38;66.97;64.84;54.75;69.97;;77.64;66.09;71.85;74.19;68.82;78.6;68.87;80.72;84.33;83.65;77.28;66.01;71.89;86.99;80.24;88.18;73.8;65.5;71.7
O3;uur;µg/m³;2023-04-10T14:00:00+01:00;2023-04-10T15:00:00+01:00;65.1;61.2;66.6;60.6;34.2;81.62;83.28;87.23;89.38;81.5;68.06;83.44;76.65;87.71;70.77;66.84;62.21;69.32;72.46;69.97;70.31;68.13;66.35;58.2;71.64;;79.74;64.48;69.08;69.08;60.07;76.76;66.18;80.12;86.16;82.78;78.75;67.2;77.87;84.78;79.11;86.77;72.5;63.8;71.2
O3;uur;µg/m³;2023-04-10T15:00:00+01:00;2023-04-10T16:00:00+01:00;70.5;68;69.2;62.1;34.8;84.41;82.94;86.1;90.86;80.48;64.98;85.83;78.5;87.28;67.83;66.96;69.44;74.56;74.99;73.55;76.26;73.76;67.61;65.65;74.58;;80.48;67.07;67.5;67.13;55.91;76.18;66.92;77.19;86.76;83.51;75.29;72.06;79.65;84.93;78.34;86.62;70.2;66.2;70.9
O3;uur;µg/m³;2023-04-10T16:00:00+01:00;2023-04-10T17:00:00+01:00;64.3;64.8;63.5;60.9;39.6;84.46;83.68;86.64;89.34;78.27;66.94;85.07;73.23;87.36;65.34;64.55;66.47;68.76;73.34;66.95;73.41;64.66;60.18;59.28;72.95;;79.12;67.33;69.55;68.39;60.75;77;68.84;74.08;87.08;83.5;73.7;73.47;80.43;83.36;77.63;84.19;74.5;65.5;71.1
O3;uur;µg/m³;2023-04-10T17:00:00+01:00;2023-04-10T18:00:00+01:00;63.5;61.6;62.5;57.8;41.3;79.7;81.59;81.14;84.63;81.72;60.96;79.53;68.14;81.73;66.79;69.29;64.96;67.18;69.53;64.97;72.19;65.97;59.63;60.21;70.07;;78.32;65.3;61.76;63.58;57.13;69.57;60.69;80.6;81.62;82.26;77.33;75.89;80.7;79.09;75.36;80.34;70.7;65.2;70.1
O3;uur;µg/m³;2023-04-10T18:00:00+01:00;2023-04-10T19:00:00+01:00;65.3;63.5;62.7;61.1;47.3;73.76;77.51;83.96;86.88;71.5;62.37;71.22;65.87;72.71;70.83;68.7;66.94;61.4;72.26;67.33;74.5;69.49;62.45;59.32;68.77;;79.66;64.18;61.67;63.33;52.25;70.25;63.36;80.27;75.11;77.31;80.36;75.37;78.58;76.26;79.72;75.59;70.2;66.7;70.6
O3;uur;µg/m³;2023-04-10T19:00:00+01:00;2023-04-10T20:00:00+01:00;66.9;45.9;54.3;51.5;46;72.28;72.06;75.68;81.28;70.54;62.56;74.4;66.94;75.8;70.11;69.46;70.66;58.23;73.34;66.05;76.96;72.68;65.35;62.37;72.62;;75.3;66.33;60.12;60.97;58.4;67.47;61.21;72.93;73.51;70.81;72.38;71.97;80.78;81.4;81.81;78.74;70.5;67.4;70.5
O3;uur;µg/m³;2023-04-10T20:00:00+01:00;2023-04-10T21:00:00+01:00;66.5;59.8;56.3;50.1;49;77.3;77.39;82.96;83.61;72.1;65.73;77.57;66.73;79.34;67.56;72.22;70.65;62.23;74.87;64.91;77.58;67.48;54.63;60.53;74.13;;73.5;62.59;59.91;59.39;56.72;66.77;60.34;67.37;72.35;69.27;71.31;67.79;71.72;78.23;77.65;77.38;72.3;68.5;72.3
O3;uur;µg/m³;2023-04-10T21:00:00+01:00;2023-04-10T22:00:00+01:00;69.1;58.2;50.9;62.5;47;82.67;78.16;84.94;89.13;71.44;63.58;75.28;63.2;77.58;78.65;77.36;75.17;66.08;77.19;69.82;80.73;69.08;65.64;61.2;73.35;;70.13;65.56;58.47;56.75;59.13;64.13;64.47;69.34;72.33;73.5;68.12;67.6;69.09;76.42;73.48;72.44;64.1;62.2;65.2
O3;uur;µg/m³;2023-04-10T22:00:00+01:00;2023-04-10T23:00:00+01:00;77.9;75.3;76;77.5;44.7;82.69;78.87;89.18;91.58;70.98;69.15;74.28;66.03;76.71;77.21;76.27;87.23;81.28;84.17;76.26;87.68;85.84;81.94;82.54;78.92;;66.84;71.68;61.32;61.14;65.48;67.37;71.68;73.95;74.81;73.48;65.99;65.99;67.13;73.96;70.14;71.51;69.1;67.5;70.9
O3;uur;µg/m³;2023-04-10T23:00:00+01:00;2023-04-11T00:00:00+01:00;76.4;66.1;67;71.1;45.8;81.24;74.45;83.02;86.09;77.91;71.96;74.35;74.94;76.08;75.31;73.14;82.52;77.77;81.81;76.67;90.96;78.94;68.02;70.35;84.24;;82.59;81.9;79.96;84.18;80.63;87.18;83.68;73.57;76.66;72.1;69.67;78;77.67;68.53;67.28;69.5;87;88;88
O3;uur;µg/m³;2023-04-11T00:00:00+01:00;2023-04-11T01:00:00+01:00;72.8;59.2;62.6;62.6;38.7;72.02;72.71;76.61;81.17;71.37;69.85;73.27;72.91;74.71;75.37;69.66;82.24;72.26;80.85;74.6;80.5;76.4;58.38;74.69;84.53;;84.51;73.03;71.56;77.1;72.51;79.6;73.63;70.17;85.32;72.41;78.21;84.39;80.86;79.36;69.95;76.29;79.6;80.4;79.1
O3;uur;µg/m³;2023-04-11T01:00:00+01:00;2023-04-11T02:00:00+01:00;74.2;65.9;63.5;64.6;37.9;71.85;72.61;76.29;79.42;68.89;65.33;74.48;67.93;75.31;72.41;68.98;78.92;68.39;78.47;74.75;85.28;72.55;72.68;73.34;80.07;;78.7;70.71;66.41;72.25;69.75;72.32;71.38;67.92;75.47;73.14;69.79;76.46;80.9;86.7;77.91;84.84;71.5;76.4;75.7
O3;uur;µg/m³;2023-04-11T02:00:00+01:00;2023-04-11T03:00:00+01:00;72.7;67.4;68.6;63;48.9;72.8;72.3;76.11;80.48;65.53;67.67;74.38;66.68;73.85;80.76;69.63;79.19;67.15;77.89;73.71;84.37;78.83;75.71;76.27;77.84;;76;75.95;67.62;69.68;72.71;72.51;69.98;65.01;72.79;70.14;66.29;73.97;80.54;81.3;81.28;76.72;80.4;79.4;79.4
O3;uur;µg/m³;2023-04-11T03:00:00+01:00;2023-04-11T04:00:00+01:00;74.4;76.4;77.3;66;50.4;72.62;69.96;75.78;78.41;66.57;61.14;69.62;73.39;71.35;78.01;66.61;78.36;74.69;83.42;76.73;83.05;79.94;81.18;76.21;75.2;;77.74;73.14;70.95;74.11;70.21;77.75;71.58;63.71;70.33;67.21;65.06;71.38;73.96;76;80.03;81.04;78;77.2;76.9
O3;uur;µg/m³;2023-04-11T04:00:00+01:00;2023-04-11T05:00:00+01:00;75.1;71.3;74.6;71.8;56.8;70.4;67.69;73.02;75.97;65.54;61.01;67.52;71.39;68.69;77.53;67.28;81.22;78.59;82.9;75.55;83.99;80.98;74.7;75.98;75.14;;76.77;72.63;68.81;72.75;67.96;76.14;70.73;63.98;72.92;67.69;70.97;72.5;72.32;70.34;74.6;75.67;78.8;76.7;77.3
O3;uur;µg/m³;2023-04-11T05:00:00+01:00;2023-04-11T06:00:00+01:00;73.1;65.4;69.9;65.7;48;67.16;65.66;71.63;74.22;64.34;61.96;62;65.49;64.96;73.52;64.84;80.6;73.7;79.97;71.01;86.58;75.92;69.56;71.63;76.37;;76.7;77.22;66.86;69.82;66.33;76.92;73.31;62.2;72.69;72.62;68.7;72.37;73.38;67.48;72.1;68.44;79;75.4;77
O3;uur;µg/m³;2023-04-11T06:00:00+01:00;2023-04-11T07:00:00+01:00;68.8;65.8;71.1;67.4;47.6;65.31;61.53;68.83;72.74;61.27;54.35;59.5;61.68;60.8;74.43;61.47;79.69;68;74;65.75;84.53;75.11;66.76;71.51;80.04;;76.95;73.34;62.25;64.49;62.97;74.71;66.34;63.56;71.87;68.52;66.43;72.63;75.41;70.15;75.32;68.75;78.1;74.1;74.5
O3;uur;µg/m³;2023-04-11T07:00:00+01:00;2023-04-11T08:00:00+01:00;68.8;67.2;69.8;67.4;50.2;64.68;61.88;67.84;71.08;61.55;59.27;58.58;48.96;60.04;76.95;63.63;79.75;72.96;77.5;66.73;84.96;76.71;67.04;73.73;79.1;;77.91;73.86;64.03;65.06;64.05;73.82;68.28;70.51;72.91;67.25;67.95;74.72;78.13;72.43;76.71;69.75;76.3;72.7;74.1
O3;uur;µg/m³;2023-04-11T08:00:00+01:00;2023-04-11T09:00:00+01:00;71.2;68.5;73.4;68.6;52;69.16;66.24;70.45;74.87;67.91;60.79;62.74;65.55;65.04;77;67.79;82.71;77.2;84.32;74.28;86.78;81.78;71.18;77.33;78.77;;81.13;78.07;70.76;72.76;67.82;79.33;73.21;73.68;77.17;68.47;71.53;75.65;77.35;76.42;83.96;77.02;80.2;74.6;78.7
O3;uur;µg/m³;2023-04-11T09:00:00+01:00;2023-04-11T10:00:00+01:00;76.4;70.8;76.6;74.5;59.8;73.25;71.34;74.79;77.19;74.2;76.33;69.83;77.35;73.09;78.01;77.8;85.12;81.35;87.4;79.15;88.76;84.43;78.63;79.82;82.47;;85.15;81.62;76.42;80.77;72.74;84.57;76.43;74.71;82.91;73.07;76.99;77.54;78.77;81.65;86.77;80.67;85;79.6;80.9
O3;uur;µg/m³;2023-04-11T10:00:00+01:00;2023-04-11T11:00:00+01:00;78.1;73.3;78.7;79.7;;77.9;76.7;79.6;81.34;82.78;79.45;73.45;81.33;78.14;81.8;81.42;85.46;84.93;90.05;83.14;89.94;84.95;79.78;80.23;82.45;;86.45;84.22;79.2;84.8;76.2;87.12;82.39;81.32;87.6;82.41;80.84;80.45;80.66;85.31;87.26;82.86;86.1;79.6;83.8
O3;uur;µg/m³;2023-04-11T11:00:00+01:00;2023-04-11T12:00:00+01:00;78.8;76.6;79.5;80.3;;79.98;;83.11;85.51;86.72;87.04;79.87;87.18;83.05;83.21;83.73;87.19;83.76;91.02;86.13;91.61;86.67;78.56;81.19;86.42;;87.9;86.63;81.26;87.11;79.03;89.69;82.25;83.85;89.44;86.59;84.39;82.32;81.59;84.39;89.19;84.34;90.2;84.5;87.6
O3;uur;µg/m³;2023-04-11T12:00:00+01:00;2023-04-11T13:00:00+01:00;79.9;79.1;80.1;82.8;60.4;82.73;;83.61;85.25;88.8;88.44;83.21;86.96;89.65;81.14;86.75;86.22;85.21;90.85;86.32;92.51;;82.23;81.68;88.33;;92.35;88.63;81.62;86.96;81.14;91.49;85.37;87.09;91.87;90.32;85.72;86.07;85.55;86.66;88.8;84.29;92.6;85.4;89.9
O3;uur;µg/m³;2023-04-11T13:00:00+01:00;2023-04-11T14:00:00+01:00;82.5;;82.2;84.5;63.3;85.15;;83.81;87.23;91.34;89.41;85.05;88.41;89.84;83.45;86.01;88.71;85.8;89.95;89.5;93.77;;83.24;83.17;91.32;;92.9;90.28;83.88;88.73;82.2;93.33;86.18;88.82;91.4;91.5;89.92;87.79;87.84;86.79;90.53;87.4;92.4;86.6;91.7
O3;uur;µg/m³;2023-04-11T14:00:00+01:00;2023-04-11T15:00:00+01:00;82.6;;80.8;80.6;65.1;82.71;;86.04;88.45;91.39;92.03;86.36;91.61;89.74;88.85;85.57;93.09;85.61;90.84;90.82;92.94;;85.46;84.35;93.62;;91.89;90.45;85.82;90.23;81.24;95.13;86.71;89.02;94.17;92.32;91.95;88.84;90.72;89.19;92.97;87.46;94.7;88.7;93.6
O3;uur;µg/m³;2023-04-11T15:00:00+01:00;2023-04-11T16:00:00+01:00;87.2;77.1;82.5;84.8;63.6;83.08;;88.14;91.5;93.29;90.53;83.47;91.62;94.69;91.67;82.12;89.67;89.82;92.33;90.74;97.6;92.76;86.98;75.09;92.37;;90.51;87.86;84.81;87.85;81.02;93.72;88.75;90.04;94.53;90.12;92.69;90.99;93.44;93.73;95;89.79;94.3;85.6;93.8
O3;uur;µg/m³;2023-04-11T16:00:00+01:00;2023-04-11T17:00:00+01:00;90.4;78.7;82.9;83.9;61.7;82.27;93.32;86.44;89.74;90.16;83.84;88.33;88.75;91.09;88.31;82.17;90.54;91.7;93.38;94.57;96.5;90.58;87.36;74;92.39;;89.75;88.54;83.33;88.06;81.04;93.01;91.6;89.47;92.48;89.73;90.54;91.23;93.54;94.68;97.95;91.93;93;86.8;93.9
O3;uur;µg/m³;2023-04-11T17:00:00+01:00;2023-04-11T18:00:00+01:00;88.4;77.1;76.8;83.4;58.7;82.29;92.42;82.98;86.59;87.65;77.98;87.65;83.8;89.43;78.9;78.44;91.25;88.43;90.06;91.09;98.14;87.85;84.15;71.87;92.7;;89.3;87.14;85.79;89.64;80.05;95.03;87.63;86;93.83;90.21;87.75;88.6;90.45;95.33;97.04;95.32;87.7;82.4;89.4
O3;uur;µg/m³;2023-04-11T18:00:00+01:00;2023-04-11T19:00:00+01:00;78.6;69.4;58.6;73.2;52.6;77.66;86.61;75.58;79.91;84.9;80.29;84.16;79.85;85.66;77.19;74.15;86.53;75.18;79.13;82.73;93.93;84.49;76.5;69.9;84.27;;80.43;74.93;78.57;82.08;60.46;89.9;70.65;77.92;93.14;87.31;77.46;80.16;82.01;89.91;89.39;94.69;81.9;84.3;88.6
O3;uur;µg/m³;2023-04-11T19:00:00+01:00;2023-04-11T20:00:00+01:00;71.9;61.3;55.5;57;49;69.36;79.56;73.65;76.85;81.54;68.85;78.88;76.77;81.58;71.47;74.47;75.66;53.05;69.24;73.86;81.95;76.32;55.12;63.48;75.1;;74.28;62.5;70.07;57.68;44.05;82.06;47.17;70.83;73.79;74.2;66.61;59.55;79.31;78.27;72.32;83.7;80.6;71.9;77.8
O3;uur;µg/m³;2023-04-11T20:00:00+01:00;2023-04-11T21:00:00+01:00;65.3;54.6;67.8;64.6;43.8;64.75;78.39;70.56;75.4;78.61;66.49;78.91;72.57;81.76;79.28;71.84;62.55;72.8;68.79;77.49;75.81;68.17;67.75;61.4;79.63;;69.04;61.61;57.36;53.66;42.09;64.43;49.82;51.46;71.18;68.3;70.72;46.38;73.45;65.42;62.66;56.4;62.3;66.7;73.9
O3;uur;µg/m³;2023-04-11T21:00:00+01:00;2023-04-11T22:00:00+01:00;69.5;61.3;67.6;68.9;51;64.74;78.32;75.54;79.98;73.39;61.83;74.75;70.58;76.91;74.46;71.59;70.04;68.3;73.41;65.33;66.08;67.87;69.45;63.78;63.91;;72.39;58.97;63.05;64.42;46.6;71.07;51.42;55.8;68.64;72.69;71.1;49.38;55.5;59.66;62.68;65.78;54.3;62.9;68.4
O3;uur;µg/m³;2023-04-11T22:00:00+01:00;2023-04-11T23:00:00+01:00;68.7;64.5;68.5;68;45.4;68.42;74.74;72.51;76.5;71.18;45.26;71.88;71.15;72.69;73.23;73.24;72.62;69.88;71.92;61.21;71.88;68.97;66.29;68.53;65.21;;69.61;62.77;63.62;65.4;53.92;70.5;59.17;53.92;73.96;76.33;69.83;49.73;54.76;64.39;67.69;73.97;63.6;57.2;63.8
O3;uur;µg/m³;2023-04-11T23:00:00+01:00;2023-04-12T00:00:00+01:00;67.2;62.9;66.1;65.5;38;66.41;71.12;78.44;78.95;73.13;55.04;70.85;68.14;72.49;70.98;66.06;66.5;69.56;69.7;64.07;73.4;71.36;70.45;67.39;61.89;;70.28;61.58;64.83;64.71;49.28;70.3;62.44;54.01;78.07;73.36;66.11;58.5;63.07;67.58;73.95;75.09;67.8;67.4;71.6
O3;uur;µg/m³;2023-04-12T00:00:00+01:00;2023-04-12T01:00:00+01:00;60.7;65.8;54.5;65;40.4;74.65;71.23;78.11;82.11;75.36;66;71.91;72.98;70.08;71.38;70.58;69.13;70.16;71.15;68.62;71.34;65.2;58.11;65.58;66.91;;74.2;63.59;66.22;70.03;61.19;71.89;64.79;52.15;76.19;69.14;63.57;61.31;68.48;66.05;74.2;74.31;65.1;62.3;65.8
O3;uur;µg/m³;2023-04-12T01:00:00+01:00;2023-04-12T02:00:00+01:00;66.2;72.1;64.6;62.6;39.4;74.61;75.14;75.91;80.49;72.49;70.61;71.52;79.05;70.4;71.81;72.17;64.52;75.22;76.99;74.97;69.63;68.66;65.4;64.88;69.96;;73.99;68.09;68.52;73.74;65.73;74.35;69.88;58.83;70.98;69.55;64.59;67.65;74.65;59.95;68.13;65.07;71;67.7;67.8
O3;uur;µg/m³;2023-04-12T02:00:00+01:00;2023-04-12T03:00:00+01:00;71;76.3;69;69;39.5;71.79;72.78;73.55;77.34;71.16;69.71;68.66;75.17;68.71;74.3;71.36;67.74;77.71;79.37;79.66;76.06;74.2;64.09;69.35;75.24;;75.43;73.94;70.7;75.8;71.74;77.08;73.74;73.01;71.51;71.36;67.95;68.25;74.4;55.46;64.67;61.94;78.6;75;76.1
O3;uur;µg/m³;2023-04-12T03:00:00+01:00;2023-04-12T04:00:00+01:00;70.4;74.3;69.1;64.2;38.3;69.44;71.35;73.92;77.92;68.38;67.63;66.78;73.48;68.25;69.65;66.91;66.78;75.37;77.7;72.89;80.49;74.48;63.69;67.89;81;;74.21;71.49;68.47;73.42;69;74.67;69.86;65.17;72.12;71.7;70.17;67.92;74.75;52.24;69.78;65.51;76.5;74.6;76.6
O3;uur;µg/m³;2023-04-12T04:00:00+01:00;2023-04-12T05:00:00+01:00;65.3;68.7;62;61.2;38.6;71.76;68.88;75.05;79.33;70.22;60.9;67.33;72.43;70.45;64.97;62.55;60.1;74.06;74.96;72.48;76.21;66.34;60.39;57.86;75.56;;73.04;69.07;64.29;68.71;65.89;69.85;65.21;61.91;72.59;69.62;64.87;68.28;72.76;62.23;73.76;72.31;73.4;69.5;72.3
O3;uur;µg/m³;2023-04-12T05:00:00+01:00;2023-04-12T06:00:00+01:00;57.6;53.3;48.8;53.1;36.2;66.83;68.43;71.67;75.37;70.05;53.75;63.66;70.27;67.93;69.18;60.53;60.06;60;67.95;67.57;68.19;57.13;50.03;43.35;70.12;;71.65;63.8;60.73;62.16;58.43;67.22;64.51;67.95;69.48;66.38;62.47;66.16;70.72;63.45;73.29;72.66;64.2;61.5;67.7
O3;uur;µg/m³;2023-04-12T06:00:00+01:00;2023-04-12T07:00:00+01:00;61;42.2;41.5;45.1;30.3;59.01;66.13;68.6;71.33;65.1;52.45;61.86;53.16;63.24;78.05;64.49;68.99;51.92;68.52;55.25;66.55;53.18;37.47;50.04;65.18;;68.57;58.21;54.23;51.19;43.25;61.92;59.01;65.17;64.82;63.17;63.44;58.89;69.02;69;68.3;62.05;58.2;49.8;61
O3;uur;µg/m³;2023-04-12T07:00:00+01:00;2023-04-12T08:00:00+01:00;67.4;50.5;58.4;72.1;40.3;57.23;;64.83;66.35;61.14;57.38;57.2;41.61;59.32;76.18;68.82;77.04;56.38;75.78;61.78;82.56;62.04;53.86;64.26;56.63;;63.66;47.65;45.73;40.53;37.12;56.36;49.83;63.01;58.58;56.37;60.48;58.06;65.11;67.69;65.44;63.85;48.2;37;50.5
O3;uur;µg/m³;2023-04-12T08:00:00+01:00;2023-04-12T09:00:00+01:00;78;69.2;74.3;76.2;52;55.17;;61.15;63.43;58.53;66.09;54.96;48.66;59.14;70.12;74.52;83.23;72.47;84.34;65.39;89.89;80.93;67.72;73.4;67.65;;60.61;65.2;42.96;38.67;44.52;52.5;57.36;57.09;59.41;49.46;54.78;55.11;63.5;66.7;63.98;61.33;73.5;58.9;75.1
O3;uur;µg/m³;2023-04-12T09:00:00+01:00;2023-04-12T10:00:00+01:00;80.1;68.5;73.3;79.3;55.3;55.08;;61.28;56.99;66.45;76.42;57.39;65.84;63.94;80.37;77.12;86.72;70.27;84.77;73.63;94.1;84.87;76.19;78.37;84.9;;63.59;79.71;54.79;61.14;65.17;65.72;73.75;49.15;62.74;57.59;50.48;53.9;68.67;63.84;59.32;58.3;85;76.7;84.7
O3;uur;µg/m³;2023-04-12T10:00:00+01:00;2023-04-12T11:00:00+01:00;83.3;67.9;75.2;85;58.1;71.41;75.5;79.2;80.16;75.09;83.89;66.14;78.4;76.02;87.98;77.81;85.77;81.25;87.16;83.64;95.55;85.88;74.47;69.85;88.47;;81.94;82;78.05;77.14;;85.78;82.86;55.58;72.78;69.84;55.85;64.54;82.73;60.46;59.78;55.6;91.3;81.6;91.8
O3;uur;µg/m³;2023-04-12T11:00:00+01:00;2023-04-12T12:00:00+01:00;88.8;73.9;77;89.5;65.1;78.29;84.19;86.05;88.2;80.51;90.12;75.31;85.97;81.02;90.97;82.21;90.42;89.35;94.77;86.87;98.5;94.31;81.87;83.35;94.81;;88.84;88.24;76.66;80.53;;85.78;82.28;76.61;83.02;77.4;68.74;77.56;85.84;61.18;74.06;61.93;94.9;85.7;93.9
O3;uur;µg/m³;2023-04-12T12:00:00+01:00;2023-04-12T13:00:00+01:00;89.3;81.1;85.2;92.9;70.7;80.74;82.05;87.18;93.37;89.01;87.71;74.24;86.41;82.6;89.28;85.79;95.82;85.93;97.82;92.46;97.77;96.1;82.51;84.54;97.41;;93.6;91.71;81.06;84.87;;89.62;89;83.69;85.21;82.82;73.23;83.99;90.78;76.02;91.74;72.27;95.1;87.5;93.8
O3;uur;µg/m³;2023-04-12T13:00:00+01:00;2023-04-12T14:00:00+01:00;87.3;79.6;77.9;86.4;64.7;80.58;83.85;85.05;91.06;88.5;92.34;76.71;88.25;83.5;88.16;90.73;93.43;85.82;97.06;89.15;99.72;93.47;78.84;76.37;97.53;;92.05;91.13;84.81;89.86;;95.38;92.84;80.17;87.37;83.35;76.78;87.55;95.94;86.83;94.31;84.46;95.1;89;96.2
O3;uur;µg/m³;2023-04-12T14:00:00+01:00;2023-04-12T15:00:00+01:00;86.9;79.4;78.8;84.6;70.3;84.83;89.71;84.98;88.5;87.93;92.94;77.89;91.32;84.22;92.07;90.78;98.22;86.38;96.65;91.42;98.35;97.85;76.48;79.27;94.5;;94.23;89.29;85.29;91;;94.89;90.5;77.2;94.06;85.98;83.03;85.64;93.94;90.46;95.58;92.3;94.8;80.2;94.3
O3;uur;µg/m³;2023-04-12T15:00:00+01:00;2023-04-12T16:00:00+01:00;93.8;83.2;81.2;87.9;72.1;88.15;85.29;88.83;92.01;85.81;93.15;76.01;89.69;79.99;92.05;90.56;100.98;93.84;98.05;92.16;102.24;101.44;90.22;83.41;93.74;;97.4;87.14;84.51;86.16;81.44;95.48;90.18;75.11;95.81;80.61;77.88;87.61;90.59;97.8;98.89;95.14;95.3;85.4;95.4
O3;uur;µg/m³;2023-04-12T16:00:00+01:00;2023-04-12T17:00:00+01:00;91.5;85.6;82.6;92.8;76.2;87.04;83.64;90.66;94.65;80.57;94.61;56.36;93.19;70.29;91.98;91.23;100.41;91.35;97.73;93.16;102.49;102.13;89.71;87.07;97.66;;94.44;91.83;88.04;91.42;88.7;98.15;92.3;69.19;93.44;80.91;70.72;90.08;93.95;98.06;99.31;97.37;95.2;89.8;96.5
O3;uur;µg/m³;2023-04-12T17:00:00+01:00;2023-04-12T18:00:00+01:00;90.9;83.2;77.2;90.9;73.6;89.63;80.22;89.02;94.05;77.95;90.82;72.31;92.73;83.28;89.68;89.02;97.32;90.86;98.11;94.63;103.43;99.08;89.76;82.18;98.24;;92.46;86.52;85.66;82.12;80.27;96.02;85.63;79.03;90.93;75.92;83.92;89.88;93.56;89.62;94.6;95.51;95.4;93.2;96.2
O3;uur;µg/m³;2023-04-12T18:00:00+01:00;2023-04-12T19:00:00+01:00;88.8;82.2;72.7;86.1;74.1;85.49;78.4;75.16;84.81;78.35;86.2;71.36;87.02;80.87;88.56;86.99;93.53;74.5;94.92;92.41;95.42;96.04;88.48;80.97;94.19;;90.58;82.56;73.78;78.68;70.07;86.03;85.05;74.87;86.6;69.29;82.87;86.9;93.37;79.06;91.82;88.7;94.2;85.5;96.2
O3;uur;µg/m³;2023-04-12T19:00:00+01:00;2023-04-12T20:00:00+01:00;87.3;78;73.5;81.8;78.2;82.15;69.34;72.33;77.36;78.16;74.67;75.8;83.51;79.94;85.85;83.89;87.57;71.68;89.89;83.22;93.6;90.39;79.71;78.48;87.03;;88.2;78.53;74.52;72.87;64.05;84.95;69.82;65.78;76.17;66;80.35;73.64;90.15;73.16;89.12;84.6;85.9;79.5;88.8
O3;uur;µg/m³;2023-04-12T20:00:00+01:00;2023-04-12T21:00:00+01:00;77.3;67.8;72.6;78;66.8;77.86;65.22;67.45;70.18;77.17;74.59;75.22;81.75;77.7;75.54;78.71;81.13;80.78;79.27;79.12;89.01;81.42;74.57;74.79;74.54;;77.41;72;57.49;52.87;63.88;63.26;63.44;58.75;67.81;67.88;75.83;66.15;85.03;79.92;76.97;67.85;77.3;73;82
O3;uur;µg/m³;2023-04-12T21:00:00+01:00;2023-04-12T22:00:00+01:00;75.7;71.9;77.5;76.1;54;74.91;81.18;66.71;76.08;81.63;74.58;80.73;85.78;84.65;77.9;80.44;74.53;76.85;83.97;85.87;82.67;76.24;76.64;69.25;74.75;;72.05;66.09;56.11;64.8;64.44;62.98;66.87;58.81;65.04;68.19;76.38;66.81;81.7;76.56;76.89;64.73;56.9;64.8;71.1
O3;uur;µg/m³;2023-04-12T22:00:00+01:00;2023-04-12T23:00:00+01:00;77.8;74.5;76.8;75.6;57.3;74.68;82.18;86.04;90.94;82.31;76.38;80.18;82.88;81.61;81.56;82.76;76.43;79.61;83.65;82.8;85.1;79.4;76.13;73.35;74.87;;71.33;78.16;73.52;80.95;81.21;80.84;77.4;53.51;72.12;79.32;70.35;68.78;72.86;73.87;70.56;73.28;64.6;72.4;80.9
O3;uur;µg/m³;2023-04-12T23:00:00+01:00;2023-04-13T00:00:00+01:00;80.7;76.2;78.9;80.7;58;79.66;79.31;82.96;85.16;82.93;76.08;81.12;83.06;83.11;81.69;80.66;80.46;81.69;86.55;82.83;81.08;80.07;78.16;77.28;78.02;;76.73;76.73;76.56;79.9;77.25;82.84;76.6;58.73;84.09;80.81;63.9;67.01;72.96;75.41;72.97;76.86;82.7;77.2;80.8
O3;uur;µg/m³;2023-04-13T00:00:00+01:00;2023-04-13T01:00:00+01:00;76.6;72.8;76.1;79.8;60.9;77.68;83.94;82.66;83.82;80.93;73.2;79.97;80.84;81.07;77.78;77.07;81.6;74.97;84.17;79.02;82.01;79.21;75.68;78.57;80.01;;83.56;75.98;73.03;77.71;76.34;79.55;75.72;65.14;79.96;80.82;69.77;72.56;78.12;69.28;72.6;71.84;80.6;74.9;79.6
O3;uur;µg/m³;2023-04-13T01:00:00+01:00;2023-04-13T02:00:00+01:00;76;73.1;63.8;74.8;59.7;78.57;81.46;81.53;84.52;79.3;76.02;78.85;80.62;80.23;85.42;73.32;82.59;67.5;79.9;75.4;83.01;78.87;78.09;77.98;80.87;;80.62;75.54;71.63;75.62;72.46;77.21;72.66;75.57;79.45;79.34;73.99;76.61;80.8;67.49;71.67;68.69;78.6;72.9;77.8
O3;uur;µg/m³;2023-04-13T02:00:00+01:00;2023-04-13T03:00:00+01:00;78.9;73.7;71;72.9;66.3;79.05;82.09;81.12;83.67;80.18;71.26;79.88;77.13;81.63;86.59;69.14;89.09;67.45;89.32;76.47;93.73;82.19;80.06;84.26;81.87;;79.14;72.01;69.58;73.85;73.16;75.28;74.59;73.75;77.95;77.58;74.15;73.12;78.37;73.2;76.06;69.28;77.4;72.8;76.5
O3;uur;µg/m³;2023-04-13T03:00:00+01:00;2023-04-13T04:00:00+01:00;77.5;67.7;73.2;74.8;54.3;76.91;80.79;78.07;80.9;78.66;69.96;78.19;82.87;79.4;82.64;67.85;83.79;55.81;89.34;83.56;90.74;82.68;80.62;82.53;80.1;;76.13;66.54;71.09;77.7;68.45;77.77;71.57;74.8;77.72;78.24;71.84;70.46;79.33;74.42;75.35;74.34;81.4;79.7;80.5
O3;uur;µg/m³;2023-04-13T04:00:00+01:00;2023-04-13T05:00:00+01:00;73.5;67.2;73.2;69.7;54.5;74.63;79.05;74.04;77.07;67.54;62.69;73.28;67.34;74.79;81.8;65.73;80.25;61.13;83.81;78.13;84.87;78.16;76.46;73.14;74.23;;74.06;63.09;69.01;70.17;58.89;75.16;73.4;74.49;76.34;75.11;71.01;68.77;81.45;73.44;71.82;72.84;81.8;74.7;75.1
O3;uur;µg/m³;2023-04-13T05:00:00+01:00;2023-04-13T06:00:00+01:00;74.2;66.4;67.8;73.5;47;72.1;73.52;74.76;76.7;64.57;61.76;66.91;58.65;66.73;74.84;64.44;78.48;66.6;83.13;74.09;83.95;71.64;67.34;68.9;71.12;;71.79;71.12;64.68;63;56.35;72.48;68.23;68.75;72.06;71.31;68.33;68.69;77.96;72.73;69.42;70.31;70.7;71.8;75.6
O3;uur;µg/m³;2023-04-13T06:00:00+01:00;2023-04-13T07:00:00+01:00;73.2;62.3;67.2;65.7;53.7;68.83;67.36;70.67;73.57;61.2;59.19;59.03;59.3;61.58;76.5;67.84;76.67;62.06;81.4;68.69;82.92;72.91;60.99;69.1;71.67;;70.35;62.23;56.41;56.65;52.63;67.22;68.28;64.99;69.5;62.15;66.33;63.23;74.19;73.5;66.65;68.02;65.1;65.4;70.6
O3;uur;µg/m³;2023-04-13T07:00:00+01:00;2023-04-13T08:00:00+01:00;73;68.5;71.4;71.9;47;66.27;66.44;69.01;70.18;59.35;66.01;60.78;57.17;62.63;78.55;63.36;78.3;52.66;78.92;69.6;85.71;74.63;67.1;72.19;73.82;;67.54;67.59;53.37;55.14;59.51;65.53;65.73;62.72;65.09;56.15;65.8;61.81;71.98;73.36;66.25;70.03;70.9;64;71.1
O3;uur;µg/m³;2023-04-13T08:00:00+01:00;2023-04-13T09:00:00+01:00;72.5;70.4;72;75.9;54.8;68.78;67.99;67.84;69.29;64.14;67.04;63.55;61.65;66.21;76.41;70.64;80.27;58.15;82.13;72.19;86.49;77.91;71.43;72.91;79.69;;67.02;73.17;60.06;64.03;68.91;67.73;67.76;59.03;68.14;57.21;60.82;62.35;72.7;72.99;69.47;68.78;79;70.3;78.2
O3;uur;µg/m³;2023-04-13T09:00:00+01:00;2023-04-13T10:00:00+01:00;74.1;73.9;76.8;75.3;58.9;70.48;70.91;71.49;73.46;69.16;74.62;65.69;68.18;70.34;77.18;73.97;82.03;69.02;81.09;73.83;85.7;81.11;74.22;76.77;79.65;;78.39;75.58;;72.3;71.66;73.71;71.72;55.67;71.19;62.08;63.08;68.09;78.08;72.62;80.03;70.02;78.4;72.1;77.8
O3;uur;µg/m³;2023-04-13T10:00:00+01:00;2023-04-13T11:00:00+01:00;74.4;74.2;76;78.7;58.1;72.35;73.02;73.27;76.66;72.31;76.25;68.97;72.43;72.18;78.73;75.59;83.22;72.71;83.45;76.57;86.54;83.71;75.12;79.29;79.43;;77.99;79.01;;72.31;74.75;79.01;75.26;59.71;75.44;70;66.54;76.76;77.65;72.99;78.85;72.97;;74.1;80.3
O3;uur;µg/m³;2023-04-13T11:00:00+01:00;2023-04-13T12:00:00+01:00;76.4;73.4;76.7;81.2;57.1;73.5;76.31;77.75;80.45;71.79;78.96;69.94;75.29;75.54;80.72;79.34;85.21;73.14;85;79.85;87.16;84.99;76.14;79.7;82.28;;80.79;80.65;;77.4;76.66;81.04;75.07;71.18;76.27;70.9;72.73;77.31;76.47;78.27;84.35;81.34;;77.7;82.1
O3;uur;µg/m³;2023-04-13T12:00:00+01:00;2023-04-13T13:00:00+01:00;77.1;74.2;77.6;80.7;57.9;77.26;78.69;84.18;87.47;80.09;83.24;70.94;77.22;79.66;81.86;82.08;85.35;74.24;87.76;81.56;88.77;86.06;74.41;80.17;85.7;;83.62;82.19;;76.95;78.83;82.12;78.49;74.44;80.79;77.27;78.19;80.77;81.01;80.99;83.58;80.87;;77.4;83.3
O3;uur;µg/m³;2023-04-13T13:00:00+01:00;2023-04-13T14:00:00+01:00;79.7;75.2;75.9;84.9;59.9;80.9;79.16;86.61;89.55;86.55;86.04;81.21;83.55;83.97;85.06;85.1;86.27;79.78;89.36;84.9;88.07;84.69;74.73;77.24;87.19;;86.18;81.77;77.42;75.26;79.98;83.8;81.06;77.33;83.25;82.34;78.39;80.29;82.22;83.69;83.86;81.94;86.7;78.7;85.6
O3;uur;µg/m³;2023-04-13T14:00:00+01:00;2023-04-13T15:00:00+01:00;85.2;77.7;78;89.5;64.6;83.03;85.98;89.19;92.68;88.61;88.3;84.75;88.02;89.44;88.13;86.25;89.21;81.27;92.4;86.67;87.68;88.75;79.13;78.74;88.73;;88.31;81.64;79.3;80.7;78.04;86.27;84.21;82.23;87.42;85.92;78.56;82.38;82.43;86.13;86.62;83.56;85.8;78.4;85.5
O3;uur;µg/m³;2023-04-13T15:00:00+01:00;2023-04-13T16:00:00+01:00;88.6;83.4;85.5;93.5;67;86.77;89.17;90.38;94.31;89.23;89.78;88.4;89.93;92.51;91.91;88.5;90.32;82.64;94.8;86.36;92.86;95.89;90.61;78.17;88.5;;87.73;85.9;81.31;80.75;80.36;89.04;87.93;81.88;90.57;89.02;81.77;80.65;83.13;86.65;89.45;85.27;89.7;82.5;89.4
O3;uur;µg/m³;2023-04-13T16:00:00+01:00;2023-04-13T17:00:00+01:00;91.2;82.3;84.1;98.8;67.5;88.17;91.49;91.6;95.56;90.01;87.65;88.44;92.25;93.18;93.54;88.73;97.59;90.23;97.83;91.39;92.12;96.75;90.75;80.17;91.1;;88.99;91.69;84.33;84.1;86.77;92.91;89.97;84.82;92.83;89.79;81.93;83.12;84.69;89.83;88.38;87.93;92.3;86;92.8
O3;uur;µg/m³;2023-04-13T17:00:00+01:00;2023-04-13T18:00:00+01:00;92.1;82.9;87.2;99.2;65.7;86.75;90.05;89.86;94.11;89.65;89.07;87.2;93.92;92.67;89.67;87.79;97.62;95.09;97.03;95.61;103.81;97.61;90.2;80.88;90.73;;88.94;90.08;84.29;86.68;87.18;91.66;90.94;86.22;93.72;88.3;84.39;84.78;83.52;86.91;88.09;86.06;94.6;90;97.1
O3;uur;µg/m³;2023-04-13T18:00:00+01:00;2023-04-13T19:00:00+01:00;87.1;80.6;83.6;84.1;57.5;77.4;85.5;83.97;84.64;86.77;81.09;77.45;93.66;88.44;89.87;85.91;88.88;92.65;91.27;90.66;98.28;91.76;86.38;74.79;83.52;;87.85;88.64;81.9;82.84;;91.06;89.28;73.74;91.16;86.45;77.02;85.04;83.82;85.15;84.27;86.46;89.3;89;91.4
O3;uur;µg/m³;2023-04-13T19:00:00+01:00;2023-04-13T20:00:00+01:00;79.9;66.7;69.5;85.8;54.5;74.56;76.77;71.19;81.9;85.2;83.06;70.02;88.34;86.45;87.4;68.55;78.43;83.04;87.44;80.23;91.87;75.77;74.5;63.44;74.05;;85.54;79.26;73.2;77.69;;85.43;84.58;75.18;77.27;77.31;70.24;74.21;84.37;75.16;69.53;83.47;86.6;74.3;82.1
O3;uur;µg/m³;2023-04-13T20:00:00+01:00;2023-04-13T21:00:00+01:00;81.4;65.7;49.6;47;56.9;74.86;62.75;52.71;69.24;78.26;72.37;74.41;76.43;78.07;79.51;48.97;79.19;82.33;85.18;78.25;83.1;83.49;75.38;65.73;79.98;;79.18;63.5;70.63;63.42;;80.81;55.85;74.25;47.62;49.12;54.64;63.28;87.73;68.9;66.4;78.23;80.9;52.8;77.1
O3;uur;µg/m³;2023-04-13T21:00:00+01:00;2023-04-13T22:00:00+01:00;75.5;72.5;46.8;47.1;50.6;75.19;66.35;45.32;67.96;60.95;49.68;65.2;69.03;68.05;67.69;59.95;75.64;78.72;74.14;69.53;78.28;72.05;63.17;61.08;78.73;;68.91;52.76;65.92;51.14;;72.45;43.14;45.87;82.9;70.1;42.11;63.61;84.83;60.19;65.47;74.85;67.6;54;65.9
O3;uur;µg/m³;2023-04-13T22:00:00+01:00;2023-04-13T23:00:00+01:00;74.8;57.8;56.2;62.6;51.1;58.2;71.24;52.42;45.86;46.41;40;58;60.57;66.03;66.48;60;68.37;57.15;64.87;59.01;69.9;72.85;58.99;55.69;75.58;;67.96;59.26;66.95;54.04;;74.68;48.09;56.84;61.74;65.68;48.8;55.78;72.23;50.7;61.97;68.74;70.4;52.4;68.7
O3;uur;µg/m³;2023-04-13T23:00:00+01:00;2023-04-14T00:00:00+01:00;67.2;34.2;62.7;65.3;49.2;50.83;63.84;35.5;34.18;36.65;63.41;51.97;55.42;61.4;65.24;58.07;52.63;41.07;51.36;53.8;62.76;69.7;59.23;55.88;71.15;;67.7;59.8;51.03;31.99;;55.23;40.8;63.92;47.17;46.72;69.28;69.1;75.58;37.73;61.48;59.84;61.8;51.3;64
O3;uur;µg/m³;2023-04-14T00:00:00+01:00;2023-04-14T01:00:00+01:00;63.3;49.1;34.1;50.6;46.7;33.3;48.28;24.82;37.78;36.69;59.01;57.45;46.41;54.23;67.56;57.07;64.91;21.93;57.51;42.97;56.68;66.74;59;53.81;61.79;;70.77;53.67;46.05;42.66;;49.52;39.3;43.1;35.75;42.16;49.28;65.11;76.32;66.27;58.65;58.55;59.9;45.1;55.3
O3;uur;µg/m³;2023-04-14T01:00:00+01:00;2023-04-14T02:00:00+01:00;61.3;43.7;31.9;56.1;44.2;31.53;54.44;34.62;54.87;34.11;47.46;54.12;51.43;51.03;69.21;55.56;63.76;35.18;53.12;44.23;54.51;61.72;57.97;56.89;54.78;;67.78;45.42;46.35;40.91;;50.98;30.57;39.95;20.8;54.7;38.07;48.19;72.87;60.67;55.93;65.47;63.5;53.9;61.6
O3;uur;µg/m³;2023-04-14T02:00:00+01:00;2023-04-14T03:00:00+01:00;67.8;29.6;61.2;62.4;45.6;;;;;;;;;;;;;;;;;;;;;;;;;;;;;;;;;;;;;;56.6;46.8;50.6
O3;uur;µg/m³;2023-04-14T03:00:00+01:00;2023-04-14T04:00:00+01:00;49.6;28.6;48;59.4;50.2;25.05;51.48;39.05;35.03;38.85;30.26;46.87;46.92;40.18;59.85;54.46;55.47;42.07;45.09;29.13;38.16;63.2;61.49;53.46;57.27;;64.34;44;35.52;33.53;;34.21;28.59;23.24;32.24;54.53;43.49;60.23;68.61;47.52;61.79;60.43;42.9;41;43.6
O3;uur;µg/m³;2023-04-14T04:00:00+01:00;2023-04-14T05:00:00+01:00;38.7;39.3;30.3;58.1;44.4;18.3;46.75;36.97;23.36;36.1;28.6;43.06;41.97;37.87;59.81;51.19;47.61;53.48;41.74;29.76;36.84;54.74;51.21;44.25;45.88;;58.52;34.82;32.38;20.74;;34.82;35.15;19.55;26.34;53.9;67.33;53.96;52.83;40.93;55.77;57.02;45.5;41.1;42.9
O3;uur;µg/m³;2023-04-14T05:00:00+01:00;2023-04-14T06:00:00+01:00;31.5;26.2;24.3;49.7;32.9;16.6;38.55;33.56;11.12;32.58;11.71;33.47;38.03;28.4;56.04;51.83;40.29;39.77;37.41;23.81;27.09;34.52;34.51;22.61;46.85;;48.85;28.89;30.47;12.2;;34.21;29.19;22.5;11.86;46.22;46.89;46.16;53.43;36.19;54.83;52.92;33.9;36.2;42.7
O3;uur;µg/m³;2023-04-14T06:00:00+01:00;2023-04-14T07:00:00+01:00;27.2;22.7;17.3;22.9;12.6;16.98;33.26;39.85;22.47;30.55;21.28;29.01;33.03;23.9;57.56;46.9;22.62;20.91;22.24;35.59;25.14;20.6;33.38;3.23;46.43;;39.15;25.29;20.91;11.97;;26.89;25.11;9.44;13.07;36.4;24.75;32.68;52.84;29.02;49.54;44.31;16.9;24.6;31.1
O3;uur;µg/m³;2023-04-14T07:00:00+01:00;2023-04-14T08:00:00+01:00;31.5;28.5;27.8;32.3;28.6;30.58;46.32;48.1;40;39.86;42.06;40.29;42.33;39.59;46.28;41.61;25.64;30.13;44.5;48.4;36.08;35.72;29.18;11.4;54.28;;52.34;38.44;26.62;22.69;;32.64;34.56;27.52;26.64;43.8;33.78;35.21;66.45;36.42;57.57;50.08;31.3;25.7;34.5
O3;uur;µg/m³;2023-04-14T08:00:00+01:00;2023-04-14T09:00:00+01:00;50.6;45.5;37.5;36.3;28.2;46.18;60.82;63.05;67.49;61.16;59.34;52.17;43.48;59.96;53.23;40.16;43.18;50.55;61.16;56.95;51.25;54.25;61.25;32.1;62.12;;66.18;55.13;45.78;44.73;;50.12;55.95;51.56;53.16;64.28;65.48;50.88;71.43;58.83;69.21;73.18;47.2;44.3;55.4
O3;uur;µg/m³;2023-04-14T09:00:00+01:00;2023-04-14T10:00:00+01:00;65.7;53.3;51.3;59.4;39.9;71.43;76.1;84.28;88.36;77.69;71.01;75.86;68.65;81.09;54.85;44.94;64.77;63.42;65.61;65.63;75.5;73.57;76.36;50.63;80.11;;81.64;71.85;57.17;60.84;;63.86;68.83;62.45;79.22;86;77.33;74.42;78.69;83.55;80.59;86.78;63.8;59.4;74.2
O3;uur;µg/m³;2023-04-14T10:00:00+01:00;2023-04-14T11:00:00+01:00;73.2;66.2;67.8;75.1;52.9;82.64;87.92;90;93.39;84.03;77.8;82.8;79.88;85.29;61.76;69.74;79.3;76.1;73.6;75.73;86.51;85.26;71.05;61.6;84.04;;87.23;77.69;75.31;76.72;;83.18;75.85;80.07;90.31;85.68;82.87;87.2;88.12;88.97;88.96;92.26;74.2;67.4;81.3
O3;uur;µg/m³;2023-04-14T11:00:00+01:00;2023-04-14T12:00:00+01:00;73.9;71;74.4;79.2;54.4;84.81;93.36;92.02;93.91;87.27;83.3;87.97;84.32;90.91;64.11;73.02;81.8;82.06;85.52;84.26;90.42;80.14;78.88;64.65;87.31;;92.54;79.98;80.45;84.34;;89.26;82.22;89.09;93.31;91.3;85.43;87.59;90.02;87.51;93.5;93.04;84.1;64.6;83.7
O3;uur;µg/m³;2023-04-14T12:00:00+01:00;2023-04-14T13:00:00+01:00;75.7;73;74.8;81.4;52.9;88.69;95.68;90.48;93.09;90;85.45;88.14;86.8;93.11;74.35;74.55;83.83;82.13;87.1;86.91;92.03;87.14;87.13;66.11;90.25;;92.84;85.11;83.34;87.22;;91.54;85.97;90.45;94.61;93.58;95.5;89.7;94.31;93.52;94.42;92.82;83.4;77.6;91.3
O3;uur;µg/m³;2023-04-14T13:00:00+01:00;2023-04-14T14:00:00+01:00;79.4;73.1;78.2;85;57.6;90.13;97.52;87.92;91.98;88.71;84.32;88.65;85.78;92.15;79.7;80.67;86.12;83.4;87.88;88.34;94.47;90.31;87.92;65.69;94.05;;93.35;88.53;86.49;89.07;;96.43;86.24;88.27;96.42;91;92.86;90.72;96.58;89.73;98.04;98.1;88;75.2;92.8
O3;uur;µg/m³;2023-04-14T14:00:00+01:00;2023-04-14T15:00:00+01:00;80.7;73.3;80.3;86.2;58.5;89.67;95.05;91.33;92.06;86.94;86.81;88.4;86.79;90.75;80.12;79.55;87.31;87.17;87.11;86.81;96.8;93.17;88.93;62.13;96.85;;94.01;90.13;87.35;89.26;;97.86;88.88;93.16;95.99;90.37;90.13;90.6;98.69;92.53;100.03;101.65;94.9;82.7;96
O3;uur;µg/m³;2023-04-14T15:00:00+01:00;2023-04-14T16:00:00+01:00;79.9;73.3;79.8;86.7;59.8;88.05;94.91;90.71;89.47;88.49;86.11;88.13;87.75;92.63;79.92;80.09;87.75;83.62;88.28;86.84;98.02;92.57;79.72;55.25;101.16;;92.07;91.78;87.33;91.01;;98.84;90.96;93.3;93.82;95.06;87.26;91.6;95.86;98.27;93.2;102.39;95.7;77.6;98.8
O3;uur;µg/m³;2023-04-14T16:00:00+01:00;2023-04-14T17:00:00+01:00;81.4;74.1;79.4;80.8;55.2;86.89;91.53;86.39;88.21;90.23;83.14;87.89;88.8;89.2;79.13;78.95;86.15;84.01;87.16;87.2;100.22;92.19;79.27;48.84;102.08;;87.74;90.39;85.91;85.66;;97.41;87.14;91.53;95.48;91.52;89.16;92.52;88.64;92.99;84.13;97.01;94.9;82.4;101.2
O3;uur;µg/m³;2023-04-14T17:00:00+01:00;2023-04-14T18:00:00+01:00;78.9;66.7;73.4;63.2;44.6;81.33;90.56;87.57;87.97;88.62;83.57;81.43;90.24;91.32;74.41;78.04;84.13;79.57;78.17;86.55;99.79;89.5;77;52.49;99.31;;85.79;87.96;82.95;83.4;;95.99;87.94;91.76;95.44;83.23;86.6;85.16;83.82;94.42;93.38;95.26;91.4;83.7;94.5
O3;uur;µg/m³;2023-04-14T18:00:00+01:00;2023-04-14T19:00:00+01:00;65.1;52.8;64.1;42.3;24.1;72.88;83.19;78.56;86.05;86.47;82.31;72.28;85.86;88.1;67.99;75.07;78.84;69.66;75.99;84.86;94.41;84.51;64.33;47.48;88.55;;74.17;72.12;84.96;84.03;;92.71;85;83.27;88.17;73.39;83.37;73.93;70.5;94.29;94.07;81.43;86.9;83.5;85.9
O3;uur;µg/m³;2023-04-14T19:00:00+01:00;2023-04-14T20:00:00+01:00;29.7;50;44.7;10.6;18.2;52.25;60.48;57.29;74.42;78.21;68.64;58.27;77.98;79.61;53.55;66.5;75.43;64.67;67.54;76.36;88.24;74.58;15.62;40.56;76.88;;64.94;73.04;72.54;62.38;;84.05;76.03;75.28;82.83;70.58;82.7;82.65;66.89;76.78;93.04;73.71;72.8;78.5;79.9
O3;uur;µg/m³;2023-04-14T20:00:00+01:00;2023-04-14T21:00:00+01:00;42.7;61;58.5;7.4;26.5;39.06;44.42;25.97;62.01;48.8;65.46;20.64;74.01;42.12;47.52;58.37;69.86;61.5;66.03;66.31;76.06;76.37;17.19;38.87;71.19;;64.37;71.89;56.24;35.22;;49.21;77.16;66.11;76.42;67.11;77.14;82.72;60.68;72.12;77.48;73.77;65.1;60.9;78.1
O3;uur;µg/m³;2023-04-14T21:00:00+01:00;2023-04-14T22:00:00+01:00;53.4;52.5;54.6;42.7;25.2;22.2;53.61;17.78;35.08;48.42;46.61;36.5;69.76;20.01;47.08;48.78;69.88;57.6;65.31;61.8;68.52;59.93;62.22;29.29;67.28;;62.27;63.16;55.93;44.94;;56.71;68.81;68.75;37.95;55.99;73.71;77.88;58.65;66.06;69.46;70.24;56.9;53.6;56.5
O3;uur;µg/m³;2023-04-14T22:00:00+01:00;2023-04-14T23:00:00+01:00;51.2;43.2;42.6;50.5;22.6;26.99;51.87;10.84;18.98;49.22;57.47;58.16;60.29;31.56;52.01;49.44;51.74;55.88;45.76;57.07;55.19;36.05;40.19;37.08;74.84;;62.68;57.7;62.71;62.09;;61.87;55.8;65.5;29.45;65.02;73.09;73.24;58.98;58.32;63.99;57.33;63.9;57.1;64.6
O3;uur;µg/m³;2023-04-14T23:00:00+01:00;2023-04-15T00:00:00+01:00;57.9;45.2;50.8;54.4;22.7;31.13;43.03;18.68;19.65;52.93;42.51;60.48;55.79;50.95;42.21;34.31;59.9;52.7;44.9;48.43;46.08;53.5;35.38;38.04;72.4;;60.12;52.44;61.64;60.6;;63.15;62.27;64.94;35.73;61.93;69.5;68.16;55.89;53.37;60.3;52.86;65.8;62.9;62.3
O3;uur;µg/m³;2023-04-15T00:00:00+01:00;2023-04-15T01:00:00+01:00;57.6;50;58.4;52.3;22.6;27.09;36.39;17.55;24.16;52.15;41.97;60.25;56.27;51.48;42.02;48.86;65.38;58.21;50.18;49.04;50.72;60.74;41.04;45.8;68.22;;63.83;49.12;67.41;72.08;;70.04;64.88;58;72.83;65.36;65.83;61.44;52.83;47.19;60.32;43.91;68.3;66.4;62.8
O3;uur;µg/m³;2023-04-15T01:00:00+01:00;2023-04-15T02:00:00+01:00;57.2;57.4;63.4;54;32.3;17.66;33.9;16.53;25.9;51.17;36.93;54.23;56.69;56.39;42.98;47.24;66.78;60.38;44.28;51.43;64.77;54.34;57.1;48.69;65.16;;51.59;48.61;68.64;71;;72.01;62.87;56.59;63.75;60.85;61.31;56.71;47.67;41.81;59.94;36.9;64;63.3;68.7
O3;uur;µg/m³;2023-04-15T02:00:00+01:00;2023-04-15T03:00:00+01:00;60.4;59.1;62.8;61;36.1;20.6;31.5;13.2;35.03;47.31;37.62;45.57;55.3;50.5;47.47;35.47;68.84;63.37;41.83;51.71;67.93;55.8;63.03;53.98;61.31;;44.74;50.26;68.13;68.77;;70.76;62.36;52.54;57.11;54.92;57.18;53.57;42.24;43.39;58.12;34.5;56.6;59.5;62.8
O3;uur;µg/m³;2023-04-15T03:00:00+01:00;2023-04-15T04:00:00+01:00;49.9;58;57.4;60;37.8;19.01;40.01;15.26;32.24;45.42;36.7;43;50.54;37.68;43.49;43.94;68.57;60.09;37.65;49.41;65.45;60.34;60.65;56.89;56.69;;44.23;51.04;63.27;67.31;;66.87;58.67;49.68;45.68;53.6;54.12;48.88;37.57;43.28;63.26;40.76;59.3;59.8;54.3
O3;uur;µg/m³;2023-04-15T04:00:00+01:00;2023-04-15T05:00:00+01:00;50.5;58.3;58.6;57.9;36.6;26.34;44.38;11.16;32.23;44.5;33.47;46.79;55.76;38.28;41.12;31.21;65.07;60.79;42.63;49.13;56.15;59.36;61.41;51.16;52.71;;40.94;50.45;57.18;61.77;;59.63;53.9;49.47;55.07;52.21;51.04;49.22;33.66;43.94;59.31;48.79;55;54;51.5
O3;uur;µg/m³;2023-04-15T05:00:00+01:00;2023-04-15T06:00:00+01:00;41.4;57.4;44.5;51.5;33.6;29.5;46.16;8.28;25.73;44.44;27.63;47.12;51.5;45.14;38.51;32.88;63.02;61.82;48.2;50.65;46.23;52.63;44.19;43.43;53.13;;40.56;47.06;50.8;56.93;;54.73;52.76;43.5;52.66;45.08;46.48;46.53;35.42;35.79;49.47;49.74;50.5;51.4;46.7
O3;uur;µg/m³;2023-04-15T06:00:00+01:00;2023-04-15T07:00:00+01:00;33.2;48.6;30.6;51.8;24.9;20.03;38.75;14.08;17.22;31.98;34.95;45.47;51.03;49.18;37.97;36;60.24;58.83;49.83;50.33;45.58;49.34;31.19;41.35;53.76;;42.84;43.93;47.58;50.74;;52.48;49.4;40.36;52.73;39.12;44.03;47.95;39.16;28.34;55.13;47.69;46.9;51.9;53.3
O3;uur;µg/m³;2023-04-15T07:00:00+01:00;2023-04-15T08:00:00+01:00;42.7;47.6;40.4;47.8;32.4;26.34;38.49;30.9;37.11;48.33;41.35;47.29;55.4;52.71;48.16;44.95;58.03;53.56;51.54;48.6;54.15;52.05;46.49;40.95;60.22;;45.58;45.86;54.42;53.49;;56.67;52.52;42.05;58.47;45.96;51.77;58.2;49.26;61.26;71.4;58.86;50.6;53;56.3
O3;uur;µg/m³;2023-04-15T08:00:00+01:00;2023-04-15T09:00:00+01:00;47.8;52.1;50.6;53.5;38.9;43.11;55.72;38.36;48;62.93;54.73;56.01;58.97;60.62;56.58;45.19;63.73;57.99;59.25;52.53;66.64;57.19;52.83;45.68;74.29;;63.73;56.08;64.17;63.78;;66.82;62.39;61.31;72.72;51.84;64.72;68.74;58.78;79.31;79.76;71.42;67.2;68.3;69.2
O3;uur;µg/m³;2023-04-15T09:00:00+01:00;2023-04-15T10:00:00+01:00;56.4;63;59.8;64.3;46.1;62.64;66.28;50.29;58.69;73.52;65.78;69.53;67.27;74.66;66.13;51.28;70.24;65.86;63.67;68.8;83.06;67.27;62.78;52.95;79.56;;71;72.43;74.34;76.04;;78.25;74.58;67.21;75.34;61.07;68.99;72.17;67.55;84.02;83.46;80.57;78.5;78.7;82.1
O3;uur;µg/m³;2023-04-15T10:00:00+01:00;2023-04-15T11:00:00+01:00;71.3;73.5;66.6;78;53;76.55;74.02;70.42;72.15;82.86;74.53;77.14;78.75;84.91;74.43;56.61;80.48;79.32;78.34;78.52;89.3;83.62;78.08;64.64;84.11;;81.33;81.76;81.83;84.13;;85.97;79.26;75.33;84.56;74.73;72.83;78.91;82.4;85.12;86.56;85.19;80.5;82.3;84.1
O3;uur;µg/m³;2023-04-15T11:00:00+01:00;2023-04-15T12:00:00+01:00;80.1;82.7;76.4;87;52.8;81.77;80.51;84.94;85.11;89.69;81.18;80.15;85.51;88.07;75.28;73.39;86.89;87.89;86.97;84.96;93.27;89.35;86.39;69.84;88.98;;82.92;86.83;84.34;86.65;;88.68;84.73;78.79;86.62;79.11;75.28;80.08;83.92;82.16;84.71;84.77;83.9;85.7;88.3
O3;uur;µg/m³;2023-04-15T12:00:00+01:00;2023-04-15T13:00:00+01:00;79.5;81.1;77.7;90.7;51.5;80.22;83.63;88.72;87.73;92.35;87.74;83.43;92.14;90.47;82.01;80.3;89.29;89.68;93.06;88.26;94.01;91.15;88.99;87.61;89.34;;85.15;86.15;83.46;86.61;;87.88;83.71;79.7;87.78;82.82;76.01;80.35;86.25;81.94;81.51;82.92;87.3;88.7;91.3
O3;uur;µg/m³;2023-04-15T13:00:00+01:00;2023-04-15T14:00:00+01:00;78.9;82.3;79.9;94;54.9;83.53;87.57;87.88;86.97;92.62;94.38;86.02;93.54;91.83;82.8;85.64;91.59;87.67;93.61;88.54;97.39;92.92;88.27;90.28;90.9;;84.06;89.81;88.19;91.98;;93.03;84.47;81.65;90.25;88.01;75.88;80.16;82.65;79.62;76;76.63;89.5;87.2;91.6
O3;uur;µg/m³;2023-04-15T14:00:00+01:00;2023-04-15T15:00:00+01:00;79.2;81.7;83;97.4;55.9;85.44;91;88.47;89.1;94.07;97.53;86.67;93.83;93.99;88.9;88.7;94.28;89.83;90.84;92.63;100.68;96.64;90.75;93.78;89.63;;82.71;90.27;88.48;92.75;;93.26;89.13;77.52;88.05;87.19;76.15;77.54;76.33;70.09;66.29;67.93;88.1;90.4;91.2
O3;uur;µg/m³;2023-04-15T15:00:00+01:00;2023-04-15T16:00:00+01:00;81.7;82.8;86.3;100.1;59.9;85.23;89.7;95.39;92.24;95.39;91.77;84.68;95.26;93.58;89.19;92.46;96.61;90.13;93.29;91.63;101.57;98.59;93.3;94.73;84.66;;79.32;90.41;88.57;93.11;;93.29;86.8;77;85.82;84.14;72.54;69.34;67.71;63.5;62.78;60.63;90.2;90.6;91.9
O3;uur;µg/m³;2023-04-15T16:00:00+01:00;2023-04-15T17:00:00+01:00;81.3;82.6;88.7;100;58.5;84.71;87.38;95.96;89.77;94.63;95.18;86.46;90.96;93.14;90.72;92.44;91.37;91.73;93.24;92.45;97.06;96.02;93.51;91.81;75.69;;71.14;88.73;88.21;91.9;;92.29;85.94;75.38;81.51;82.16;66.2;63.87;68.16;55.06;61.34;56.79;85.5;86.6;88.1
O3;uur;µg/m³;2023-04-15T17:00:00+01:00;2023-04-15T18:00:00+01:00;78.7;80.3;86.3;94.5;59.1;83.24;83.96;89.5;90.64;93.87;92.12;85.73;93.93;91.2;86.26;88.76;89.06;88.78;89.88;89.96;92.4;92.16;87.79;87.92;72.13;;68.39;84.96;81.05;85.56;;85.51;82;68.4;74.57;78.21;58.26;62.83;64;50.29;58.52;54.81;77;79.8;80.4
O3;uur;µg/m³;2023-04-15T18:00:00+01:00;2023-04-15T19:00:00+01:00;70.7;79.4;84.2;93.5;56.9;81.87;78.34;83.37;87.15;89.31;87.23;82.98;87.21;88.72;88.91;89.72;88.53;84.19;85.85;81.34;88.22;90.72;86.17;87.04;65.78;;65.84;77.58;75.46;78.47;;79.3;76.83;61.11;70.36;68.76;55.62;60.32;62.29;48.37;56.12;51.03;74.7;74.9;73.7
O3;uur;µg/m³;2023-04-15T19:00:00+01:00;2023-04-15T20:00:00+01:00;72.5;77.9;81.6;92.3;58.5;77.07;69.69;81.88;83.73;81.83;80.83;74.71;81.02;83.75;83.7;87.53;84.74;82.25;83.48;76.57;84.07;87.51;84.06;83.69;64.57;;63.02;70.52;70.63;74.32;;74.46;69.18;56.3;68.11;63.83;54.85;56.46;62.22;45.68;52.02;47.58;67.4;64.8;67.6
O3;uur;µg/m³;2023-04-15T20:00:00+01:00;2023-04-15T21:00:00+01:00;70;74.8;77.9;87.2;54.6;69.95;64.12;77.57;80.26;74.16;77.66;71.09;75.72;77.23;82.65;81.82;80.72;78.92;78.23;71.87;77.37;82.3;80.61;79.11;61.98;;60.66;66.89;64.63;68.3;;67.42;67.27;54.52;65.02;61.27;51.96;55.31;55.65;44.57;49.19;43.6;64;60.5;60.7
O3;uur;µg/m³;2023-04-15T21:00:00+01:00;2023-04-15T22:00:00+01:00;63.3;66.5;72.4;82.4;49.8;62.77;59.5;67.82;70.77;72.52;76.13;66.52;72.47;72.27;79.12;82.25;73.3;71.18;74.81;68.79;75.24;75.72;74.51;71.85;59.62;;59.12;63.47;61.85;63.16;;64.35;61.63;52.39;62.27;58.47;48.23;46.51;48.78;42.22;47.31;38.4;62.5;59.1;60.4
O3;uur;µg/m³;2023-04-15T22:00:00+01:00;2023-04-15T23:00:00+01:00;58.9;65.3;69.7;75.2;46.4;60.11;55.36;62.52;64.07;66.19;71.88;61.19;68.69;66.61;75.83;78.97;69.46;68.54;69.14;64.2;73.76;72.3;70.94;68.33;52.59;;50.13;61.22;59.2;60.29;;61.86;58.55;48.43;59.35;57.26;43.15;42.36;46.54;40.34;46.72;36.51;60.3;53.9;56.4
O3;uur;µg/m³;2023-04-15T23:00:00+01:00;2023-04-16T00:00:00+01:00;60;65;66.3;74.5;46;55.79;55.29;56.34;59.9;62.11;69.33;56.7;64.82;59.42;72.1;78.46;70.99;67.86;67.15;62.94;69.38;71.8;69.89;69.75;50.75;;46.52;57.96;57.35;59.1;;59.81;55.84;43.27;52.7;54.39;41.32;40.81;45.8;38.97;48.59;41;53.8;49.4;50.2
O3;uur;µg/m³;2023-04-16T00:00:00+01:00;2023-04-16T01:00:00+01:00;61;62;67.2;75.9;46.5;53.53;52.35;53.9;58.69;59.32;65.56;53;63.59;54.25;69.64;73.03;68.65;65.75;66.67;62.2;70.74;70.55;70.21;68.59;50.8;;45.19;53.66;48.98;52.17;;51.97;51.82;43.06;46.86;50.16;36.69;39.76;47.75;39.22;47.34;38.29;50.8;47.3;47.5
O3;uur;µg/m³;2023-04-16T01:00:00+01:00;2023-04-16T02:00:00+01:00;61.9;61.4;65;75;45.6;52.06;50.54;48.08;55.84;54.71;66.24;51.32;61.63;52.85;69.31;72.73;69.4;63.98;63.88;55.62;73.74;70.01;67.83;68.58;52.07;;45.16;53.52;47.38;48.73;;49.75;48.07;39.96;44.55;44.36;37.39;39.52;46.87;40.95;51.25;39.12;55.3;54;52.1
O3;uur;µg/m³;2023-04-16T02:00:00+01:00;2023-04-16T03:00:00+01:00;63.3;62.4;66.5;74.5;44.8;50.03;46.04;45.14;52.64;52.4;68.86;49.42;57.97;50.64;69.62;70.32;73.63;66.34;64.06;59.64;77.19;73.63;69.71;72.27;48.97;;44.9;56.28;49.8;51.65;;52.19;50.2;36.95;43.27;40.79;39.34;40.86;46.87;41.34;47.91;39.57;53.1;52.4;51.6
O3;uur;µg/m³;2023-04-16T03:00:00+01:00;2023-04-16T04:00:00+01:00;65.6;69.4;71.7;77.9;47.7;47.55;40.03;40.71;49.8;51.95;66.5;44.9;60.25;46.22;70.81;72.66;78.5;71.73;64.31;63.11;73.49;80.2;74.27;78.04;51.45;;43.45;55.3;48.49;50.28;;51.26;52.86;41.99;43.54;40.22;40.77;44.85;47.88;42.01;43.85;36.56;49.1;47.9;47.2
O3;uur;µg/m³;2023-04-16T04:00:00+01:00;2023-04-16T05:00:00+01:00;68.7;68.7;72.6;80.7;48;43.02;39.72;38.99;47.22;54.53;65.26;44.45;63.85;44.94;75.02;69.04;75.32;72.69;68.66;66.9;64.11;77.72;76.45;74.89;51.22;;45.05;50.67;45.36;48.02;;47.6;50.13;44.14;42.6;40.92;42.55;44.04;47.36;42.64;46.3;35.96;45.5;44;44.4
O3;uur;µg/m³;2023-04-16T05:00:00+01:00;2023-04-16T06:00:00+01:00;63.9;62.1;65.5;77.3;45.7;38.07;39.42;36.33;44.25;54.19;66.73;44.1;67.47;46.66;77.33;72.28;71.02;66.78;65.22;62.18;60.95;71.63;70.26;70.32;50.95;;47.3;45.78;41.78;44.43;;44.35;44.27;49.17;41.9;39.96;42.09;40.19;47.18;38.49;41.87;27.03;45.1;40.9;43.5
O3;uur;µg/m³;2023-04-16T06:00:00+01:00;2023-04-16T07:00:00+01:00;56;54;62.2;72.7;45;36.43;39.37;33.6;40.53;49.91;67.94;43.09;59.52;45.05;76.62;74.99;66.45;59.79;60.54;51.55;56.68;66.68;66.6;66.04;47.7;;46.86;44.04;41.87;43.57;;44.33;39.03;48.05;45.97;36.22;42.25;39.18;49.2;30.41;45.11;31.13;45.3;37.9;43.9
O3;uur;µg/m³;2023-04-16T07:00:00+01:00;2023-04-16T08:00:00+01:00;54;51.5;56.6;67.4;44;37.24;42.17;35.44;40.04;43.67;62.2;40.32;51.31;40.84;77.53;75.95;60.09;54.36;56.21;45.61;54.85;58.92;61.15;59.3;53.17;;46.62;40.33;42.34;44.57;;44.84;39.29;51.6;47.25;41.77;46.42;36.56;48.15;32.94;52.79;32.11;45;38.8;42.1
O3;uur;µg/m³;2023-04-16T08:00:00+01:00;2023-04-16T09:00:00+01:00;46.4;45.2;48.7;60;36;34.41;45.84;36.57;39.8;41.89;61.47;38.73;47.63;38.99;74.11;73.08;55.35;49.87;50.67;42.97;52.42;52.28;51.61;53.62;52.99;;47.75;41.17;41.38;42.92;;43.38;40.2;60.64;47.38;42.7;51.53;44.23;46.43;33.21;53.22;45.62;47.5;37.1;40.8
O3;uur;µg/m³;2023-04-16T09:00:00+01:00;2023-04-16T10:00:00+01:00;41.4;43.6;48.2;56.2;32.7;37.76;45.94;35.11;38.71;42.85;58.27;38.8;43.23;40.23;70.67;76.16;54.09;48.29;48.1;39.94;55.67;53.32;50.35;53.71;54.16;;49.52;42.12;44.08;44.93;;46.29;39.99;56.46;46.43;45.91;56.94;46.68;46.89;41.39;52.77;50.07;46.7;42.2;41.4
O3;uur;µg/m³;2023-04-16T10:00:00+01:00;2023-04-16T11:00:00+01:00;39.6;43;49.9;56.3;33.6;42.28;50.49;34.63;37.15;42.66;51.24;40.34;41.94;41.63;67.34;76.12;55.56;49.71;46.83;38.16;56.14;54.87;48.28;54.11;54.32;;47.71;43.75;45.92;46.31;;48.52;40.66;65.94;48.73;46.67;61.63;50.02;48.26;60.27;54.07;54.64;43.3;40.2;39.9
O3;uur;µg/m³;2023-04-16T11:00:00+01:00;2023-04-16T12:00:00+01:00;44.1;44.9;51.1;59;34.1;52.63;58.04;34.92;39.81;43.08;50.35;39.34;41.56;42.43;68.34;75.78;57.39;51.17;50.36;40.02;58.17;56.32;52.48;55.73;55.25;;48.48;43.55;46.56;46.86;;49.47;40.78;70.11;53.14;50.17;68.74;51.67;50.52;70.49;56.56;54.66;44;42.1;40.6
O3;uur;µg/m³;2023-04-16T12:00:00+01:00;2023-04-16T13:00:00+01:00;45.8;43.9;50.8;59.7;34.9;60.2;60.14;38.9;45.5;43.59;50.54;40.93;43.55;39.84;68.02;80.52;57.52;51.25;52.81;40.4;57.86;57.46;52.75;56.82;56.44;;48.87;39.5;45.87;46.09;;48.92;40.13;73.88;52.87;57.05;76.12;50.73;52.33;75.52;60.85;58.22;44.5;40.7;40.1
O3;uur;µg/m³;2023-04-16T13:00:00+01:00;2023-04-16T14:00:00+01:00;46.8;46.6;54.5;60;35.6;60.4;59.46;48.09;51.41;44.08;51.51;40.21;44.43;40.6;68.03;75.35;58.84;53.86;52.05;41.29;60.92;57.71;53.67;57.31;56;;51.7;41.17;45.07;46.68;;48.24;38.88;78.6;51.73;57.75;62.24;50.36;55.81;79.46;62.71;64.13;49.2;46.7;45.2
O3;uur;µg/m³;2023-04-16T14:00:00+01:00;2023-04-16T15:00:00+01:00;45.2;45.1;51.6;61.5;36.1;52.68;54.5;47.38;52.97;46.41;51.84;42.6;43.92;43.1;67.63;76.87;59.5;51.98;55.34;43.52;71.26;57.43;52.67;57.72;58.32;;55.53;42.49;50.95;52.3;;52.98;41.03;83.85;53.94;52.21;56.33;55.28;60.34;82.24;68.59;62.2;53;49.1;51.3
O3;uur;µg/m³;2023-04-16T15:00:00+01:00;2023-04-16T16:00:00+01:00;48.1;46.1;53.7;61.7;36.8;56.19;57.08;46.2;52.72;44.09;52.82;42.62;49.77;44.82;63.15;76.82;63.55;53.13;50.38;46.33;72.53;62.25;55.13;61.5;61.78;;60.92;44.44;51.85;53.88;;54.58;44.78;58.53;62.97;57.83;60.02;57.24;61.78;75.53;68.74;68.33;52.9;53.2;52.5
O3;uur;µg/m³;2023-04-16T16:00:00+01:00;2023-04-16T17:00:00+01:00;47;50.5;58.2;66.2;39.6;50.5;63.79;49.33;53.61;45.09;52.05;44.04;51.32;49.98;64.38;72.18;67.66;59.3;55.82;50.15;72.6;67.2;57.9;65.51;65.59;;64.04;49.92;51.33;52.03;;54.11;44.14;60.45;63.4;58.45;61.8;62.9;63.82;75.53;66.79;63.58;50.6;47.5;49.9
O3;uur;µg/m³;2023-04-16T17:00:00+01:00;2023-04-16T18:00:00+01:00;52;52;62.6;68.9;40.4;55.97;62.27;48.82;53.82;42.05;52.25;46.83;52.34;54.51;63;73.59;69.17;62.7;58.97;56.35;72.54;68.93;60.85;66.79;69.66;;65.3;50.41;52.8;53.85;;56.73;45.09;68.34;65.16;61.63;63.03;60.44;64.85;71.67;67.82;57.23;53.9;52.9;46.3
O3;uur;µg/m³;2023-04-16T18:00:00+01:00;2023-04-16T19:00:00+01:00;54.7;59.2;64.1;72;42.3;54.46;62.37;47.02;57.6;46.06;52.19;47.83;57.11;56.54;70.19;70.45;69.71;65.6;62.77;51.91;74.27;72.74;63.93;69.21;70.46;;64.83;51.3;55.36;54.33;;58.55;44.36;57.98;67.26;63.76;62.82;57.22;64.84;64.78;65.43;57.53;51.9;52.3;44.3
O3;uur;µg/m³;2023-04-16T19:00:00+01:00;2023-04-16T20:00:00+01:00;55.7;59.4;67.8;72.7;44.1;54.54;63.33;43.46;54.87;53.86;54.16;54.63;58.84;57.11;70.8;72.1;68.78;66.84;67.03;54.53;74.54;70.85;65.36;67.8;69.88;;67.06;54.9;55.44;55.49;;58.42;44.15;51.44;66.93;61.25;54.05;54.82;64.28;51.1;70.17;64;58.1;57.7;51.2
O3;uur;µg/m³;2023-04-16T20:00:00+01:00;2023-04-16T21:00:00+01:00;58.8;61.4;68.2;73;43.2;47.79;66.34;48.16;49.59;49.68;55.83;60.78;56.79;55.47;69.73;74.1;71.75;66.98;66.65;54.55;74.64;72.41;66.89;70.03;70.18;;67.54;51.8;60.45;60.03;;63.34;43.39;52.58;68.45;66.95;49.71;64.8;62.61;60.7;70.33;64.47;64.7;56.3;57.4
O3;uur;µg/m³;2023-04-16T21:00:00+01:00;2023-04-16T22:00:00+01:00;61.5;62.2;66;74.2;43.1;49.99;63.15;45.34;50.29;52.66;56.62;61.66;56.49;62.32;61.64;71.37;73.01;68.14;63.64;57.09;64.39;73.51;66.65;71.37;70.35;;66.04;55.28;63.09;65.24;;66.05;49.04;45.43;72.86;65.6;57.09;59.23;64.07;61.48;73.97;63.01;62.5;65.3;61.8
O3;uur;µg/m³;2023-04-16T22:00:00+01:00;2023-04-16T23:00:00+01:00;62.8;64.9;65.5;76.2;42.7;63.13;63.55;53.73;54.96;50.05;58.36;63.54;59.41;64.88;61.63;66.46;75.14;66.62;64.48;55.1;59.34;72.55;66.97;72.66;73.1;;63.85;60.25;67.58;70.1;;70.82;59.42;53.84;68.97;66.91;57.46;59.51;67.51;59.41;70.29;67.14;66.1;64.9;62.6
O3;uur;µg/m³;2023-04-16T23:00:00+01:00;2023-04-17T00:00:00+01:00;61.4;55.2;64.7;78.6;44.7;58.28;66.95;52.59;61.86;58.41;63.68;62.58;57.28;65.81;64.04;63.73;75.87;58.57;67.21;55.69;67.03;67.69;67.99;69.65;76.12;;60.27;65;69.25;71.02;;72.99;64.06;57.33;68.58;63.28;54.59;61.66;65.52;53.8;71.78;64.75;63.1;61.8;61.4
O3;uur;µg/m³;2023-04-17T00:00:00+01:00;2023-04-17T01:00:00+01:00;53.2;58.6;60.8;79;45.1;61.39;64.42;54.58;63.27;66.19;61.28;70.11;58.14;64.47;61.98;59.67;69.98;64.07;61.31;55.19;62.71;57.23;64.67;62.3;73.94;;61.05;66.47;66.84;70.77;;70.52;64.02;55.66;62.86;66.45;52.63;62.72;69.78;51.06;72.43;62.75;63.7;67.6;65.8
O3;uur;µg/m³;2023-04-17T01:00:00+01:00;2023-04-17T02:00:00+01:00;51.6;62;64.2;72;43.5;63.54;61.35;60.47;60.79;67.69;59.68;70.77;67.29;71.76;61.9;58.09;60.29;65.46;66.33;61.68;54.72;61.56;61.61;55.03;76.4;;63.71;64.73;66.44;70.62;;69.95;65.35;52.02;61.51;66.65;53.12;61.05;65.56;48.05;72.86;60.45;66;71;69.1
O3;uur;µg/m³;2023-04-17T02:00:00+01:00;2023-04-17T03:00:00+01:00;56.5;61.9;65.1;61.2;41.1;63.21;61.39;57.87;61.09;69.82;57.57;69.21;70.48;73.27;68.2;62.24;58.3;63.57;62.15;65.78;71.53;63.96;64.99;54.78;77.36;;64.38;66.29;66.97;69.83;;69.67;65.98;52.38;63.26;62.84;54.37;62.29;66.34;46.62;71.76;57.86;71;72;69.4
O3;uur;µg/m³;2023-04-17T03:00:00+01:00;2023-04-17T04:00:00+01:00;57.5;55.2;61.6;62.9;38.5;60.17;59.01;58.12;64.65;69.12;56.54;68.97;70.18;73.51;70.78;65.46;59.04;58.76;62.42;64.56;74.37;67.02;65.73;56.91;77.4;;62.25;69.86;70.16;71.9;;72.89;68.87;48.68;58.95;58.46;49.16;58.77;63.92;44.54;66.62;55.07;69;67.8;73.3
O3;uur;µg/m³;2023-04-17T04:00:00+01:00;2023-04-17T05:00:00+01:00;45.4;60.9;55.7;61.8;31.6;53.74;55.26;58.79;61.67;66.69;56.15;63.4;71.1;68.93;61.52;66.13;66.93;65.28;61.91;66;71.87;65.35;49.74;57.48;74.04;;60.8;70.84;68.34;70.03;;71.13;67.74;44.27;55.41;55.9;45.87;57.07;63.86;41.42;68.34;54.21;70.2;72.4;71.9
O3;uur;µg/m³;2023-04-17T05:00:00+01:00;2023-04-17T06:00:00+01:00;42.2;57.2;51.4;57.5;37.5;47.8;51.14;53.1;55.82;61.68;58.82;53.3;71.27;60.58;52.1;67.38;68.22;60.98;65.43;64.05;75.05;61.91;49.61;38.71;72.09;;57.76;68.73;59.81;62.3;;63.28;65.69;42.03;58.64;51.48;44.42;54.51;60.64;40.33;65.51;55.08;64.6;68.2;71.6
O3;uur;µg/m³;2023-04-17T06:00:00+01:00;2023-04-17T07:00:00+01:00;47.3;57.4;46.3;60.4;38.4;41.78;46.8;44.79;46.61;57.98;59.79;44.09;66.03;50.28;52.88;57.29;61.95;48.97;60.33;58.14;75.19;57.55;46.94;41.25;72.84;;52.92;61.66;52.96;54.07;;55.85;57.19;39.97;52.56;46.82;43.03;52.42;57.76;35.99;61.94;53.12;59;58.3;64.1
O3;uur;µg/m³;2023-04-17T07:00:00+01:00;2023-04-17T08:00:00+01:00;53.6;58.4;42.6;55.8;35;39.71;44.83;38.21;40.83;50.32;57.35;42.86;59.54;46.85;54.05;51.6;59.56;54.92;62.02;49.51;72.61;60.84;43.96;34.68;75.78;;54.33;51.93;49.23;53;;52.79;53.89;36.08;50.51;40.3;41.91;50.69;56.26;32.28;65.17;49.13;55.1;51.7;59.9
O3;uur;µg/m³;2023-04-17T08:00:00+01:00;2023-04-17T09:00:00+01:00;46.3;56.7;49.1;57.6;36.4;40.53;45.14;34.43;37.32;47.8;61;43.67;57.33;44.77;51.66;57.65;58.59;53.79;58.34;59.33;67.55;57.22;46.24;40.36;73.72;;57.51;58.25;49.4;49.62;;51.21;54.39;36.75;49.92;40.15;44.3;49.5;54.29;36.19;58.81;49.19;55.2;49.5;57
O3;uur;µg/m³;2023-04-17T09:00:00+01:00;2023-04-17T10:00:00+01:00;47.4;53.9;48.3;56.3;34.4;44.74;45.05;36.77;38.51;46.4;59.76;45.09;53.71;46.3;51.69;58.03;52.07;45.58;57.93;47.05;61.75;53.95;46.71;38.76;71.8;;56.52;59.65;50.28;51.5;;52.5;50.6;49.39;51.96;40.76;47.09;48.1;53.24;41.95;64.05;48.72;57.6;51.7;57.8
O3;uur;µg/m³;2023-04-17T10:00:00+01:00;2023-04-17T11:00:00+01:00;46.2;53;47.7;56.3;32.7;50.66;50.06;42.57;40.31;49.56;56.71;49.72;52.73;51.93;51.44;57.85;52.66;51.02;56.49;50.09;63.63;52.92;48.11;38.76;;;57.37;62.43;56.77;54.72;;59.44;55.41;58.51;59.37;49.73;54.03;49.88;54.23;55.65;66.51;53.49;56.6;54.1;59.3
O3;uur;µg/m³;2023-04-17T11:00:00+01:00;2023-04-17T12:00:00+01:00;51.7;57.7;53;59.3;34.9;50.44;59.29;45.35;40.07;57.34;54.73;56.63;61.21;60.26;51.26;59.54;55.09;51.76;61.56;58.17;72.27;56.58;56.23;40.02;;;59.9;64.1;61.28;63.02;;62.49;57.53;69.78;74.29;55.46;61.2;58.56;61.92;76.5;71.03;56.79;56.6;54.8;61.8
O3;uur;µg/m³;2023-04-17T12:00:00+01:00;2023-04-17T13:00:00+01:00;57;63.7;61.5;65.8;36;62.52;70.42;51.38;51.83;65.32;60.45;67.07;64.82;67.23;54.84;63.51;63.46;62.02;69.87;63.98;78.59;65.96;64.86;51.14;;;66.43;65.05;69.47;68.77;55.61;72.84;64.41;75.23;81.67;65.86;71.33;68.2;63.51;78.89;70.13;68.46;60.8;59.7;64.6
O3;uur;µg/m³;2023-04-17T13:00:00+01:00;2023-04-17T14:00:00+01:00;67.1;68.8;69.2;77.8;38.8;75.69;82.63;69.12;74.24;75.45;71.04;69.15;72.71;76.29;66.48;68.99;72.91;71.75;78.29;74.4;86.52;78.01;75.43;65.95;;;82.33;67.69;75.14;76.22;57.28;78.15;75.84;73.38;87.93;76.2;83.4;74.79;70.69;92.33;69.47;77.98;65.2;65.5;71.8
O3;uur;µg/m³;2023-04-17T14:00:00+01:00;2023-04-17T15:00:00+01:00;72.4;73.8;72.3;89.2;43.6;82.01;92.42;82.07;85.96;85.31;75.19;81.65;82.83;83.52;67.87;73.84;78.89;75.03;80.19;80.4;89.98;87.69;80.8;73.75;80.57;;76.75;72.46;75.86;79.95;63.96;78.79;66.32;87.12;94.51;90.89;87.71;84.62;78.17;96.55;77.05;87.42;73.6;70.7;77.4
O3;uur;µg/m³;2023-04-17T15:00:00+01:00;2023-04-17T16:00:00+01:00;74.4;75.7;75;91;46.5;94.94;90.26;88.84;92.43;90.61;82.95;91.26;93.17;99.54;63.39;81.4;81.92;80.36;81.93;72.6;97.88;91.54;82.61;77.8;82.49;;73.15;81.28;75.33;78.93;72.54;79.56;69.09;98.57;95.96;94.96;91.23;91.26;82.83;100.14;84.03;97.82;74.5;81.1;86.6
O3;uur;µg/m³;2023-04-17T16:00:00+01:00;2023-04-17T17:00:00+01:00;78.4;80.6;77.4;76.6;43.8;97.14;92.55;97.44;98.13;100.61;87.9;89.89;101.75;95.75;71.25;83.91;79.47;82.56;84.96;75.36;87.53;91.57;83.78;76.38;81.91;;83.45;86.11;78.86;80.62;72.9;82.03;73.87;99.67;93.13;91.24;100.6;91.76;86.18;102.74;92.36;94.47;76.9;78;87.2
O3;uur;µg/m³;2023-04-17T17:00:00+01:00;2023-04-17T18:00:00+01:00;79.9;84.1;81.9;74;42.7;91.24;94.66;99.36;98.17;100.91;86.15;91.49;95.3;97.95;68.79;70.01;80.56;87.79;83.58;77.4;81.14;81.61;81.92;76.83;76.39;;87.68;84.87;79.7;81.22;71.51;83.34;73.68;103.57;95.12;84.6;100.25;93.32;76.97;98.29;87.56;88.72;77.9;75.7;81.7
O3;uur;µg/m³;2023-04-17T18:00:00+01:00;2023-04-17T19:00:00+01:00;72.9;81.6;76;75.5;43;91.77;81.85;93.22;97.27;93.88;76.71;89.56;72.29;98.86;65.61;69.62;78.97;85.32;83.71;76;81.47;77.17;73.35;76.73;72.01;;82.18;79.58;78.81;82.55;71.32;83.13;74.63;101.79;93.67;82.93;95.52;90.47;67.06;88.37;80.45;76.78;69.9;71;72.7
O3;uur;µg/m³;2023-04-17T19:00:00+01:00;2023-04-17T20:00:00+01:00;33.8;58.1;66.2;68.9;40.4;84.71;64.78;78.47;88.74;71.68;73.07;74.61;69.4;89.77;65.26;62.26;75.38;69.32;78.22;70.09;70.04;68.12;61;72.08;73.42;;69;72.79;74.83;78.01;63.41;77.97;63.23;92.08;90.2;74.09;88.66;78.34;67.87;79.05;75.44;65.82;58.4;65.3;60
O3;uur;µg/m³;2023-04-17T20:00:00+01:00;2023-04-17T21:00:00+01:00;36.6;52.6;60;64.6;40.2;77.29;62.94;58.31;75.82;67.33;67.62;67.04;72.45;75.27;61.03;52.45;70.38;58.9;46.12;63.37;57.55;66.41;52.84;68.65;81.86;;59.12;64.03;66.51;69.6;56.09;69.18;62.38;82.48;87.16;83.03;74.3;66.91;61.41;75.41;90.07;80.98;59.3;60.5;62.6
O3;uur;µg/m³;2023-04-17T21:00:00+01:00;2023-04-17T22:00:00+01:00;33.7;47.3;51.9;57.4;37.3;72.76;65.23;46.62;55.87;69.44;65.13;60.44;64.89;72.27;58.02;44.8;60.1;57.79;47.65;58.4;62.84;57.77;48.34;62.33;78.53;;54.95;66.28;58.04;59.71;61.68;60.63;55.77;82.29;79.88;80.52;69.53;60.15;67.97;82.87;95.43;86.4;59;63.6;62.3
O3;uur;µg/m³;2023-04-17T22:00:00+01:00;2023-04-17T23:00:00+01:00;30.2;52;53.6;53.9;36.4;68.78;68.66;28.07;65.35;65.69;54.21;66.56;60.19;69.98;55.04;39.83;57.82;55.6;48.81;56.36;72.15;60.27;54.18;65.72;82.81;;53.87;66.59;59.83;60.94;64.35;61.94;52.53;87.28;71.29;68.38;74.73;64.63;68.61;92.38;89.52;78.83;61.3;59.8;65.8
O3;uur;µg/m³;2023-04-17T23:00:00+01:00;2023-04-18T00:00:00+01:00;35.9;51.1;56.7;67.2;35.3;58.91;58.93;33.47;70.68;65.07;51.89;68.05;52.67;70;57.06;38.37;60.79;56.54;54.04;55.69;76.55;69.05;62.86;73.44;81.66;;57.92;63.29;61.6;63.24;57.44;63.65;50.11;83.16;71.7;60.37;83.17;81.7;72.98;81.53;79.27;71.98;59.2;64.1;67.5
O3;uur;µg/m³;2023-04-18T00:00:00+01:00;2023-04-18T01:00:00+01:00;36.5;52.5;55.9;67.7;33.1;59.01;59.71;40.93;71.52;58.03;55.29;65.2;53.63;68.2;58.45;30.79;66.44;53.93;54.62;53.96;72.7;60.89;59.82;66.72;80.92;;64.98;62.6;58.05;61.24;52.11;61.45;51.85;75.12;80.11;68.76;81.32;85.47;63.23;73.31;84.49;72.81;66.5;67.4;68.8
O3;uur;µg/m³;2023-04-18T01:00:00+01:00;2023-04-18T02:00:00+01:00;52.1;53.7;51.7;59.8;38.8;65.32;71.57;41.76;69.59;57.5;54.51;69.27;53.28;71.23;56.75;40.44;63.59;55.53;58.07;50.85;68.57;62.26;57.38;59.05;78.3;;72.65;61.4;66.49;66.5;56.62;69.41;49.33;70.13;80.08;70.88;78.66;83.12;57.92;63.89;80.22;73.44;79.4;82.1;79.4
O3;uur;µg/m³;2023-04-18T02:00:00+01:00;2023-04-18T03:00:00+01:00;47.7;58.6;55.4;59.3;31.6;;;;;;;;;;;;;;;;;;;;;;;;;;;;;;;;;;;;;;88.4;90.3;91
O3;uur;µg/m³;2023-04-18T03:00:00+01:00;2023-04-18T04:00:00+01:00;51.1;63.6;63.3;67.4;46.8;57.68;57.14;41.1;57.72;61.06;45.95;65.38;65.28;66.72;46.19;41.77;77.72;68.63;64.14;63.5;80.34;77.11;66.54;70.72;72.99;;69.93;70.84;73.16;76.58;69.01;77.26;59.59;64.43;77.91;68.08;71.92;66.17;64.16;53.67;65.81;59.04;83.3;86.2;86.7
O3;uur;µg/m³;2023-04-18T04:00:00+01:00;2023-04-18T05:00:00+01:00;58.1;68.6;59.8;69.6;58.4;47.83;53.27;37.57;54.11;61.31;51.72;59.84;64.41;61.45;52.74;48.63;81.59;72.88;65.44;60.43;74.23;81.22;63.62;57.73;64.39;;62.63;72.5;74.13;77.89;69.85;79.34;63.94;63.3;73.74;63.09;65.85;59.18;57.44;52.25;67.99;58.18;72.9;74.8;75.2
O3;uur;µg/m³;2023-04-18T05:00:00+01:00;2023-04-18T06:00:00+01:00;49.6;62.4;54.7;70.8;42.2;38.29;49.48;30.36;44.4;55.55;50.05;53.59;64.37;53.68;50.5;50.32;72.8;67.8;61.5;58.01;64.41;79.47;61.15;41.7;59.18;;54.9;67.04;65.7;72.38;63.4;72.08;56.65;58;68.61;61.83;57.16;51.96;50.58;52.05;67.31;60.77;63;60.5;66.2
O3;uur;µg/m³;2023-04-18T06:00:00+01:00;2023-04-18T07:00:00+01:00;50;62.7;49.7;62.3;43;34.42;49.44;28.13;37.41;52.46;52.32;50.16;60.48;49.18;48.32;52.16;57.64;58.4;61.69;56.41;55.37;67.37;58.61;37.59;56.95;;47.87;56.18;55.75;60.92;52.59;58.32;53.47;51.62;58.21;54.16;49.79;49.62;47.97;53.17;67.21;61.44;54.9;49.5;49.3
O3;uur;µg/m³;2023-04-18T07:00:00+01:00;2023-04-18T08:00:00+01:00;40.8;51.1;49.1;54;35.1;38.5;46.21;34.29;35.96;52.07;55.53;48.96;57.92;49.88;52.28;50.07;52.34;45.41;58.55;49.2;52.35;55.71;48.45;35.69;56.79;;48.82;48.46;50.57;50.35;45.23;52.18;47.16;50.47;53.68;45.95;47.9;47.83;50.38;57.88;79.44;69.79;50.8;46.2;44.4
O3;uur;µg/m³;2023-04-18T08:00:00+01:00;2023-04-18T09:00:00+01:00;37.5;47.4;45.5;50;34.5;37.41;42.17;42.88;43.86;50.95;52.23;45.73;55.55;46.57;54.26;53.85;48.27;47.83;51.64;45.14;52.62;49.43;45.28;36.08;55.87;;49.28;45.87;48.17;48.68;43.78;49.75;45.34;52.03;53.13;48.65;47.78;52.95;55.08;65.24;82.26;74.73;49.7;47.8;41.2
O3;uur;µg/m³;2023-04-18T09:00:00+01:00;2023-04-18T10:00:00+01:00;34.9;45.5;41.7;49.3;33.1;54.14;51.94;53.41;56.52;48.45;50.45;43.67;51.6;43.45;53.19;53.07;49.09;45.92;49.38;48.73;54.9;50.21;46.11;37.81;59.87;;50.36;49.01;50.82;51.87;46.42;53.01;48.13;49.08;53.78;50.17;50.57;56.87;72.97;61.61;83.4;81.8;;49.2;46
O3;uur;µg/m³;2023-04-18T10:00:00+01:00;2023-04-18T11:00:00+01:00;40.4;44.9;43.3;51.2;34.7;57.52;52.29;59.36;65.06;51.65;50.54;55.81;52.3;55.51;51.88;51.85;55.15;49.29;51.78;51.47;56.82;54.94;46.67;41.71;80.09;;52.8;50.25;54.11;54.42;46.91;56.16;54.79;50.1;55.68;49.19;51.48;59.81;79;59.56;78.66;81.63;;48.6;50.7
O3;uur;µg/m³;2023-04-18T11:00:00+01:00;2023-04-18T12:00:00+01:00;42.5;47.3;48.8;55.7;38.6;52.4;50.76;62.87;62.09;60.41;53.51;56.98;57.87;59.81;52.73;52.43;56.73;52.69;55.97;57.33;57.26;58.89;56.34;44.67;80.03;;56.68;48.99;51.9;53.53;46.85;54.2;55.52;52.26;57.13;50.32;56.47;60.76;71.26;67.57;78.08;78.15;54.3;50.1;54.3
O3;uur;µg/m³;2023-04-18T12:00:00+01:00;2023-04-18T13:00:00+01:00;50;48.3;53.5;59.2;;51.61;49.76;60.09;59;58.78;57.52;52.32;59.19;55.56;59.5;57.17;52.63;51.17;56.93;61.81;61.67;54.61;59.19;37.91;71.11;;59.5;53.76;58.19;57.79;52.86;62;55.22;60.1;60.64;50;59.33;61.59;75.75;75.86;81.56;77.52;59.3;57.4;57.9
O3;uur;µg/m³;2023-04-18T13:00:00+01:00;2023-04-18T14:00:00+01:00;49.9;46.5;50.9;55.8;;49.18;48.57;58.03;56.49;55.31;62.17;51.92;62.93;55.87;60.21;60.46;58.2;54.83;60.37;59.48;67.14;59.89;58.36;44.48;75.2;;63.71;59.45;60.81;59.38;54.15;63.17;59.61;64.89;63.65;53.59;66.84;66.21;82.08;78.83;85.64;78.65;61.7;60.1;59.9
O3;uur;µg/m³;2023-04-18T14:00:00+01:00;2023-04-18T15:00:00+01:00;53.2;48.2;54.3;59;;50.03;52.03;52.1;51.66;56;60.85;50.77;59.59;53.78;59.28;60.44;61.62;55.47;57.82;55.26;68.1;63.59;62.93;41.87;84.45;;68.35;58.72;60.33;61.68;53.83;63.04;57.01;69.9;68.01;57.1;72.43;71.95;81.36;78.76;85.82;80.46;63.9;62;61.6
O3;uur;µg/m³;2023-04-18T15:00:00+01:00;2023-04-18T16:00:00+01:00;53.1;47.9;52.4;59.4;;50.8;62.24;52.55;50.69;54.81;61.24;53.15;60.79;54.84;57.32;62.56;59.96;52.42;58.87;56.66;71.22;64.04;60.77;42.32;83.36;;74.52;59.31;62.21;62.46;63.78;67.09;58.56;73.61;75.08;63.63;77.3;79.47;80.02;75.87;82.19;79.86;70.2;70.8;71
O3;uur;µg/m³;2023-04-18T16:00:00+01:00;2023-04-18T17:00:00+01:00;55;51.3;54.3;63.6;;55.32;62.83;51.29;53.03;61.67;59.14;60.86;65.28;62.36;57.48;59.72;61.49;53.32;59.62;58.36;76.36;62.85;62.31;47.9;81.13;;78.09;67.05;72.92;71.23;67.98;74.79;62.81;78.21;80.21;68.02;82.64;79.19;77.03;75.41;78.04;75.18;72.1;68.2;76.4
O3;uur;µg/m³;2023-04-18T17:00:00+01:00;2023-04-18T18:00:00+01:00;55.9;54.1;61;62.9;;62.38;69.33;55.47;56.04;64.88;57.13;63.98;70.73;65.53;56.54;57.89;69.04;56.58;62.15;64.55;81.45;71.19;65.38;52.03;77.41;;81.02;70.57;73.14;75.06;71.86;78.67;68.29;79.64;81.05;73.65;81.03;74.12;76.52;70.73;77.76;75.05;72.1;71.9;74.7
O3;uur;µg/m³;2023-04-18T18:00:00+01:00;2023-04-18T19:00:00+01:00;64.1;57.6;62.7;68.4;;65.52;66.01;61.02;59.66;66.25;60.18;64.19;69.15;72.29;58.25;52.24;74.27;61.99;67.52;69.46;79.2;75.37;71.1;53.31;74.06;;72.37;68.49;75.61;74.13;72.06;77.81;69.69;77.34;82.78;73.27;76.65;70.23;71.03;69.68;72.51;68.56;73.1;77.4;57.4
O3;uur;µg/m³;2023-04-18T19:00:00+01:00;2023-04-18T20:00:00+01:00;61.5;55.9;63.3;67.5;;64.78;61.19;60.96;59.63;65.87;55.48;62.66;67.01;65.84;58.26;48.26;69.29;63.14;66.65;67.47;78.1;71.52;70.78;42.1;68.27;;61.74;56.41;72.59;68.21;63.85;73.26;58.65;74.49;78.09;63.57;72.3;64.64;63.35;62.68;66.15;61.27;68.4;70.5;40.5
O3;uur;µg/m³;2023-04-18T20:00:00+01:00;2023-04-18T21:00:00+01:00;52.3;52.7;54.7;59.5;;59.33;58.62;56.25;56.13;60.59;52.55;61.15;65.26;64.61;58.9;46.09;59.13;60.75;54.6;56.97;67.27;62.14;52.66;43.14;64.9;;55.54;55.03;68.83;66.79;56.33;70.63;49.06;71.81;73.15;54.08;66.33;60.66;55.36;52.18;57.57;58.37;60.4;62.8;54.2
O3;uur;µg/m³;2023-04-18T21:00:00+01:00;2023-04-18T22:00:00+01:00;41.2;42.3;34.6;47;;55.71;56.46;52.23;51.4;59.44;48.05;61.59;63.07;63.94;52.18;52.44;57.52;59.31;42.93;51.65;63.16;61.51;28.05;47.29;61.06;;52.44;52.78;68.26;66.87;58.17;70.85;55.78;65.96;69.88;54.74;62.32;60.32;50.8;52.94;55.94;56.42;58.5;58.8;60.1
O3;uur;µg/m³;2023-04-18T22:00:00+01:00;2023-04-18T23:00:00+01:00;32.9;51.3;51;48.1;;52.38;54.04;50.12;48.7;58.4;54.19;58.48;58.33;61.92;51.38;50.82;59.77;61.08;39.33;56.58;60.2;56.33;37.57;52.05;59.29;;49.52;56.16;68.47;68.32;56.7;71.53;59.01;60.53;68.17;57.6;55.21;57.62;49.24;53.8;57.76;56.66;58.4;56.8;60.2
O3;uur;µg/m³;2023-04-18T23:00:00+01:00;2023-04-19T00:00:00+01:00;52.5;61.5;61.9;53.1;;51.38;55.16;47.36;47.71;57;53.89;55.79;53.61;57.75;45.79;52.35;61.14;63.84;54.67;57.24;57.88;56.53;59.88;51.71;56.89;;47.43;52.57;64.24;65.45;57.64;67.33;58.41;56.09;62.9;51.79;51.77;54.17;49.65;51.7;58.45;61.04;55.9;56;56.7
O3;uur;µg/m³;2023-04-19T00:00:00+01:00;2023-04-19T01:00:00+01:00;52.7;60.8;62.1;53.6;;50.29;55.38;49.62;49.17;53.36;49.03;56.11;54.54;54.34;50.36;50.78;60.53;60.67;54.16;58.18;54.22;57.13;64.28;52.12;53.81;;44.58;49.21;60.25;61.38;54.32;63.16;56.42;56.05;60.15;55.15;50.28;51.86;51.86;54.97;56.79;59.77;55.5;55.6;53.9
O3;uur;µg/m³;2023-04-19T01:00:00+01:00;2023-04-19T02:00:00+01:00;51.7;57.2;58.9;51.3;;52.21;51.49;50.16;48.97;52.21;44.55;56.44;56.39;55.29;50.97;47.6;60.22;57.6;49.63;53.75;55.52;58.47;59.04;50.39;53.39;;43.45;45.26;57.32;59.7;51.25;59.91;55.87;55.92;55.55;51.49;52.53;51.5;50.41;60.39;60.56;67.38;49.5;51.1;51.7
O3;uur;µg/m³;2023-04-19T02:00:00+01:00;2023-04-19T03:00:00+01:00;49.8;56.3;57.7;49.5;;51.75;49.91;48.02;47.37;52.34;42.77;53.94;54.38;53.67;47.42;41.57;57.51;53.15;49.45;51.3;52.21;54.25;60.62;49.18;54.2;;43.3;45.01;53.59;55.36;43.16;56.01;50.83;58.05;51.96;47.99;52.59;50.16;50.25;63.34;60.67;58.18;48.9;50.2;49.7
O3;uur;µg/m³;2023-04-19T03:00:00+01:00;2023-04-19T04:00:00+01:00;51.4;54.3;53.5;49.5;;48.53;50.16;46.99;44.57;52.76;37.56;52.38;55.04;52.82;44.01;37.03;54.02;53.95;50.79;53.24;46.19;54.17;54.1;45.29;56.26;;45.44;43.89;52.41;53;45.65;54.66;48.71;59.59;54.37;49.44;52.69;55.19;58.41;59.5;72.17;73.31;50;51.8;49.9
O3;uur;µg/m³;2023-04-19T04:00:00+01:00;2023-04-19T05:00:00+01:00;37.8;48.4;48.4;44.8;;48.95;48.13;43.77;42.18;50.31;43.05;51.28;52;50.65;44.46;33.17;51.99;48.4;47.15;46.33;49.2;52.61;48.29;35.9;64.34;;47.47;48.12;53.93;53.2;49.17;56.15;47.94;63.63;56.41;50.27;60.23;65.94;62.26;58.14;76.8;74.84;51;51.6;51.2
O3;uur;µg/m³;2023-04-19T05:00:00+01:00;2023-04-19T06:00:00+01:00;29;43.9;40.9;41.1;;49.43;46.95;42.12;41.61;46.42;41.58;46.18;48.37;50.07;44.72;34.52;50.76;35.34;46.44;43.23;50;51.91;47.75;29.9;69.33;;55.15;48.52;55.81;52.26;49.23;58.01;47.42;76.47;53.27;58.23;71.96;62.1;61.01;60.97;77.98;68.29;55.8;53.2;52.1
O3;uur;µg/m³;2023-04-19T06:00:00+01:00;2023-04-19T07:00:00+01:00;31.6;46;41.9;37.5;;41.76;52.7;45.01;43.42;51.24;38.65;47.26;50.1;50.19;42.32;37.47;48.37;40.8;46.74;42.98;53.56;50.8;45.25;27.55;69.22;;61.74;48.35;52.37;51.01;50.5;55.51;48.18;84.82;60.35;59.73;81.48;63.84;62.25;67.14;75.11;68.16;64.4;55.4;59.2
O3;uur;µg/m³;2023-04-19T07:00:00+01:00;2023-04-19T08:00:00+01:00;41.5;52.4;51.1;51.7;;49.42;64.99;43.88;41.98;54.91;45.67;53.59;55.4;57.17;44.59;38.42;53.2;47.97;51.64;53.76;69.22;56.9;58.44;38.69;76.36;;66.73;58.03;57.51;67.44;61.13;61.13;58.47;85.73;79.51;62.27;80.6;71.06;74.05;75.25;80.17;74.62;71.8;65.2;68.9
O3;uur;µg/m³;2023-04-19T08:00:00+01:00;2023-04-19T09:00:00+01:00;53.7;62.9;61.6;56.5;;56.28;75.81;51.5;50.73;68.95;54.67;68.05;65.64;68.65;52.56;44.34;63.49;65.32;60.93;67.7;76.99;70.43;69.11;45.88;81.71;;74.66;66.47;76.64;81.7;68.25;81.7;73.88;87.11;90.8;80.35;83.48;78.48;80.88;83.22;83.98;83.85;77.5;71.5;76.6
O3;uur;µg/m³;2023-04-19T09:00:00+01:00;2023-04-19T10:00:00+01:00;67.5;71.1;73.1;72.2;;65.57;84.18;61.87;63.13;77.61;61.81;76.98;73.72;77.32;61.95;54.48;73.72;75.33;72.3;81.99;84.07;76.1;78.71;53.79;85.18;;82.75;82.64;87.92;86.27;81.48;91.98;82.42;88.14;91.97;85.99;86.92;83.41;86.39;88.01;89.41;89.23;80.2;78.1;80
O3;uur;µg/m³;2023-04-19T10:00:00+01:00;2023-04-19T11:00:00+01:00;73.6;77.8;77.8;77.2;;76.61;86.85;68.05;68.2;87.32;74.66;86.06;84.26;88.84;70.3;53.19;82.79;79.04;83.87;87.1;89.6;90.84;86.22;64;87.63;;86.14;87.27;88.67;91;86.99;93.1;88.8;93.66;95.16;89.54;94.58;90.19;92.67;93.04;88.15;91.93;85.5;82.3;85.2
O3;uur;µg/m³;2023-04-19T11:00:00+01:00;2023-04-19T12:00:00+01:00;80.7;79.5;84.6;91.4;;82.97;91.53;;84.77;91.4;88.46;87.61;91.87;93.7;85.82;63.89;92.37;87.94;91.64;93.36;94.19;96.66;96.66;72.6;94.92;;94.41;89.51;91.78;93.11;86.08;95.47;91.11;101.21;100;91.32;97.88;94.67;92.7;96.47;91.39;98.27;89.4;87;88.8
O3;uur;µg/m³;2023-04-19T12:00:00+01:00;2023-04-19T13:00:00+01:00;85.1;84.1;84.5;95;;85.56;95.22;;91.29;94.49;93.94;91.72;94.49;96.04;90.29;79.21;92;86.68;94.02;95.25;99.74;97.91;96.62;75.87;94.39;;97.3;91.92;96.38;97.05;90.64;100.74;93.19;102.18;106.41;99.66;97.65;96.25;96.01;96.23;94;98;96.7;95.4;93.1
O3;uur;µg/m³;2023-04-19T13:00:00+01:00;2023-04-19T14:00:00+01:00;84.4;85.5;84.1;100.3;100.3;87.36;100.94;;95.5;97.47;95.71;97.24;98.88;99.95;92.47;83.68;95.47;92.53;95.91;98.36;106.83;100.81;94.66;77.68;97.12;94.93;99.18;98.86;101.34;102.59;94.89;105.81;99.52;101.81;107.43;104.23;102.56;98.86;96.22;94.22;95.43;98.01;101.1;98.9;98.6
O3;uur;µg/m³;2023-04-19T14:00:00+01:00;2023-04-19T15:00:00+01:00;90.8;91;92.5;107;;93.11;103.22;;100.35;104.84;95.63;101.79;105.48;106.04;93.73;88.13;102.06;98.73;101.64;104.49;108.86;106.91;100.6;81.28;97.23;94.69;99.58;100.15;101.29;104.79;96.73;105.68;103.6;101.73;108.77;102.26;101.38;99.07;94.91;98.59;98.16;99.46;101.1;97.2;101.5
O3;uur;µg/m³;2023-04-19T15:00:00+01:00;2023-04-19T16:00:00+01:00;94.9;98.8;94;109;111.7;96.76;101.39;;101.97;108.03;101.91;101.58;110.47;107.58;98.58;88.74;102.31;95.9;105.57;106.21;108.77;107.05;102.32;81.14;97.39;97.45;99.19;100.86;102.69;105.59;97.23;107.22;101.44;102.94;108.77;103.69;101.02;98.13;97.21;101.77;101.15;103.71;99.6;100.3;101.8
O3;uur;µg/m³;2023-04-19T16:00:00+01:00;2023-04-19T17:00:00+01:00;94;98.3;95.2;107.5;111;99.51;99.63;;101.65;106.14;105.74;99.23;109.67;105.29;100.77;95.99;101.82;95.07;104.39;106.66;108.31;106.15;101.77;79.95;99.59;96.17;97.17;99.65;101.72;104.82;96.56;106.2;101.43;105.26;106.24;101.3;103.68;100.57;100.35;102.84;100.6;104.23;98.8;96.5;100.3
O3;uur;µg/m³;2023-04-19T17:00:00+01:00;2023-04-19T18:00:00+01:00;93.3;94;90.1;107.7;108.1;99.19;100.11;;105.39;101.74;103.99;99.1;109.66;103.48;99.16;96.76;99.87;96.86;103.09;105.81;103.88;104.28;100.68;83.74;100.31;95.56;98.12;95.41;98.24;101.49;95.02;103.11;96.81;105.66;108.24;101.83;102.93;99.66;100.44;102.38;99.08;101.7;99.7;99.8;100
O3;uur;µg/m³;2023-04-19T18:00:00+01:00;2023-04-19T19:00:00+01:00;87.2;92.1;86.3;101;103;97.31;100.54;;103.72;97.71;100.25;99.76;106.3;103.23;95.91;81.69;96.59;93.52;97.46;97.33;104.06;97.82;95.39;82.98;97.92;96.42;91.2;94.47;100.1;102.8;93.56;104.9;93.37;105.97;106.19;100.21;101.87;97;97.15;100.08;96.9;100.48;100.1;99.6;100.6
O3;uur;µg/m³;2023-04-19T19:00:00+01:00;2023-04-19T20:00:00+01:00;86.7;91;87.9;97.9;96.8;90.5;98.2;98.87;97.42;93.53;92.72;98.19;101.45;104.83;87.41;79.43;95.86;91.6;91.6;92.61;103.67;93.94;94.41;82.18;96.06;94.34;84.3;94.88;93.86;98.88;85.36;98.98;92.59;106.86;102.9;100.85;103.83;95.23;87.24;98.79;96.73;96.63;99.1;99;98.3
O3;uur;µg/m³;2023-04-19T20:00:00+01:00;2023-04-19T21:00:00+01:00;81.6;92.2;89.2;99;96.4;85.15;92.33;93.43;93.35;89.32;86.41;93.95;90.01;102.03;82.69;62.58;93.83;92.89;84.72;85.87;100.19;97.79;95.13;81.13;92.72;91.69;81.29;91.77;86.36;89.58;84.28;91.09;85.98;100.52;104.88;97.46;102.08;95.78;83.79;89.22;93.25;90.06;97.3;97.4;96.5
O3;uur;µg/m³;2023-04-19T21:00:00+01:00;2023-04-19T22:00:00+01:00;82.8;90.8;87.2;96.9;90.1;83.88;87.68;92.31;90.35;96.24;76.68;92.07;87.26;99.64;78.49;73.47;90.89;90.4;86.72;84.71;96.43;95.4;95.49;75.98;89.1;85.98;85.17;86.61;87.78;90.12;86.29;91.75;80.72;95.65;104.59;92.82;94.63;93.84;82.73;73.87;88.09;82.28;92.4;92.8;85.6
O3;uur;µg/m³;2023-04-19T22:00:00+01:00;2023-04-19T23:00:00+01:00;81.8;88.1;86.8;94;90.1;80.07;89.79;87.07;84.62;96.31;70.86;93.38;90.84;97.41;80.63;71.13;89.58;91.31;83.13;82.08;92.05;92.15;91.5;80.95;86.54;88.07;78.82;83.83;96.98;101.53;87.76;102.06;93.95;93.53;100.15;91.54;91.3;89.11;74.71;68.68;87.72;81.85;94.9;95.1;85.7
O3;uur;µg/m³;2023-04-19T23:00:00+01:00;2023-04-20T00:00:00+01:00;86.4;87.9;87.6;93.4;91.8;77.08;84.02;75.79;80.89;95.35;70.65;87.7;91.22;93.8;80.4;39.38;93.62;91.61;87.41;89.03;94.53;91.86;90.89;82.48;83.91;85.61;73.68;85.27;91.75;97.67;86.93;97.7;93.28;86.25;95.95;87.32;83.55;83;68.61;73.54;81.51;80.24;96.5;96.5;96.9
O3;uur;µg/m³;2023-04-20T00:00:00+01:00;2023-04-20T01:00:00+01:00;84.8;89.2;88.7;95.3;89.8;76.86;79.41;70.03;80.45;92.75;75.52;85.64;88.87;89.17;81.38;74.84;92.68;91.89;86.21;89.64;97.4;89.48;91.68;84.45;84.2;87.6;63.17;85.03;87.76;95.7;87.96;93.72;90.43;73.48;92.6;82.9;72.68;78.52;69.47;74.92;77.4;69.66;92.1;93.7;77
O3;uur;µg/m³;2023-04-20T01:00:00+01:00;2023-04-20T02:00:00+01:00;86.4;89.7;88;93.5;87.1;82.49;77.91;55.42;75.67;89.62;75.73;85.56;88.13;88.18;79.94;82.45;93.47;94.14;84.96;86.21;87.33;89.99;88.93;85.86;87.06;79.18;54.99;83.35;83.6;89.9;77.61;87.97;84.19;68.83;84.62;83.76;68.99;75.66;61.89;76.29;81.07;78.62;88.2;88.7;83.9
O3;uur;µg/m³;2023-04-20T02:00:00+01:00;2023-04-20T03:00:00+01:00;82.4;86.4;82.3;86.5;92;78.86;69.23;57.29;72.29;81.03;72.7;83.7;87.78;87.28;79.98;78.65;87.92;88.98;83.45;83.49;82.09;84.93;85.23;84.64;87.78;76.59;62.45;84.45;79.42;84.5;76.49;83.35;67.15;66.77;81.81;84.96;73.73;72.18;69.17;75.24;79.14;75.51;81;83.7;84.9
O3;uur;µg/m³;2023-04-20T03:00:00+01:00;2023-04-20T04:00:00+01:00;52.3;73.2;75.9;76.8;88.1;79.21;70.16;49.57;78.79;79.66;75.78;79.28;81.51;83.33;74.55;70.82;82.23;79.82;69.09;77.63;82.46;80.55;72.04;80.18;87.64;77.63;65.42;80.44;77.57;83.2;72.73;80.81;66.21;77.55;77.52;83.08;76.02;70.75;67.68;72.38;77.25;73.45;78.6;80.9;80.2
O3;uur;µg/m³;2023-04-20T04:00:00+01:00;2023-04-20T05:00:00+01:00;41.9;72.7;68.9;78.9;86;73.81;71.9;65.05;78.16;77.07;73.88;74.41;78.29;77.04;72.02;75.04;84.51;73.38;67.26;75.87;85.43;78.42;67.87;77.83;83.28;78.92;65.37;72.54;78.28;80.76;75.15;80.96;77.17;91.52;78.24;78.98;79.46;71.56;68.62;75.47;77.4;83.2;79.7;79.2;65.4
O3;uur;µg/m³;2023-04-20T05:00:00+01:00;2023-04-20T06:00:00+01:00;49.3;67.9;59.5;74;85;71.65;75.21;72.86;74.82;76.52;69.33;73.4;73.4;68.89;74.48;57.65;75.69;72.77;63.8;59.89;70.23;74.93;59.75;71.87;83.7;72.11;70.06;73.32;74.19;80.46;75.29;79.71;76.19;91.33;74.23;76.68;73.17;74.22;72.98;78.84;81.05;87.02;78.6;78.9;81.3
O3;uur;µg/m³;2023-04-20T06:00:00+01:00;2023-04-20T07:00:00+01:00;50.5;66.7;61.1;70.9;90.2;67.59;79.32;71.59;76.18;73.77;68.25;77.93;70.98;74.7;70.6;63.35;76.8;55.37;61.88;52.36;77.57;70.92;62.48;68.45;83.26;63.7;70.65;80.56;75.4;78.49;77.99;79.19;71.05;87.97;73.58;74.33;71.45;77.59;75.74;74.98;83.99;84.09;81.8;79.4;79.2
O3;uur;µg/m³;2023-04-20T07:00:00+01:00;2023-04-20T08:00:00+01:00;58.8;73.1;61.7;74.8;83.4;73.15;82.21;59.49;59.08;73.45;64.77;77.98;67.1;72.15;74.99;64.85;70.77;58.81;69.74;68.43;82;69.58;62.24;55.86;79.58;67.6;74.46;77.24;73.12;74.81;74.96;77.01;74.91;83.84;81;81.9;80.52;73.87;79.14;76.94;85.49;82.07;80.5;75.8;63.9
O3;uur;µg/m³;2023-04-20T08:00:00+01:00;2023-04-20T09:00:00+01:00;68.9;77.1;66.2;78.7;78.6;76.28;81.2;59.14;51.45;78.4;70.92;83.21;75.88;81.33;74.92;67.93;73.32;73.99;76.25;71.16;80.83;79.54;71.11;54.95;82.06;68.51;74.78;75.66;71.7;72.9;73.65;74.23;70.41;81.52;82.84;81.56;79.62;71.08;77.21;75.19;82.73;76.91;80;77.8;63.5
O3;uur;µg/m³;2023-04-20T09:00:00+01:00;2023-04-20T10:00:00+01:00;63.3;73.5;58.2;77;78.8;71.3;77.64;68.89;63.03;81.81;71.44;80.18;76.47;83.43;70.66;73.18;73.47;59.62;72.14;69.45;81.9;77.87;66.1;56.46;81.69;73.01;74.41;71.28;66.92;71.08;67.33;70.88;67.93;78.33;81.16;80.11;78.11;70.28;74.68;75.63;79.62;75.75;75.8;72.1;59.9
O3;uur;µg/m³;2023-04-20T10:00:00+01:00;2023-04-20T11:00:00+01:00;60.7;70.3;59.1;71.4;70;68.4;76.84;70.52;67.6;82.61;67.83;78.55;83.97;80.73;63.01;71.76;67.7;58.16;69.56;67.23;79.44;72.14;62.15;52.31;77.6;68.31;74.36;67.42;68.22;69.88;66.11;71.53;65.2;78.58;82.01;75.64;78.85;72.36;71.05;71.55;75.62;73.35;75;72;56.3
O3;uur;µg/m³;2023-04-20T11:00:00+01:00;2023-04-20T12:00:00+01:00;62;68.9;57.1;70.8;73.5;63.79;74.71;65.56;57.37;80.02;68.5;77.23;82.88;80.9;63.07;69.81;68.75;64.45;68.89;65.75;78.99;74.33;62.6;52.66;74.44;69.28;74.98;71.02;70.31;71.01;67.46;73.15;65.2;80.71;84.45;75.21;81.08;72.83;70.73;68.24;77.22;75.39;76.1;73;67
O3;uur;µg/m³;2023-04-20T12:00:00+01:00;2023-04-20T13:00:00+01:00;60.6;69.4;60.3;74.4;79.4;71.17;70.97;65.72;65.09;82.24;66.25;73.53;80.87;77.83;63.58;69.09;76.26;66.79;67.55;73.67;82.67;77.49;67.73;58.79;71.83;72.21;75.96;71.55;74.58;74.79;69.09;78.1;69.48;80.03;86.3;79.08;82.07;71.97;69.9;70.39;75.29;73.2;77.8;76.3;73.8
O3;uur;µg/m³;2023-04-20T13:00:00+01:00;2023-04-20T14:00:00+01:00;63;72.2;66.8;79.2;84.7;75.28;74.4;67.79;73.73;77.05;77.99;71.84;82.5;75.99;67.77;64.67;80.26;67.23;72.98;81.59;87.67;80.95;72.06;58.08;73.05;76.06;75.43;74.09;79.02;80.18;70.16;81.37;75.5;81.91;86.48;78.21;81.2;74.43;72.48;72.3;75.63;74.22;77.8;73.5;79.4
O3;uur;µg/m³;2023-04-20T14:00:00+01:00;2023-04-20T15:00:00+01:00;59.7;69.9;65.3;80.4;;74.06;79.15;81.84;82.73;78.56;76.38;74.19;80.81;77.28;74.18;66.88;79.07;72.32;74.5;81.4;84.22;78.46;73.73;60.53;75.73;71.28;79.13;71.68;81.6;80.15;70.41;84.35;80.81;85.9;88.28;84.78;87.98;75.51;75.72;76.81;75.58;80.24;75.6;73.1;71.3
O3;uur;µg/m³;2023-04-20T15:00:00+01:00;2023-04-20T16:00:00+01:00;66.4;71.7;66.1;79;83.2;84.37;85.72;89.69;91.29;79.82;78.03;78.91;81.39;72.95;72.51;71.54;75.84;71.47;78.05;81.94;82.69;80.34;72.57;54.1;76.65;73.12;81.29;74.06;81.65;82.45;76.22;85.91;79.49;88.94;90.49;91.62;90.43;77.12;78.86;80.97;83.15;84.67;76.9;75.4;76.2
O3;uur;µg/m³;2023-04-20T16:00:00+01:00;2023-04-20T17:00:00+01:00;61.7;72.1;66.5;80.2;85.3;88.5;90.29;96.27;95.56;85.48;73.69;78.62;85.38;81.83;76.7;74.32;77.34;75.94;77.36;81.8;84.26;81.2;76.77;52.83;81.74;74.5;87.17;80.84;85.98;86.48;83.85;89.87;81;89.94;94.26;88.2;92.47;83.74;79.46;81.11;80.02;82.15;80.2;79.3;77.7
O3;uur;µg/m³;2023-04-20T17:00:00+01:00;2023-04-20T18:00:00+01:00;63.2;76.2;75.8;79.8;84.6;87.19;94.02;92.16;88.76;87.71;72.32;89.59;88.27;89.48;74.89;70.94;83.22;80.77;79.07;87.04;88.24;88.18;82.23;64.75;79.99;80.54;91.07;83.23;87.18;88.12;85.6;91.2;86.23;92.42;95.09;90.12;94.72;79.68;76.8;76.93;77.15;78.42;81.7;80.7;73.9
O3;uur;µg/m³;2023-04-20T18:00:00+01:00;2023-04-20T19:00:00+01:00;73.3;75.1;79;88.9;91;85.78;88.87;89.85;87.13;91.68;76.78;87.69;81.78;92.51;73.97;64.56;84.53;77.34;81.55;86.47;88.01;90.76;89.78;64.09;78.05;81.23;87.35;77.28;88.1;86.38;84;91;82.04;91.69;95.68;83.85;90.63;77.85;75.28;72.71;71.77;74.31;84;82.1;81.8
O3;uur;µg/m³;2023-04-20T19:00:00+01:00;2023-04-20T20:00:00+01:00;53.2;76.4;72.5;79.7;74.8;84.86;76.2;86.71;84.4;80.53;66.52;82.16;86.37;89.36;73.02;56.74;81.42;82.04;72.11;81.93;86.01;84.9;75.9;52.46;73.2;73.42;76.51;72;86.49;86.82;80.21;89.18;78.16;87.36;97.04;82.76;77.74;72.88;68.32;69.6;71.57;72.39;78.8;76.4;60.2
O3;uur;µg/m³;2023-04-20T20:00:00+01:00;2023-04-20T21:00:00+01:00;50.4;70.5;66.2;71.4;71.1;81.03;76.78;86.3;84.21;80.06;53.44;71.46;77.88;83.83;69.89;59.09;77.48;78.3;58.58;74.66;78.81;77.72;62.33;59.84;69.01;69.15;70.79;72.84;86.79;85.26;76.06;89.57;71.81;77.42;95.8;87.94;72.74;68.23;69.71;66.55;69.03;67.12;78.7;74.2;74.6
O3;uur;µg/m³;2023-04-20T21:00:00+01:00;2023-04-20T22:00:00+01:00;56;64.3;55.2;66;69.5;76.09;79.41;78.24;76.61;75.34;57.34;77.72;78.14;77.66;61.59;38.2;69.58;71.93;53.62;74.34;81.85;75.06;53.7;52.59;68.77;68.8;69.83;76.67;89.05;90.07;85.22;93.68;82.83;70.02;90.45;81.69;65.8;65.94;68.23;57.33;66.63;59.31;74.7;71.9;79.3
O3;uur;µg/m³;2023-04-20T22:00:00+01:00;2023-04-20T23:00:00+01:00;58.8;72;67.5;67.9;70.2;68.89;72.28;75.4;73.81;75.53;57.27;79.82;86.54;81.13;56.44;48.12;74.41;74.07;64.57;82.19;77.67;79.86;71.71;64.76;71.95;61.6;60.35;76.25;85.29;86.2;82.83;89.44;83.62;68.86;77.5;76.01;66.6;65.95;67.12;53.05;58.04;48.23;68.1;65;70.6
O3;uur;µg/m³;2023-04-20T23:00:00+01:00;2023-04-21T00:00:00+01:00;77.8;77.2;78.4;73.2;81.4;58.87;60.48;66.35;63.91;73.69;66.58;72.76;83.81;75.38;57.9;62.43;81.81;80.04;71.39;82.2;72.72;84.54;84.4;67.58;69.08;58.3;60.44;73.73;74.27;75.86;72.25;78.25;75.83;66.29;72.02;62.91;65.77;63.48;60.18;45.59;54.84;45.69;62.8;58.2;64.9
O3;uur;µg/m³;2023-04-21T00:00:00+01:00;2023-04-21T01:00:00+01:00;68.6;79;76.8;76.3;82.6;54.27;48.88;61.85;60.57;66.98;61.85;63.11;77.29;66.51;63.45;62.07;78.02;80.14;73.04;73.77;68.56;78.26;81.2;65.99;61.69;58.82;58.99;61.38;64.07;67.08;64.03;69.11;63.43;56.66;65.9;56.32;59.55;52.92;53.34;43.1;58.65;57.79;65.3;62.8;63
O3;uur;µg/m³;2023-04-21T01:00:00+01:00;2023-04-21T02:00:00+01:00;57.2;68.4;66.4;69.1;61.3;54.35;53.04;58.09;56.4;61.01;62.65;59.25;67.63;60.81;67.21;58.45;69.48;70.57;63.26;62.59;62.8;69.13;67.74;59.4;55.03;56.43;57.68;56.32;54.15;61.47;53.28;59.01;58.32;42.23;57.96;54.1;51.68;53.07;50.17;55.91;67.59;64.51;65.1;65.6;64.2
O3;uur;µg/m³;2023-04-21T02:00:00+01:00;2023-04-21T03:00:00+01:00;53;64;60.2;63.3;66.3;47.4;50.81;52.91;54.19;57.92;59.06;55.76;61.47;56.12;64.63;66.17;62.52;65.89;58.49;56.68;62.92;62.3;61.67;54.43;53.47;52.73;49.8;51.76;51.39;56.99;53.74;56.15;54.28;38.06;52.17;54.29;49.21;55.19;54.41;59.98;68.22;63.57;60.2;59.6;62.6
O3;uur;µg/m³;2023-04-21T03:00:00+01:00;2023-04-21T04:00:00+01:00;53.7;61.7;59.5;57.6;63.8;39.69;48.05;48.72;50.28;54.83;51.97;54.35;60.22;54.1;57.46;62.38;60.98;58.78;58.56;56.3;63.38;63.78;63.22;53.22;58.38;56.39;44.77;51.53;49.56;54.37;54.68;55.69;48.26;32.94;45.72;47.11;49.11;57.11;58.72;59.23;67.48;62.01;59.9;56.9;62.3
O3;uur;µg/m³;2023-04-21T04:00:00+01:00;2023-04-21T05:00:00+01:00;51.4;54.2;51.6;60.6;64.2;31.6;46.14;42.86;41.49;46.65;47.39;49.06;57.27;48.66;52.86;53.61;58.37;57.08;56.01;49.98;66.07;58.43;56.86;34.03;61.99;56.16;40.48;48.33;50.09;51.95;53.68;53.15;44.6;33.11;40.71;40.65;50.99;54.78;64.62;57.55;68.94;62.41;57.5;51.7;58
O3;uur;µg/m³;2023-04-21T05:00:00+01:00;2023-04-21T06:00:00+01:00;15.5;44.2;29.2;48.4;45.4;27.95;33.8;36.71;41.76;39.93;42.36;36.84;48.69;37.87;50.13;47.97;55.23;49.44;43.69;41.09;57.52;52.5;37.41;23.14;61.49;39.84;45.59;47.69;45.17;46.47;44.93;48.28;40.97;26.32;42.23;34.41;51.03;52.86;61.46;54.15;69.03;65.41;52;45.1;52.3
O3;uur;µg/m³;2023-04-21T06:00:00+01:00;2023-04-21T07:00:00+01:00;24.4;38;33;34.8;37.2;25.42;26.67;35.01;42.41;35.86;36.71;27.53;40.08;34.61;47.45;39.72;48.83;32.98;41.85;35.96;49.9;45.14;39.47;20.31;58.97;21.33;43.16;42.99;39.2;38.13;44.04;38.21;36;30.28;43.69;34.38;49.67;50.24;58.06;52.39;65.81;61.22;43.2;35.9;43.6
O3;uur;µg/m³;2023-04-21T07:00:00+01:00;2023-04-21T08:00:00+01:00;30.7;29.8;34.8;36.6;37.7;36.34;29.65;48.89;49.94;38.21;40.48;30.7;40.31;32.09;48.3;42.34;40.23;30.17;42.37;36.73;44.93;40.74;35.84;24.75;54.79;25.01;47.54;38.23;33.83;33.62;37.08;35.99;35.43;36.1;37.71;33.34;49.13;49.83;58.32;56.31;62.89;63.49;39.5;27.1;39.4
O3;uur;µg/m³;2023-04-21T08:00:00+01:00;2023-04-21T09:00:00+01:00;40.8;33.2;38.4;38.1;44.8;50.64;40.6;51.77;47.89;43.1;45.58;42.17;48.39;44.28;49.65;47.7;33.4;38.07;45.64;41.97;47.49;42.81;38.07;21.54;54.83;30.5;45.29;39.31;37.37;36.06;38.7;42.31;39.31;34.71;40.82;36.98;50.94;50.63;56.21;60.99;62.29;64.99;38.7;27.6;39.8
O3;uur;µg/m³;2023-04-21T09:00:00+01:00;2023-04-21T10:00:00+01:00;48.2;38;46.5;50.4;51.5;58.18;52.09;51.07;49.38;56.38;54.54;54.63;58.24;56.17;53.45;58.16;43.47;46.49;54.8;49.43;51.82;49.15;51.41;30.9;53.83;37.81;45.84;49.39;40.77;41.55;43.26;45.44;46.36;33.65;41.32;43.95;53.94;54.18;57.26;66.72;68.38;66.74;42.3;33.3;43.5
O3;uur;µg/m³;2023-04-21T10:00:00+01:00;2023-04-21T11:00:00+01:00;51.5;42.8;51.4;55.4;63.5;75.37;54.8;57.51;60.57;62.23;65.03;63.29;;71.12;60.33;60.34;56.53;51.59;58.71;58.18;58.05;56.95;55.82;43.03;52.81;40.23;48.91;51.66;48.22;47.07;47.07;51.18;53.69;43.86;47.03;48.19;53.69;57.17;62.52;74.05;74.4;74.16;44.5;39.1;49.8
O3;uur;µg/m³;2023-04-21T11:00:00+01:00;2023-04-21T12:00:00+01:00;52.9;48.6;55.3;62.7;68.7;100;56.98;67.23;67.39;76.55;69.84;68.83;;88.79;64.68;70.23;64.83;58.05;66.74;65.06;64.04;65.97;64.51;42.87;58;42.69;50.78;54.5;51.82;51.29;52.6;56.28;55.91;56.35;50.86;51.81;55.94;56.83;67.88;83.73;83.25;84.88;45.7;40.2;45.9
O3;uur;µg/m³;2023-04-21T12:00:00+01:00;2023-04-21T13:00:00+01:00;65.3;57.7;61.9;72.9;77.3;96.9;60.6;71.31;71.26;79.19;82.14;69.49;;81.96;75.6;80.15;70.32;67.97;73.05;72.38;63.18;76.88;74.36;45.52;57.42;41.58;53.6;56.79;54.88;55.77;45.29;58.89;63.91;58.07;56.18;53.84;55.1;59.64;64.71;93.89;92.22;95.14;47.6;40.2;51.1
O3;uur;µg/m³;2023-04-21T13:00:00+01:00;2023-04-21T14:00:00+01:00;69.3;61.4;69;79.3;87.7;74.13;61.17;83.68;87.5;79.89;94.45;72.81;;81.22;82.43;81.07;77.22;69.41;80.69;73.77;62.74;79.02;82.05;51.5;56.42;49.59;55.05;56.68;59.62;60.62;51.71;63.05;71.28;63.05;61.62;59.01;55.62;49.7;63.92;100.82;99.33;100.7;53.6;43.9;55.6
O3;uur;µg/m³;2023-04-21T14:00:00+01:00;2023-04-21T15:00:00+01:00;68.8;62.9;69.5;79.6;85;81.22;58.05;92.41;90.78;79.98;107.21;72.51;;81.73;87.16;81.37;66.64;72.45;77.3;74.73;66.76;83.24;81.52;53.55;54.78;52.83;68.51;63.14;60.89;60.36;57.18;64.27;70.39;69.88;71.55;66.42;72.4;60.15;64.83;105.85;103.5;107.18;60.5;54;61.5
O3;uur;µg/m³;2023-04-21T15:00:00+01:00;2023-04-21T16:00:00+01:00;72.6;61.5;71.9;85.2;87.5;93.95;67;94.45;95.8;76.27;97.67;65.4;79.65;80.55;85.74;90.34;70.93;70.99;77;73.57;70.27;79.22;81.54;52.17;63.63;53.63;75.11;62.32;61.01;61.6;59.39;68.18;67.92;75.57;82.76;76.93;79.4;56.87;59.9;109.69;106.7;114.21;59;53;62.1
O3;uur;µg/m³;2023-04-21T16:00:00+01:00;2023-04-21T17:00:00+01:00;67.4;60.9;69.4;81.9;84.1;88.61;76.4;96.54;99.57;66.66;91.35;62.93;73.75;83.35;79.49;99.55;76.8;64.29;70.6;67.75;70.89;81.21;77.4;56.2;57.92;55.52;70.89;65.59;66.84;69.38;58.94;75.2;66.36;66.82;81.13;74.35;74.38;53.86;46.36;111.52;100.53;114.99;66;54.8;67.8
O3;uur;µg/m³;2023-04-21T17:00:00+01:00;2023-04-21T18:00:00+01:00;61.9;53.5;64.5;74.2;78.6;85.54;83.31;87.28;93.15;66.72;86.95;79.56;68.77;93.28;72.59;93.92;73.91;61.8;64.32;66.74;74.59;76.81;71.18;51.86;77.53;51.79;69.53;64.64;70.22;68.53;60.76;79.37;70.46;69.54;84.21;72.42;54.58;58.41;43.15;110.77;100.32;115.37;50;51.6;66.1
O3;uur;µg/m³;2023-04-21T18:00:00+01:00;2023-04-21T19:00:00+01:00;56.4;51.9;62.6;66;70.9;84.41;94.62;90.82;88.1;76.08;88.7;83.88;90.15;89.53;62.82;79.47;71.5;59.95;62.03;80.11;68.39;73.74;67.13;44.15;83.57;49.53;60.32;65.56;71.14;64.84;64.96;77.37;64.49;61.59;82.13;81.05;73.34;77.48;78.16;107.2;100.03;106.49;41.8;50.7;54.4
O3;uur;µg/m³;2023-04-21T19:00:00+01:00;2023-04-21T20:00:00+01:00;80;69.2;70.6;87.7;80.2;69.25;62.41;72.47;88.15;63.11;80.88;80.13;70.46;87.87;65.65;80.38;81.79;82.49;88.4;80.8;60.79;88.71;65.12;55.51;95.42;47.42;60.77;75.13;87.24;93.04;76.33;94.52;75.84;55.49;89.52;84.07;68.05;78.87;85.6;101.72;97.44;92.84;49.7;47.9;51.3
O3;uur;µg/m³;2023-04-21T20:00:00+01:00;2023-04-21T21:00:00+01:00;66.5;62.7;58.6;69.6;80.5;92.62;49.12;90.87;96.24;41.49;77.43;60.98;63.09;82.78;84.38;75.77;80.58;73.45;71.3;68.25;82.31;84.31;43.89;53.79;89.43;67.57;95.86;87.48;75.34;73.05;70.69;88;64.2;39.35;63.01;64.93;74.64;71.22;97.97;98.32;82.98;86.74;59.1;47.1;71.8
O3;uur;µg/m³;2023-04-21T21:00:00+01:00;2023-04-21T22:00:00+01:00;70.9;32;36.1;46.6;54;79.24;83.37;65.13;68.89;63.88;64.11;79.71;72.2;84.55;90.17;64.96;71.04;53.12;66.2;68.71;72;63.02;46.61;50.62;93.82;78.71;80.42;64.17;57.63;60.95;57.29;60.89;55.01;28.51;66.25;73.63;65.93;65.04;84.32;91.76;89.22;89.4;62.4;45.3;55.2
O3;uur;µg/m³;2023-04-21T22:00:00+01:00;2023-04-21T23:00:00+01:00;73.4;51;48.3;52.7;73.7;54;77.75;39.03;47.34;65.23;53.81;65.96;67.93;63.84;86.22;45.56;62.04;55.75;59.67;63.23;64.82;69.36;48.76;43.37;91.9;60.25;73.02;59.66;71.13;76.7;69.85;78.67;56.41;74.16;77.63;74.29;72.46;84.13;78.3;88.47;73.09;98.53;48.9;55.2;72.2
O3;uur;µg/m³;2023-04-21T23:00:00+01:00;2023-04-22T00:00:00+01:00;55.6;52.3;59.9;64.1;79.2;46.09;47.05;32.26;29.15;44.66;36.76;48.89;49.32;47.09;79.9;32.89;61.71;65.69;46.94;58.67;59.2;64.41;45.1;46.04;88.16;65.7;74.87;50.49;57.45;60.12;45.12;66.66;58.1;63.82;60.92;61.66;72.99;73.93;90.43;76.68;76.91;87.7;65.4;65.7;71.5
O3;uur;µg/m³;2023-04-22T00:00:00+01:00;2023-04-22T01:00:00+01:00;42.8;36.5;32.2;46;65.9;29.9;39;13.97;22.61;44.6;25.7;41.49;33.14;52.91;53.64;21.76;53.19;51.55;43.56;39.36;47.24;43.88;27.51;40.18;86.98;52.19;67.05;42.76;39.53;41.59;34.5;50.27;48.12;51.24;50.68;57.34;66.77;69.39;91.45;69.02;81.03;82.52;54.5;46.6;51.1
O3;uur;µg/m³;2023-04-22T01:00:00+01:00;2023-04-22T02:00:00+01:00;45.8;13.4;44.2;61.8;66;34.32;45.52;13.47;34.46;36;18.4;43.13;24.29;47.79;74.64;25.7;33.31;46.83;36.6;28;42.72;28.2;48.84;32.18;86.65;43.5;65.99;37.23;34.04;41.12;41.72;46.08;34.54;39.03;35.05;71.76;61.7;68.28;77.63;44.63;70.8;66.27;59.7;51.9;30.5
O3;uur;µg/m³;2023-04-22T02:00:00+01:00;2023-04-22T03:00:00+01:00;33.3;17.6;43;47.3;61.3;;;;;;;;;;;;;;;;;;;;;;;;;;;;;;;;;;;;;;44.8;43.8;35.5
O3;uur;µg/m³;2023-04-22T03:00:00+01:00;2023-04-22T04:00:00+01:00;19.3;27.2;20.6;9;44.6;27.74;42.77;12.35;40.85;21.91;7.7;50.81;32.92;35.63;50.44;15.89;31.56;47.13;27.72;26.44;41.86;17.07;11.28;16.58;78.29;49.42;60.89;40.87;23.46;21.5;10.87;35.46;30.22;38.92;30.97;55.25;55.24;59.59;70.1;27.86;53.42;49.94;27.1;35.8;37.8
O3;uur;µg/m³;2023-04-22T04:00:00+01:00;2023-04-22T05:00:00+01:00;19.9;21;6.9;3.4;38.8;18.85;40.15;9.3;33.72;14.48;5.12;43.77;28.41;24.82;33.25;28.39;20.44;24.58;30.94;26.85;42.45;13.89;3.58;7.63;66.28;56.26;64.39;40.18;18.62;9.23;10.58;22.29;20.76;36;23.44;54.89;61.36;56.59;62.76;42.08;49.4;50.89;31.1;31.5;39.9
O3;uur;µg/m³;2023-04-22T05:00:00+01:00;2023-04-22T06:00:00+01:00;15.6;29.1;17.1;10.2;0.2;20.21;36.31;5.79;36.92;11.66;6.08;31.84;37.08;22.02;32.11;24.57;25.54;52.58;28.17;34.47;49.56;15.61;2.41;6.95;56.97;41.93;64.3;27.17;13.74;11.04;19.78;13.69;29.68;34.49;17.13;49.92;55.99;52.82;54.05;25.18;43.78;50.08;17.1;26.9;35.5
O3;uur;µg/m³;2023-04-22T06:00:00+01:00;2023-04-22T07:00:00+01:00;12.9;22.9;16.6;3.7;0.9;22.8;22.11;7;37.01;9.42;8.21;22.35;31.99;17.54;30.46;17.95;27.35;36.99;24.9;34.61;43.77;12.34;3.21;7.89;56.87;17.4;36.42;31.25;15.51;20.81;22.28;14.78;24.28;32.03;7.5;31.29;48.14;46.05;50.25;29.32;45.86;48.22;20.2;15.5;28.9
O3;uur;µg/m³;2023-04-22T07:00:00+01:00;2023-04-22T08:00:00+01:00;15.6;24;27.7;3.1;4.4;36.68;32.17;23.86;35.83;30.46;18.81;36.47;35.54;30.79;40.08;23.06;30.21;48.58;29.58;35.96;40.83;15.34;9.82;8.67;62.45;20.38;43.66;28.15;15.12;18.3;31.72;16.34;30.61;31.21;16.23;32.34;42.59;42.2;52.66;43.19;46.06;49.54;29.9;10.9;29.6
O3;uur;µg/m³;2023-04-22T08:00:00+01:00;2023-04-22T09:00:00+01:00;35.2;24;31.5;6.1;4.8;45.06;44.69;46.65;67.83;40.78;42.17;41.41;52.36;41.55;40.2;36.91;44.61;29.47;50.15;47.91;55.23;31.42;21.77;21.38;62.73;33.56;52.42;38.44;33.66;30.84;43.39;39.74;38.8;44.26;40.02;49.01;47.45;42.94;59.76;44.21;60.08;52.83;35.7;15.7;46.3
O3;uur;µg/m³;2023-04-22T09:00:00+01:00;2023-04-22T10:00:00+01:00;50;24.2;41.8;23.6;12.9;56.83;56.32;72.8;79.84;51.69;54.32;49.22;64.37;48.96;47.86;50.34;51.53;58.64;61.58;62.6;83.51;52.74;27.79;28.91;65.28;58.06;57.73;54.06;48.14;49.05;44.56;53.15;55.75;58.47;52.59;56.6;55.94;49.1;63.66;54.01;65.2;58.03;50.1;29.6;67.6
O3;uur;µg/m³;2023-04-22T10:00:00+01:00;2023-04-22T11:00:00+01:00;56.2;50.1;41.6;29.8;11.1;62.66;74.07;78.86;82.91;57.74;66.41;61.22;67.08;64.61;45.35;41.01;61.99;59.12;74.84;68.8;94.46;73.35;52.03;43.35;74.49;73.94;63.38;65.29;60.08;60.92;47.84;66.93;67.54;62.95;65.57;66.8;66.19;60.33;71.53;69.24;69.87;65.86;60.3;54.4;77.1
O3;uur;µg/m³;2023-04-22T11:00:00+01:00;2023-04-22T12:00:00+01:00;59;39.4;33;20.5;23.6;70.52;81.79;81.51;86.49;70.93;61.57;71.82;69.88;75.43;42.19;60.89;59.71;48.36;67.67;72.38;85.96;65.69;28.87;56.42;76.26;72.13;73.56;65.32;65.78;66.94;48.09;73.12;66.25;72.1;81.07;71.87;72.6;68.78;77;84.96;77.06;73.73;58.5;44.7;83.6
O3;uur;µg/m³;2023-04-22T12:00:00+01:00;2023-04-22T13:00:00+01:00;38.4;21.8;22.2;25.2;43.6;76.86;79.81;80.47;85.31;61.82;64.71;61.76;60.16;64.38;54.06;64.99;58.08;33.88;71.93;58.24;83.83;58.38;21.41;60.95;73.86;76.95;76.99;60.03;59.19;59.07;36.05;68.07;57.95;79.58;83.56;81.1;79.94;73.31;80.05;89.66;85.99;89.81;56.4;44.2;58
O3;uur;µg/m³;2023-04-22T13:00:00+01:00;2023-04-22T14:00:00+01:00;30.4;19.8;25.9;18.3;18.6;77.75;77.69;81.01;86.66;59.68;54.72;58.34;52.79;59.68;60.91;70.03;59.13;24.54;76.97;41.12;90.9;60.71;20.45;51.81;76.59;75.88;69.58;62.29;46.39;52.03;39.74;54.88;58.68;84.39;74.71;75.29;85.66;71.61;76.23;93.74;89.55;98.61;53.4;41.1;57.7
O3;uur;µg/m³;2023-04-22T14:00:00+01:00;2023-04-22T15:00:00+01:00;11.5;25;29.7;15.7;22;76.22;69.49;78.89;83.83;53.03;52.7;52.7;55.83;54.84;71.89;71.8;63.22;31.94;84.41;52.44;87.36;55.04;22.82;59.55;83.98;66.5;75.56;63.95;45.63;48.89;40.87;52.92;52.66;85.48;58.88;64.6;84.87;67.12;81.52;99.53;78.19;95.53;64.8;47.7;50.7
O3;uur;µg/m³;2023-04-22T15:00:00+01:00;2023-04-22T16:00:00+01:00;52.1;31.8;36.7;38.5;57;78.55;66.72;80.8;85.96;46.74;62.06;58.24;60.64;59.57;84.85;68.53;52.15;40.4;90.86;45.2;81.77;58.38;24.75;56.59;85.81;71.68;77.51;67.88;39.37;44.53;41.78;46.14;53.46;78.1;56.46;56.43;70.54;67.76;86.79;94.86;73.59;89.97;63;48;47.6
O3;uur;µg/m³;2023-04-22T16:00:00+01:00;2023-04-22T17:00:00+01:00;32.1;45.6;36.4;60.6;66;78.88;70.79;78.26;82.28;40.01;73.3;58.85;75.66;62.25;92.39;67.77;49.49;54.75;88.65;70.54;69.21;52.51;48.7;47.98;88.25;65.2;75.06;73.29;49.05;56.57;47.08;54.71;56.7;55.52;57.53;54.2;59.93;70.55;85.98;77.88;73.79;75.4;72;50.8;47.4
O3;uur;µg/m³;2023-04-22T17:00:00+01:00;2023-04-22T18:00:00+01:00;37.8;46.4;48;45.8;70.1;73.61;69.18;73.6;75.83;55.18;74.17;45.18;86.28;46.99;89.2;72.6;74.99;60.32;54.84;55.16;90.65;64;51.32;61.07;85.03;76.08;78.23;76.17;65.19;68.21;60.34;70.63;66.26;59.98;53.13;57.09;53.59;69.48;82.65;71.28;87.84;57.66;86;62.9;63.5
O3;uur;µg/m³;2023-04-22T18:00:00+01:00;2023-04-22T19:00:00+01:00;56.5;41.2;48;33;51.1;67.17;51.34;70.1;74.69;63.24;64.4;39.01;79.28;42.27;81.18;73.19;73.77;53.28;73.83;35.18;82.88;75;42.88;63.64;84.45;74.01;88.25;68.91;63.32;67.72;53.6;68.54;64.56;67.31;59.48;42.19;50.45;78.63;86.6;68.96;98.86;60.75;73.3;56.5;59.1
O3;uur;µg/m³;2023-04-22T19:00:00+01:00;2023-04-22T20:00:00+01:00;65.5;;58.2;46.1;55.1;51.9;45.07;52.87;62.21;58.64;36.91;48.62;62.6;51.63;82.89;66.41;67.38;47.66;65.64;48.62;67.15;55.99;60.46;48.75;81.35;66.84;91.81;55.44;58.61;61.31;44.11;66.46;49.24;61.77;60.51;44.44;71.7;76.56;87.39;62.21;99.24;85.76;52.2;45.1;57.8
O3;uur;µg/m³;2023-04-22T20:00:00+01:00;2023-04-22T21:00:00+01:00;50.3;30.5;29.3;33;55.2;48.09;60.39;58.49;57.24;47.76;18.48;51.17;44.07;51.26;64.24;51.8;45.41;46.6;58.52;46.4;44.16;29.38;27.36;28.48;69.88;55.92;77.92;38.1;41.77;33.49;25.74;53.59;24.16;48.1;47.22;47.58;74.97;82.54;79.91;63.71;99.85;87.77;63;55.3;54.5
O3;uur;µg/m³;2023-04-22T21:00:00+01:00;2023-04-22T22:00:00+01:00;32.9;23.8;34.2;38.2;47.7;55.19;64.95;53.33;56.03;33.23;5.6;43.04;33.85;33.64;47.88;37.72;22.55;59.21;44.73;34.99;32.55;37.57;48.7;20.83;70.05;39.32;65.34;28.88;23.72;16.73;21.05;32.93;19.98;48.08;42.62;41.56;72.24;80.63;67.84;78;94.06;86.49;50.6;39.8;26.2
O3;uur;µg/m³;2023-04-22T22:00:00+01:00;2023-04-22T23:00:00+01:00;37.7;27.5;34.9;27;31.9;43.67;45.25;35.56;47.42;28.92;8.53;35.76;23.44;33.04;51.81;34.77;18.17;45.06;35.41;34.18;29.86;23.95;44.44;23.94;70.48;33.69;54.65;24.04;14.83;10.04;18.66;16.65;29.4;45.08;35.82;46.42;62.97;74.43;68.63;81.49;76.74;81;38;17.6;13.9
O3;uur;µg/m³;2023-04-22T23:00:00+01:00;2023-04-23T00:00:00+01:00;32;24.9;28.6;20.7;36.7;20.02;42.17;35.3;43.04;28.39;16.01;41.81;27.13;32.64;47.5;33.16;23.01;40.1;30.29;30.54;27.42;39.93;50.47;19.35;54.68;32.81;46.05;27.21;19.65;23.41;21.17;22.07;27.66;36.96;30;44.18;49.89;61.82;62.97;68.27;49.7;78.01;29;23.7;24.4
O3;uur;µg/m³;2023-04-23T00:00:00+01:00;2023-04-23T01:00:00+01:00;20.1;27.7;16.9;31.8;35.3;19.63;35.29;29.85;38.82;32.07;13.92;44.7;38.08;37.48;45.7;30.69;28.08;40.09;30.61;27.07;22.33;34.86;31.99;31.59;32.37;33.24;46.04;27.96;25.89;27.69;27.9;28.28;18.67;30.68;40.32;41.17;39.68;52.22;63.45;70.36;53.4;76.58;41;28.7;37.3
O3;uur;µg/m³;2023-04-23T01:00:00+01:00;2023-04-23T02:00:00+01:00;21.1;26.9;30.2;35.8;20.5;28.97;39.12;26.42;48.62;35.43;23.22;37.72;41.52;37.47;37.87;31.17;30.58;28.74;33.77;30.45;29.74;22.6;31.57;17.08;31;34.51;40.06;23.41;26.49;27.27;32.17;28.25;28.16;28.23;43.66;41.16;38.02;42.13;52.72;79.7;47.52;63.89;32.1;25.2;29.4
O3;uur;µg/m³;2023-04-23T02:00:00+01:00;2023-04-23T03:00:00+01:00;25.7;30.6;30.3;29.9;22.7;30.32;41.62;43;54.99;36.52;28.46;36.02;41.29;35.84;44.18;42.18;12.98;37.39;40.39;39.76;27.44;21.73;27.6;15.13;30.2;28.45;46.05;31.45;37.88;34.01;34.34;39.82;30.52;31.68;33.52;47.54;34.37;38.67;46.14;67.7;54.77;63.23;38.6;32.6;37
O3;uur;µg/m³;2023-04-23T03:00:00+01:00;2023-04-23T04:00:00+01:00;28.8;34.7;24;27;34.2;24.14;36.9;53.03;66.62;35.99;20.21;35.69;38.15;32.52;38.44;39.57;17.12;42.68;37.66;39.69;32.52;27.38;33.05;20.69;31.44;35.93;50.53;36.84;31.96;29.05;38.55;33.38;28.83;31.51;30.56;52.62;33.42;25.48;34.96;51.12;54.2;60.09;24.2;39.9;40.4
O3;uur;µg/m³;2023-04-23T04:00:00+01:00;2023-04-23T05:00:00+01:00;27.7;29.6;24.6;23.6;22.4;27.44;34.93;56.92;64.22;33.06;17.96;38.86;35.85;32.45;34.16;43.6;21.66;35.37;27.23;34.9;30.99;27.98;32.29;16.45;38.04;37.88;46.54;36.01;31.75;34.6;42.06;33.42;28.61;31.11;40.49;45.72;34.81;27.11;36.07;38.39;51.3;48.55;44.8;40.3;44
O3;uur;µg/m³;2023-04-23T05:00:00+01:00;2023-04-23T06:00:00+01:00;26.3;24.3;23;26.8;16.9;37.4;39.9;59.31;62.66;34.25;19.47;41.54;36.29;37.77;34.34;43.22;18.58;32.69;25.74;30.37;26.08;23.99;28.78;12.51;40.83;34.82;52.5;30.48;29.6;35.84;34.27;31.99;27.62;30.23;41.93;38.53;37.15;26.46;38.16;36.33;51.62;43.71;39.6;32.6;35.7
O3;uur;µg/m³;2023-04-23T06:00:00+01:00;2023-04-23T07:00:00+01:00;23.1;24.8;19.4;23.2;23.3;46.96;43.14;57.59;60.65;33.94;25.07;45.18;39.39;40.59;33.12;53.08;19.91;34.13;28.07;33.53;27.77;18.82;31.06;21.01;41.52;32.63;46.23;26.52;29.06;33.22;28.56;31.4;33.79;26.66;38.06;34.96;37.85;34;43.75;36.6;47.21;38.97;33.1;30.1;31.8
O3;uur;µg/m³;2023-04-23T07:00:00+01:00;2023-04-23T08:00:00+01:00;34.2;31.1;31.1;38.9;40.1;53.1;48.4;59.92;60.76;46.73;42.6;50.45;50.46;47.66;48.45;56.27;35.04;38.43;40.68;42.57;39.75;38.39;38.08;31.44;38.63;36.46;44.34;32.74;35.55;38.07;35.27;38.36;34.85;30.14;41.11;38.44;37.84;36.6;46.44;41.38;46.02;39.48;37.6;31.5;35.9
O3;uur;µg/m³;2023-04-23T08:00:00+01:00;2023-04-23T09:00:00+01:00;48.3;42.7;49.1;51;53.3;63.28;60.75;67.24;66.3;58.55;57.5;58.55;61.55;62.09;52.72;61.4;55.7;52.89;53.17;52.2;53.2;51.4;55.68;47.76;48.68;44.48;50.11;43.6;49.47;51.65;42.02;54.2;48.01;43.52;53.57;52.4;42.39;42.92;49.43;52.65;50.56;47.91;48.3;41.4;48.1
O3;uur;µg/m³;2023-04-23T09:00:00+01:00;2023-04-23T10:00:00+01:00;58;54.4;59.2;57.2;55.6;69.98;72.76;72.79;75.66;66.55;67.68;69.45;67.58;71.71;62.15;67.21;64.55;62.51;57.27;61.8;66.66;62.14;61.99;53.39;63.79;53.61;63.01;54.32;57.67;61.53;50.51;63.38;60.81;58.84;66.92;62.55;56.42;58.69;60.3;53.78;58.3;58.69;59.4;54.8;59.7
O3;uur;µg/m³;2023-04-23T10:00:00+01:00;2023-04-23T11:00:00+01:00;65.9;58.4;63.9;57.7;55.8;74.33;81.83;77.51;79.71;74.78;73.25;77.62;75.81;80.19;60.76;68.68;66.81;65.66;69.69;70.07;71.21;68.8;68.65;57.52;71.57;64.42;74.96;63.63;65.64;68.37;61.13;70.65;66.24;69.72;76.89;74.99;72.32;73.96;67.57;66.21;67.13;68.75;70.7;64.3;71.1
O3;uur;µg/m³;2023-04-23T11:00:00+01:00;2023-04-23T12:00:00+01:00;70.2;61.8;66.1;66.9;65.8;74.65;84.06;78.54;81.54;78.13;76.93;78.31;80.41;79.87;65.62;69.44;70.04;80.32;77.11;77.47;81.16;77.41;76.27;65.41;76.82;73.85;82.68;69.51;79.03;84.04;64.35;85.79;72.8;78.02;85.69;82.11;78.27;77.64;80.29;82.26;75.07;77.06;75.2;68.3;76.7
O3;uur;µg/m³;2023-04-23T12:00:00+01:00;2023-04-23T13:00:00+01:00;73.6;67.6;71.7;72.8;71.2;76.85;82.61;81.19;85.37;78.73;74.39;78.18;81.94;81.23;71.49;74.64;77.94;80.27;76.87;80.14;82.14;79.93;77.37;70.89;81.22;78.61;85.15;74.24;81.18;84.01;68.48;88.25;75;83.76;88.27;82.4;82.23;81.09;83.46;88.31;85.67;83.46;79.9;72.1;79.9
O3;uur;µg/m³;2023-04-23T13:00:00+01:00;2023-04-23T14:00:00+01:00;74.8;68.7;69.6;71.4;73.8;80.27;84.7;82.73;88.99;81.52;71.04;79.76;78.82;83.1;74.93;78.21;82.15;80.11;74.66;79.12;87.57;80.97;75.02;70.33;85.1;81.87;87.34;75.56;77.29;79.77;71.32;83.44;75.23;84.84;88.33;82.62;83.24;82.89;85.46;89.89;86.16;86.08;85;73.5;81.9
O3;uur;µg/m³;2023-04-23T14:00:00+01:00;2023-04-23T15:00:00+01:00;70.6;57;57.7;63.4;64.8;79.6;87.09;77.77;84.35;82.48;66.7;82.66;78.08;84.22;80.3;73.67;77.57;68.7;70.58;75.78;82.55;71.94;70.27;61.81;85.82;77.19;88.38;67.48;73.18;76.08;65.08;80.76;68.85;83.66;86.64;84.35;83.88;82.44;86.72;88.96;84.53;87.13;85.2;73.4;83.7
O3;uur;µg/m³;2023-04-23T15:00:00+01:00;2023-04-23T16:00:00+01:00;68.2;60.2;62.1;72.7;75.2;73.65;85.44;71.47;75.88;73.22;70.69;75.71;71.98;73.27;75.7;75.23;79.34;70.04;71.13;71.03;80.14;73.34;71.88;68.68;83.94;67.53;84.16;63.24;64.77;67.37;56.11;72.33;64.86;82.2;86.31;84.04;83.74;76.96;85.48;88.01;84.65;89.55;78.4;64.9;76.5
O3;uur;µg/m³;2023-04-23T16:00:00+01:00;2023-04-23T17:00:00+01:00;67.7;62;63;63.2;61.3;65.88;78.01;74.64;76.34;72.45;71.05;64.14;79.82;68.19;71.79;73.89;70.14;71.75;73.54;76.02;69.68;75.05;70.95;52.46;79.93;59.95;80.74;60.2;60.47;62.58;50.65;67.25;60.78;78.68;81.1;75.86;78.46;73.31;80.09;88.4;82.03;89.16;66.9;41.6;56
O3;uur;µg/m³;2023-04-23T17:00:00+01:00;2023-04-23T18:00:00+01:00;68;60.5;64.1;69.4;47.2;61.26;69.18;77.7;82.79;66;69.01;63.18;71.12;63.06;69.56;65.34;72.82;72.42;76.7;71.98;75.54;76.19;58.08;48.31;79.83;67.4;76.84;64.85;59.05;62.03;60.05;68.87;64.44;71.1;75.28;71.89;75.28;74.17;72.99;84.79;72.49;85.51;65.6;55.1;67.4
O3;uur;µg/m³;2023-04-23T18:00:00+01:00;2023-04-23T19:00:00+01:00;62.1;51.5;64;63;64.1;69.79;65.36;75.23;80.68;63.02;59.75;63.12;69.56;62.27;63.2;61.28;72.12;59.11;67.95;69.71;75.6;74.96;64.86;52.38;76.14;66.71;75.12;64.29;65.75;64.93;65.54;70.54;68.03;63.61;70.68;68.75;72.79;73.62;70.38;84.06;77.31;85.07;62;56.2;69.2
O3;uur;µg/m³;2023-04-23T19:00:00+01:00;2023-04-23T20:00:00+01:00;55.3;53.3;57;60.5;65.6;67.92;61.79;72.72;76.23;65.02;65.54;61.57;64.57;64.72;61.82;68.25;68.94;57.99;63.21;62.89;69.68;68.57;63.26;46.88;74.03;57.09;73.42;61.92;62.45;63.4;64.91;65.13;64.01;60.59;63.67;66.23;62.82;64.69;69.91;78.47;78.22;73.56;70.9;62.9;72.4
O3;uur;µg/m³;2023-04-23T20:00:00+01:00;2023-04-23T21:00:00+01:00;50.9;49.1;49.7;58.9;52.7;72.58;71.84;74.66;78.58;71.39;65.39;70.84;69.65;72.75;72.32;72.8;66.55;54.88;64.67;68;66.34;67.46;51.69;47.68;76.34;41.35;71.2;60.29;57.76;59.63;62.91;61.28;56.86;59.38;65.85;64.17;60.98;61.25;60.52;72.16;75.65;67.26;72.4;70.5;75.1
O3;uur;µg/m³;2023-04-23T21:00:00+01:00;2023-04-23T22:00:00+01:00;57.4;51.8;53.4;45.1;63.9;76.17;75.94;86.06;86.39;71.5;71.79;73.55;70.94;76.56;80.8;67.49;62.66;64.07;71;66.54;71.62;58.97;56.42;39.48;85.17;59.97;64.09;57.87;55.85;62.49;60.3;61.97;61.44;58.47;66.07;69.16;57.53;59.83;60;68.67;79.35;64.03;72.6;74.5;73.1
O3;uur;µg/m³;2023-04-23T22:00:00+01:00;2023-04-23T23:00:00+01:00;70.7;57;62.3;47.2;73.2;80.47;72.88;88.08;90.23;71.12;68.87;72.96;80.79;71.94;78.78;66.02;64.31;56.44;80.51;79.62;69.69;58.16;70.62;48.97;83.67;69.58;59.08;59.17;55.67;59.78;51.98;63.79;57.71;67.76;68.24;70.53;63.13;56.2;63.31;66.39;78.74;66.63;62.7;62.4;62.9
O3;uur;µg/m³;2023-04-23T23:00:00+01:00;2023-04-24T00:00:00+01:00;75.6;75.6;73.2;64.9;73.9;80.78;72.38;81.8;82.8;65.82;69.81;70.86;76.57;75.04;78.84;69.26;80.55;58.66;80.48;78.52;80.21;79.17;75.99;75.85;79.44;78.75;63.84;52.48;55.21;62.73;42.69;59.68;68.25;69.54;63.79;72.21;67.18;54.11;61.6;70.09;77.12;66.43;57.8;48;55.6
O3;uur;µg/m³;2023-04-24T00:00:00+01:00;2023-04-24T01:00:00+01:00;74.7;71.5;68.8;49.1;76.2;87.6;79.69;84.47;85.72;75.44;72.72;76.45;75.94;79.58;75.13;69.53;74.08;45.81;82.35;80;85.6;75.97;77.63;72.53;78.86;;61.66;74.7;67.94;72.15;64.19;72;69.62;68.19;76.6;68.95;69.83;59.14;63.09;71.53;71.81;67.04;64.7;64.6;57.2
O3;uur;µg/m³;2023-04-24T01:00:00+01:00;2023-04-24T02:00:00+01:00;73.4;72.6;70.8;51.9;73.8;89.29;81.22;90.71;93.75;105.52;69.68;78.58;75.41;80.52;70.83;76.1;79.37;60;82.14;79.66;86.74;80.21;77.88;76.97;77.19;76.28;65.66;73.08;70.08;66.58;74.19;72.46;70.82;64.73;76.65;70.58;70.74;54.38;61.65;70.86;65.86;65.42;80.9;73.7;73.1
O3;uur;µg/m³;2023-04-24T02:00:00+01:00;2023-04-24T03:00:00+01:00;77.4;78.6;76.4;63.5;71.8;83.01;82.46;89.49;92.9;78.59;74.33;76.42;72.75;78.2;81.89;81.63;77.33;70.93;82.3;78.67;85.49;75.36;81.82;76.73;82.76;84.36;79.69;72.78;61.99;67.49;73.7;64.56;68.96;71.64;75.28;74.95;70.37;63.73;63.32;73.38;59.66;63.01;79.8;78.6;81.3
O3;uur;µg/m³;2023-04-24T03:00:00+01:00;2023-04-24T04:00:00+01:00;55.6;70.6;69.2;56.7;67.4;81.31;78.55;90;91.94;68.57;79.05;74.63;75.83;76.51;86.57;86.43;82.8;76.46;83.54;77.03;84.55;83.94;69.82;80.66;73.24;80.73;83.76;69.37;61.7;67.81;71.87;64.41;66.58;73.19;74.51;70.99;71.33;71.1;74.59;72.64;56.34;60.27;86.5;83.7;81.1
O3;uur;µg/m³;2023-04-24T04:00:00+01:00;2023-04-24T05:00:00+01:00;58.7;60.8;63.9;73.7;95.4;81.37;77.96;88.04;90.21;72.35;88.35;72.94;78.15;76.24;94.14;91.9;78.83;68.5;83.15;72.25;84.46;74.17;65.47;70.59;77.02;73.12;83.62;61.27;59.43;62.91;60.43;64.02;69.28;70.21;76.81;69.52;69;76.27;77.36;73.39;56.64;55.38;76.6;73.9;75.3
O3;uur;µg/m³;2023-04-24T05:00:00+01:00;2023-04-24T06:00:00+01:00;77.4;63.3;81.8;99.3;105.8;79.66;79.09;81.29;87.73;70.65;96.94;73.12;84.54;76.48;96.19;96;93.93;79.1;88.27;59.79;90.93;87.93;85.92;90.84;77.5;78.09;76.86;68.71;49.5;60.86;52.34;58.63;69.86;67.37;75.81;69.4;68.25;74.73;81.11;72.59;80.9;58.34;71.7;66.4;72.6
O3;uur;µg/m³;2023-04-24T06:00:00+01:00;2023-04-24T07:00:00+01:00;83.5;83.7;88.7;100.4;105.3;74.13;76.21;77.84;81.86;86.69;100.81;74.18;93.37;81.81;97.2;92.96;97.18;86.1;89.16;78.65;104.59;96.42;89.94;96.1;94.26;90.7;71.65;75.26;49.98;55.11;58.42;63.17;67.74;66.38;69.43;64.49;68.59;73.68;73.13;72.13;77.23;64.11;78.7;70.8;78.4
O3;uur;µg/m³;2023-04-24T07:00:00+01:00;2023-04-24T08:00:00+01:00;77.7;80.6;84.1;94.4;97.8;77.67;77.53;83.73;84.48;87.08;98.02;80.45;91.31;89.22;91.08;90.62;91.44;81.88;83.59;86.21;97.86;90.92;83.98;91.3;100.05;91.07;76.36;89.83;68.45;76.19;78.01;80.3;85.38;66.57;63.27;50.33;65.09;69.08;83.78;74.09;74.14;65.1;94.2;78.9;83.3
O3;uur;µg/m³;2023-04-24T08:00:00+01:00;2023-04-24T09:00:00+01:00;66.1;74.8;83.2;92.2;98;87.25;81.55;91.43;87.85;83.39;92.06;80.34;90.51;89.04;89.55;87.12;92.22;85.17;82.91;80.53;98.14;90.27;84.69;90.69;98.42;88.03;94.09;84.69;74.69;84.62;76.17;84.5;80.97;58.25;80.31;61.6;59.79;72.64;94.21;66.13;87.83;74.12;90.4;74.9;75.3
O3;uur;µg/m³;2023-04-24T09:00:00+01:00;2023-04-24T10:00:00+01:00;57.9;75.4;84.4;86.6;95.5;90.78;89.68;93.26;89.32;83.44;90.66;76.68;91.63;88.02;87.69;81.55;92.02;86.31;86.87;82.34;100.65;93.91;84.51;90.46;88.79;89.29;94.19;88.34;77.94;86.53;79.97;86.36;82.98;59.57;85.49;82.84;67.24;88.03;93.36;75.12;100.44;84.45;85.9;77.3;83.6
O3;uur;µg/m³;2023-04-24T10:00:00+01:00;2023-04-24T11:00:00+01:00;59.9;70.6;79.9;85.7;91.2;86.19;86.74;84.8;86.8;87.38;89.65;75.82;92.02;88.07;86.09;85.95;86.79;83.01;86.95;77.85;95.79;88.47;80.48;85.62;91.09;84.74;88.5;86.42;80.08;88.79;82.54;87.62;84.53;84.49;83.84;82.53;86.68;89.05;88.99;89.64;100.32;90.58;84;75.1;85.5
O3;uur;µg/m³;2023-04-24T11:00:00+01:00;2023-04-24T12:00:00+01:00;67.3;69.6;77.2;74;88.8;87.11;86.21;87.87;87.49;86.94;86.56;81.52;86.87;87.96;83.87;86.09;84.88;83.14;88.57;72.93;92.41;86.04;79.06;83.88;88.65;81.93;92.73;82.44;77.19;83.94;76.92;84.07;80.37;81.48;89.06;89.02;84.2;87.38;88.63;94.12;100.26;93.6;84.6;74.4;84.6
O3;uur;µg/m³;2023-04-24T12:00:00+01:00;2023-04-24T13:00:00+01:00;68.4;68.4;79.7;71.6;80.4;;87.04;87.64;87.61;84.16;84.24;77.19;85.65;86.08;83.1;84.32;88.34;84.8;88.26;73.65;93.66;90.28;75.26;87.66;85;81.97;88.89;81.68;75.83;83.49;76.33;83.61;78.8;84.77;84.51;83.01;85.26;87.7;82.78;90.58;93.08;91.09;80.9;74;82.9
O3;uur;µg/m³;2023-04-24T13:00:00+01:00;2023-04-24T14:00:00+01:00;73.2;71.3;77;74.6;84.1;;84.53;84.8;82.5;83.82;83.09;79.09;87.47;86.38;85.36;86.18;90.98;83.1;89.51;79.5;93.97;92.15;76.13;88.43;83.4;82.54;84.98;83.15;75.02;83.15;77.92;84.09;81.65;82.36;80.91;80.95;81.74;81.25;79.36;88.65;90.36;86.35;80.6;70.2;82.4
O3;uur;µg/m³;2023-04-24T14:00:00+01:00;2023-04-24T15:00:00+01:00;68.8;70.9;79;78;89.4;;84.62;91.11;88.82;82.67;84.83;75.94;86.78;84.61;84.86;87.56;91.98;82.14;92.36;79.99;94.37;93.32;77;89.98;83.77;82.37;84.36;85.43;76.94;85.41;78.58;86.38;82.7;75.75;80.64;77.53;76.36;77.54;77.76;86.15;84.06;79.29;83.9;73.7;82.1
O3;uur;µg/m³;2023-04-24T15:00:00+01:00;2023-04-24T16:00:00+01:00;76;74.3;83.2;76.4;80.9;;84;92.95;93.43;85.86;86.02;75.89;90.31;83.84;85.87;86.87;89.93;84.93;91.14;76.66;95.07;91.23;80.12;86.43;84.02;83.03;85.59;85.78;79.76;87.09;80.97;89.3;84.35;77.08;83.33;81.35;75.95;76.59;78.63;80.15;81.91;75.67;86.4;78.1;85.1
O3;uur;µg/m³;2023-04-24T16:00:00+01:00;2023-04-24T17:00:00+01:00;82.1;73.8;82.5;87.6;95.5;87.43;86.17;89.22;90.54;88.3;90.14;80.5;91.66;86.85;89.83;89.06;89.92;84.75;93.33;81.6;95.48;92.17;84.01;86.68;82.52;83.94;86.88;85.88;78.02;84.83;82.38;87.27;81.68;76.5;83.38;80.68;74.55;77.56;78.81;80.34;82.55;75.54;86.3;77.1;85
O3;uur;µg/m³;2023-04-24T17:00:00+01:00;2023-04-24T18:00:00+01:00;66.2;73.1;86.1;84.3;94;83.62;86.4;90.35;91.11;89.3;94;78.85;94.89;88.21;87.94;86.93;88.63;85.72;91.15;80.13;93.12;91.46;83.34;85.11;81.52;81.68;86.56;85.08;77.87;86.34;80.16;86.57;81.07;79.24;85.76;85.63;79.02;76.88;79.04;82.09;86;77.87;83.3;73.5;83.5
O3;uur;µg/m³;2023-04-24T18:00:00+01:00;2023-04-24T19:00:00+01:00;65.5;69.8;81.7;76.3;93.7;83.15;88.05;82.67;85.18;90.73;92.74;80.2;94.03;88.13;87.68;85.66;86.77;87.1;88.87;78.45;91.87;86.78;82.49;83.74;81.47;83.06;84.26;81.51;77.05;84.28;77.42;84.16;79.67;77.16;82.83;83.58;79.28;75.65;79.73;81.6;81.95;78.5;78.3;73.4;81.2
O3;uur;µg/m³;2023-04-24T19:00:00+01:00;2023-04-24T20:00:00+01:00;57.9;72.5;81.2;83;91.9;80.55;82.55;77.49;77.95;85.21;89.58;78.88;91.29;84.71;84.38;86.64;86.93;84.9;82.8;74.95;90.28;85.94;80.57;84.38;80.89;82.94;82.16;81.96;73.58;80.5;76.3;80.11;77.17;73.32;80.78;79.42;75.79;74.81;84.15;86.04;87.28;72.21;71.9;66.5;80
O3;uur;µg/m³;2023-04-24T20:00:00+01:00;2023-04-24T21:00:00+01:00;67;67;77.6;86.8;91;65.97;70.78;71.25;75.03;76.98;87.29;73.26;83.43;79.61;82.89;87.66;86.28;80.87;76.38;72.89;92.25;85.32;78.8;82.83;85.01;84.29;81.14;82.16;73.59;80.47;73.98;79.14;76;71.34;77;73.79;74.5;74.95;81.66;81.38;88.86;75.42;77.1;72.4;73
O3;uur;µg/m³;2023-04-24T21:00:00+01:00;2023-04-24T22:00:00+01:00;68.9;68.3;79;84;92.8;65.33;70.49;67.5;69.91;70.43;81.14;68.71;70.99;75.44;81.9;81.63;87.38;80.77;64.94;74.48;91.2;88.46;81.2;86.11;91.16;85.72;80.74;80.97;73.81;80.73;74.91;79.55;75.55;70.83;75.5;71.85;71.24;75.39;82.88;71.17;85.8;79.65;81.2;73.9;70.6
O3;uur;µg/m³;2023-04-24T22:00:00+01:00;2023-04-24T23:00:00+01:00;76.3;71;79.6;87.4;95.1;76.48;67.91;73.34;68.81;67.67;66.2;70.38;63.91;66.89;78.66;80.33;88.45;81.17;76.93;77.69;93.78;88.69;80.04;87.53;91.11;88.57;83.19;77.98;73.19;77.83;73.46;77.95;72.1;68.8;73.69;71.71;67.84;73.5;86.04;77.51;89.73;81.21;83.4;74;80.4
O3;uur;µg/m³;2023-04-24T23:00:00+01:00;2023-04-25T00:00:00+01:00;76.1;69.2;80.9;89.8;96.2;76.42;66.12;73.83;77;65.99;53.53;67.12;61.5;65.38;77.65;79.01;89.82;82.1;76;76.17;95.49;89.47;80.55;88.31;91.7;90.48;87.17;73;74.9;75.1;71.49;79.86;61.74;65.11;73.56;69.77;73.59;78.17;86.09;79.03;90.36;84.22;78.2;73.8;73.1
O3;uur;µg/m³;2023-04-25T00:00:00+01:00;2023-04-25T01:00:00+01:00;80.1;61.9;77.2;88.6;96.4;68.4;67.43;68.59;73.67;61.68;42.14;63.03;64.19;58.61;80.95;76.56;92.22;83.11;68.91;73.54;95.08;92.66;78.79;90.4;91.12;85.97;86.25;76.16;69.46;70.71;66.43;74.08;56.17;64.45;79.43;73.58;75.45;73.3;84.19;83.21;92.2;85.54;83;73.4;80.6
O3;uur;µg/m³;2023-04-25T01:00:00+01:00;2023-04-25T02:00:00+01:00;80;69.2;80.6;90.3;98.5;67.64;69.36;65.7;69.14;57;38.79;59.65;61.48;58.57;84.9;74.12;92.81;85.36;77.32;69.82;97.48;93.85;82.39;91.77;90.12;89.68;82.35;71.1;76.07;76.61;67.96;80.12;64.73;72.19;62.84;67.27;67.8;71.89;85.36;80.11;96.19;89.46;80.4;71.1;78.2
O3;uur;µg/m³;2023-04-25T02:00:00+01:00;2023-04-25T03:00:00+01:00;77.2;68.8;79.3;95.4;101.2;57.04;67.16;68.55;71.47;52.95;38.75;54.82;66.51;55.29;83.02;83.56;94.66;86.06;76.52;69.96;95.69;94.49;82.84;93.17;91.51;88.74;86.09;73.82;71.78;72.65;62.84;74.94;62.28;69.28;57.14;61.13;65.34;81.46;85.48;78.49;97.17;90.67;71;67.6;75
O3;uur;µg/m³;2023-04-25T03:00:00+01:00;2023-04-25T04:00:00+01:00;83.8;73.8;84.3;93.5;99.4;54.4;64.38;63.55;74.87;56.07;41.96;53.43;65.83;50.49;86.25;86.15;91.38;87.98;75.82;74.19;95.29;91.54;83.13;90.65;92.24;84.75;82.78;70.23;66.08;64.92;64.42;67.18;62.77;63.93;55.76;58.2;70.26;79.64;86.1;76.18;94.95;89.1;82.3;68.3;79.2
O3;uur;µg/m³;2023-04-25T04:00:00+01:00;2023-04-25T05:00:00+01:00;75.9;42.2;74.4;90.1;97.8;51.79;56.27;57.35;70.99;44.88;62.12;49.8;67.69;51.16;87.53;83.04;92.08;84.78;70.04;87.93;94.97;88.91;73.24;89.15;91.95;85.07;84.78;68.08;73.13;70.33;74.44;77.29;61.12;62.85;57.09;56.03;49.36;76.06;84.5;76.7;92.47;86.87;86.1;78.6;81.6
O3;uur;µg/m³;2023-04-25T05:00:00+01:00;2023-04-25T06:00:00+01:00;69.2;31.6;76.4;76.2;95.4;61.88;49.28;54.53;70.49;43.08;50.76;43.37;84.11;47.38;82.19;81.73;88.94;77.2;75.43;67.29;90.75;81.11;49.18;85.56;88.49;76.6;86.75;76.49;68.46;71.62;51.06;78.79;55.57;51.71;52.33;48.34;60.42;76.99;82.85;79.55;89.11;81.96;79;62.6;68.1
O3;uur;µg/m³;2023-04-25T06:00:00+01:00;2023-04-25T07:00:00+01:00;56.1;50;65.9;74.8;95.5;61.49;55.29;60.31;67.95;43.67;71.89;47;77.19;49.07;78.93;82.8;88.61;60.9;59.9;46.49;94.22;81.72;48.36;86.6;83.11;76.52;83.63;68.19;61.04;69.71;31.65;72.61;57.22;59.4;52.23;50.88;54.81;71.98;81.87;81.99;86.19;82.58;61.3;40.3;53.7
O3;uur;µg/m³;2023-04-25T07:00:00+01:00;2023-04-25T08:00:00+01:00;68.7;64;71.5;86.4;94.1;66.66;66.88;73.73;75.52;76.6;76.88;60.4;77.62;59.45;75.43;75.01;86.34;71.65;68.46;63.56;93.58;75.58;67.47;84.7;87.84;81.03;84.01;72.55;64;70.61;51.51;75.65;64.74;67.13;64.04;61.12;71.34;78.96;82.76;81.82;88.69;80.45;66;60.8;71.5
O3;uur;µg/m³;2023-04-25T08:00:00+01:00;2023-04-25T09:00:00+01:00;66.2;62.6;73.9;89.3;93.8;76.1;75.76;78.82;80.48;80.61;82.7;78.53;81.32;84.38;79.81;84.78;85.91;79.92;83.15;83.44;95.16;85.56;73.21;85.55;90.35;84.13;86.65;76.14;73.72;73.14;68.34;79.37;73.86;73.91;78.96;68.94;81.09;81.59;83.05;84.13;89.72;85.7;82.5;66.6;76.7
O3;uur;µg/m³;2023-04-25T09:00:00+01:00;2023-04-25T10:00:00+01:00;75.4;68.1;81.9;90.9;92.3;80.62;81.05;81.39;85.79;89.25;82.88;81.64;88.49;85.46;81.89;83.54;89.24;;82.33;81.73;94.33;88.61;81.64;87.92;92.07;84.15;88.99;80.78;79.33;83.43;74.58;85.69;77.16;78.93;84.4;81.63;84.73;82.46;85.85;86.42;90.97;85.41;84.9;69.5;82.8
O3;uur;µg/m³;2023-04-25T10:00:00+01:00;2023-04-25T11:00:00+01:00;73.7;72.6;83.6;91;93.6;83.57;86.85;79.95;81.65;89.05;84.94;81.31;86.84;88.23;82.95;86.23;90.83;;85.65;83.69;95.19;91.16;82.89;89.88;91.68;84.07;88.71;84.18;81.7;85.05;73.83;88.2;77.14;83.94;87.27;82.76;83.07;82.43;85.46;87.85;90.6;88.88;88;76.9;83.7
O3;uur;µg/m³;2023-04-25T11:00:00+01:00;2023-04-25T12:00:00+01:00;79.8;73.4;83.9;92.4;95.1;84.51;86.19;;84.61;86.97;86.19;80.37;86.81;87.58;85.2;88.34;90.92;;87.38;86.48;97.38;92.08;87.44;90.15;92.08;86.92;90.49;85.54;76.28;82.95;74.77;85.17;81.07;85.6;88.32;86.76;85;84.78;86.27;91.6;89.17;88.7;88.5;79.5;83.8
O3;uur;µg/m³;2023-04-25T12:00:00+01:00;2023-04-25T13:00:00+01:00;79.2;75.8;83.3;93;96;84.18;82.34;;85.49;87.25;90.49;79.81;86.05;86.04;85.69;88.96;90.68;;89.94;88.78;95.97;92.58;85.38;90.97;91.24;84.56;90.22;87.27;84.86;83.93;75.87;90.25;84.5;86.74;89.3;86.46;84.57;84;86.53;88.98;90.02;89.68;89.2;76.9;82.5
O3;uur;µg/m³;2023-04-25T13:00:00+01:00;2023-04-25T14:00:00+01:00;80.3;74.9;83.3;93.8;95.2;85.03;83.84;;86.95;91.98;91.93;85.23;87.68;89.7;87.59;91.62;91.93;;89.45;89.92;95.7;92.12;85.86;90.9;90.39;86.86;88.94;85.94;82.66;84.98;73.58;88.37;86.61;88.07;87.3;85.95;85.41;85.48;84.49;89.71;88.47;88.89;89.8;79.4;84.7
O3;uur;µg/m³;2023-04-25T14:00:00+01:00;2023-04-25T15:00:00+01:00;83.4;72.3;83.4;93.6;97.2;84.16;86.18;84.31;86.63;91.85;93.86;87.25;90.27;90.93;88.09;90.16;91.17;;89.54;88.44;96.9;92.08;84.49;90.75;89.32;87.75;89.08;86.02;81.98;88.12;74.28;88.48;85.09;86.39;88.81;88.41;86.73;84.29;85.88;88.39;87.37;89.42;89.5;81.4;84.5
O3;uur;µg/m³;2023-04-25T15:00:00+01:00;2023-04-25T16:00:00+01:00;85.5;74.4;86.4;96.5;98.3;88.98;90.57;81.43;87.6;93.84;93.29;84.23;90.14;91.94;87.53;89.83;93.13;;88.75;89.67;98.05;93.11;86.73;91.58;89.92;90.44;87.73;85.78;80.67;86.54;72.98;88.09;85.87;86.03;88.01;88.21;84.67;83.42;84.34;86.67;87.72;88.7;89.2;79;85.5
O3;uur;µg/m³;2023-04-25T16:00:00+01:00;2023-04-25T17:00:00+01:00;85.5;76.4;84.8;95.5;97.4;89.49;88.03;88.23;90.64;92.37;91.68;85.72;91.24;91.92;86.12;89.22;91.3;90.65;89.28;88.59;97.93;91.71;86.5;90.21;91.69;90.19;87.22;86.45;82.67;83.73;71.22;88.43;86.61;86.46;87.28;85.65;82.18;83.21;84.34;85.54;87.26;86.92;88.3;79.2;82.1
O3;uur;µg/m³;2023-04-25T17:00:00+01:00;2023-04-25T18:00:00+01:00;83.3;74;86.1;96.2;97.9;88.49;85.13;87.03;93.27;90.94;90.18;86.01;90.79;91.52;87.26;89.44;91.71;89.32;86.14;91.41;99.71;92.19;86.38;89.95;95.09;86.11;87.57;85.37;81.36;84.56;73.47;88.28;82.93;82.19;85.77;80.9;82.55;82.21;86.57;84.42;88.15;87.03;89.9;81.3;84.9
O3;uur;µg/m³;2023-04-25T18:00:00+01:00;2023-04-25T19:00:00+01:00;81.8;77.9;85.8;93.4;95.6;85.56;82.07;81.28;88.49;89.81;90.08;85.63;89.47;89.26;86.7;85.88;90.47;89.61;84.09;89.44;97.77;91.96;84.26;89.47;93.22;92.07;87.39;83.87;84.16;85.16;77.1;89.65;79.22;81.91;85.22;80.94;82.46;82.68;84.47;80.49;89.89;86.07;91.5;84;81.4
O3;uur;µg/m³;2023-04-25T19:00:00+01:00;2023-04-25T20:00:00+01:00;77.7;73.5;80.7;85.6;94.4;84.48;77.22;80.1;85.2;86.77;86.23;83.28;85.81;85.95;83.4;85.61;91.28;86.5;81.78;87.24;98.07;91.41;78.71;90.27;85.44;85.34;87.83;82.8;82.5;81.55;60.88;88.82;75.73;75.87;85.37;75.14;78.46;78.41;80.21;76.87;89.91;82.78;91;77.1;81.4
O3;uur;µg/m³;2023-04-25T20:00:00+01:00;2023-04-25T21:00:00+01:00;75.2;59.5;76.7;73.3;98.1;78.24;67.52;79.11;82.93;84.16;76.61;76.58;77.06;78.72;79.54;80.15;91.06;81.68;63.98;84.2;98.61;91.69;71.47;90.24;87.99;81.87;84.78;76.16;73.09;73.45;62.99;78.78;62.47;54.24;79.11;63.99;74.05;75.4;83.23;78.65;92.27;79.03;81.3;68.8;70.1
O3;uur;µg/m³;2023-04-25T21:00:00+01:00;2023-04-25T22:00:00+01:00;72;57;72.7;65;97.2;68.84;49.93;58.08;76.81;78.05;68.32;71.73;77.67;74.93;78.42;75.29;91.25;83.41;67.65;82.61;97.72;88.46;48.85;89.68;80.97;86.88;73.9;64.5;77.91;76.41;50.93;83.08;62.51;53.73;57.04;62.68;81.24;69.36;81.16;75.39;85.6;74.31;71.9;63.5;62.3
O3;uur;µg/m³;2023-04-25T22:00:00+01:00;2023-04-25T23:00:00+01:00;77.2;49.9;72.7;76.3;98.3;61.61;56.16;59.72;75.79;71.38;59.95;63.05;59.81;71.18;78.29;37.99;89.95;76.6;46.95;69.38;95.73;88.76;44.29;86.49;87.13;90.61;78.45;63.05;72.89;70.74;50.2;79.15;53.07;60.13;58.98;64.93;53.29;67.75;81.26;76.14;91.19;73.99;68.6;70.4;62.3
O3;uur;µg/m³;2023-04-25T23:00:00+01:00;2023-04-26T00:00:00+01:00;67.4;63.5;78.5;82.2;96;57.45;46.03;29.16;58.11;53.92;41.54;63.97;29.81;65.85;75.82;36.36;89.82;89.6;53.46;62.73;95.44;71.81;59.56;87.93;89.15;75.96;71.3;67.06;47.59;49.13;49.57;57.27;52.36;53.86;56.46;69.42;44.82;73.85;85.44;77.34;91.87;77.56;80.9;77.1;73.5
O3;uur;µg/m³;2023-04-26T00:00:00+01:00;2023-04-26T01:00:00+01:00;73.3;64.9;71.2;73.2;95.3;49.5;49.02;25.72;38.36;29.34;27.69;58.33;37.26;48.22;78.48;36.08;89.86;86.8;53.06;75.78;93.82;63.06;33.68;87.81;81.63;79.62;64.25;53.27;56.37;45.2;58.45;58.62;48.39;54.83;56.86;56.78;42.18;84.99;84.36;75.08;87.67;79.31;63.9;62.4;50.2
O3;uur;µg/m³;2023-04-26T01:00:00+01:00;2023-04-26T02:00:00+01:00;43.6;42.7;60.6;53.6;92.8;36.9;34.6;22.03;29.96;29.02;22.36;49.18;30.06;31.97;80.63;19.57;85.93;80.73;36.57;64.41;85.02;41.41;25.54;86.15;79.46;73.84;63.84;32.66;47.13;30.36;46.24;46.11;53.32;54.03;58.13;39.19;37.73;80.29;87.34;73.06;86.67;75.15;61.7;46.9;42
O3;uur;µg/m³;2023-04-26T02:00:00+01:00;2023-04-26T03:00:00+01:00;49.4;22;44.6;42.9;90;;;;;;;;;;;;;;;;;;;;;;;;;;;;;;;;;;;;;;65.2;52;38.9
O3;uur;µg/m³;2023-04-26T03:00:00+01:00;2023-04-26T04:00:00+01:00;35.1;16;54;60;92.6;33.49;25.35;15.16;22.39;18.25;11.88;41.11;23.96;15.18;75.94;15.38;85.03;18.85;19.93;44.78;91.84;36.48;6.88;52.83;66.71;59.07;50.23;28.43;43.24;45.94;33.52;45.05;;41.28;21.6;32.25;31.42;76.19;87.68;71.88;88.93;75.13;52.3;45.1;34.8
O3;uur;µg/m³;2023-04-26T04:00:00+01:00;2023-04-26T05:00:00+01:00;22.1;3.3;48;59.3;92.3;17.86;20.26;14.49;17.56;12.69;12.31;31.2;13.69;3.21;67.71;16.55;85.52;5.54;15.5;21.34;92.12;11.62;1.5;40.81;77.08;74.26;45.28;41.28;37.22;30.69;30.89;42.94;23.68;37.4;15.19;27.16;31.71;75.09;83.73;72.14;88.8;76.37;32.8;41.2;26.5
O3;uur;µg/m³;2023-04-26T05:00:00+01:00;2023-04-26T06:00:00+01:00;10.3;3.4;24.8;63;94.1;11.92;11.62;12.7;15.7;7.28;9.31;20.72;3.05;3.74;41.52;35.33;83.78;7.09;8.84;12.71;87.64;1.24;1.06;73.06;77.67;59.41;47.67;44.54;23.61;27.14;30.07;36.58;11.14;38.74;19.06;22.5;42.55;76.48;86.67;64;79.55;87.29;20.7;44.5;34.2
O3;uur;µg/m³;2023-04-26T06:00:00+01:00;2023-04-26T07:00:00+01:00;23.6;4.2;17.9;57.3;92;13.13;16.75;21.11;13.15;6.95;7.43;20.87;5.29;16.23;55.19;33.46;83.51;22.43;19.56;20.13;93.69;8.47;5.24;72.39;78.68;51.25;61.92;39.65;21.99;28.37;33.22;29.6;31.5;32.36;24.46;18.52;35.76;72.77;81.48;66.33;78.38;79.11;12.4;27.6;42.1
O3;uur;µg/m³;2023-04-26T07:00:00+01:00;2023-04-26T08:00:00+01:00;59.1;34.4;47.1;83.6;92.7;29.69;43.01;42.14;39.09;22.63;8.8;31.9;24.18;18.12;66.85;40.09;88.01;59.89;30.3;36.8;96.84;73.66;29.83;81.99;83.23;74.33;71.95;47.01;42.58;52.5;31.79;50.22;35.15;53.24;44.36;22.26;54.31;81.4;82.6;73.41;83.52;80.58;57.9;36.7;52.8
O3;uur;µg/m³;2023-04-26T08:00:00+01:00;2023-04-26T09:00:00+01:00;68.6;56.9;71.3;91.8;95.3;57.62;72.69;66.94;68.74;44.43;53.13;58.34;50.84;36.61;83.78;60.62;87.88;81.21;71.82;70.45;98.63;87.39;64.35;53.47;90.99;76.58;69.87;63.55;55.33;65.22;52.04;60.55;56.7;70.99;55.73;63.49;63.09;85.33;86.31;86.54;92.72;84.51;57.1;47.4;70.4
O3;uur;µg/m³;2023-04-26T09:00:00+01:00;2023-04-26T10:00:00+01:00;76;67.8;82.3;91.2;95.8;75.68;86.8;83.87;85.98;75.32;75.22;74.66;66.25;83;86.31;80.29;87.09;74.99;71.38;84.7;99.46;87.89;79.23;53.59;92.49;76.36;91.58;73.17;71.52;72.97;68.12;78.58;76.67;82.57;80.49;80.4;78.95;84.92;89.26;90.96;87.36;88.92;79.4;70.7;84.4
O3;uur;µg/m³;2023-04-26T10:00:00+01:00;2023-04-26T11:00:00+01:00;70.7;66.8;78.6;96.5;99.4;81.59;89.1;93.22;92.35;84.92;82.09;79.43;83.2;89.21;88.09;87.37;93.53;80.85;73.5;75.32;102.6;89.28;74.86;80.65;94.27;92.1;94.97;76.57;74.27;83.21;61.01;85.51;75.78;89.67;86.54;79.14;87.3;84.91;91.58;92;82.62;83.34;89.3;61.9;86.4
O3;uur;µg/m³;2023-04-26T11:00:00+01:00;2023-04-26T12:00:00+01:00;73.2;75;78.9;93.7;100.1;85.61;90.3;99.32;92.56;82.07;88.22;80.21;84.09;92.46;89.2;84.38;95.35;82.4;78.47;76.49;104.75;95.45;78.18;92.72;94.84;95.84;93.56;82.15;73.09;73.62;71.94;82.31;88.86;93.9;82.82;81.28;84.41;88.96;93.27;87.42;86.44;82.55;91.2;67.4;81.7
O3;uur;µg/m³;2023-04-26T12:00:00+01:00;2023-04-26T13:00:00+01:00;76;78.4;86.3;94.9;103.3;90.11;89.87;103.08;94.26;83.33;88.14;79.35;80;90.2;89.3;86.95;98.38;89.78;80.9;82.93;105.73;99.76;87.14;96;95.25;97.34;93.2;88.94;80.28;85.61;62.67;85.94;89.37;88.64;91.55;77.78;84.19;91.83;93.31;90.62;83.93;84.65;93.4;66.8;78.1
O3;uur;µg/m³;2023-04-26T13:00:00+01:00;2023-04-26T14:00:00+01:00;75.2;75.1;88.7;102.4;104.9;91.45;90.8;103.83;96.93;84.21;88.47;75.74;83.59;87.12;91.66;94.19;101.96;93.71;83.48;86.56;105.65;103.03;90.97;97.91;94.35;96.98;93.91;93.65;84.38;85.21;80.14;90.08;88.69;88.63;90.4;82.34;88.21;94.31;92.93;89.28;85.82;85.31;96.1;82.2;88.1
O3;uur;µg/m³;2023-04-26T14:00:00+01:00;2023-04-26T15:00:00+01:00;77.4;78.4;92.7;105.6;109.5;92.92;92.29;102.57;97.16;85.25;89.02;77.72;83.24;87.32;91.66;91.82;103.33;97.92;86.63;82.19;105.5;103.43;92.47;98.61;95.8;97;93.35;95.95;86.09;86.57;69.92;92.69;86.79;87.75;89.94;84.41;91.35;87.92;92.04;88.09;89.24;89.41;95.2;82.2;95.4
O3;uur;µg/m³;2023-04-26T15:00:00+01:00;2023-04-26T16:00:00+01:00;84.8;80.8;91.5;107.7;109.1;92.72;86.4;100.47;98.95;80.96;90.55;77.97;85.79;88.84;94.59;93.83;102.61;97.33;88.28;87.24;104.51;103.73;94.94;97.12;98.41;98;94.06;92.84;83.41;86.23;74.09;90.23;89.41;89.31;90.52;85.09;92;88.01;93.13;86.82;92.75;90.99;95.8;82;96
O3;uur;µg/m³;2023-04-26T16:00:00+01:00;2023-04-26T17:00:00+01:00;90.5;86.5;92.7;107.5;110.2;93.9;87.51;96.66;100.71;83.87;88.43;78.49;85.22;88.39;92.08;89.41;99.96;97.39;89.93;95.49;105.58;101.06;93.1;95.82;96.39;97.7;93.26;85.27;87.73;86.09;79.88;93.31;89.77;91.84;92.17;85.05;88.33;89.97;93.08;84.69;92.49;93.33;95.7;86.6;94.8
O3;uur;µg/m³;2023-04-26T17:00:00+01:00;2023-04-26T18:00:00+01:00;87.2;84.1;90.1;104.3;108.6;90.67;84.77;95.68;99.53;88.45;87.92;77.01;86.58;87.62;89.73;90.13;99.99;95.71;90.91;97.24;104.13;99.8;90.16;95.71;92.47;95.78;91.82;81.83;88.57;89.28;73.5;93.58;82.81;85.15;92.48;82.11;84.43;88.47;91.34;83.17;92.59;94.6;92.6;79.4;90.9
O3;uur;µg/m³;2023-04-26T18:00:00+01:00;2023-04-26T19:00:00+01:00;81.7;82;91.3;102;108.9;83.91;80.87;91.69;95.01;89.42;87.35;78.81;94.67;85.75;88.56;88.65;98.77;93.19;88.84;92.76;100.89;99.89;86.96;96.45;90.74;94.09;91.61;80.89;88.75;90.12;76.15;94.32;76.3;83.55;90.38;78.28;72.39;86.05;89.71;85.15;92.79;92.44;89.2;86.2;90.8
O3;uur;µg/m³;2023-04-26T19:00:00+01:00;2023-04-26T20:00:00+01:00;75.4;81.8;85.2;98.2;104.5;74.41;75.01;77.19;89.16;82.19;80.54;74.38;85.86;83.67;88.9;81.84;93.16;90.11;82.74;85.69;101.25;95.99;83.7;86.26;82.72;82.97;78.98;81.75;83.39;89.65;69.65;88.41;66.2;68.24;86.63;84.64;68.71;80.77;80.22;74.57;88.61;87.32;87.9;80.8;85.2
O3;uur;µg/m³;2023-04-26T20:00:00+01:00;2023-04-26T21:00:00+01:00;73.6;80.8;77.4;80.4;98;67.66;69.21;69.76;77.85;70.14;68.69;62.74;80.09;77.47;86.94;79.08;89.99;84.26;81.17;77.76;88.21;87;70.85;65.17;82.16;87.45;69.12;81.79;78.56;83.27;59.8;83.75;64.36;54.72;77.35;72.72;62.5;76.64;80.71;61.55;70.04;83.66;80.8;74.4;82.1
O3;uur;µg/m³;2023-04-26T21:00:00+01:00;2023-04-26T22:00:00+01:00;54.7;72.3;63.6;72.6;78.4;55.79;41.21;57.69;70.42;60.1;62.81;63.02;69.02;70.78;72.66;76.5;82.95;76.89;64.74;65.85;82.56;76.63;47.87;60.52;78.21;77.4;63.98;72.09;68.78;67.39;42.99;73.92;53.47;55.47;69.23;78;60.71;70.89;81;50.57;47.93;71.02;66.3;73.7;72
O3;uur;µg/m³;2023-04-26T22:00:00+01:00;2023-04-26T23:00:00+01:00;41.9;58.4;58.7;74.6;60.9;59;30.26;30.03;58.3;56.96;62.93;63.99;62.61;64.97;56.74;68.3;60.72;64.41;52.3;64.65;67.97;68.61;25.56;48.84;76.32;65.48;57.03;58.62;60.65;54.35;60.12;65.38;59.35;49.16;28.31;73.45;46.93;71.59;70.3;36.01;60;71.28;64.8;69.4;68.6
O3;uur;µg/m³;2023-04-26T23:00:00+01:00;2023-04-27T00:00:00+01:00;38.2;50.4;51.7;64;29.9;53.89;25.81;27.17;51.21;51.7;50.59;61.02;69.02;63.66;49.03;60.26;74.07;66.05;46.36;70.1;55.23;74.33;25.51;52.49;72.47;41.86;44.32;55;45.85;42.75;40.55;44.68;55.34;57.14;27.95;69.68;38.15;64.53;62.12;42.03;47.23;60;56.4;66.3;54.4
O3;uur;µg/m³;2023-04-27T00:00:00+01:00;2023-04-27T01:00:00+01:00;46.7;50.3;43.7;52.7;34.1;51.42;31.67;22.72;57.31;53.68;45.64;57.8;69.31;62.64;47.57;50.98;69.93;63.27;49.25;68.34;48.86;63.37;21.44;52.09;85.28;33.23;46.4;47.63;25.98;30.26;33.89;32.89;43.49;50.91;24.5;67.39;37.28;52.31;50.03;41.99;56.43;63.53;36.7;56;42.4
O3;uur;µg/m³;2023-04-27T01:00:00+01:00;2023-04-27T02:00:00+01:00;56.3;58.3;43.9;40.9;43.9;49.98;23.75;20.54;48.12;49.89;42.99;59.95;56.44;59.59;42.62;35.71;66.71;61.92;34.39;56.06;31.57;55.81;16.69;48.78;53.21;20.51;39.68;38.83;23.34;23.22;27;37.48;35.03;44.59;21.58;65.13;33.02;49.01;62.01;30.16;65.61;84.57;43.3;55.9;36
O3;uur;µg/m³;2023-04-27T02:00:00+01:00;2023-04-27T03:00:00+01:00;53;69.4;51.9;36.2;36.7;53.94;15.46;15.65;45.25;51.14;41.55;57.77;53.73;58.23;65.02;44.32;65.43;70.34;42.26;48.1;22.33;38.89;10;41.2;50.29;11.4;39.02;30.26;28.74;47.2;21.55;44.54;40.6;30.39;16.09;62.16;27.43;53.88;77.22;40.02;42.57;68.67;32.7;40.8;19.9
O3;uur;µg/m³;2023-04-27T03:00:00+01:00;2023-04-27T04:00:00+01:00;52.2;64.1;64.4;39.1;40.1;53.23;20.49;14.79;35.71;47.24;35.54;53.92;58.94;60.54;69.08;30.88;57.79;67.45;58.15;57.17;26.34;35.75;24.88;26.55;37.85;14.04;33.93;28.42;40.5;41.1;42.21;56.02;63.3;27.87;8.79;59.03;27.84;26.89;64.11;46.11;45.95;54.34;28.9;41.3;24.5
O3;uur;µg/m³;2023-04-27T04:00:00+01:00;2023-04-27T05:00:00+01:00;41.3;62.2;62.6;33.2;36.7;51.06;23.63;11.75;40.1;46.66;33.78;53.54;55.84;60.85;65.67;29.05;60.68;59.78;59.24;54.12;46.74;48.78;11.51;29.1;57.53;26.24;25.81;30.43;54.82;33.42;58.49;58.76;60.88;17.75;8.31;57.59;27.05;25.79;59.52;46.03;42.77;38.46;44.4;51.7;41.1
O3;uur;µg/m³;2023-04-27T05:00:00+01:00;2023-04-27T06:00:00+01:00;34.8;60.1;53.8;30;27;44.29;9.12;11.64;34.18;42.19;34.15;52.14;54.87;56.71;42.78;25.22;58.53;57.63;55.86;58.83;55.2;57.77;10.06;26.82;57.84;17.2;26.56;31.99;54.59;35.94;56.7;61.93;63.23;17.67;11.95;37.94;21.17;30.08;63.96;23.17;39.32;27.5;55.6;58.6;50.5
O3;uur;µg/m³;2023-04-27T06:00:00+01:00;2023-04-27T07:00:00+01:00;30.9;51.7;50.9;34.3;19.5;43.27;25.67;17.14;44.35;46.82;38.91;52.14;57.99;55.07;59;49.9;61.31;53.75;50.53;64.89;53.59;56.48;25.55;32.47;69.41;52.16;38.66;41.8;49.54;44.23;60.51;61.11;55.6;13.2;35.27;59.27;19.27;27.58;55.12;27.46;46.28;51.71;52.3;64.7;56.5
O3;uur;µg/m³;2023-04-27T07:00:00+01:00;2023-04-27T08:00:00+01:00;59.5;62.6;56.9;47.9;28.7;51.86;59.44;49.84;57.08;57.13;50.54;59.58;69.12;56.87;65;60.07;66.5;69.72;66.86;72.45;71.36;64.84;41.55;45.71;66.88;71.57;76.99;53.87;67.24;59.95;64.52;74.34;50.87;45.19;57.32;87.27;37.56;49.85;75.37;42.22;63.69;76.34;67;67.2;77.9
O3;uur;µg/m³;2023-04-27T08:00:00+01:00;2023-04-27T09:00:00+01:00;71.7;70.8;74.8;57.8;41.2;62.18;65.04;68.75;69.23;64.5;85.64;65.29;73.99;69.97;67.44;62.57;74.08;83.33;71.92;78.24;80.34;77.91;63.42;53.86;82.92;80.26;84.79;69.68;71.16;68.51;77.51;78.46;66.88;78.56;82.04;86.37;82.56;76.14;85.22;82.43;74.92;92.52;80.3;69.2;80.5
O3;uur;µg/m³;2023-04-27T09:00:00+01:00;2023-04-27T10:00:00+01:00;75.6;75.3;76.2;62.6;65.3;73.31;68.79;79.99;74.98;76.23;90.75;77.83;77.58;82.79;74.67;69.3;82.21;86.44;79.4;82.41;85.05;85.61;85.24;63.78;91.18;80.53;88.08;75.3;72.83;81.45;77.97;80.45;75.82;87.26;94.22;92.53;87.81;84.57;89.59;89.09;88.14;92.7;82.8;75.3;84.3
O3;uur;µg/m³;2023-04-27T10:00:00+01:00;2023-04-27T11:00:00+01:00;79.8;75.1;78.9;69.6;76;78.21;79.31;83;78.31;84.1;90.95;82.29;85.32;87.87;85;79.91;88.81;89.55;84.3;87.7;87.16;91.1;84.7;71.85;93.89;80.84;92.91;81.41;78.85;83.5;81.61;85.86;81.15;91.43;94.75;89.84;91.19;87.55;92.45;93.21;90.61;96.4;84.1;76.2;87.9
O3;uur;µg/m³;2023-04-27T11:00:00+01:00;2023-04-27T12:00:00+01:00;81.4;75.8;83.9;76.6;74.8;84.06;81.67;82.58;81.46;92.01;87.98;85.26;90.55;91.98;91.98;87.03;90.3;89.36;85.82;91.13;90.92;93.79;88.08;71.21;96.23;84.29;96.51;88.45;84.45;88.49;84.93;91.85;86.92;95.2;97.21;88.92;94.47;93.33;93.4;95.21;93.25;97.31;90.9;77.5;91.9
O3;uur;µg/m³;2023-04-27T12:00:00+01:00;2023-04-27T13:00:00+01:00;85;77.6;87.5;88.2;87.4;90.05;85.5;86.21;87.26;93.5;95.27;86.16;97.01;94.04;94.03;91.84;95.62;93.2;91.95;94.32;98.83;98;95.28;74;99.39;88.12;98.53;93.43;88.19;91.45;90.03;95.01;90.51;97.43;99.63;93.47;96.34;96.24;96.17;97.67;91.57;97.24;94.3;80.4;94.5
O3;uur;µg/m³;2023-04-27T13:00:00+01:00;2023-04-27T14:00:00+01:00;90.8;81;91.5;93.4;82.9;93.45;92.08;90.56;91.81;96.71;98.67;90.07;100.49;98.52;95.69;94.69;97.51;92.34;95.05;98.7;104.65;100.04;100.02;79.95;99.92;93.31;98.96;97.05;90.18;94.91;95.5;97.39;94.02;100.08;101.92;98.69;97.6;97.22;98.63;97.86;93.93;89.33;98;85.4;100.6
O3;uur;µg/m³;2023-04-27T14:00:00+01:00;2023-04-27T15:00:00+01:00;94.4;82.6;92.6;101.2;96.1;99.37;95.41;98.94;98.22;97.88;101.03;89.35;100.87;99.51;97.63;98.81;98.37;96;95.73;101.46;106.09;102.84;101.71;79.35;100.28;96.96;100.32;96.85;94.24;96.4;97.86;100.45;96.4;100.23;102.9;98.97;98.71;97.69;98.96;98.9;97.05;91.09;100.1;86.5;102.5
O3;uur;µg/m³;2023-04-27T15:00:00+01:00;2023-04-27T16:00:00+01:00;96.7;86.1;95;103.3;96.2;100.83;93.66;102.88;100.5;96.11;102.17;89.1;100.27;97.52;99.03;99.51;99.82;95.69;98.15;104.18;106.76;103.49;103.64;80.56;98.57;94.44;99.86;95.88;94.81;99.87;97.61;102.44;95.81;101.57;102.04;100.08;99.66;96.68;98.48;99.24;98.76;96.18;96.7;91.3;102.3
O3;uur;µg/m³;2023-04-27T16:00:00+01:00;2023-04-27T17:00:00+01:00;97.3;86;94.3;106;108.1;101.82;89.61;102.78;100.96;96.23;102.21;86.67;100.23;96.77;98.75;100.83;100.29;96;99.57;102.8;106.97;104.04;102.94;81.25;97.82;96.92;97.25;95.29;92.19;97.4;96.18;101.38;98.38;100.89;102.44;100.47;97.24;93.71;95.49;98.51;98.71;98.9;96.4;93;99.6
O3;uur;µg/m³;2023-04-27T17:00:00+01:00;2023-04-27T18:00:00+01:00;94.6;84.4;96.5;104.8;107.7;99.68;86.41;101.55;102.05;95.13;96.75;85.74;100.06;95.56;94.7;98.91;97.72;93.56;97.91;100.07;104.85;101.34;101.6;78.16;97.85;93.07;95.74;89.9;90.62;94.5;91.59;100.05;96.34;99.32;100.8;98.84;96.61;88.6;87.03;94.53;97.62;97.9;97.8;94.5;99.1
O3;uur;µg/m³;2023-04-27T18:00:00+01:00;2023-04-27T19:00:00+01:00;95.6;81.2;92.8;103.9;103.6;87.86;81.44;100.28;95.37;85.48;89.6;84.61;98.22;93.31;82.55;91.96;95.92;93.52;93.73;95.07;101.54;100.45;100.86;77.13;93.27;86.13;94.11;76.71;87.66;90.09;84.55;96.07;91.86;96.21;98.62;93.47;95.49;81.3;77.52;79.62;96.47;92.37;95.2;91.3;94.4
O3;uur;µg/m³;2023-04-27T19:00:00+01:00;2023-04-27T20:00:00+01:00;89.9;73.8;89.7;102.7;93.5;82.31;74.08;92.39;86.51;75.79;73.51;80.8;95.15;89.92;75.74;79.04;91.64;85.09;89.02;90.31;91.94;94.45;96.18;69.79;84.05;71.25;85.92;66.64;85.21;83.11;82.32;93.93;81.49;89.53;93.03;81.45;89.58;79.14;71.26;73.88;93.41;88.2;90;74.6;88.2
O3;uur;µg/m³;2023-04-27T20:00:00+01:00;2023-04-27T21:00:00+01:00;86.4;73.5;84.9;97.7;90.7;79.65;68.16;85.79;83.23;71.36;68.76;78.77;89.26;80.91;73.17;74.66;87.2;82.9;82.95;85.32;81;85.52;90.56;65.41;80.33;71.06;79.45;71.19;83.97;88.54;84.47;92.01;79.27;79.88;90.17;78.21;80.13;79.14;76.28;60.99;86.78;84.96;93.7;73.9;88.8
O3;uur;µg/m³;2023-04-27T21:00:00+01:00;2023-04-27T22:00:00+01:00;80.2;72.6;82.5;92.8;89.5;74.51;72.84;81.68;78.44;75.5;70.36;78.4;82.25;81.19;74.58;63.05;85.9;80.75;80.96;77.32;82.22;83.34;85.37;66.59;79.42;81.6;70.13;75.46;84.61;87.6;80.88;89.55;80.59;78.52;86.27;80.27;78.04;74.45;76.41;63.21;81.61;76.57;90.5;73.1;87.2
O3;uur;µg/m³;2023-04-27T22:00:00+01:00;2023-04-27T23:00:00+01:00;77.5;73;81;90.4;88.3;67.47;68.1;73.11;71.01;79.53;69.49;76.14;79.1;78.82;74.13;73.13;85.29;79.44;79.3;78.63;85.56;87.89;83.63;71.69;78.92;82.06;69.01;78.64;82.64;87.1;80.34;87.63;79.21;74;83.14;74.42;76.24;71.94;77.95;69.46;76.11;70.36;82.7;73.4;87.8
O3;uur;µg/m³;2023-04-27T23:00:00+01:00;2023-04-28T00:00:00+01:00;76.7;72.1;78.8;88.2;84.2;60.85;68.08;62.62;63.26;75.35;59.77;71.65;77.87;72.24;70.08;67.67;85.52;75.7;76.7;79.07;87.17;86.69;80.68;74.01;80.19;80.15;59.96;80.85;82.5;86.63;79.19;86.59;80.09;74.92;81.9;77.65;74.29;68.8;77.36;74.24;72.37;74.91;83.7;76;83.3
O3;uur;µg/m³;2023-04-28T00:00:00+01:00;2023-04-28T01:00:00+01:00;74.3;67.6;75.4;69;79.7;53.35;60;49.49;51.76;68.92;57.92;66;75.46;65.33;64.58;67.22;83.02;73.23;69.2;76.03;84.8;82.48;67.37;73.74;79.07;78.96;60.07;75.97;78.45;82.36;76.25;83;74.51;75.65;79.59;71.04;67.18;65.97;72.03;73.07;61.18;69.08;78.9;73.1;82.1
O3;uur;µg/m³;2023-04-28T01:00:00+01:00;2023-04-28T02:00:00+01:00;72.2;66.9;72.5;63.3;75.9;50.63;42.89;42.59;46.91;61.35;57.19;59.98;71.84;60.68;62.48;63.04;77.87;69.2;66;69.47;80.7;76.88;66.2;72.08;75.2;80.36;64.03;71.15;74.72;78.75;73.86;79.61;74.68;72.91;78.87;70.46;64.43;67.46;70.66;68.52;59.33;64.89;79.4;70.1;80.5
O3;uur;µg/m³;2023-04-28T02:00:00+01:00;2023-04-28T03:00:00+01:00;66.5;63.5;67.2;73.7;74.2;44.46;48.09;33.97;40.66;58.95;54.85;53.56;68.25;56.56;62.56;58.11;74.01;62.43;65.2;66.22;78.02;74.23;69.5;68.07;73.8;75.19;61.86;69.21;71.85;76.2;72.61;76.52;71.38;70.29;76.25;65.9;62.01;67.81;71.01;62.96;60.98;67.28;78.7;73.5;78.8
O3;uur;µg/m³;2023-04-28T03:00:00+01:00;2023-04-28T04:00:00+01:00;62.3;60.1;62.1;67.7;71.2;39.05;39.72;27.19;43.51;50.57;53.85;47.09;64.91;49.59;57.31;57.08;72.32;58.56;62.48;63.02;79.04;71.81;64.13;65.47;73.36;72.38;63.76;65.71;70.42;74.03;72.09;74.74;66.79;65.5;72.51;57.17;59.93;64.73;72.49;61.67;63.28;73.73;73.9;67;75.3
O3;uur;µg/m³;2023-04-28T04:00:00+01:00;2023-04-28T05:00:00+01:00;55.4;53;55.8;57.7;62.7;38.03;38.65;28.01;42.1;43.74;47.43;41.3;56.57;46.96;50.79;53.85;65.74;54.5;58.09;59.33;75.7;66.54;53.5;50.38;70.73;68.76;60.82;64.8;67.53;69.96;66.96;71.64;62.1;62.28;68.63;55.28;59.47;60.31;70.25;54.63;67.83;70.09;69.1;64.2;70.7
O3;uur;µg/m³;2023-04-28T05:00:00+01:00;2023-04-28T06:00:00+01:00;51.2;44.5;51;31.7;47.3;30.89;34.65;20.84;41.08;39.01;49;39.62;48.04;43.57;52.73;48.05;57.44;50.15;49.33;53.32;68.2;58.31;15.21;37.48;67.73;61.01;59.43;59.35;59.62;59.11;61.18;65.2;56.72;55.58;63.34;47.09;55.59;54.37;65.85;47.57;66.15;65.08;64.3;56.5;64.2
O3;uur;µg/m³;2023-04-28T06:00:00+01:00;2023-04-28T07:00:00+01:00;41.3;35.5;32.4;22.6;32;40.95;34.79;26.03;35.83;39.74;46.17;34.34;42.14;36.53;48.84;31.56;50.52;34.49;42.68;43.27;57.96;50.13;10.53;30.93;63.55;46.55;56.2;46.78;48.84;47.24;53.81;55.1;46.07;46.55;58.36;49.04;54.22;49.44;58.97;46.62;62.37;61.99;59.4;45.1;54.9
O3;uur;µg/m³;2023-04-28T07:00:00+01:00;2023-04-28T08:00:00+01:00;34;19.9;23.9;17.2;7;54.15;43.22;28.66;34.51;40.22;37.98;36.13;37.73;40.94;27.49;22.23;42.11;27.81;38.63;38.62;52.55;43.27;20.98;24.66;59.06;38.92;52.89;42.19;34.48;40.09;48.56;47.04;39.15;50.14;50.96;52.82;51.94;45.93;52.88;47.39;58.03;57.34;51.8;32.1;48.5
O3;uur;µg/m³;2023-04-28T08:00:00+01:00;2023-04-28T09:00:00+01:00;28.8;26.8;19.4;18.5;27;48.14;53.21;28.17;30.75;41.22;17.65;39.42;36.65;37.92;31.97;36.61;28.94;6.93;32.56;36.43;44.76;35.36;41.45;15.37;58.2;41.86;48.93;37.88;32.44;34.62;42.51;40.73;31.75;49.17;51.28;54.21;47.47;46.99;49.48;45.28;;54.79;50.4;29.5;43.3
O3;uur;µg/m³;2023-04-28T09:00:00+01:00;2023-04-28T10:00:00+01:00;27.1;25.2;24.5;22.1;26.1;36.78;54.74;30.92;32.35;35.41;24.68;32.78;31.39;30.69;40.74;44.64;26.35;30.35;38.19;35.54;43.75;27.62;27.09;19.81;55.54;32.78;49.53;35.14;27.79;30.23;37.58;35.65;32.29;48.12;51.6;54.01;51.31;46.37;49.15;48.2;;50.67;43.8;24.6;40.3
O3;uur;µg/m³;2023-04-28T10:00:00+01:00;2023-04-28T11:00:00+01:00;35.3;24;22.4;19.3;32;30.52;44.67;31.69;33.51;29.9;36.5;28.91;22.18;32.72;42.77;40.02;31.88;27.49;39.85;29.49;36.43;29.65;23.6;20.62;51;30.44;48.6;33.1;28.01;27.48;31.68;33.56;32.41;54.2;48.91;48.33;58.61;51.06;50.96;56.28;;47.18;29.8;26.1;36.3
O3;uur;µg/m³;2023-04-28T11:00:00+01:00;2023-04-28T12:00:00+01:00;36.6;29;25;31.8;30.3;35.13;36.01;38.24;40.13;25.25;37.88;26.1;30.27;32.76;42.65;38.55;28.42;34.26;42.04;37.94;31.47;33.66;23.2;21.59;52.24;29.29;54.26;26.76;24.92;24.52;22.52;29.87;35.62;50.96;44.76;41.43;59.18;60.58;53.45;60.62;;53.93;34.7;25.5;29.1
O3;uur;µg/m³;2023-04-28T12:00:00+01:00;2023-04-28T13:00:00+01:00;34.5;18.7;23.7;27.7;24.3;40.71;35.88;43.16;44.13;29.96;40.68;31.59;39.29;38.77;40.35;40.88;30.92;30.25;43.07;39.91;33.89;26.95;29.92;19.42;48.42;27.48;46.21;32.04;35.86;36.61;25.49;39.26;41.86;45.37;37.79;32.24;53.98;54.07;55.09;64.51;49.2;53.19;28.4;20.1;21
O3;uur;µg/m³;2023-04-28T13:00:00+01:00;2023-04-28T14:00:00+01:00;35;23.1;27.8;26.5;27.4;51.38;39.05;57.88;58.35;35.14;41.21;37.9;41.47;48.26;40.17;43.37;38.78;24.23;41.02;41.41;34.58;31.25;35.63;31.94;36.74;29.05;35.31;31.42;31.99;33.37;29.4;35.69;37.44;45.34;37.52;26;47.14;44.34;52.58;69.63;48.8;53.4;26.3;26.5;29.9
O3;uur;µg/m³;2023-04-28T14:00:00+01:00;2023-04-28T15:00:00+01:00;35.9;30.2;35.4;30.6;31.1;53.07;39.05;62.59;64;41.61;50.24;32.25;42.74;41.23;48.88;46.03;35.95;28.6;40.01;34.18;34.89;35.85;37.84;33.15;33.32;27.52;33.45;34.72;26.94;28.09;30.26;30.67;30.31;35.37;40.91;37.16;42.84;35.5;41;66.14;47.62;57.74;32.3;25.4;28.8
O3;uur;µg/m³;2023-04-28T15:00:00+01:00;2023-04-28T16:00:00+01:00;38.4;33.6;36.4;31.3;25.8;47.58;43.46;53.01;57.46;42.58;52.9;39.36;48.48;43.67;50.86;47.06;34.05;31.73;47.54;36.56;31.68;37.71;39.34;31.05;34.67;27.5;35.48;34.62;25.79;26.24;31.69;33.65;32.82;32.77;35.73;43.46;38.42;30.37;31.65;60.83;51.48;51.83;44.1;39.1;39.1
O3;uur;µg/m³;2023-04-28T16:00:00+01:00;2023-04-28T17:00:00+01:00;40.5;34.3;37.6;32.6;31.3;47.38;45.88;49.75;50.29;46.89;51.66;36.11;55.72;36.28;49.35;46.46;32.81;20.13;48.48;45.31;24.56;32.93;40.38;32.91;40.09;25.6;44.13;34.12;28.11;27.91;26.06;32.63;33.29;37.59;33.29;36.09;33.07;36.57;28.19;47.56;56.14;46.73;40.5;33.5;28.1
O3;uur;µg/m³;2023-04-28T17:00:00+01:00;2023-04-28T18:00:00+01:00;35.7;31.4;33.7;30;28.1;46.65;43.78;48.64;49.95;47.04;42.14;35.53;56.24;33.78;40.08;44.04;33.6;21.14;45.68;41.37;29.84;35.36;37.18;29.94;39.42;41.83;44.76;29.35;28.12;28.03;25.31;31.76;33.52;35.13;29.25;34.76;35.78;53.48;39.51;38.78;56.62;46.98;52.4;44.8;39.6
O3;uur;µg/m³;2023-04-28T18:00:00+01:00;2023-04-28T19:00:00+01:00;23.5;29.2;29.3;22.9;36;44.94;39.55;47.92;49.96;;37.4;31.22;47.71;30.51;36.83;37.58;48.79;33.21;38.64;34.39;65.32;48.04;27.85;47.69;47.43;57.98;55.86;38.66;22.9;28.37;35.64;27.48;29.83;30.27;31.03;39.57;38.46;59.97;40.9;47.12;54.54;46.32;61;52.4;58.8
O3;uur;µg/m³;2023-04-28T19:00:00+01:00;2023-04-28T20:00:00+01:00;16.3;38.8;51.2;32.7;37.5;41.99;36.46;46.08;45.73;40.8;34.08;26.14;39.18;29.1;58.39;34.65;59.77;54.81;36.67;30.55;59.63;65.72;48.09;57.92;46.25;46.95;60.17;62.33;44.63;50.23;51.82;48.75;48.15;27.97;30.32;36.5;44.86;55.23;39.94;48.31;59.07;41.25;44.2;31.9;53.2
O3;uur;µg/m³;2023-04-28T20:00:00+01:00;2023-04-28T21:00:00+01:00;28.7;45.4;54;28.9;43.5;43.22;40.6;51.4;52.32;33.44;49.21;30.72;47.85;34.63;69.2;28.14;57.79;59.16;69.63;42.5;53.64;61.6;53.03;56.11;48.52;50.05;54.05;58.52;58.87;55.7;52.16;63.04;55.23;28.34;45.31;29.93;57.7;41.9;44.33;35.97;64.43;46.18;47.3;43.2;41.7
O3;uur;µg/m³;2023-04-28T21:00:00+01:00;2023-04-28T22:00:00+01:00;34.9;47.9;56.2;52.3;60.4;44.24;34.48;47.61;50.64;46.48;68.98;28.23;78.37;39.18;64.68;31.62;56.59;57.01;56.49;52.73;64.08;55.24;56.55;53.91;50.58;56.95;48.85;50.45;49.31;54.71;43.77;53.51;57.84;35.01;64.3;48.06;63.09;42.05;49.54;34.31;72.3;51.52;56;45.9;49.4
O3;uur;µg/m³;2023-04-28T22:00:00+01:00;2023-04-28T23:00:00+01:00;50.2;45.8;55.7;62;71.3;41.4;40.78;42.25;43.01;70.84;71.8;48.87;69.34;57.43;61.9;50.73;68.95;55.88;52.47;57.48;72.93;65.37;60.4;65.81;59.5;63.63;45.39;55.46;42.52;47.34;47.96;46.79;51.68;44.27;54.75;61.82;49.05;43.15;55.88;38.36;79.67;61.45;62.1;51.1;57.3
O3;uur;µg/m³;2023-04-28T23:00:00+01:00;2023-04-29T00:00:00+01:00;62.7;56.8;67.2;68.4;75.9;50.58;51.68;50.48;51.4;57.45;63.39;64.51;50.76;69.11;66.06;65.38;72.9;66.24;64.22;58.89;70.68;74.11;67.67;70.56;65.86;57.99;49.74;55.83;54.02;50.31;53.61;57.45;58.07;54.74;48.89;54.69;44.04;45.48;64.52;43.66;82.99;66;56.7;53.8;52.4
O3;uur;µg/m³;2023-04-29T00:00:00+01:00;2023-04-29T01:00:00+01:00;63.7;58.2;67.9;72.2;77.2;57.19;55.8;60.75;61.8;51.41;64.29;48.96;62.05;54;71.73;65.5;73.8;70.15;67.91;68.1;83.35;73.47;69.08;72.24;73.6;67.97;60.54;55.37;51.41;52.53;51.25;55.44;56.28;44.64;46.91;45.92;43.45;54.36;69.63;51.79;83.18;67.36;60.6;55.7;54.5
O3;uur;µg/m³;2023-04-29T01:00:00+01:00;2023-04-29T02:00:00+01:00;66.4;61.5;71;76.8;82.6;69.73;52.1;65.45;69.68;60.06;65.54;53.39;68.61;49.76;76.63;74.64;82.31;69.56;68.57;68.1;82.84;80.96;72.9;80.04;78.74;73.44;67.61;60.71;50.97;49.74;54.55;54.27;56.11;40.39;52.71;50.6;50.47;55.9;73.68;58.99;79.96;67.65;73.3;67.1;69.3
O3;uur;µg/m³;2023-04-29T02:00:00+01:00;2023-04-29T03:00:00+01:00;70.8;72.7;79.9;86.3;90.8;58.4;52.81;67.62;72.59;66.04;67.95;60.84;68.44;58.49;80.25;82.48;84.36;82.04;73.26;75.72;84.66;85.33;80.63;82.72;72.06;81.36;68.95;64;65.93;60.44;65.5;70.55;64.54;44.96;58.25;48.66;57.67;65.34;68.01;61.61;76.88;70;73.7;65.9;70.6
O3;uur;µg/m³;2023-04-29T03:00:00+01:00;2023-04-29T04:00:00+01:00;74.9;67.2;77.7;86.8;90.5;51.92;50.36;64.79;69.07;64.33;64.61;54.76;80.48;58.83;84;81.57;85.92;78.24;73.62;76.6;87.12;84.54;81.23;85.02;73.26;85.87;73.79;71.06;71.16;75.31;64.08;75.59;59.84;54.22;66.39;51.72;63.46;65.2;67.01;58.14;78.49;66.42;77.8;69.2;70.9
O3;uur;µg/m³;2023-04-29T04:00:00+01:00;2023-04-29T05:00:00+01:00;72.1;62.9;79.6;88.1;92.2;58.53;49.55;57.9;58.25;70.27;74.17;52.72;78.39;54.94;82.55;88.24;87.67;77.96;71.61;75.48;82.39;84.74;75.09;85.43;71.86;77.58;72.39;68.23;70.24;71.98;63.67;75.85;65.97;58.03;68.89;54.94;65.31;65.31;68.43;62.59;82.39;73.71;74.5;66.8;68
O3;uur;µg/m³;2023-04-29T05:00:00+01:00;2023-04-29T06:00:00+01:00;67.6;56.6;78.2;86.7;92.7;54.97;53.87;51.7;58.66;71.67;75.67;54.08;74.25;55.86;77.98;82.86;84.89;76.49;64.39;73.84;79.16;81.37;66.93;83.15;65.66;77.52;69.23;61.8;68.96;72.53;56.46;74.59;59.91;59.93;70.28;56.58;63.21;61.46;63.51;60.02;83.64;73.04;70.3;59.9;64.7
O3;uur;µg/m³;2023-04-29T06:00:00+01:00;2023-04-29T07:00:00+01:00;62;56.3;72.5;81.9;87.5;51.85;53.03;52.38;60.18;68.1;70.46;54.71;71.99;56.78;75.93;81.69;75.36;72.71;59.11;68.58;76.65;75.87;68.3;73.61;66.78;76.68;70.22;61.8;66.25;69.73;55.54;70.3;53.78;62.33;69.61;66.29;59.42;62.26;62.36;63.12;75.23;74.8;67;58.4;60.5
O3;uur;µg/m³;2023-04-29T07:00:00+01:00;2023-04-29T08:00:00+01:00;65.9;55.3;70.5;72.9;81.7;54.6;56.37;50.2;56.48;66.28;68.12;51.9;66.13;57.38;74.38;76.62;79.4;70.92;63.71;63.92;87.72;73.69;64.9;73.68;73.83;84.02;71.11;68.99;69.17;73.84;63.16;74.27;61.87;64.55;71.09;69.15;59.38;67.93;65.69;65.31;79.54;79.62;69.2;64.5;63.1
O3;uur;µg/m³;2023-04-29T08:00:00+01:00;2023-04-29T09:00:00+01:00;70;65.7;79.9;82.8;86.6;56.17;60.5;59.73;61.63;66.91;72.27;52.94;72.65;58.73;71.55;83.16;82.11;80.48;72.65;69.9;92.98;88.68;79.65;83.78;83.76;90.17;80.94;76.63;72.14;75.53;73.73;77.39;71.29;64.61;77.05;68.89;66.35;75.51;73.48;74.04;81.08;83.73;76.1;70.2;75
O3;uur;µg/m³;2023-04-29T09:00:00+01:00;2023-04-29T10:00:00+01:00;78.4;70.3;85;87.2;89.7;61.97;65.99;60.63;65.79;71.39;76.73;56.84;76.26;66.74;77.48;81.99;89.32;85.59;82.99;78.82;97.41;91.65;85.3;87.95;92.46;82.48;84.32;82.05;76.04;79.56;77.02;82.18;79.41;68.57;80.57;75.28;73.43;79.71;80.24;85.13;85.63;86.98;81.6;76.5;80.4
O3;uur;µg/m³;2023-04-29T10:00:00+01:00;2023-04-29T11:00:00+01:00;86;71.8;83.5;91.8;98.4;72;74.34;64.53;63.71;79.96;83.49;70.04;84.05;77.27;83.89;78.74;95.36;88.69;85.4;88.35;102.48;96.42;88.84;92.88;94.8;91.31;89.44;85.25;83.43;86.66;81.76;88.75;82.9;76.13;84.98;78.57;80.49;83.78;87.71;91.38;91.92;91.46;89.7;86.7;89.8
O3;uur;µg/m³;2023-04-29T11:00:00+01:00;2023-04-29T12:00:00+01:00;84.5;71.2;84.5;98;101.5;69.53;81.3;72.55;72.56;88.05;87.65;76.05;91.14;83.79;86.14;88.87;98.49;91.67;91.16;91.26;104.14;100.81;92.75;97.52;93.71;97.03;88.83;90.56;91.05;94.22;93.2;97.01;85.23;86.17;91.76;84.5;87.28;90.93;90.77;93.83;96.9;97.53;93.9;88.9;97.2
O3;uur;µg/m³;2023-04-29T12:00:00+01:00;2023-04-29T13:00:00+01:00;83.7;75.1;84.6;98.4;104.8;70.68;81.67;72.68;74.42;89.58;91.2;78.37;93.97;89.32;88.68;94.68;99.7;94.54;96.49;94.24;101.59;101.63;94.42;97.53;96.73;92.35;93.7;96.91;95.95;100.56;94.63;102.3;96.26;92.42;93.39;87.33;90.56;93.07;90.64;96.35;94.74;99.52;96.7;85.7;99.7
O3;uur;µg/m³;2023-04-29T13:00:00+01:00;2023-04-29T14:00:00+01:00;87.9;80.6;87.6;104.1;107.5;77.22;83.24;75.64;76.65;95.56;94.75;82.42;98.47;90.5;92.84;98.85;100.8;101.02;95.51;97.45;105.59;103.65;96.54;99.04;97.57;84.84;96;100.79;96.79;101.12;96.47;103.56;100.63;95.95;99.2;89.11;94.13;93.35;92.39;97.01;99.43;99.33;96.2;90.7;102.2
O3;uur;µg/m³;2023-04-29T14:00:00+01:00;2023-04-29T15:00:00+01:00;93.9;77.9;93;105.9;108.1;84.15;89.78;82.41;82.94;96.9;95.48;83.76;101.67;94.67;99.03;94.89;101.36;100.76;97.87;101.4;105.42;105.13;98.34;99.83;96.67;90.32;96.28;101.48;97.95;103.52;95.25;104.32;97.05;96.31;100.76;94.43;92.53;93.77;92.77;97.56;103.79;104.26;95.7;92.9;102
O3;uur;µg/m³;2023-04-29T15:00:00+01:00;2023-04-29T16:00:00+01:00;94.7;81.8;97.1;107.3;108.3;83.01;92.5;86.94;87.85;97.89;97.06;83.3;105.84;95.69;100.05;95.85;100.88;102.44;95.89;103.24;103.98;104.21;99.02;98.85;95.66;100.65;95.63;98.69;97.46;102.31;93.24;103.15;95.37;95.46;99.5;94.8;90.78;91.9;92.75;95.87;100.88;99.76;96.1;94;102.2
O3;uur;µg/m³;2023-04-29T16:00:00+01:00;2023-04-29T17:00:00+01:00;94.3;80.7;95.1;107.7;107;84.6;93.68;79.5;81.79;97.89;95.86;82.92;107.46;95.66;96.76;100.5;101.36;101.11;95.96;101.58;104.57;108.19;97.61;99.97;98.12;87.25;95.6;95.92;96.26;100.14;94.13;102.14;97.74;91.42;99.34;91.28;90.05;91.28;94.5;94.96;94.24;96.71;95.7;91.2;97.8
O3;uur;µg/m³;2023-04-29T17:00:00+01:00;2023-04-29T18:00:00+01:00;96.2;78.6;98.6;108.2;101.4;83.55;90.26;78.5;83.95;100.03;97.18;85.54;107.06;95.72;99.74;100.73;94.26;99.61;98.73;97.47;102.05;101.04;98.71;94.55;98.6;88.03;94.28;94.2;94.84;96.62;93.04;99.69;93.95;93.54;97.15;89.45;87.13;92.07;95.52;90.4;93.81;92.5;95.4;74.5;92.3
O3;uur;µg/m³;2023-04-29T18:00:00+01:00;2023-04-29T19:00:00+01:00;87.2;77.8;89.3;100.5;104.3;83.05;81.91;76.77;83.23;98.52;94.82;80.41;101.01;90.1;92.63;91.97;93.07;95.82;93.01;94.3;101.48;96.5;89.52;90.85;97.82;89.51;93.09;92.04;95.47;98.24;90.42;101.18;88.4;89.68;94.8;76.43;82.12;92.99;93.82;85.48;90.28;90.43;88.6;88.1;90.9
O3;uur;µg/m³;2023-04-29T19:00:00+01:00;2023-04-29T20:00:00+01:00;85.3;70.1;84.7;94.8;99.8;67.26;65.5;59.03;67.25;90.02;85.29;71.78;90.47;83.43;88.01;89.78;93.55;85.99;84.77;86.01;98.97;92.57;78.1;90.92;86.43;80.65;87.08;82.81;90.82;93.44;79.01;95.01;83.79;77.25;88.56;85.92;82.55;86.33;77.16;81.43;93.85;85.99;86.3;86.6;91.1
O3;uur;µg/m³;2023-04-29T20:00:00+01:00;2023-04-29T21:00:00+01:00;68.5;55.1;76.2;86.7;96.9;50.81;42.33;20.27;15.12;82.71;73.21;77.4;78.93;86.15;78.87;78.16;93.24;74.05;54.48;76.42;83.75;87.6;60.57;86.3;80;86.3;66;75.98;83.34;89.33;71.25;83.04;68.16;72.01;83.24;72.6;79.29;75.67;70.64;74.51;82.57;77.28;81.2;86.3;92.1
O3;uur;µg/m³;2023-04-29T21:00:00+01:00;2023-04-29T22:00:00+01:00;64.3;49.2;71;61.8;97.7;44.2;61.14;9.13;6.64;80.02;67.86;74.12;75.49;82.55;76.12;51.94;80.99;60.42;55.47;73.55;54.47;73.25;46.36;66.23;69.19;74.45;54.83;76.01;83.56;89.23;78.3;84.36;67.26;73.68;75.86;66.98;73.31;75;68.88;49.64;71.49;64.07;80.1;79.9;88.5
O3;uur;µg/m³;2023-04-29T22:00:00+01:00;2023-04-29T23:00:00+01:00;59.3;48.5;54.6;60.2;58;30.12;56.2;8.08;8.25;73.78;60.55;72.14;74.85;75.68;68.98;57.04;66.63;61.27;72.46;77.3;53.36;59.49;44.76;43.66;75.28;71.5;43.27;81.51;83.56;81.84;71.37;83.35;70.56;67.62;70.26;68.61;69.21;71.73;68.61;26.81;69.18;49.85;77.7;75.1;85.5
O3;uur;µg/m³;2023-04-29T23:00:00+01:00;2023-04-30T00:00:00+01:00;31;58.9;42.8;61.6;30.6;54.9;44.5;7.21;6.28;69.17;56.32;68.37;80.75;72.69;49.07;52.17;58.91;76.98;64.07;77.98;59.61;37.86;25.22;35.9;60.88;68.66;41.53;70.74;66.48;81.28;61.75;73.75;66.63;62.63;44.68;64.02;49.13;77.55;73.87;24.24;79.99;39.54;72.6;70.6;84.1
O3;uur;µg/m³;2023-04-30T00:00:00+01:00;2023-04-30T01:00:00+01:00;53.7;59.1;47.5;52.9;23.5;53.01;22.86;4.98;6.77;62.35;37.22;62.11;79.06;69.86;35.5;42.88;63.25;77.04;61.78;70.74;47.36;45.71;33.2;38.98;63.62;52.7;41.43;64.48;61.89;72.35;56.45;73.14;59.7;48.36;23.97;61.54;32.77;80.37;70.89;18.17;60.41;38.98;66.4;73;49.2
O3;uur;µg/m³;2023-04-30T01:00:00+01:00;2023-04-30T02:00:00+01:00;64.8;65.5;58.4;59.9;40.7;53.6;37.63;4.97;4.75;61.42;42.1;58.48;73.82;65.88;45.87;40.44;70.25;75.84;62.8;69.9;50.95;44.34;54.39;43.66;59.23;54.86;41.3;56.5;52.63;59.38;45.72;56.09;57.38;42.24;20.23;60.09;28.51;81.05;87.67;22.17;60.08;29.91;63.3;65.6;35.4
O3;uur;µg/m³;2023-04-30T02:00:00+01:00;2023-04-30T03:00:00+01:00;74.5;66.7;64.7;44.6;23.8;;;;;;;;;;;;;;;;;;;;;;;;;;;;;;;;;;;;;;67.9;58;56.8
O3;uur;µg/m³;2023-04-30T03:00:00+01:00;2023-04-30T04:00:00+01:00;65.5;58.1;58.3;52.7;48.9;46.06;20.62;5.45;5.36;49.41;42.08;52.88;58.67;58.67;45.96;40.35;73.57;66.23;47.92;52.9;31.67;62.82;39.34;62.27;47.17;35.3;36.57;46.42;39;49.17;41.01;44.53;;22.8;6.51;49.47;12.65;73.34;67.87;17.9;30.56;31.37;58.7;57.1;51.3
O3;uur;µg/m³;2023-04-30T04:00:00+01:00;2023-04-30T05:00:00+01:00;60.4;55.6;59.1;46.3;55.9;32.15;25.33;4.95;8.32;41.2;42.02;50.55;55.53;56.99;39.25;28.54;69.04;60.32;41.77;54.37;37.38;60.42;29.02;54.71;33.84;34.71;42.61;43.19;39.18;50.27;49.58;42.78;;20.56;3.6;55.03;14.45;62.06;59.73;23.92;36.43;37.6;70.3;50;60.5
O3;uur;µg/m³;2023-04-30T05:00:00+01:00;2023-04-30T06:00:00+01:00;54.3;60.7;61.4;43.2;47.1;27.69;19.96;4.35;7.04;39.83;37.13;45.59;53.84;51.75;46.74;35.23;63.99;55.99;41.82;47.16;46.43;56.19;37.62;46.95;28.27;54.42;36.47;44.63;42.9;54.56;52.96;53.23;50.93;22.26;3.15;46.54;16.27;53.02;55.85;7.61;60.95;38.29;50.9;35.6;51.4
O3;uur;µg/m³;2023-04-30T06:00:00+01:00;2023-04-30T07:00:00+01:00;53.8;60.4;65.4;46;45.7;34.16;40.16;19.83;22.52;45.49;33.86;50.53;52.76;55.97;55.03;36.07;65.05;60.27;48.08;60.4;53.46;57.44;50.63;48.1;52.2;47.46;52.99;46.1;59.38;54.7;54.94;66.8;59.43;44.29;21.74;57.5;35.83;57.97;71.28;24.11;58.14;41.57;55.1;32.5;63.4
O3;uur;µg/m³;2023-04-30T07:00:00+01:00;2023-04-30T08:00:00+01:00;58.8;53;64.6;47.9;57.9;43.1;56.92;40.04;48.38;58.95;48.64;58.65;62.61;58.36;59.71;42.15;68.05;60.21;59.23;66.01;70.8;72.23;43.02;57.61;81.31;49.67;68.19;59.35;66.93;66.23;64.15;72.56;64.77;58.1;53.47;74.3;59.59;66.01;78.93;64.98;66.78;67.44;71.8;57.4;75.3
O3;uur;µg/m³;2023-04-30T08:00:00+01:00;2023-04-30T09:00:00+01:00;59.5;53.7;64.8;49.4;59.3;50.82;61.1;50.59;55.3;62.09;58.92;59.24;67.62;60.05;59.73;51.11;70.13;62.45;63.69;63.85;75.91;72.74;52.67;56.25;85.87;70.19;77.75;71.55;72.02;71.06;70.49;77.18;65.91;70.45;81.46;68.47;75.92;74.4;80.62;76.65;74.71;78.15;76.3;68.5;79.7
O3;uur;µg/m³;2023-04-30T09:00:00+01:00;2023-04-30T10:00:00+01:00;64.5;56.5;65.8;62.7;71.1;70.07;65.29;67.1;70.35;69.5;69.29;66.17;71.78;68.3;61.09;64.84;74.85;62.92;64.99;66.17;81.47;76.5;71.74;52.74;85.4;72.64;83.08;73.41;73.31;71.47;76.54;79.85;67.08;78.71;85.68;66.51;80.21;75.56;82.79;79.4;78.24;80.54;78.7;71.9;80.7
O3;uur;µg/m³;2023-04-30T10:00:00+01:00;2023-04-30T11:00:00+01:00;60.5;60.7;66.2;72.9;53.1;82.49;72.3;77.33;83.03;82.71;82.01;74.79;83.24;80.18;72.57;83.27;80.08;71;74.39;73.48;84.88;83.14;76.56;59.3;87.77;75.57;84.18;78.29;74.61;72.66;79.82;81.67;72.7;82.45;87.11;73.34;80.72;76.73;81.43;80.35;79;79.96;81.8;70.3;85
O3;uur;µg/m³;2023-04-30T11:00:00+01:00;2023-04-30T12:00:00+01:00;69.2;66.4;71.5;81.6;83.6;87.25;84.59;79.49;81.83;83.65;86.9;75.75;84.26;86.11;81.24;86.26;87.89;76.42;79.29;77.12;90.43;87.23;79.98;60.8;89.17;76.58;85.99;82.32;78.53;79.66;83.76;85.77;79.91;84.96;89.48;79.67;82.69;79.05;81.69;85.88;82.03;82.05;85.2;73.7;88.2
O3;uur;µg/m³;2023-04-30T12:00:00+01:00;2023-04-30T13:00:00+01:00;73.5;69.5;76.7;86.1;84.9;83.93;94.21;80.59;83.61;87.48;90.17;79.79;88.62;89.7;88.16;81.04;90.04;83.61;84.4;84.14;95.29;91.65;90.96;62.71;90.57;81.01;86.99;85.52;81.89;87.12;85.36;88.6;85.36;86.23;90.15;83.96;82.91;80.56;82.34;89.09;85.79;85.15;85;77.8;91
O3;uur;µg/m³;2023-04-30T13:00:00+01:00;2023-04-30T14:00:00+01:00;78.7;70.9;76.2;90.5;92.4;82.65;84.01;87.39;93.55;92.55;91.96;86.97;93.85;90.68;87.85;89.64;88.98;82.95;86.43;87.28;95.51;94.38;89.12;67.51;92.09;83.72;87.03;88.43;82.03;86.89;86.77;89.83;87.34;87.66;92.28;86.69;82.37;79.26;83.62;89.72;88.09;88.67;86;75.9;90.3
O3;uur;µg/m³;2023-04-30T14:00:00+01:00;2023-04-30T15:00:00+01:00;83.4;71.1;81.4;91.8;93.2;88.08;86.53;99.39;101.63;95.21;92.36;91.05;95.28;93.72;91.54;94.41;90.38;85.94;86.17;90.95;96.57;95.15;95.65;68.21;93.3;87.41;85.83;89.12;81.83;86.3;82.97;90.1;87.36;88.26;91.4;89.08;83.58;80.69;82;90.94;86.75;88.12;86;82.1;93.1
O3;uur;µg/m³;2023-04-30T15:00:00+01:00;2023-04-30T16:00:00+01:00;86.7;69.7;83.2;90.7;99.6;92.61;87.52;97.13;97.25;96.2;94.9;85.65;95.89;96.92;94.27;94.69;89.4;87.28;91.46;94.78;97.62;92.6;95.09;64.53;94.33;86.67;84.89;88.47;81.95;83.33;82.11;89.75;85.57;88.68;90.73;87.77;84.65;81.38;82.18;90.82;86.02;87.98;86.6;84.2;89.7
O3;uur;µg/m³;2023-04-30T16:00:00+01:00;2023-04-30T17:00:00+01:00;89.1;67.3;81.6;94.2;97.5;92.71;90.11;95.87;97.73;92.07;97.06;85.22;93.65;94.4;97.04;93.43;91.63;84.26;93.39;95;94.67;94.29;94.93;66.11;93.76;88.93;82.13;86.8;80.87;85.17;80.81;90.6;86.73;89.25;91.35;87.22;84.99;79.91;82.19;91.43;85.85;87.63;85.1;81.1;84.1
O3;uur;µg/m³;2023-04-30T17:00:00+01:00;2023-04-30T18:00:00+01:00;87.5;70.7;82;93.8;94.6;92.31;85.84;94.8;97.6;92.47;93.89;86.18;93.5;97.37;94.15;89.42;89.57;84.02;91.06;90.76;93.51;94.95;92.02;67.48;89.97;79.58;82.11;85.93;79.67;82.97;77.03;90.04;84.86;88.25;91.22;83.85;84.73;79.22;80.74;90.05;84.17;83.86;84.7;80.6;79.5
O3;uur;µg/m³;2023-04-30T18:00:00+01:00;2023-04-30T19:00:00+01:00;84.8;64.7;80.8;92;87.1;85.75;83.61;91.55;93.76;88.93;87.34;84.41;91.8;95.65;86.13;84.82;90.34;78.44;83.65;87.91;88.87;93.12;90.73;68.58;85.35;72.52;78.59;74.25;78.44;77.6;64.38;86.78;79.44;86.25;89.08;81.62;83.05;76.11;68.83;86.17;77.78;79.62;83;75.3;82.2
O3;uur;µg/m³;2023-04-30T19:00:00+01:00;2023-04-30T20:00:00+01:00;82.4;70.3;78.4;88.4;78.8;76.22;73.68;81.46;86.22;77.36;76.11;78.36;80.68;87.45;74.63;74.13;85.97;73.68;78.02;82.74;75.16;88.03;86.71;51.97;76.68;64.17;63.9;68.85;66.46;66.87;53.04;79.6;70.95;80.55;84.22;73.58;80.29;71.41;64.36;73.77;79.84;64.29;74.6;73.6;77.2
O3;uur;µg/m³;2023-04-30T20:00:00+01:00;2023-04-30T21:00:00+01:00;73.6;55.1;67.6;77.9;55.7;66.4;42.76;71.72;75.97;66.92;64.13;68.97;73.1;79.99;70.38;57.01;73.88;66.01;69.45;74.67;68.07;70.54;76.82;35.98;66.86;50.75;47.96;62.93;63.57;52.78;37.95;68.18;69.56;73.68;73.46;56.97;72.97;72.22;57.76;67.14;72.78;65.38;69.6;65;67.2
O3;uur;µg/m³;2023-04-30T21:00:00+01:00;2023-04-30T22:00:00+01:00;56;52.8;61.4;66.2;18.5;58.33;42.94;69.74;71.24;51.27;58.74;69.16;66.93;74.21;56.36;30.36;65.86;59.02;62.28;67.84;54.62;57.37;53.77;38.73;59.77;31.38;44.11;50.82;59.16;43.91;52.8;62.96;57.93;70.31;33.29;53.39;68.28;66.91;60.67;62.02;65.3;54.43;64.7;57.5;62.6
O3;uur;µg/m³;2023-04-30T22:00:00+01:00;2023-04-30T23:00:00+01:00;54.5;52.2;57.8;56.8;18.2;58.48;44.44;67.03;66.77;47.48;50.66;66.79;67.77;70.72;45.81;36.42;62.19;57.38;61.65;57.06;45.19;48.69;33.82;31.8;49.79;32.15;47.91;45.3;56.17;59.63;50.66;67.19;54.33;66.41;25.03;59.3;65.5;63.95;44.47;61.69;50.56;55.06;50.4;46.8;47.1
O3;uur;µg/m³;2023-04-30T23:00:00+01:00;2023-05-01T00:00:00+01:00;53.2;50.8;59.6;36.3;18;51.88;45.57;46.41;62.43;53.56;40.1;63.66;67.99;68.67;44.7;41.88;59.82;53.59;58.92;54.27;38.48;42.23;49.35;34.92;40.35;22.93;60.51;45.7;56.59;64.01;43.86;56.69;56.74;64.84;27.46;60.36;63.25;57.74;38.99;51.78;49.39;64.76;33.9;39.2;39.3
O3;uur;µg/m³;2023-05-01T00:00:00+01:00;2023-05-01T01:00:00+01:00;49.8;53.8;57.6;34.3;35.4;27.35;44.01;22.06;57.92;58.09;48.51;61.46;67.08;63.61;47.79;45.93;55.97;53.18;55.11;54.13;26.59;39.27;48.02;33.06;49.01;29.61;60.06;47.25;54.2;61.83;46.34;53.87;46.51;58.94;21.34;58.67;64.5;59.49;45.95;47.47;52.55;60.52;51.2;41.9;53
O3;uur;µg/m³;2023-05-01T01:00:00+01:00;2023-05-01T02:00:00+01:00;50.3;58.5;66.2;41.4;42.3;27.36;44.19;16.56;46.83;55.9;53.17;58.25;61.93;58.51;43.54;59.21;54.96;57.1;52.15;45.89;34.88;38.42;53.18;35.99;37.04;56.07;57.29;46.07;54.67;64.25;52.73;54.65;54.35;50.83;15.5;57.9;57.31;58.63;42.79;28.83;45.48;53.89;65.1;48.3;63.9
O3;uur;µg/m³;2023-05-01T02:00:00+01:00;2023-05-01T03:00:00+01:00;51.8;53.4;57.4;43.6;47.1;37.98;21.52;22.55;45.96;52.75;45.34;53.65;56.77;53.85;36.71;57.11;54.3;52.56;53.2;44.13;51.89;38.99;56.35;42.13;37.84;62.43;49.15;45.95;52.71;63.56;50.12;54.42;45.75;53.46;13.2;50.28;43.34;55.83;42.84;11.76;38;43.12;62.1;52.5;66.5
O3;uur;µg/m³;2023-05-01T03:00:00+01:00;2023-05-01T04:00:00+01:00;51.1;48.6;41.7;47.3;48.9;42.38;25.07;15.14;38.33;49.43;40.53;49.49;56.5;49.19;32.65;42.51;52.71;55.72;28.08;36.01;52.88;37.52;42.78;36.54;41.45;60.4;38.94;48.78;50.04;59.67;46.67;53.87;44.96;49.89;9.95;42.7;48.37;49.34;42.87;3.17;33.38;50.14;65;60.2;66.4
O3;uur;µg/m³;2023-05-01T04:00:00+01:00;2023-05-01T05:00:00+01:00;44.8;37.8;35.7;41.4;47;27.42;22.81;13.33;27.91;43.13;33.5;43.34;50.45;43.15;29.3;45.15;54.93;43.55;25.17;31.84;43.54;32.46;26.22;21.4;41.41;42.29;27.87;48.33;51.43;57.71;57.95;56.56;39.23;42.7;5.62;36.27;49.96;45.1;40.8;6.84;27.63;36.04;48.8;42.5;55.3
O3;uur;µg/m³;2023-05-01T05:00:00+01:00;2023-05-01T06:00:00+01:00;34.1;28;18.8;31.5;33.8;8.77;15.41;8.79;21.06;29.19;32.22;36.18;43.98;37.53;24.34;22.75;49.87;31.24;20.27;30.39;47.94;21.98;14.87;6.74;46.56;32.39;40.42;47.07;42.58;40.17;44.35;44.69;32.28;43.26;5.22;30.33;45.45;40.47;40.68;3.75;25.84;35.72;36.5;6.5;45.5
O3;uur;µg/m³;2023-05-01T06:00:00+01:00;2023-05-01T07:00:00+01:00;23.1;29.5;8.3;31.8;11.5;15.3;22.59;11.75;17.54;18.97;32.51;31.8;38.26;20.3;16.26;18.41;39.29;17.75;20.77;22.11;43.84;19.29;4.23;8.05;46.93;12.45;24.97;38.71;32.67;36.09;37.97;35.42;19.14;43.54;4.46;24.82;41.2;34.66;38.8;34.21;28.94;40.24;25;12;46
O3;uur;µg/m³;2023-05-01T07:00:00+01:00;2023-05-01T08:00:00+01:00;12.6;24.4;10.1;25.3;7.6;29.28;22.25;28.04;20.9;34.6;40.06;30.32;29.93;25.11;12.76;20.36;27.81;14.28;19.78;16.14;38.29;25.26;7.39;11.07;55.44;14.26;51.08;37.71;32.99;32.26;31.97;32.17;26.45;46.48;37.6;27.57;38.28;37.53;51.21;44.51;41.76;40.47;48;19.1;40.8
O3;uur;µg/m³;2023-05-01T08:00:00+01:00;2023-05-01T09:00:00+01:00;21.6;12.1;8.6;14.7;7.7;34.33;32.45;34.67;43.94;39.98;50.01;29.92;30.66;40.72;32.37;24.71;27.25;14.85;21.29;21.74;41.45;25.93;7.03;9.69;56.22;31.07;51.97;42.35;30.28;28.92;42.33;32.01;35.84;48.59;42.84;29.66;44.26;46.11;56.43;55.58;55.33;50.34;45.7;22.2;34
O3;uur;µg/m³;2023-05-01T09:00:00+01:00;2023-05-01T10:00:00+01:00;16.5;4.7;6.2;11.3;4.2;36.69;46.22;49.93;54.28;45.88;38.04;39.78;37.14;52.33;41.88;39.74;15.42;7.78;21.91;20.71;49.11;16.12;6.1;9.09;52.36;30.72;56.22;37.98;25.83;32.54;35.2;33.39;38.1;57.7;53.54;28.19;45.45;56.5;62.47;57.81;70.41;63.58;50.8;21.5;
O3;uur;µg/m³;2023-05-01T10:00:00+01:00;2023-05-01T11:00:00+01:00;19;5.8;10.6;13.3;16.3;46.95;56.58;60.55;62.33;49.05;39.01;49.55;42.14;61.58;42.89;52.54;14.23;12.21;30.52;22;58.71;8.16;15.64;11.77;50.84;49.33;58.88;46.85;42.59;39.44;41.01;47.24;37.52;58.5;58.1;44.92;58.5;63.46;74.71;67.01;83.19;79.44;55.6;24.1;42.8
O3;uur;µg/m³;2023-05-01T11:00:00+01:00;2023-05-01T12:00:00+01:00;14.8;7;11.7;41.6;38.4;57.24;60.52;61.05;66.78;57.51;42.41;60.09;44.79;62.76;53.41;65.17;39.7;18.62;31.55;20.91;58.51;28.9;18.73;37.62;62.27;57.8;68.88;36.14;50.38;39.15;46.6;59.04;31.96;66.52;55.13;61.72;71.65;77.58;77.59;82.27;88.91;85.89;58.7;40.2;33.6
O3;uur;µg/m³;2023-05-01T12:00:00+01:00;2023-05-01T13:00:00+01:00;26.5;25;33.5;54.6;60.5;59.11;74.67;76.99;74.39;56.28;46.61;54.44;36.93;61.97;54.69;83.23;65.6;34.59;34.97;39.15;66.94;63.59;46.22;60.96;81.5;51.5;82.87;52.17;43.5;46.44;39.79;50.02;33.43;78.59;82.94;79.62;77.91;81.14;72.21;90.15;89.22;87.38;62.4;47.7;39.8
O3;uur;µg/m³;2023-05-01T13:00:00+01:00;2023-05-01T14:00:00+01:00;48.5;45;59.2;54.3;73.8;74.76;72.94;83.78;86.76;51.41;72.31;66.31;56.17;69.77;47.54;89.43;83.17;58.88;52.47;56.45;92.13;78.95;64.35;75.58;84;53.2;81.66;60.96;46.68;49.2;36.92;52.93;51.34;88.81;80.51;80.7;82.89;85.15;68.33;93.4;91.24;92.23;39;19.3;
O3;uur;µg/m³;2023-05-01T14:00:00+01:00;2023-05-01T15:00:00+01:00;47.3;51.4;70.5;46.4;53.9;82.96;79.23;72.06;90.26;71.91;80.89;72.14;76.88;73.1;64.18;82.41;83.88;70.38;61.2;70.42;95.33;88.15;68.81;86.9;89.1;73.49;78.25;67.81;48.16;47.95;53.84;;69.47;89.93;75.74;88.1;82.07;82.55;72.11;92.81;89.77;93.93;65;47.1;63.2
O3;uur;µg/m³;2023-05-01T15:00:00+01:00;2023-05-01T16:00:00+01:00;56.3;65.8;86.8;57.3;42.4;77.22;76.45;66.42;85.85;79.06;86.88;79.58;85.49;83.35;77.94;86.35;76.01;88.06;73.61;63.85;86.35;93.13;90.06;82.66;86.59;86.66;73.74;81.94;65.3;68.26;54.45;;77.95;;71.42;68.32;84.73;80.13;84.36;91.84;72.04;91.54;80.7;66.9;83.2
O3;uur;µg/m³;2023-05-01T16:00:00+01:00;2023-05-01T17:00:00+01:00;50.5;64.6;80.3;61.4;80.6;65.07;74.03;64.24;77.97;82.16;99.11;75.7;83.35;86.87;79.5;79.17;69.96;81.6;83.31;85.48;76.63;90.55;76.67;81.21;76.08;81.78;78.98;89.15;77.45;85.33;75.9;;86.3;;78.72;64.39;76.36;82.49;81.01;91.06;78.24;81.49;86.3;69.4;87.8
O3;uur;µg/m³;2023-05-01T17:00:00+01:00;2023-05-01T18:00:00+01:00;75.8;73.3;94.5;93.8;65;59.68;70.7;52.4;61.96;68.38;100.45;80.37;96.65;80.99;77.36;80.46;98.83;94.71;88.57;88.21;96.94;102.63;94.35;98.69;78.17;90.42;79.68;89.63;85.37;92.18;80.47;;85.56;;87.1;78.45;79.27;85.27;72.74;89.59;93.49;88.65;92.4;69.9;87.5
O3;uur;µg/m³;2023-05-01T18:00:00+01:00;2023-05-01T19:00:00+01:00;76.6;81.2;90.9;62.2;64.5;64.29;78.97;43.59;58.5;77.31;82.2;68.26;100.25;67.38;73.22;77.32;78.55;97.22;82.08;89.91;90.52;88.18;79.08;80.31;81.15;86.21;84.88;89.27;86.25;95.9;75.98;94.64;82.56;;84.9;76.09;80.23;82.21;80.13;83.35;86.25;90.78;90;72.5;78.1
O3;uur;µg/m³;2023-05-01T19:00:00+01:00;2023-05-01T20:00:00+01:00;54.1;63.3;73.2;63.8;67.2;58.57;72.86;42.04;48.63;79.83;76.81;74.56;92.59;75.53;62.92;70.72;72.86;78.05;43.43;91.37;77.31;73.92;66.76;70.08;80.56;73.58;75.75;80.25;84.81;92.81;70.03;94.19;66.86;;83.3;73.6;80.74;71.3;73.99;62.76;82.31;76.72;81.6;66.9;69
O3;uur;µg/m³;2023-05-01T20:00:00+01:00;2023-05-01T21:00:00+01:00;58.1;54.6;64.2;69;68.8;50.44;69.54;37.21;63.44;75.78;71.02;78.91;65.34;77.82;59.85;57.6;76.82;67.86;34.41;68.86;81.59;76.48;65.17;75.68;75.24;79.63;63.1;67.74;70.44;80.42;61.67;79.06;56.57;78.53;73.2;70.64;72.87;64.22;76.27;66.93;82.41;67.24;79.8;71.5;62.7
O3;uur;µg/m³;2023-05-01T21:00:00+01:00;2023-05-01T22:00:00+01:00;61.7;64.2;74.8;71.4;69.9;42.86;70.18;28.73;37.92;63.23;59.29;75.31;59.38;71.78;52.99;25.49;74.73;76.97;62.32;67.53;74.8;75.69;71.02;72.99;63.61;75.38;79.2;74.97;65.87;71.73;61.41;70.33;68.62;78.53;69.56;72.47;68.06;66.32;69.25;55.26;75.64;70.31;78.6;65.4;72.6
O3;uur;µg/m³;2023-05-01T22:00:00+01:00;2023-05-01T23:00:00+01:00;67.1;57.7;65.4;69.5;68;50.82;69.32;48.5;34.75;49.27;61.06;76.01;51.81;63.03;52.54;13.17;75.44;73.73;61.61;81.4;78.36;75.2;67.6;73.99;57.74;69.3;74.27;66.5;64.91;71.57;53.13;71.19;65.78;75.31;74.5;67.9;67.76;69.2;66.38;54.77;70.9;69.95;68.1;58.3;58.1
O3;uur;µg/m³;2023-05-01T23:00:00+01:00;2023-05-02T00:00:00+01:00;58.9;57.9;67.6;72.1;66.8;46.18;68.46;51.46;41.68;64.41;47.27;70.07;70.75;46.58;55.02;10.67;74.9;71.84;47.84;69.69;72.9;74.01;71.22;72.57;65.94;69.78;68.23;65.86;62.18;69.09;50.74;67.64;53.14;65.09;75.01;60.72;51.8;63.69;68.84;58.93;68.49;64.98;45.6;39.3;56.6
O3;uur;µg/m³;2023-05-02T00:00:00+01:00;2023-05-02T01:00:00+01:00;58.8;64.1;65.8;64.3;67;42.93;69.43;37.6;48.12;64.34;61.84;74.2;62.67;57.14;52.24;27.75;69.05;71.59;38.82;61.94;77.52;69.89;67.21;67.48;70.13;74.13;64.25;65.54;61.9;69.3;62.24;66.26;62.9;52.44;69.86;66.09;57.28;62.91;69.85;57.96;69.36;65.27;70.4;64.2;69.6
O3;uur;µg/m³;2023-05-02T01:00:00+01:00;2023-05-02T02:00:00+01:00;59.7;59;59.4;70.2;73.5;47.59;68.98;45.71;49.79;66.2;57.81;73.04;53.03;65.21;45.13;49.31;74.91;67.49;46.22;70.69;76.11;77.24;63.96;74.23;74.32;63.18;66.16;63.77;61.85;64.33;62.21;66.3;59.23;60.39;68.97;73.94;58.67;63.31;70.98;57.15;72.55;61.71;70.3;68.9;69.7
O3;uur;µg/m³;2023-05-02T02:00:00+01:00;2023-05-02T03:00:00+01:00;61.2;66.7;68.9;74.6;76.4;45.39;67.87;52.89;53.06;71.38;50.89;66.15;64.59;69.51;59.42;47.39;76.18;72.47;60.38;70;82.29;75.39;70.58;74.11;76.73;67.89;73.22;66.12;65.45;67.16;66.53;69.61;60.9;67.2;65.16;62.24;59.94;65.39;75.17;58.06;88.29;72.71;77.6;75;74.9
O3;uur;µg/m³;2023-05-02T03:00:00+01:00;2023-05-02T04:00:00+01:00;67.4;65.8;72.1;78.1;80.6;40.76;63.66;43.97;48.11;68.92;54.44;66.76;64.53;66.26;62.84;49.33;80.67;72.39;67.12;70.51;86.88;79.49;73.65;78.21;83.39;75.16;75.02;71.43;74.24;75.47;67.3;78.78;65.28;60.66;71.85;61.52;62.57;65.55;83.59;57.34;92.86;89.32;78.6;75.3;76.6
O3;uur;µg/m³;2023-05-02T04:00:00+01:00;2023-05-02T05:00:00+01:00;65;68;75.2;84.7;86.5;62.82;58.23;38.82;41.03;64.57;55.02;62.01;70.6;64.86;66.78;59.14;83.88;77.55;71.55;74.74;89.21;81.7;67.93;80.45;88.13;81.33;75.41;73.55;75.73;79.51;61.27;80.99;68.42;60.74;70.45;66.61;61.44;78.89;85.44;77.96;92.93;92.58;78.5;74.7;77.4
O3;uur;µg/m³;2023-05-02T05:00:00+01:00;2023-05-02T06:00:00+01:00;63.4;59.6;72.7;84.4;88;60.99;58.62;44;53.52;70.4;60.63;62.48;79;64.21;71.13;67.72;86.42;76.97;70.46;72.57;83.28;80.14;61.91;80.9;87.75;83.82;81.66;71.34;75.63;76.59;51.85;80.85;60.93;59.55;76.5;65.7;73.54;85.16;84.36;84.28;95.76;91.53;81;78.9;80.5
O3;uur;µg/m³;2023-05-02T06:00:00+01:00;2023-05-02T07:00:00+01:00;66.6;58.1;72.8;87.3;92.2;54.79;62.76;50.91;62.39;72.18;66.42;68.41;72.08;68.11;74.55;70.32;88.58;57.45;70.96;65.98;86.37;82.4;67.54;85.92;89.11;77.37;81.05;76.81;78.66;78.68;61.48;82.4;65.15;67.01;81.76;68.63;78.63;83.83;81.99;81.28;93.98;92.75;78.7;76.5;78
O3;uur;µg/m³;2023-05-02T07:00:00+01:00;2023-05-02T08:00:00+01:00;65.7;65.9;69.6;89.1;95.3;60.43;67.26;46.48;56.02;77.63;71.82;71.93;76.97;72.15;77.94;69.19;90.27;63.79;75.87;71.63;87.71;86.23;69.93;85.9;89.71;78.83;82.76;81.91;83.82;83.9;62.91;88.22;77.07;76.13;83.87;76.59;80.45;89.09;87.75;84.94;96.07;96.12;85;79.2;82.6
O3;uur;µg/m³;2023-05-02T08:00:00+01:00;2023-05-02T09:00:00+01:00;76;72.1;72.7;95.1;98.5;68.21;74.46;52.98;62.2;82.08;75.71;75.79;83.47;76.39;84.41;76.32;87.23;70.31;79.94;76.21;99.89;88.79;78.64;89.32;91.48;89.68;87.96;80.7;83.83;83.67;80.22;89.1;78.49;79.82;85.12;82.13;85.72;91.09;93.15;91.94;92;97.08;86.6;80.5;86.4
O3;uur;µg/m³;2023-05-02T09:00:00+01:00;2023-05-02T10:00:00+01:00;75.1;72.2;79.5;97;101.2;67.47;81.84;;74.45;84.77;78.32;78.98;87.01;81.9;88.33;82.34;96.41;75.24;83.87;84.82;101.3;96.7;82.2;91.87;94.91;90.14;91.62;79.77;87.41;87.41;81.51;92.46;80.38;85.57;91.44;83.99;90.92;92.36;92.43;97.27;87.1;93.03;90.2;85.7;87.7
O3;uur;µg/m³;2023-05-02T10:00:00+01:00;2023-05-02T11:00:00+01:00;83.2;78;85.1;99.2;103.2;68.26;87.85;;76.03;85.88;84.15;84.25;90.51;85.72;92.05;84.14;98.37;85.38;87.32;88.29;;98.96;91.34;92.11;95.21;92.36;94.96;86.71;90.46;91.71;84.31;96.07;85.1;92.54;94.64;87.54;89.87;91.66;89.96;92.5;86.69;88.85;90.8;84.8;91.5
O3;uur;µg/m³;2023-05-02T11:00:00+01:00;2023-05-02T12:00:00+01:00;85.4;76.3;87.5;100.4;104.3;74.32;84.7;;77.12;86.67;87.38;82.1;92.63;89.54;95.16;89.7;99.33;91;92.72;87.7;;100.03;93.08;96.45;93.1;92.36;97.89;89.91;92.08;93.55;86.1;98.01;87.77;95.87;97.95;91.68;94.29;91.51;88.11;89.72;86.16;88.38;94.6;90.1;95.7
O3;uur;µg/m³;2023-05-02T12:00:00+01:00;2023-05-02T13:00:00+01:00;86.4;74.5;90.4;101.5;104.9;84;92.02;77.35;83.82;91.24;90.69;86.04;95.38;91.59;95.92;93.67;99.6;87.06;94.27;90.29;;100.97;94.58;96.73;92.51;95.2;97.7;91.24;92.69;96.24;87.05;99.78;90.98;96.02;102.23;96.96;91.42;86.22;87.51;85.9;82.79;87.06;95.8;91.6;99.5
O3;uur;µg/m³;2023-05-02T13:00:00+01:00;2023-05-02T14:00:00+01:00;88.1;73.9;90.7;102.1;105.1;87.2;94.08;81.3;84.81;95.06;96.82;88.57;96.69;95.55;96.35;93.03;100.6;89.89;96.92;96.85;;101.94;95.5;96.59;91.36;98.72;94.23;96.31;97.23;99.19;93.84;103.96;92.44;95.49;104.23;100.02;90.56;87.93;87.04;85.18;79.99;83.6;95.1;92.8;101.1
O3;uur;µg/m³;2023-05-02T14:00:00+01:00;2023-05-02T15:00:00+01:00;89.8;73;91.1;104.7;105.9;88.69;99.59;88.61;91.17;98.97;98.48;92.03;100.12;96.89;97.28;97.71;103.15;90;97.49;97.29;;103.04;94.56;99.3;88.92;97.6;93.98;95.41;99.89;103.55;92.84;106.15;96;96.74;101.06;104.13;88.7;86.74;81.22;83.94;80.47;83.63;94;89.6;99.4
O3;uur;µg/m³;2023-05-02T15:00:00+01:00;2023-05-02T16:00:00+01:00;91.4;77;93.6;108.9;107.3;93.45;100.98;94.06;96.67;99.27;99.4;93.79;102.13;100.22;97.84;97.25;104.41;94.03;97.99;94.3;;105.24;96.79;100.85;86.76;96.09;92.59;91.51;96.02;101.47;90.68;103.2;97.12;95.49;96.42;105.16;84.83;83.81;79.97;80.82;79.2;82.08;90.4;88.3;95.1
O3;uur;µg/m³;2023-05-02T16:00:00+01:00;2023-05-02T17:00:00+01:00;93.5;82.3;94.9;109.8;109.9;95.05;104.55;96.51;102.13;101.38;98.12;95.49;102.19;102.99;98.09;97.44;102.62;91.71;99.12;102.5;99.46;105.12;100.35;99.12;84.29;88.14;89.62;89.44;94.62;96.94;90.26;100.6;95.42;94.46;96.16;100.13;84.9;80.25;77.15;81.96;79.47;83.38;84.6;83.6;91.8
O3;uur;µg/m³;2023-05-02T17:00:00+01:00;2023-05-02T18:00:00+01:00;91.6;79.9;93.4;107.9;108.7;98.3;105.82;97.19;101.58;103.65;95.96;97.62;102.62;104.51;99.72;96.11;100.09;97.38;98.34;97.54;98.05;101.67;96.96;96.9;84.09;85.88;85.76;87.37;92.16;95.12;86.53;97.63;90.05;87.05;94.97;96;79.65;77.64;72.72;77.26;78.02;81.15;80.1;81.1;87.9
O3;uur;µg/m³;2023-05-02T18:00:00+01:00;2023-05-02T19:00:00+01:00;84.8;75.1;89;101.5;105.7;99.11;95.77;96.12;101.05;97.99;94.68;96.55;96.97;102.75;96.54;95.81;95.95;89.08;91.39;92.09;94.21;94.55;91.33;92.55;81.54;88.81;82.38;81.27;87.38;90.56;79.9;93.42;84.96;84.88;87.1;88.53;75.15;73.83;72.08;77.44;77.87;78.99;78.4;81;87.2
O3;uur;µg/m³;2023-05-02T19:00:00+01:00;2023-05-02T20:00:00+01:00;75.6;74.6;82.2;94.6;99.5;92.51;76.24;86.97;98.87;87.77;90.35;86.94;88.45;96.46;91.68;92.12;91.01;82.5;80.75;87.78;89.93;90.61;81.42;88.45;78.43;84.01;68.15;77.13;81.09;86.49;70.54;86.26;73.83;75.98;78.85;78.58;67.5;71.76;66.94;68.8;73.65;75.6;76.1;73.9;83.6
O3;uur;µg/m³;2023-05-02T20:00:00+01:00;2023-05-02T21:00:00+01:00;61.5;73.6;71.5;79.4;93.6;80.74;68.65;66.48;86.47;77.32;75.92;75.35;80.53;87.01;81.77;85.18;83.87;79.01;71.37;79.93;82.72;80.11;71.66;78.28;71.06;75.99;60.67;73.53;73.71;79.07;62.77;72.53;59.36;57.89;69.85;75.81;67.34;67.75;69.12;64.75;71.16;70.67;71.4;71.6;75.1
O3;uur;µg/m³;2023-05-02T21:00:00+01:00;2023-05-02T22:00:00+01:00;49.5;71.5;62.2;70.3;86.9;61.33;60.01;66.63;81.92;67.5;65.31;70.79;75.21;77.83;73.52;62.02;77.04;76.31;62.09;77.02;63.13;72.14;63.02;67.98;65.99;70.75;52.04;69.62;70.92;74.45;53.15;70.29;54.88;53.92;61.89;70.18;58.25;65.8;60.81;41.79;66.77;64.52;68.9;72.4;73.3
O3;uur;µg/m³;2023-05-02T22:00:00+01:00;2023-05-02T23:00:00+01:00;56.4;68.7;48.8;62.4;67.7;68.41;25.67;58;76.43;61.52;58.98;62.73;71.02;69.81;62.69;63.24;71.17;74.93;60.77;70.19;59.83;63.11;49.3;54.45;73.46;70.22;39.45;64.09;62.58;69.5;49.32;64.73;52.9;53.5;44.91;56.19;36.62;66.83;63.74;17.09;61.71;50.29;64.9;69.3;75.7
O3;uur;µg/m³;2023-05-02T23:00:00+01:00;2023-05-03T00:00:00+01:00;57.2;65.2;54.8;55;61.8;59.89;22.06;37.68;62.29;57.31;55.14;56.53;70.44;63.59;53.98;52.05;66.3;71.07;53.48;69.79;60.76;55.35;47.36;58.79;61.44;66.34;26.42;63.24;60.95;65.33;55.28;66.78;52.11;52;27.91;52.6;32.82;65.91;64.97;25.11;66.33;51.12;62.9;65.5;72.3
O3;uur;µg/m³;2023-05-03T00:00:00+01:00;2023-05-03T01:00:00+01:00;48.1;59.2;45.1;54.3;57;51.45;30.17;30.23;61.12;52.3;51.08;53.96;66.87;62.91;55.35;51.02;64.94;64.76;41.18;64.36;60.47;51.09;39.86;57.2;72.32;63.72;29.99;57.99;56.19;63.7;48.88;59.87;50.31;45.23;21.95;57.35;31.06;61.77;54.57;21.95;71;40.78;60.2;64;68.5
O3;uur;µg/m³;2023-05-03T01:00:00+01:00;2023-05-03T02:00:00+01:00;34.7;49.7;40.7;49.6;46.9;40.97;25.58;29.49;50.37;46.53;47.26;51.99;60.49;61.19;54.35;55.52;58.9;58.78;33.08;62.01;51.21;51.75;31.74;53.95;69.84;58.05;17.82;50.5;48.73;58.13;43.52;57.66;48.73;41.37;16.89;55.26;33.93;51.03;60.28;13.66;65.48;58.84;55.2;61.7;62.4
O3;uur;µg/m³;2023-05-03T02:00:00+01:00;2023-05-03T03:00:00+01:00;25.4;48;35.7;39.6;33.5;45.14;18.91;20.05;39.3;43.13;39.75;48.44;56.52;57.04;53.92;39.95;54.84;58.28;37.18;57.4;48.37;45.94;35.33;49.76;69.35;51.51;23.97;53.29;49.23;55.58;49.45;57.22;48.21;35.49;9.53;57.32;31.24;58.54;62.91;11.09;63.96;65.87;62.1;61.8;61.5
O3;uur;µg/m³;2023-05-03T03:00:00+01:00;2023-05-03T04:00:00+01:00;55.1;52;47.7;42.5;37.7;36.61;19.29;16.66;34.05;43.96;39.99;46.26;52.72;57.96;47.13;41.41;53.37;54.11;44.94;54.71;45.81;46.48;37.25;43.86;70.78;41.57;22.18;44.59;51.62;55.81;54.41;52.97;49.72;33.85;6;57.23;28.94;42.59;53.98;22.93;68.02;62.1;74.4;73;75.4
O3;uur;µg/m³;2023-05-03T04:00:00+01:00;2023-05-03T05:00:00+01:00;51.5;49.4;46.2;38.5;33.4;24.76;24.15;17.59;39.59;42.59;34.59;49.53;48.13;56.14;43.16;43.64;59.17;56.41;42.85;52.4;39.88;52.58;36.71;22.78;69.05;19.14;30.01;47.38;44.53;57.7;40.86;50.55;42.33;35.56;6.51;51.27;17.94;31.39;63.88;18.61;64.31;61.42;72.4;70.1;76.5
O3;uur;µg/m³;2023-05-03T05:00:00+01:00;2023-05-03T06:00:00+01:00;28.5;45;27.1;33.7;18;31.75;21.33;24.15;39.29;39.48;27.01;42.72;46.21;50.9;37.83;44.89;62;53.29;36.48;45.84;34.46;38.21;17.08;12.44;64.75;8.62;17.19;45.06;32.97;48.15;28.8;37.82;38.59;23.41;4.68;38.29;20.78;32.48;65.67;8.92;68.3;59.75;67.8;62.3;69.2
O3;uur;µg/m³;2023-05-03T06:00:00+01:00;2023-05-03T07:00:00+01:00;43.2;41.5;32.8;37.9;26.3;37.02;33.83;32.83;45.41;41.42;28.68;41.74;49.73;50.66;43.37;46.93;62.98;47.57;40.92;48.79;26.13;48.19;35.73;24.19;71.76;23.94;21.45;35.56;39.38;42;34.88;41.53;40.02;32.97;19.71;43.55;18.56;30.29;65.15;26.25;59.17;75.14;70.8;56.3;74.8
O3;uur;µg/m³;2023-05-03T07:00:00+01:00;2023-05-03T08:00:00+01:00;54.2;55.7;60.1;50.3;59.5;45.8;50.72;44.2;55.91;55.63;50.31;53.53;58.5;53.59;53.32;47.36;65.16;56.38;52.38;53.52;52.17;66.12;70.69;41.4;76.25;38.71;55.82;55.62;56.65;54.58;62.32;61.02;58.16;65.13;58.51;52.69;42.67;65.94;73.24;32.5;70.33;80.56;74.6;56.7;76.8
O3;uur;µg/m³;2023-05-03T08:00:00+01:00;2023-05-03T09:00:00+01:00;62.7;58;62.8;74;73.1;59.34;60.97;56.29;66.24;63.6;58.03;59.38;69.02;59.72;62.25;49.21;73.84;58.6;64.12;67.43;76.45;72.74;74.48;56.17;79.29;65.64;75.46;68.14;68.24;71.38;69.36;74.82;72.25;76.67;80.46;67.68;72.8;74.28;78.45;68.43;73.37;80.07;76.3;65.4;79.9
O3;uur;µg/m³;2023-05-03T09:00:00+01:00;2023-05-03T10:00:00+01:00;68.8;63.6;67.6;73.2;79.6;70.12;71.28;69.92;76.05;72.93;71.09;70.49;76.45;71.01;67.96;58.52;70.88;66.17;71.03;73.18;78.48;75.11;74.69;56.8;80.49;69.02;76.1;71.81;72.73;72.72;71.03;80.66;73.13;81.25;81.12;73.55;75.99;74.86;78.79;77.84;79.47;80.99;74.9;69.8;78.1
O3;uur;µg/m³;2023-05-03T10:00:00+01:00;2023-05-03T11:00:00+01:00;65;61.3;67.4;77.3;81.2;75.11;77.8;77.53;81.27;78.13;76.31;73.09;80.21;76.89;70.74;72.86;72.84;70.57;74.1;76.96;78.99;78.94;78.23;53.58;81.67;69.51;80.03;76.76;77.24;77.12;75.21;84.43;75.83;82.79;82.77;76.2;78.63;77.56;77.97;78.9;81.08;80.28;75.7;68.5;78.6
O3;uur;µg/m³;2023-05-03T11:00:00+01:00;2023-05-03T12:00:00+01:00;65.9;65.6;71;80.3;85.8;71.72;78.54;77.99;82.96;82.27;79.18;73.6;84.31;79.46;75.14;81.25;76.71;72.11;76.95;79.32;80.6;84.02;78.83;53.91;84.07;72.22;82.99;80.14;79.93;81.03;79.23;86.48;79.15;83.6;84.47;81.26;81.01;79.96;77.56;81.08;82.91;83.05;78.8;73.7;81.5
O3;uur;µg/m³;2023-05-03T12:00:00+01:00;2023-05-03T13:00:00+01:00;68.7;68.1;72;84.4;89.1;76.72;82.19;75.75;79.67;86.91;83.68;78.07;86.44;82.46;78.44;77.93;81.54;76.93;77.91;82.21;83.77;85.16;83.56;59.74;83.89;77.22;84.18;83.09;82.42;83.87;80.9;89.27;83.28;87.19;84.77;86.58;82.8;82.56;77.95;80.82;85.44;85.65;81.3;79;85
O3;uur;µg/m³;2023-05-03T13:00:00+01:00;2023-05-03T14:00:00+01:00;75.1;69.6;77.3;88.6;89.1;80.9;87.09;76.64;82.02;88.71;87.36;81;87.66;86.41;82;76.37;86.61;77.67;79.37;84.69;87.17;88.96;88.95;68.3;81.76;76.68;86.82;83.97;85.46;86.71;82.19;92.54;86.45;91.11;92.47;88.9;85.13;82.8;78.02;82.98;86.43;86;83.8;82.4;87.1
O3;uur;µg/m³;2023-05-03T14:00:00+01:00;2023-05-03T15:00:00+01:00;81.2;68.6;83.1;93.8;95.9;83.86;88.38;87.08;90.02;91.26;91.92;85.9;88.84;92.4;86.56;85.9;91.01;84.86;85.53;91.43;90.23;92.28;96.22;70.16;81.48;79.79;89.63;84.43;86.94;89.49;81.37;93.05;91.1;94.77;97.29;92.73;85.81;82.65;78.65;85.55;87.64;87.59;84;83.7;88.6
O3;uur;µg/m³;2023-05-03T15:00:00+01:00;2023-05-03T16:00:00+01:00;84.3;77;88.5;97.3;99.4;86.55;90.59;91.45;95.89;93.5;95.28;86.62;92.53;97;87.59;84.71;91.09;92.07;91.3;93.03;91.37;92.28;99.08;65.94;81.73;83.23;90.28;85.29;89.73;91.83;82.45;94.47;93.14;96.57;98.34;95.1;87.66;82.43;80;85.92;87.7;86.8;85.2;85.4;90.4
O3;uur;µg/m³;2023-05-03T16:00:00+01:00;2023-05-03T17:00:00+01:00;89.7;76.3;80.1;94.6;100.3;87.48;93;93.25;98.26;96.4;96.34;87.93;96.67;97.32;89.6;91.14;91.61;89.21;93.09;95.23;92.69;92.48;92.66;66.62;83.29;86.64;89.97;86.56;91.03;92.39;83.54;96.07;96.11;97.38;100.61;95.09;90.05;84.93;81.02;84.55;88.98;88.38;87.8;86.8;89.7
O3;uur;µg/m³;2023-05-03T17:00:00+01:00;2023-05-03T18:00:00+01:00;81.1;78;78.3;91.3;98.9;88.42;92.61;91.64;93.99;95.69;96.34;89.48;97.96;95.64;90.23;92.86;91.87;86.86;91.64;95.31;92.38;90.77;87.06;70.31;83.48;85.38;87.57;85.13;91.06;94.16;82.03;96.66;96.13;95.4;100.11;95.85;90.99;83.47;80.8;83.45;87.03;89.17;85.4;85.7;89.1
O3;uur;µg/m³;2023-05-03T18:00:00+01:00;2023-05-03T19:00:00+01:00;72.6;78.8;78;86.8;90.9;85.75;89.37;86.54;88.23;86.47;93.14;89.25;97.78;94.71;89.47;88.06;88.48;82.28;87.31;91.74;88.32;88.3;80.31;70.24;81.72;79.63;82.2;80.54;87.87;93.02;72.63;92.07;87.64;95.03;97.04;93.09;90.9;80.22;77.26;80.78;87.01;84.7;78.1;80.1;83
O3;uur;µg/m³;2023-05-03T19:00:00+01:00;2023-05-03T20:00:00+01:00;64.5;73.3;70.2;80.8;83.7;70.93;78.3;77.62;77.98;81.28;83.69;81.42;90.88;89.82;84.99;79.76;83.17;79.7;81.74;83.75;80.6;82.7;76.17;65.55;79.38;73.4;72.11;72.92;79.49;84.82;65.1;85.56;79.4;91.57;89.79;81.79;80.42;73.62;71.66;72.88;81.71;80.34;73;73.8;76.7
O3;uur;µg/m³;2023-05-03T20:00:00+01:00;2023-05-03T21:00:00+01:00;60;67.4;61.8;68.8;72.4;65.16;64.68;67.53;69.33;71.5;73.79;71.34;79.4;83.43;78.55;69.09;74.7;73.14;53.91;73.87;76.73;71.17;71.59;55.6;77.64;70.92;64.01;64.18;73.39;82.56;61.81;79.79;71.09;77.27;76.91;72.53;70.11;71.88;68.25;58.98;75.65;72.87;72.8;71.5;72.1
O3;uur;µg/m³;2023-05-03T21:00:00+01:00;2023-05-03T22:00:00+01:00;47;61.1;62.5;63.5;71.9;60.93;50.47;50.15;67.81;65.73;55.68;68.93;73.38;81.79;57.21;67.42;67.17;70.36;47.61;73.49;70.89;66.94;61.05;54.56;77.71;64.97;62.62;61.14;71.39;76.21;61.87;76.15;69.71;67.93;71.59;72.14;64.39;71.85;73.32;59.63;71.3;69.96;70.9;72.6;71.5
O3;uur;µg/m³;2023-05-03T22:00:00+01:00;2023-05-03T23:00:00+01:00;49;63.3;63.5;65;72.1;57.53;41.15;48.16;55.89;63.72;53.5;64.35;70.62;77.33;53.45;57.88;69.8;74.77;59.74;70.35;68.13;68.65;62;59.18;76.41;67.82;62.4;58.26;65.4;66.8;60.89;69.7;61.14;64.74;67.45;72.89;64.82;65.13;67.79;55.92;73.19;69.01;71.9;73;70.9
O3;uur;µg/m³;2023-05-03T23:00:00+01:00;2023-05-04T00:00:00+01:00;55.5;64.8;65.3;62.7;69.3;53.08;52.01;22.14;22.9;63.53;56.7;62.77;68.23;74.09;56.45;55.43;69.35;68.5;65.6;67.78;71.99;67.87;68.86;57.78;74.52;66.07;60.18;59.79;60.98;63.98;63.21;64.51;62.44;62.1;63.65;67.06;65.03;63.57;64.28;52.79;71.83;68.76;70.5;71.4;73.1
O3;uur;µg/m³;2023-05-04T00:00:00+01:00;2023-05-04T01:00:00+01:00;50.9;62.2;63.5;60.6;65.3;51.67;60.36;20.36;48.44;60.28;56.8;63.25;64.77;70.07;60.62;55.53;66.89;63.58;61.74;60.3;70.54;65.65;67.38;57.18;72.74;61.78;55.6;56.57;57.61;62.86;63.42;61.18;59.83;62.87;64.08;58.79;63.03;65.18;66.82;50.71;68.98;68.32;69.1;68.9;69.7
O3;uur;µg/m³;2023-05-04T01:00:00+01:00;2023-05-04T02:00:00+01:00;49.7;61.3;62.9;56.9;59.1;47.79;58.11;27.11;55.32;61.76;52.65;62.96;62.14;64.8;56.64;49.31;64.67;62.36;57.91;54.93;66.55;62.87;65.45;55.05;72.58;60.27;55.76;54.35;56.29;62.83;60.81;61.16;55.23;59.86;64.37;56.31;59.38;64.31;64.07;49.8;66.25;69.32;64.7;66.9;63.5
O3;uur;µg/m³;2023-05-04T02:00:00+01:00;2023-05-04T03:00:00+01:00;48.4;60;60;54.7;56.5;;;;;;;;;;;;;;;;;;;;;;;;;;;;;;;;;;;;;;63.6;66.4;62.6
O3;uur;µg/m³;2023-05-04T03:00:00+01:00;2023-05-04T04:00:00+01:00;47.3;58.1;55.4;52.1;58.9;33.39;51.6;19.4;46.18;52.46;48.95;57.11;57.04;56.02;49.34;45.62;63.44;59.96;50.52;48.53;65.61;60.19;55.48;53.21;69.52;52.33;51.22;53.14;57.04;62.08;58.83;62.03;51.77;53.6;60.38;48.84;52.75;59.02;60.55;46.26;64.25;61.82;62.8;65.5;61.9
O3;uur;µg/m³;2023-05-04T04:00:00+01:00;2023-05-04T05:00:00+01:00;33.9;54.4;49.4;47.8;51.4;32.31;46.74;19.22;44.72;45.16;45.67;51.24;52.52;50.48;43.48;38.66;61.51;56.9;46.53;46.82;63.83;59.39;54.53;41.2;67.84;46.79;48.74;49.8;55.84;57.8;56.03;60.37;48.95;49.31;55.4;43.43;49.21;56.02;58.57;49.62;61.76;52.45;58.9;58.1;56.8
O3;uur;µg/m³;2023-05-04T05:00:00+01:00;2023-05-04T06:00:00+01:00;30.8;46.9;39.4;43.8;47.8;38.61;40.52;18.37;46.02;37.89;42.21;45.11;48.35;41.64;39.92;28.74;57.41;52.14;40.98;38.33;57.06;55.17;47.36;31.99;63.8;40.77;45.5;44.64;51.7;48.98;51.96;54.39;43.49;44.1;49.59;41.02;45.27;50.99;53.64;47.04;56.79;50.38;51.2;51.9;53.2
O3;uur;µg/m³;2023-05-04T06:00:00+01:00;2023-05-04T07:00:00+01:00;31.9;;37;36.7;47.1;37.01;38.22;35.72;41;37.16;37.86;40.27;44.27;35.79;36.74;26.47;50.74;41.94;35.71;38.64;47.5;50.52;45.62;31.13;59.85;32.37;43.43;44.82;46.49;44.4;48.97;48.54;41.7;43.2;50.06;31.4;44.7;46.89;49.68;43.66;57.08;53.28;45.4;41.4;47.5
O3;uur;µg/m³;2023-05-04T07:00:00+01:00;2023-05-04T08:00:00+01:00;33.2;;36.3;37.6;41.4;47.16;41.15;37.47;40.66;39.66;41.81;40.24;43.34;38.17;38.99;23.57;47.55;36.24;32.22;36.98;46.83;49.12;42.15;32.61;56.37;32.05;44.79;44.46;44.56;44.77;44.97;47.33;44.07;47.04;51.96;38.8;46.77;46.08;49.69;45.77;61.95;54.42;45.5;36.1;45.3
O3;uur;µg/m³;2023-05-04T08:00:00+01:00;2023-05-04T09:00:00+01:00;34.3;;36.6;43.3;45;57.7;52.19;46.59;45.64;45.07;46.31;47.91;50.86;51.89;45.55;30.79;47.95;37.64;33.48;43.44;50.75;47.69;43.26;31.74;55.95;35;47.33;46.63;48.05;48.02;46.81;53.83;46.55;52.24;56.96;43.77;51.47;48.43;52.04;50.29;60.93;56.34;47.2;40.5;48
O3;uur;µg/m³;2023-05-04T09:00:00+01:00;2023-05-04T10:00:00+01:00;39.4;;39.9;45.1;52.8;61.91;55.43;53.29;52.22;55.47;52.67;53.82;61.84;60.75;46.84;41.27;47.6;42.44;44.16;49.53;54.26;49.61;47.83;29.52;56.92;37.8;54.05;50.03;55.46;56.07;47.97;60.35;51.47;57.49;60.79;46.53;57.16;52.41;54.73;59.96;58.95;55.14;47.9;42;45.4
O3;uur;µg/m³;2023-05-04T10:00:00+01:00;2023-05-04T11:00:00+01:00;46.6;;47.6;50.6;59.9;71.84;61.52;60.98;63.13;62.41;65.58;66.74;66.69;72.79;50.64;66.52;51.64;45.56;50.99;55.38;56.67;58.87;56.96;37.73;60.32;41.84;60.01;57.08;63.85;59.68;53.88;72.27;57.55;65.39;71.11;53.5;61.47;57.77;60.81;68.08;62.22;59.9;49.8;44.6;51.1
O3;uur;µg/m³;2023-05-04T11:00:00+01:00;2023-05-04T12:00:00+01:00;54.1;45.7;54;62.2;68.6;80.26;83.33;70.97;73.02;74.89;82.3;78.86;76.04;85.29;59.97;80.84;61.05;55.64;59.92;60.57;66.92;69.74;66.64;53.76;65.61;46.14;66.48;67.62;75.29;75;61.76;83.28;64.3;79.47;85.32;65.6;72.2;66.24;69.6;75.46;70.59;66.83;55.4;52.5;56.5
O3;uur;µg/m³;2023-05-04T12:00:00+01:00;2023-05-04T13:00:00+01:00;56.4;54.1;61.1;;79.7;87.67;93.74;85.63;86.75;91.17;93.22;91.08;87.88;98.78;68.46;96.55;79.48;62.18;68.82;63.66;74.43;80.97;73.27;65.59;72.29;56.2;84.92;84.67;92.22;90.47;79.41;102.65;72.05;94.99;102.01;76.67;84.24;75.13;81.51;87.24;79.44;76.37;61.3;60.6;64.7
O3;uur;µg/m³;2023-05-04T13:00:00+01:00;2023-05-04T14:00:00+01:00;72.8;64.2;72.9;;90.3;97.16;104.58;100.9;98.6;105.91;101.17;99.84;101.1;105.98;76.72;103.54;89.82;74.38;74.99;80.68;84;90.79;83.25;68.17;85.43;63.23;92.05;96.57;86.9;87.31;97.62;99.17;80.66;101.66;105.77;81.85;86.47;82.17;89.27;92.23;83.9;84.74;69.4;70.2;73.1
O3;uur;µg/m³;2023-05-04T14:00:00+01:00;2023-05-04T15:00:00+01:00;;67.7;80.5;;95.8;97.76;111.93;101.37;100.07;110.16;112.15;105.27;113.14;108.43;89.92;108.13;90.87;83.1;95.25;104.04;102.3;93.92;93.16;75.9;92.89;77.95;98.34;91.93;85.06;85.32;95.99;95.76;90.45;104.97;108.94;92.01;93.07;86.91;95.26;95.94;87.25;93.63;89.3;82;103.2
O3;uur;µg/m³;2023-05-04T15:00:00+01:00;2023-05-04T16:00:00+01:00;;84.3;95.4;;102.6;99.81;114.66;99.88;102.34;113.37;119.16;108.31;117.43;112.63;107.3;111.09;95.43;97.63;101.23;106.85;115.37;101.82;106.57;76.81;96.5;92.28;104.05;93.01;88.8;90.91;92.74;101.02;103.87;106.65;108.89;99.22;100.17;90.63;95.55;97.86;90.75;93.8;97.2;90;112.8
O3;uur;µg/m³;2023-05-04T16:00:00+01:00;2023-05-04T17:00:00+01:00;99.2;87.1;98;;113;103.42;116.86;104.14;107.36;113.53;115.41;109.34;117.33;114.27;115.56;111.69;104.83;94.57;102.62;108.93;108.15;111.26;105.87;86.14;99.56;102.92;104.43;97.88;94.48;96.73;94.43;107.15;98.23;107.64;108.49;109.27;102.45;91.6;95.41;98.79;94.08;93.92;102.4;88.1;115.4
O3;uur;µg/m³;2023-05-04T17:00:00+01:00;2023-05-04T18:00:00+01:00;103.6;92.9;104.2;;112.3;102.12;114.87;103.28;106.45;114.38;110.29;106.03;119.58;113.34;114.54;103.01;110.65;102.1;107.26;114.02;108.75;117.6;104.05;91.98;99.31;102.4;104.72;99.01;99.05;96.33;95.92;111.37;93.75;109.23;110.51;109.33;102.16;87.81;93.5;95.93;91.77;90.2;106.1;93.9;117
O3;uur;µg/m³;2023-05-04T18:00:00+01:00;2023-05-04T19:00:00+01:00;101.8;86.5;98.7;;110.2;96.1;111.42;94.32;100.1;104.56;100.77;106.47;116.15;111.33;94.23;92.21;104.99;98.81;100.69;110.9;108.21;104.82;101.13;82.84;97;97.89;96.11;89.93;98.22;92.38;91.53;111.61;93.95;104.46;110.81;99.45;97.89;84.91;90.3;92.79;84.04;86.68;101.9;85.5;111
O3;uur;µg/m³;2023-05-04T19:00:00+01:00;2023-05-04T20:00:00+01:00;98.2;63.4;81.8;;103.6;65.62;88.87;67.84;86.23;80.54;83.22;95.92;105.43;97.6;90.5;73.8;96.65;62.27;94.05;99.75;98.92;97.87;93.61;72.9;92.15;81.26;79.13;79.04;94.03;89.63;85.76;104.46;88.73;99.2;103.92;88.22;89.97;80.1;80.52;84.77;79.58;82.53;94;85.7;102.5
O3;uur;µg/m³;2023-05-04T20:00:00+01:00;2023-05-04T21:00:00+01:00;81.6;58.2;66.8;;83;69.43;67.87;24.77;92.4;63.66;69.81;83.13;90.43;78.77;92.33;53.82;90.72;62.55;80.84;89.65;92.2;89.79;68.97;70.38;81.43;70.88;69.1;80.83;90.41;89.89;78.86;99.18;85.3;88.35;93.25;75.54;85.13;74.4;67.89;77.71;76.53;74.8;85;82.2;91.9
O3;uur;µg/m³;2023-05-04T21:00:00+01:00;2023-05-04T22:00:00+01:00;62.2;64.9;61.2;;41.6;78.54;73.04;31.44;99.34;62.74;69.39;79.19;65.76;81.04;80.15;75.87;87.35;62.88;61.34;74.3;90.4;89.9;50.35;64.23;77.73;67.06;66.25;73.13;83.5;88.34;79.29;94.44;81.75;79.37;83.01;69.02;78.69;71.15;49.91;78.54;68.61;67.8;74.3;72.8;86.4
O3;uur;µg/m³;2023-05-04T22:00:00+01:00;2023-05-04T23:00:00+01:00;35.6;44.7;42;35;60;65.05;65.85;53.61;95.55;27.6;72.59;61.44;61.95;67.75;63.76;53.59;79.34;52.52;42.57;65.58;88.61;77.08;18.18;53.12;74.73;58.35;62.33;69.18;80.1;77.2;74.13;88.54;75.89;74.96;84.9;69.05;75.45;71.76;49.79;79.92;63.51;65.96;67.2;68.5;72.9
O3;uur;µg/m³;2023-05-04T23:00:00+01:00;2023-05-05T00:00:00+01:00;47.4;32.4;52.6;22.2;63.7;29.21;72.93;66.84;79.59;34.03;70.35;72.91;75.94;73.28;64.16;87.58;83.02;44.82;59.09;47.24;80.78;77.99;42.99;77.04;73.21;37.89;62.05;62.72;75.32;66.52;66.69;79.42;59.91;68.59;79.95;71.83;71.35;68.59;53.44;76.87;60.42;61.48;60.8;67.7;67.2
O3;uur;µg/m³;2023-05-05T00:00:00+01:00;2023-05-05T01:00:00+01:00;83;68.2;80.4;61.7;60.2;26.75;66.9;37.17;72.13;74.21;83.26;69.11;77.03;63.95;94.59;56.08;85.1;76.66;77.85;64.56;71.63;88.4;76.36;84.23;69.49;34.6;54.26;51.77;61.36;60.27;56.14;68.48;49.81;63.55;67.64;61.6;67.25;63.78;70.44;72.71;55.2;54.12;49.3;54.8;55
O3;uur;µg/m³;2023-05-05T01:00:00+01:00;2023-05-05T02:00:00+01:00;62.7;73.6;85.1;47.9;76.6;23.19;59.51;27.04;67.62;73.62;73.97;68.06;89.49;69.71;78.3;42.11;97.96;91.41;74.13;92.63;96.24;99.05;81.07;97.51;62.37;75.99;42.12;69.2;57.93;58.57;56.7;60.84;65.1;55.47;54.59;64.58;63.1;57.58;68.32;69.12;50.9;55.16;53.2;60.4;61.4
O3;uur;µg/m³;2023-05-05T02:00:00+01:00;2023-05-05T03:00:00+01:00;83.7;55.4;43.5;53.5;52.3;38.31;57.36;44.55;61.67;66.89;67.08;68.67;69.77;65.26;65.43;47.82;85.12;56.16;65.61;79.71;96.67;79.67;16.48;78.47;56.38;86.79;28.49;78.46;74.69;78.9;72.78;79.12;60.86;46.92;44.21;53.49;57.61;53.41;59.14;66.98;50.61;54.32;77.7;76.2;83.4
O3;uur;µg/m³;2023-05-05T03:00:00+01:00;2023-05-05T04:00:00+01:00;72.6;60.6;41.7;35.4;20.4;44.51;53.63;30.84;53.67;66.75;50.75;63.15;62.91;56.07;44.98;48.28;56.63;64.98;60.56;74.69;84.73;54.15;5.75;55.01;43.05;82.15;24.05;53.38;64.98;69.49;63.38;75.1;42.94;36.65;63.02;54.55;48.78;43.32;56.71;64.18;52.08;53.4;81.6;85.4;82.7
O3;uur;µg/m³;2023-05-05T04:00:00+01:00;2023-05-05T05:00:00+01:00;54.8;38.8;22.4;21.3;15.7;40.46;61.58;20.93;46.19;54.04;61.11;60.13;63.57;48.97;29.58;41.1;32.79;51.76;44.38;70.01;56.52;40.36;15.49;27.82;43.18;61.61;21.7;43.29;66.88;70.23;54.38;76.54;47.7;46.54;65.12;60.17;25.68;40.21;47.07;59.65;47.39;50.92;78.6;78.1;74.7
O3;uur;µg/m³;2023-05-05T05:00:00+01:00;2023-05-05T06:00:00+01:00;35.4;20.5;11.4;13.4;9.4;19.03;51.81;17.77;24.13;45.15;44.5;57.54;40.28;40.36;29.59;31.86;16.79;12.73;27.8;53.21;44.44;13.82;5.25;9.86;35.95;40.95;12.28;32.96;55.39;58.28;33.43;66.18;44.27;40.72;68;58.45;21.53;24.72;33.9;51.82;42.19;48.4;58.6;52.9;54.7
O3;uur;µg/m³;2023-05-05T06:00:00+01:00;2023-05-05T07:00:00+01:00;32.5;9.3;13.4;13.5;20.1;31.19;52.68;14.18;26.43;47.56;41.14;47.8;36.1;44.23;30.54;28.8;18.42;9.29;33.74;45.62;43.32;18.34;12.01;8.38;53.6;37.1;38.06;32.12;39.09;48.4;32.58;51.79;30.44;36.12;69.21;64.03;41.17;25.26;33.53;50.95;44.22;43.16;43.5;40.1;43
O3;uur;µg/m³;2023-05-05T07:00:00+01:00;2023-05-05T08:00:00+01:00;40.5;13.3;18.3;28.1;26.8;40.83;65.55;43.02;53.16;60.81;54.45;68.02;48.01;62.88;41.45;50.85;28.12;16.65;43.82;50.09;57.16;34.44;26.43;19.57;45.18;49.89;64.78;41.11;40.04;47.17;36.75;49.94;40.85;58.06;66.27;69.64;65.9;45.5;55.46;49.05;45.9;48.88;57;46;51.5
O3;uur;µg/m³;2023-05-05T08:00:00+01:00;2023-05-05T09:00:00+01:00;49.4;31.2;34.8;34.1;29.5;62.01;79.17;57.92;62.46;69.04;63.3;72.79;59.03;73.83;47.47;53.38;62.86;40.43;61.23;66.21;66.6;55.33;46.57;42.57;69.47;65.48;73.88;57.61;54.73;56.66;55.37;62.77;53.35;75.49;70.59;71.07;74.82;65.03;63.86;51.53;54.43;52.18;72.1;60.9;69.1
O3;uur;µg/m³;2023-05-05T09:00:00+01:00;2023-05-05T10:00:00+01:00;61.4;42.4;56.5;25.9;37.7;81.76;89.53;65.76;69.01;71.92;65.82;76.51;63.17;77.95;50.54;50.49;70.75;49.37;56.96;66.75;78.09;65.51;63.44;46.7;78.53;72.95;82.83;59.96;57.07;61.11;57.11;66.39;57.94;87.77;78.63;81.12;85.43;70.23;64.74;56.88;59.34;55.01;79.8;72.3;77.3
O3;uur;µg/m³;2023-05-05T10:00:00+01:00;2023-05-05T11:00:00+01:00;61.5;47.2;54.1;25.8;39.2;85.72;94.37;75.73;82.19;70.87;55.82;79.06;67.11;79.65;45.48;53.89;78.02;58.22;62.89;59.02;82.28;65.99;41.3;55.37;74.47;72.88;79.5;61.37;56.06;60.54;48.21;64.26;50.8;93.8;81.98;84.97;87.29;75.54;67.96;67.74;71.04;62.86;84.8;77.2;84.5
O3;uur;µg/m³;2023-05-05T11:00:00+01:00;2023-05-05T12:00:00+01:00;50.4;33.8;48.2;41.1;30.8;77.6;91.39;73.12;78.29;73.35;54.11;69.71;70.32;77.2;52.39;55.59;86.17;51.5;74.62;57.67;83.77;73.24;36.81;54.06;74.54;77.09;75.62;60.92;47.94;57;37.14;61.05;39.85;96.14;81.68;80.1;84.93;77.35;74.86;96.12;90.61;67.33;82.3;71.6;79.2
O3;uur;µg/m³;2023-05-05T12:00:00+01:00;2023-05-05T13:00:00+01:00;47.1;29.3;36.5;33;53.9;74.65;82.83;72.83;76.07;70.12;58.39;60.34;73.39;70.44;51.6;63.98;65.41;45.59;68.57;62.63;81.07;59.59;37.28;54.8;72.41;74.53;62.91;52.07;35.36;36.99;32.01;50.61;55.62;92.1;74.94;77.07;78.44;68.6;69.42;97.4;86.49;93.92;78;66.7;79.4
O3;uur;µg/m³;2023-05-05T13:00:00+01:00;2023-05-05T14:00:00+01:00;56.9;31.6;41.2;38.1;63.9;78.69;76.41;73.79;80;70.17;71.25;55.38;66.12;71.57;53.14;67.13;56.14;30.83;71.68;70.7;71.57;28.72;52.86;45.43;75.69;62.48;67.76;49.18;34.56;37.5;41.32;46.66;46.1;90.48;68.45;65.87;76.78;66.44;62.95;88.78;85.9;92.75;43.9;51.4;59
O3;uur;µg/m³;2023-05-05T14:00:00+01:00;2023-05-05T15:00:00+01:00;59.5;48.9;43.8;53.8;52.7;75.43;71.48;78.02;79.5;63.55;67.72;57.04;71.66;69.56;69.08;76.4;61.17;38.49;74.69;68.87;74.75;56;69.89;38.45;66.58;65.07;63.26;59.84;41.4;42.77;34.62;54.92;58.51;75.66;70.15;62.98;73.74;64.28;57.94;81.92;74.19;78.97;45;39.8;60.4
O3;uur;µg/m³;2023-05-05T15:00:00+01:00;2023-05-05T16:00:00+01:00;57.1;44.1;46.2;50.8;56.1;62.1;71.78;74.01;81.28;75.14;67.79;65.88;73.76;73.54;75.08;82.68;55.3;42.66;77.96;78.33;81.21;65.07;66.73;34.22;63.93;64.36;68.66;69.88;54.56;53.05;58.82;72.3;75.1;74.04;72.96;68.85;73.11;58.83;60.82;79.82;59.25;64.79;61.8;51.3;61.9
O3;uur;µg/m³;2023-05-05T16:00:00+01:00;2023-05-05T17:00:00+01:00;66.1;41;55.3;60.7;35.9;69.78;79.91;80.47;81.72;70.79;69.33;66.37;80.02;78.03;72.4;69.76;66.59;49.92;85.27;75.91;72.56;73.79;67.24;42.44;63.31;66.56;80.74;76.11;60.07;67.4;62.1;71.25;77.73;76.84;87.42;72;75.29;73.41;60.95;75.71;60.15;61.93;66.4;62.5;71.3
O3;uur;µg/m³;2023-05-05T17:00:00+01:00;2023-05-05T18:00:00+01:00;71.6;47.2;57.7;59.9;42.6;67.26;80.59;79.78;83.7;76.86;52.29;65.82;78.08;77.83;73.28;62.03;74.57;66.14;81.36;78.12;98.93;73.94;71.21;55.38;70.57;71.29;88.13;76.92;63.05;70.28;62.78;73.19;79.08;78.36;77.95;80.16;81.59;75.43;71.94;75.96;68.22;63.1;76.4;63.1;71.6
O3;uur;µg/m³;2023-05-05T18:00:00+01:00;2023-05-05T19:00:00+01:00;69.7;53.4;68.9;55.8;47;68.46;75.71;77.04;83.96;72.78;46.49;64.85;69.85;73.01;71.07;68.57;77.35;75.03;78.98;76.08;92.13;73.91;72.12;63.07;72.67;85.66;82.88;73.31;60.23;59.59;54.07;68.33;67.45;61.95;85.66;77.33;74.69;74.19;73.11;75.78;72.25;65.31;70;61;68.4
O3;uur;µg/m³;2023-05-05T19:00:00+01:00;2023-05-05T20:00:00+01:00;65.2;50.8;67.2;34.1;18.2;56.27;60.91;61.51;72.02;58.69;40.92;50.9;66.82;62.39;50.02;57.46;81.08;69.9;64.73;71.66;78.37;71.33;52.83;51.94;65;79.64;68.48;52.39;49.46;50.82;48.82;59.96;54.08;49.11;75.64;62.74;67.8;71.29;63.92;65.02;63.72;61.23;58.7;54;55.4
O3;uur;µg/m³;2023-05-05T20:00:00+01:00;2023-05-05T21:00:00+01:00;45.6;44.5;44.4;29;12.1;49.15;45.78;39.1;69.87;47.36;33.73;45.96;54.12;50.35;49.66;34.05;67.12;57.4;42.87;57.91;64.35;26.25;39.09;27.23;53.7;51.48;53.51;44.14;24.12;31.44;28.15;41.85;42.85;37.85;23.41;45.78;34.14;60.95;53.86;29.38;46.47;44.41;31;47.8;48.4
O3;uur;µg/m³;2023-05-05T21:00:00+01:00;2023-05-05T22:00:00+01:00;35;41.6;32.9;32;29.4;42.83;19.47;29.68;62.57;41.08;22.56;48.41;47.15;43.74;50.72;26.21;37.86;47.67;35.67;45.37;47.95;27.09;41.72;25.66;35.6;49.35;36.59;35.69;32.16;40.16;15.9;45.04;35.82;26.36;16.6;41.45;16.33;57.27;46.72;13.22;40.5;26.51;26.5;38.5;32.6
O3;uur;µg/m³;2023-05-05T22:00:00+01:00;2023-05-05T23:00:00+01:00;29.3;31.9;29.9;34.3;36.4;29.29;29.32;30.12;45.44;35.34;21.93;42.59;45.39;42.63;33.31;13.76;36.35;39.15;30.81;41.76;44.3;26.87;52.83;26.11;39.51;47.62;39.32;40.61;26.91;30.56;22.6;41.01;30.19;25.54;24.36;45.55;5.68;34.51;48.17;6.93;30.17;31.7;40.3;29;37.5
O3;uur;µg/m³;2023-05-05T23:00:00+01:00;2023-05-06T00:00:00+01:00;24.9;29.2;25.8;30.5;19.7;22.77;29.51;23.83;23.09;31.38;16.94;40.84;35.99;36.49;29.98;24.96;28.69;36.19;25.77;43.13;39.4;18.47;46.43;20.29;49.1;42.34;37.6;36.1;20.75;17.57;23.12;29.4;29.12;27.13;19.16;45.77;14.45;33.89;48.22;2.32;31.24;36.44;35;29;41.9
O3;uur;µg/m³;2023-05-06T00:00:00+01:00;2023-05-06T01:00:00+01:00;22.7;21.9;21.9;29.8;33;21.88;29.36;22.62;16.88;23.25;11.74;35.8;30.14;29.07;18.32;29.47;23.43;34.22;23.43;37.06;37.26;13.53;29.15;24.34;40.77;35.76;35.09;28.79;22;19.45;20.19;29.9;24.52;27.73;12.73;44.8;17.75;37.3;44.5;5.21;32.41;31.92;31;32.8;34.5
O3;uur;µg/m³;2023-05-06T01:00:00+01:00;2023-05-06T02:00:00+01:00;18.9;25.3;16.7;13.5;21.6;14.84;24.32;10.32;14.14;18.57;4.27;29.42;24.79;22.91;3.58;26.89;22.05;35.95;21.16;28.24;31.65;9.6;26.06;19.82;36.58;36.4;40.04;20.18;22.46;24.28;14.12;27.28;25.51;22.91;12.61;45.06;18.85;24.13;46.37;5.93;26.46;34.01;27.6;29.1;31.2
O3;uur;µg/m³;2023-05-06T02:00:00+01:00;2023-05-06T03:00:00+01:00;11.2;17.3;11.5;14;14.4;9.57;18.47;5.13;10.1;12.26;1.78;21.79;21.75;16.52;13.1;28.28;14.42;28.8;17.06;21.05;27.47;8.32;18.04;4.84;32.24;32.15;44.45;21.34;22.31;21.18;18.48;26.41;24.61;18.69;10.9;45.32;8.19;17.98;48.22;2.78;24.11;40.3;14.3;26.8;32.2
O3;uur;µg/m³;2023-05-06T03:00:00+01:00;2023-05-06T04:00:00+01:00;8.2;4.4;5.6;2.7;4.4;9.87;17.29;4.65;9.1;8.76;0.35;20.95;19.82;15.32;19.9;25.42;5.68;22.13;7.96;15.91;24.71;1.91;7.94;2.41;28.72;26.78;41.52;22.04;19.74;18.64;21.04;25.88;19.91;7.48;8.79;39.66;11.01;28.1;33.34;6;27.29;31.07;10.7;26;24.1
O3;uur;µg/m³;2023-05-06T04:00:00+01:00;2023-05-06T05:00:00+01:00;4.4;0;4.9;2.2;0;3.03;18.89;2.16;7.49;6.24;-0.72;23.95;15.52;11.14;21.24;19.39;1.43;12.46;3.52;9.5;12.84;0.53;0.84;1.01;23.75;20.31;26.34;16.4;17.03;14.13;14.59;19.64;13.08;10.86;10.22;27.98;7.55;20.03;31.53;6.3;32.12;21.6;24;24.3;23.1
O3;uur;µg/m³;2023-05-06T05:00:00+01:00;2023-05-06T06:00:00+01:00;4.8;0;5.3;2.4;1;4.8;15.17;2.32;6.87;7.55;-0.46;25.38;14.41;9.76;22.02;21.63;2.62;2.58;6.7;9.34;12.85;2.03;1.33;1.43;27.91;15.14;28.99;10.98;12.52;11.39;12.61;14.51;6.1;8.62;9.75;22.2;2.99;18.88;34.31;8.42;28.15;22.16;20.9;15.6;14.4
O3;uur;µg/m³;2023-05-06T06:00:00+01:00;2023-05-06T07:00:00+01:00;5.3;0;6.3;1.6;1.6;18.35;20.09;19.22;13.51;13.99;2.09;28.96;17.03;17.32;22.17;18.23;5.48;1.41;8.32;7.83;8.43;8.5;3.45;3.12;30.8;17.1;23.62;12.57;9.6;7.27;9.36;12.78;6.57;10.77;14.9;25.48;16.02;26.41;38.9;13.4;31.25;24.77;19.9;13;15.8
O3;uur;µg/m³;2023-05-06T07:00:00+01:00;2023-05-06T08:00:00+01:00;6.7;0.1;7.1;6.9;3.7;32.87;32.58;47.99;59.68;32.24;15.76;35.41;26.98;26.17;26.5;25.57;16.55;5.29;17.79;14.78;18.11;17.42;11.87;4.86;34.66;21.5;33.61;16.08;8.92;5.95;13.6;12.12;10.34;19.26;19.91;28.66;26.94;32.66;61.85;21.89;45.57;30.88;17.6;14.4;18
O3;uur;µg/m³;2023-05-06T08:00:00+01:00;2023-05-06T09:00:00+01:00;15;2.8;8.7;10.3;14.1;54.56;45.44;63.02;75.28;41.5;23.98;39.35;35.5;47.61;28.27;37.34;49.37;15.5;26.33;28.74;42.45;50.17;10.31;19.15;49.1;40.87;34.84;23.25;12.17;11.21;16.25;16.12;18.76;28.07;22.92;32.26;29.45;40.88;65.87;28.21;60.92;36.36;19.1;22.3;40.9
O3;uur;µg/m³;2023-05-06T09:00:00+01:00;2023-05-06T10:00:00+01:00;27.9;17.8;16.6;16.5;14.7;72.35;61.63;69.96;75.42;53.57;48.36;58.13;59.75;62.05;44.89;37.12;53.22;31.92;45.29;47.45;68.11;58.7;34.06;35.62;58.4;55.04;43.62;42.42;20.73;23.74;28.33;26.49;32.4;41.8;30.8;42.28;41.06;39.64;65.35;38.2;69.37;51.69;37.3;31.9;60.6
O3;uur;µg/m³;2023-05-06T10:00:00+01:00;2023-05-06T11:00:00+01:00;45.6;38.1;46;37.4;30.6;78.63;75.81;76.47;77.61;74.87;69.3;68.19;71.21;75.56;48.96;46.51;39.23;58.91;59.61;59.58;77.67;52.71;53.2;35.73;67.34;70.38;61.62;56.89;42.66;39.08;53.34;49.48;55.7;57.37;49.79;67.83;61.49;49.25;68.71;69.55;81.03;69.22;47.9;37.1;65.4
O3;uur;µg/m³;2023-05-06T11:00:00+01:00;2023-05-06T12:00:00+01:00;56.2;51.7;62.5;49.6;57.9;79.86;83.51;82.2;85.91;84.06;68.13;76.86;80.43;81.57;49.15;54.36;42.11;74.97;73.17;74.82;77.59;69.4;71.71;41.74;65.41;70.14;77.08;66.48;53.61;60.33;53.76;61.8;67.34;76.83;72.64;81.07;77.15;75.3;79.37;77.72;82.05;73.36;65.1;57.2;75.3
O3;uur;µg/m³;2023-05-06T12:00:00+01:00;2023-05-06T13:00:00+01:00;69.4;59.1;73.8;65.7;66.9;83.5;88.6;84.71;89.42;85.45;78.76;79.83;85.39;85.9;61.08;72.95;68.33;77.37;78.17;82.62;76.51;80.93;78.04;54.44;67.02;71.62;84.65;76.37;63.49;69.81;61.7;73.76;72.52;89.12;79.97;85.33;84.3;85.69;86.89;82.88;82.65;78.19;75.6;65.7;73.9
O3;uur;µg/m³;2023-05-06T13:00:00+01:00;2023-05-06T14:00:00+01:00;79.1;64.1;78.5;73;57.5;87.28;92.31;81.92;88.91;88.89;82.19;81.83;87.03;87.54;64.8;75.18;59.37;83.66;83.61;87.97;86.09;85.16;83.84;61.99;74.72;76.87;92.58;82.68;68.58;79.13;69.72;81.84;81.61;91.49;88.64;89.01;80.6;84.73;85.42;86.75;76.24;82.14;79.7;66;81.5
O3;uur;µg/m³;2023-05-06T14:00:00+01:00;2023-05-06T15:00:00+01:00;82.7;66.5;86.8;76.7;52.9;83.71;93.97;70.43;71.97;88.25;84.85;84.02;90.25;90.29;71.67;68.12;67.89;90.6;88.13;89.99;88.59;87.59;85.18;65.19;75.77;84.9;95.41;88.52;77.96;85.8;76.77;89.72;85.92;90.38;93.51;91.88;74.38;84.24;83.22;84.96;78.54;77.87;80.9;73.2;88.1
O3;uur;µg/m³;2023-05-06T15:00:00+01:00;2023-05-06T16:00:00+01:00;80.5;70.5;89;69.2;57.3;67.03;95.96;73.47;66.3;91.52;79.09;85.32;91.25;90.84;65.25;62.28;67.33;91.57;91.79;90.85;77.93;90.89;83.22;66.09;85.46;77.26;90.43;89.24;83.19;87.51;81.13;94.03;89.96;93.2;97.93;94.76;79.39;81.1;82.98;86.85;80.25;71.58;83.9;76.5;93.3
O3;uur;µg/m³;2023-05-06T16:00:00+01:00;2023-05-06T17:00:00+01:00;75.4;64.3;74;43.9;67;63.3;92.52;71.14;66.7;80.25;73.03;80.45;85.94;78.31;69.62;71.56;73.12;91.04;84.36;91.87;92.37;82.34;77.2;66.24;84.08;79.65;91.52;87.49;78.76;85.65;71.4;93.78;88.78;95.78;98.34;91.47;86.72;84.95;81.88;78.4;78.79;79.43;87.7;53.6;85.7
O3;uur;µg/m³;2023-05-06T17:00:00+01:00;2023-05-06T18:00:00+01:00;68.8;54;65.8;62;55.6;53.2;77.53;59.56;59.62;71.99;64.17;67.83;78.01;78.9;71.57;73.12;72.71;72.31;78.56;77.97;99.08;66.91;64.59;69.66;85.18;84.01;89.65;73.57;77.02;85.26;70.47;90.7;80.74;81.31;96.1;89.72;88.86;78.83;70.93;78.86;74.92;77.83;82.6;71.7;65.5
O3;uur;µg/m³;2023-05-06T18:00:00+01:00;2023-05-06T19:00:00+01:00;46.1;37.5;55.4;38.6;51.7;40.24;64.05;52.03;58.92;62.61;62.1;60.07;72.84;67.89;66.64;50.12;79.43;52.62;57.96;65.48;86.61;63.19;49.01;65.99;80.34;76;77.61;65.55;71.57;74.52;44.33;78.28;67.35;76.99;92.71;72.82;83.91;69.22;60.48;75.66;70.71;75.62;77.4;79.5;83.8
O3;uur;µg/m³;2023-05-06T19:00:00+01:00;2023-05-06T20:00:00+01:00;36.2;24.9;48.2;52.7;45.5;38.4;53.76;59.46;58.76;48.69;49.65;58.12;66.37;58.87;59.01;48.78;74.45;46.31;46.01;47.08;74.29;62.35;31.81;41.98;67.08;66.59;73.71;58.71;63.12;68.11;53.15;68.8;59.28;68.28;79.7;65.41;75.03;62.78;67.12;70.39;64.96;69.88;75.5;74.4;80.5
O3;uur;µg/m³;2023-05-06T20:00:00+01:00;2023-05-06T21:00:00+01:00;17.4;40.9;37.2;45.3;43.6;40.39;48.59;43.09;42.5;43.09;41.24;48.78;53.13;49.34;52.37;45.67;63.98;51.54;50.89;33.54;52.24;54.52;33.94;43.72;67.09;64.4;62.95;52.36;45.98;57.21;51.72;55.77;52.82;51.8;55.83;58.69;66.79;55.56;65.65;60.76;50.54;64.48;70.5;71.4;78.1
O3;uur;µg/m³;2023-05-06T21:00:00+01:00;2023-05-06T22:00:00+01:00;2.5;35.3;44.2;26.1;47.3;32.79;35.35;18.68;25.15;34.47;25.59;45.79;49.11;50.84;42.84;26.51;66.68;48.99;43.56;36.34;54.67;61.7;41.8;47.34;68.32;66.63;63.03;61.07;49.24;59.78;41.24;58.83;48.3;41.75;37.22;54.35;48.47;45.57;63.3;54.42;50.8;53.53;61.2;56.5;65.4
O3;uur;µg/m³;2023-05-06T22:00:00+01:00;2023-05-06T23:00:00+01:00;23.2;29.5;38.9;36.2;49.8;22.3;30.81;6.3;20.16;29.3;24.33;43.95;49.82;37.04;50.17;17.99;66.2;38.58;33.41;31.56;52.12;60.41;39.82;40.91;67.19;61.51;57.45;53.81;37.56;39.18;40.9;44.23;33.85;31.9;36.89;54.2;52.73;46.98;58.95;54.3;43.47;44.25;51.7;52.5;61.8
O3;uur;µg/m³;2023-05-06T23:00:00+01:00;2023-05-07T00:00:00+01:00;32.6;34.5;45.5;41.1;42.1;23.46;28.37;3.25;6.46;22.83;22.89;38.47;45.82;29.56;44.63;26.47;64.83;43.19;32.18;29.19;51.86;61.38;39.88;36.34;65.88;54.56;55.96;46.48;25.72;32.61;38.79;32.11;29.45;38.34;44.51;55.62;52.32;38.69;54.33;48.52;41.43;38.73;42.1;31.9;47.2
O3;uur;µg/m³;2023-05-07T00:00:00+01:00;2023-05-07T01:00:00+01:00;45.7;34.9;46.4;38.1;36.6;24.35;33.09;1.43;8.04;18.39;19.81;37.39;36.65;27.93;47.39;33.7;55.54;46.95;26.17;25.65;42.22;48.92;43.82;36.19;61.68;37.68;54.75;33.03;28.97;29.75;25.97;36.22;25.56;33.03;43.44;61.16;47.73;37.14;52.37;38.33;38.19;33.76;35.9;28.1;38.6
O3;uur;µg/m³;2023-05-07T01:00:00+01:00;2023-05-07T02:00:00+01:00;36.9;46.2;44.3;33.5;34.3;18.86;18.09;0.64;8.38;22.69;11.4;35.25;29.94;34.76;43.16;29.79;48.07;61.41;24.67;32.58;40.81;43.94;15.63;30.45;54.13;39.09;54.75;26.22;28.04;30.75;25.89;35.24;37.14;22.32;39.98;56.82;38.33;41.69;46.23;37.67;34.23;30.34;36;39.3;39.3
O3;uur;µg/m³;2023-05-07T02:00:00+01:00;2023-05-07T03:00:00+01:00;19.1;44.5;32.5;18.5;33.4;12.35;12.1;0.87;3.72;28.14;9.2;29.61;35.18;24.14;34.96;24.17;52.64;50.87;29.52;35.68;42.13;46.76;4.62;36;51.89;40.31;49.37;30.1;32.74;34.15;31.57;42.46;31.54;36.66;31.85;38.58;38.79;36.93;47.67;39.9;34.25;33.98;26.2;38.2;33.9
O3;uur;µg/m³;2023-05-07T03:00:00+01:00;2023-05-07T04:00:00+01:00;20.3;33.4;35.5;8.8;21.5;7.04;8.41;0.76;5.25;21.68;3.97;20.56;33.14;20.52;26.28;21.17;48.32;36.9;30.45;35.73;40.78;46.78;1.49;34.02;46.12;33.59;45.64;37.99;35.2;36.05;46.02;43.16;34.96;37.94;17.67;34.12;36.78;36.21;48.83;39.95;39.11;41.76;26.8;30.7;39.7
O3;uur;µg/m³;2023-05-07T04:00:00+01:00;2023-05-07T05:00:00+01:00;24.1;33.3;29.7;7.9;15.8;4.64;4.23;0.81;8.7;18.13;4.07;16.05;29.09;15.7;22.66;11.06;42.59;37.67;27.22;34.6;37.96;36.54;1.9;31.28;46.27;42.63;37.72;37.75;31.01;32.66;34.71;37.29;37.89;30.36;20.33;31.49;28.27;27.03;38.03;41.77;44.46;44.07;30.9;44.6;42.4
O3;uur;µg/m³;2023-05-07T05:00:00+01:00;2023-05-07T06:00:00+01:00;24.1;32.5;21.5;7.7;13.8;4.89;9.64;1.02;12.26;13.35;4.08;13.59;24.12;11.1;19.37;8.82;38.96;35.6;27.18;29.67;41.58;31.98;19.59;24.66;47.96;48.92;36.59;32.09;24.03;26.73;28.71;29.61;31.88;24.91;29.16;30.46;27.93;25.81;32.78;44.69;45.46;44.39;33.3;42.3;38
O3;uur;µg/m³;2023-05-07T06:00:00+01:00;2023-05-07T07:00:00+01:00;17.3;25.8;15.7;11.5;6.1;12.84;14.16;2.93;18.84;12.16;6.16;14.36;20.17;10.71;16.51;4.75;37.18;26.3;25.69;24.65;40.96;30;7.26;23.92;43.36;39.75;37.32;29.92;23.59;24.96;28.97;30.34;23.03;24.29;41.53;31.05;27.26;27.18;33.02;45.18;46.24;46.39;36;23.7;40.2
O3;uur;µg/m³;2023-05-07T07:00:00+01:00;2023-05-07T08:00:00+01:00;22.9;19.8;27.4;10.1;11.7;20.24;19.18;13.89;15.88;15.31;13.38;17.18;21.58;17.51;21.31;15.24;34.52;21.47;31.15;24.71;41.53;35.02;4.9;23.85;34.21;32.89;31.91;28.53;30.18;31.75;32.63;36.61;25;26.75;42.21;28.08;28.9;27.8;32.58;45.33;47.5;46.77;39.8;26;43.6
O3;uur;µg/m³;2023-05-07T08:00:00+01:00;2023-05-07T09:00:00+01:00;35.5;26.5;21;14;11.2;26.87;24.46;30.66;22.41;20.25;25.7;21.47;24.93;19.8;22.95;34.86;40.07;27.7;31.25;22.5;42.27;40.73;14.93;27.06;32.99;41.15;32.29;35.36;33.62;32.13;33.69;40.61;30.23;29.36;39.09;31.41;32.46;31.31;33.98;44.57;48.27;48.71;40.2;27.5;48.6
O3;uur;µg/m³;2023-05-07T09:00:00+01:00;2023-05-07T10:00:00+01:00;38.3;21.1;33.9;21.5;11.7;42.66;32.06;42.32;47.6;27.96;25.53;24.54;28.53;25.9;27.66;53.87;48.45;30.53;34.17;26.26;53.39;44.87;30.4;30.76;35.27;51.25;35.72;42.52;34.12;33.71;35.56;41.41;38.17;34.49;36.43;34.22;35.49;37.69;38.16;48.33;49.75;49.17;45.4;30.5;53.9
O3;uur;µg/m³;2023-05-07T10:00:00+01:00;2023-05-07T11:00:00+01:00;46.2;24;43.1;27.6;26.4;48.75;42.99;64.11;71.66;36.96;24.68;30.35;42.08;34.27;28.32;51.64;59.95;48.77;45.74;42.54;68.14;59.26;52.14;37.61;39.94;54.38;43.72;54.41;41.54;44.39;;48.07;56.21;40.99;37.7;43.72;39.03;45.1;42.33;54.36;53.25;50.39;48.9;40.3;65.5
O3;uur;µg/m³;2023-05-07T11:00:00+01:00;2023-05-07T12:00:00+01:00;53.8;34.7;53.4;48.3;41.5;56.01;61.48;74.73;73.94;46.23;36.68;43.79;55.27;49.26;39.83;58.89;63.07;53.12;59.33;63.4;79.17;72.86;66.61;37.05;46.92;64.31;50.08;64.19;53.04;59.53;;63.68;68.82;51.17;41.45;54.48;41.9;50.91;49.53;54.69;56.7;53.22;55.4;45.2;70.2
O3;uur;µg/m³;2023-05-07T12:00:00+01:00;2023-05-07T13:00:00+01:00;64;39.6;63.3;40.6;21;67.27;70.33;58.41;71.92;57.96;42.73;56.66;61.87;59.11;45.09;69.36;46.15;55.32;73.69;73.77;86.24;58.51;67.64;42.89;59.27;68.57;64.37;75.66;65.34;65.24;;73.31;71.59;65.05;51.52;67.59;45.05;57.53;60.8;60.62;60.74;56.72;60.9;49.3;76.2
O3;uur;µg/m³;2023-05-07T13:00:00+01:00;2023-05-07T14:00:00+01:00;75.2;46.3;62.7;15;17.5;64.39;71.87;58.41;70.81;63.93;65.24;62.97;68.12;64.1;38.54;58.92;59.43;69.23;71.42;71.78;71.37;46.03;56.17;53.1;69.47;74.01;69.23;82.9;66.52;63.97;71.63;76.24;75.5;75.28;56.98;71.93;49.37;61.02;67.84;66.67;64.08;61.86;66;53.8;84.8
O3;uur;µg/m³;2023-05-07T14:00:00+01:00;2023-05-07T15:00:00+01:00;81.4;32.5;54;26.1;35.6;53.55;71.19;60.65;71;59.25;65.94;58.92;81.87;63.79;57.91;50.49;66.98;56.97;81.83;62.06;56.34;72.27;32.64;70.77;74.81;71.62;71.21;71.55;69;72.62;76.91;79.41;68.58;82.76;61.22;79.54;56.66;61.37;70.69;68.65;68.18;66.27;65.1;50.7;71.8
O3;uur;µg/m³;2023-05-07T15:00:00+01:00;2023-05-07T16:00:00+01:00;40;35.5;54.3;45.1;39;63.57;70.58;57.78;67.89;67.72;69.67;57;65.3;61.83;71.05;50.73;77.55;49.03;86.62;63.8;69.59;84.56;40.4;79.71;80.39;75.11;73.73;60.18;65.84;74.3;58.98;78.54;65.42;81.94;63.95;78.47;67.94;61.14;77.88;71.05;72.92;76.29;66.5;51.3;50.5
O3;uur;µg/m³;2023-05-07T16:00:00+01:00;2023-05-07T17:00:00+01:00;43.2;21.5;49.7;56;38.4;72.73;67.47;63.9;66.83;57.27;74.1;55.9;72.05;63.11;53.58;68.79;64.02;39.78;61.6;62.61;72.83;81.92;46.27;75.91;79.39;52.42;66.06;62.31;60.8;65.92;50.28;67.95;65.35;76.79;61.48;62.25;68.95;57.12;75.24;67.61;78.53;78.73;58;41;58.1
O3;uur;µg/m³;2023-05-07T17:00:00+01:00;2023-05-07T18:00:00+01:00;39.4;36.6;40.5;78.1;29.8;71.39;64.71;65.51;69.81;54.05;75.26;53.77;68.59;57.44;53.39;66.47;59.81;54.12;45.67;56.51;64.61;78.4;47.45;67.57;76.51;55.26;57.5;60.65;61.75;67.12;55.64;67.64;66.69;73.06;67.29;54.86;63.37;55.1;74.04;64.9;78.21;78.48;61.7;50.2;63.3
O3;uur;µg/m³;2023-05-07T18:00:00+01:00;2023-05-07T19:00:00+01:00;46.9;30.3;49.4;67;30.5;65.66;58.46;61.25;70.13;44.83;63.48;46.81;67.02;55.03;55.91;64.27;61.76;54.87;50.53;50.17;47.29;76.04;57.3;77.77;65.39;50.26;50.39;58.83;55.4;59.28;47.38;63.06;62.49;52.75;58.3;52.3;60.15;52.76;62.83;64.34;69.89;72.26;59.9;39.8;58.9
O3;uur;µg/m³;2023-05-07T19:00:00+01:00;2023-05-07T20:00:00+01:00;39;33.2;48.8;51.9;33.4;62.26;46.27;54.45;56.82;40.26;51.02;41.24;59.82;49.6;47.14;49.37;47.54;47.78;52.7;50.12;30.27;65.99;45.74;52.29;57.54;30.72;61.09;47.33;51.21;52.7;35.87;60.29;58.94;44.93;51.54;42.26;54.58;47.42;55.84;62.2;59.9;68.07;47.6;40;44.9
O3;uur;µg/m³;2023-05-07T20:00:00+01:00;2023-05-07T21:00:00+01:00;40.6;11.7;33.3;20.6;17.4;55.16;28.74;41.7;41.22;35.38;42.65;43.05;53.42;47.43;31.23;26.23;32.43;36.13;36.73;39.26;22.98;45.54;24.43;31.16;45.65;14.88;56.62;41.64;39.48;37.46;40.43;47.82;51.86;43.1;38.31;42.85;45.51;43.78;46.46;55.87;53.27;61.47;35.9;26.9;37.2
O3;uur;µg/m³;2023-05-07T21:00:00+01:00;2023-05-07T22:00:00+01:00;11.4;0.9;14.4;6.5;1;56.17;12.5;39.72;30.64;35.34;32.35;35.94;52.99;39.78;18.97;15.58;26.3;24.57;18.34;17.4;16.64;15.09;9.02;18.25;32;3.76;56.28;36.7;20.78;24.66;29.22;25.71;44.98;47.28;32.29;42.23;44.29;43.68;43.68;53.03;50.11;56.22;25.5;14.8;19.9
O3;uur;µg/m³;2023-05-07T22:00:00+01:00;2023-05-07T23:00:00+01:00;13.9;0.2;14.6;2.7;0;46.43;8.66;23.18;10.22;24.26;21.31;23.37;45.53;22.29;5.85;7.49;23.47;10.58;3.92;15.78;13.32;0.35;8.5;23.16;46.7;1.08;41.88;34.56;8.46;10.23;6;8.38;29.56;48.54;16.16;37.25;44.35;39.46;46.86;49.84;48.12;52.73;10.7;-0.8;11.2
O3;uur;µg/m³;2023-05-07T23:00:00+01:00;2023-05-08T00:00:00+01:00;0.3;0.6;9;0;0;27.17;7.56;14.65;9.08;23.16;17.8;11.52;38.3;17.17;2.74;6.25;12.89;9.74;3.71;2.39;7.32;0.27;1.2;17.43;45.74;0.77;39.22;23.57;1.12;4.85;0.41;2.78;22.81;45.2;8.18;30.69;45.17;33.32;46.8;51.34;40.95;51.58;1.1;-1.3;8.3
O3;uur;µg/m³;2023-05-08T00:00:00+01:00;2023-05-08T01:00:00+01:00;-1.9;0;8.1;1.1;4.9;20.81;12.77;15.66;23.02;12.3;12.97;11.13;37.15;14.67;13.06;18.81;2.02;6.5;3.76;0.32;3.04;3.45;0.67;3.62;23.98;0.67;33.47;13.22;1.81;5.96;3.31;5;27.23;36.74;3.8;25.1;41.14;32.43;42.17;48.79;36.91;51.54;0.7;-1.2;7.3
O3;uur;µg/m³;2023-05-08T01:00:00+01:00;2023-05-08T02:00:00+01:00;-2;0;8.3;4.7;14.4;14.02;4.82;16.43;19.4;11.64;7.01;18.4;29.89;10.23;27.71;12.18;1.29;1.04;1.57;-0.3;1.84;0.12;0.9;1.71;22.16;1.43;30.34;14.85;8.86;7.99;3.03;12.79;16.07;37.14;1.47;14.27;38.97;31.46;38.21;45.6;35.79;51.15;3;-1.2;2.1
O3;uur;µg/m³;2023-05-08T02:00:00+01:00;2023-05-08T03:00:00+01:00;-1.4;0;8;15.7;11.4;;;;;;;;;;;;;;;;;;;;;;;;;;;;;;;;;;;;;;1.2;-0.9;0.3
O3;uur;µg/m³;2023-05-08T03:00:00+01:00;2023-05-08T04:00:00+01:00;8.1;0;7.9;11.9;3.5;2.94;5.63;11.63;3.9;6.32;1.82;18.23;17.52;8.55;46.03;45.53;19.26;1.59;;6.54;;0.19;1.02;18.5;13.56;0.81;18.9;11.19;4.67;2.21;1.63;5.62;10.04;31.1;0.92;24.18;34.12;29.69;31.98;43.54;32.03;41.53;0.5;-0.7;-0.9
O3;uur;µg/m³;2023-05-08T04:00:00+01:00;2023-05-08T05:00:00+01:00;8.6;0;6.9;5.4;6.6;1.98;4.79;6.13;3.27;5.01;12.8;19.28;9.49;7.72;62.25;48.53;16.11;1.91;1.78;13.91;;10.71;6.65;22.18;18.96;0.83;17.3;23.01;2.02;0.93;3.24;2.49;14.02;28.79;0.92;24.36;32.24;29.58;33.99;40.57;32;42.65;-1.3;-3.4;1.5
O3;uur;µg/m³;2023-05-08T05:00:00+01:00;2023-05-08T06:00:00+01:00;20.2;0.5;7;19.7;0;3.03;4.3;3.57;2.94;4.16;31.42;8.48;5.27;2.4;60.53;35.35;24.19;7.55;2.35;3.66;;28.99;7.33;37.26;21.24;3.41;19.43;26.39;1.6;1.34;5.27;3.61;20.98;29.75;1.38;19.46;30.2;23.31;32.8;42.18;32.84;44.28;-0.9;-2.9;9.8
O3;uur;µg/m³;2023-05-08T06:00:00+01:00;2023-05-08T07:00:00+01:00;23.6;11.6;31.9;21.1;25.3;5.58;8.01;16.14;12.56;11.08;38;1.56;4.92;6.23;48.95;30.33;42.89;35.45;9.87;7.68;;29.8;19.33;28.77;20.76;9.88;21.13;26.6;1.84;2.61;5.29;3.88;27.45;28.92;9.79;16.78;30.5;27.26;32.48;43.78;37.94;47.13;-0.6;-1.7;19.6
O3;uur;µg/m³;2023-05-08T07:00:00+01:00;2023-05-08T08:00:00+01:00;11.5;20.2;27.8;17.4;26.2;7.24;13;18.14;24.41;21.56;32.86;1.36;9.4;17.28;36.16;30.18;58.79;45.48;27.82;6.49;;40.44;11.4;28.21;29.46;11.2;26.01;34.23;10.93;11.42;12.01;13.45;24.64;28.95;23.36;15.4;33.38;30.65;33.31;48.56;48.11;51.43;22.2;13;30.4
O3;uur;µg/m³;2023-05-08T08:00:00+01:00;2023-05-08T09:00:00+01:00;30.2;15.7;12.9;22.1;38;17.31;21.62;22.39;25.1;28.41;28.45;10.79;20.5;30.17;37.37;31.72;53.02;29.29;42.15;19.02;;45.73;6.82;34.6;40.39;19.55;27.25;34.5;14.15;25.23;20.85;21.81;23.73;27.65;24.48;19.69;33.24;30.36;36.39;51.16;47.41;47.66;23.2;14.9;36.3
O3;uur;µg/m³;2023-05-08T09:00:00+01:00;2023-05-08T10:00:00+01:00;39.2;8.9;23.5;28.3;47.8;41.71;40.1;25.38;28.83;49.61;28.39;34.99;37.36;45.98;29.21;35.48;31.51;23.05;52.73;57.3;;23.42;26.99;18.8;51.63;35.15;31.8;44.25;32.01;44.31;34.51;43.09;32.13;39.68;24.62;18.38;32.74;33.32;42.57;53.67;47.85;48.97;43.8;34.1;35.3
O3;uur;µg/m³;2023-05-08T10:00:00+01:00;2023-05-08T11:00:00+01:00;45.1;26.5;39.8;36.2;44.1;55.89;53.58;41.83;43.4;44.48;36.4;44.69;54.02;51.84;30.53;36.42;44.78;46.04;55.17;54.95;;42.59;35.35;30.23;57.42;48.45;47.58;48.77;41.85;43.97;44.47;49.48;48.85;46.02;31.2;29.55;36.77;44.27;52.69;60.9;50.07;50.5;48.7;34.4;50.1
O3;uur;µg/m³;2023-05-08T11:00:00+01:00;2023-05-08T12:00:00+01:00;43.7;33.4;42.3;33.3;40.5;60.72;57.54;52.01;61.17;;40.06;42.03;71.62;44.51;33.63;46.26;51.78;52.46;54.45;53.99;;55.2;40.41;41.24;65.42;49.31;52.3;;48.1;52.63;49;58.4;68.12;60.08;49.18;37.32;49.37;55.73;59.5;65.9;60.2;60.11;60.8;57;59.4
O3;uur;µg/m³;2023-05-08T12:00:00+01:00;2023-05-08T13:00:00+01:00;44.1;31.7;40.3;36.7;49;64.88;66.22;66.83;71.28;;45.26;48.23;77.58;52.81;41.41;42.48;55.02;52.41;54.14;60.81;;59.27;41.6;46.29;63.76;45.29;61.62;;52.24;60.09;61.33;59.99;63.04;71.81;60.03;60.83;71;63.48;65.54;74.95;70.08;69.54;66.3;44.6;50.1
O3;uur;µg/m³;2023-05-08T13:00:00+01:00;2023-05-08T14:00:00+01:00;37.2;33.6;41.8;40.4;47.5;90.02;77.78;77.66;86.56;;53.94;60.81;66.93;73.37;47.76;42.7;62.34;47.64;52.62;58.46;;54.78;41.11;46.37;73.91;50.77;76;;59.53;66.2;66.67;68.23;73.29;64.9;70.53;70.62;75.86;60.94;65.3;83.06;77.77;79.94;55.7;44;48.7
O3;uur;µg/m³;2023-05-08T14:00:00+01:00;2023-05-08T15:00:00+01:00;35.3;24.5;38;38.2;30.5;82.48;78.08;83.82;89.87;;48.01;75.65;69.54;87.12;43.47;48.26;51.66;41.82;57.61;68.39;;48.34;32.91;40.84;79.63;50.32;83.34;;70.38;75.73;73.19;81.03;70.49;67.82;81.27;63.63;77.99;51.8;91.35;87.93;81.32;89.24;61.2;38.2;51.1
O3;uur;µg/m³;2023-05-08T15:00:00+01:00;2023-05-08T16:00:00+01:00;35.2;26.8;30.7;36.8;37.4;73.3;79.62;95.06;85.67;86.75;41.52;79.88;70.52;94.56;44.78;52.11;41.37;37.41;56.31;56.61;;53.38;40.63;25.76;72.66;42.62;88.77;72.95;69.71;75.54;72.52;79.71;67.8;74.42;90.11;67.99;75.33;53.6;95.66;88.16;86.45;93.07;63.8;48.1;54.9
O3;uur;µg/m³;2023-05-08T16:00:00+01:00;2023-05-08T17:00:00+01:00;40.5;36.7;36.6;31.2;34;68.95;65.19;91.41;83.89;79.72;43.9;81.12;59.54;86.13;67.65;48.22;44.22;43.73;48.88;52.57;;48.28;43.45;28.06;55.44;51.53;88;53.18;61.4;65.42;52.15;69.69;61.42;80.36;91.87;68.2;72.41;74.65;92.2;77.07;79.4;90.63;40.9;40.4;44.2
O3;uur;µg/m³;2023-05-08T17:00:00+01:00;2023-05-08T18:00:00+01:00;47.5;35.5;41.6;32.7;44.2;77.12;67.47;75.8;85.3;70.7;50.87;73.13;40.67;78.61;69.16;48.2;48.31;43.32;53.73;43.31;;51.59;43.88;31.25;60.77;61.81;75.3;42.93;58.36;61.17;42.67;67.49;52.62;81.19;79.8;73.24;78.6;77.41;69.74;73.51;80.45;81.54;50.5;48.1;52.5
O3;uur;µg/m³;2023-05-08T18:00:00+01:00;2023-05-08T19:00:00+01:00;45.9;35.3;39.6;39.1;38.5;71.22;53.46;62.69;76.56;52.23;50.16;67.91;43.04;71.62;62.29;51.71;40.43;44.05;55.23;49.07;;46.77;41.09;31.54;69.23;52.28;39.13;36.59;42;47.23;32.76;51.87;43.11;63.55;76.16;67.19;74.73;66.32;52.23;63.17;83.61;76.27;55.8;50.5;53.7
O3;uur;µg/m³;2023-05-08T19:00:00+01:00;2023-05-08T20:00:00+01:00;45;33;42.2;42.3;44.6;62.55;33.07;48.99;60.7;37.38;45.83;47.1;43.4;51.44;57.84;43.48;46.2;42.86;42.4;46.83;65.32;35.43;36.14;30.42;59.88;60.42;35.34;31.04;34.18;39.63;20.67;41.79;41.84;51.23;56.58;53.49;69.66;55.57;51.06;48.47;82.25;53.05;40.4;36.7;37.8
O3;uur;µg/m³;2023-05-08T20:00:00+01:00;2023-05-08T21:00:00+01:00;50.7;27.4;34.9;43.4;43.5;34.81;25.12;38.24;53.9;22.34;44.01;34.01;34.03;42.11;39.46;7.22;56.36;32.47;33.87;39.95;66.91;33.82;46.17;36.03;50.67;61.13;26.96;29.27;29.88;21.63;13.2;40.04;31.65;41.62;32.53;35.37;56.65;39.13;42.19;63.73;53.71;48.16;31.5;33.2;30.4
O3;uur;µg/m³;2023-05-08T21:00:00+01:00;2023-05-08T22:00:00+01:00;46.6;20;43.4;23.3;44.8;38.31;22.88;49.31;46.78;23.39;37.47;22.61;37.09;26.58;33.64;1.71;48.9;24.39;37.1;31.22;69.83;33.21;38.78;32.02;55.36;63.28;18.43;22.08;29.55;29.3;12.88;41.35;31.56;30.56;15.51;23.78;47.45;30.48;44.1;61.24;44.19;36.54;38.8;48.7;49.6
O3;uur;µg/m³;2023-05-08T22:00:00+01:00;2023-05-08T23:00:00+01:00;41.5;20.4;23.6;30.5;42;30.53;25.52;45.32;52.57;19.07;19.14;18.81;39.11;24.15;37.28;19.9;50.96;27.01;21.47;26.87;66.08;42.34;27.18;36.15;57.37;66.39;11.55;29.29;30.63;30.44;19.5;41.12;21.17;20.38;21.72;23.57;32.11;25.36;44.91;42.76;49.88;25.07;50.5;53.5;52.1
O3;uur;µg/m³;2023-05-08T23:00:00+01:00;2023-05-09T00:00:00+01:00;31;33.3;12.9;14.1;43.9;35.31;23.88;41.25;46.2;21.64;17.01;24.05;34.24;24.4;25.86;24.29;40.07;38.3;14.96;25.2;51.64;36.04;27.98;25.79;47.8;60.99;11.05;17.86;28.5;26.85;6.59;35.02;17.39;18.98;26.4;21.57;27.76;26.18;37.41;22.48;58.86;35.4;20.2;36.8;41
O3;uur;µg/m³;2023-05-09T00:00:00+01:00;2023-05-09T01:00:00+01:00;21.6;25.7;21.2;24.1;21.1;26.94;11.93;36.3;43.13;28.07;22.39;33.84;37.21;22.71;15.17;21.54;25.24;31.5;25.7;32.29;31.19;24.13;23.53;21.52;40.02;39.05;7.89;18.01;20.3;14.58;10.05;22.75;16.69;14.87;18.03;13.22;24.41;16.94;33.6;26.18;56.71;41.53;2.8;21.8;23.4
O3;uur;µg/m³;2023-05-09T01:00:00+01:00;2023-05-09T02:00:00+01:00;16.5;25.3;17.5;20.8;17;22.19;10.68;28.67;39.32;27.97;21.98;35.48;37.35;23.71;28;25.58;22.16;29.36;27.05;34.06;23.34;22.41;25.42;22.62;42.67;28.89;13.64;19.63;16.84;16.18;7.02;19.94;12.05;14.29;15.64;11.59;21.22;15.25;29.14;31.83;50.91;40.77;9.1;21.8;19.9
O3;uur;µg/m³;2023-05-09T02:00:00+01:00;2023-05-09T03:00:00+01:00;19.4;25.8;21;17.1;23;19.49;10.43;20.77;37.48;27.1;19.42;32.47;36.13;22.77;28.36;16.03;24.4;29.67;28.3;37.1;25.1;23.32;23.57;23.53;35.74;23.71;15.85;20.14;17.6;20.39;15.17;21.64;16.74;14.4;17.86;12.58;21.17;17.52;23.64;27.49;47.61;38.61;25;22.6;20.4
O3;uur;µg/m³;2023-05-09T03:00:00+01:00;2023-05-09T04:00:00+01:00;16.8;24.4;11.8;20.9;22.6;19.98;12.69;19.17;33.6;21.7;18.01;28.49;33.81;21.1;26.53;2.96;24.17;30.08;25.47;33.56;20.88;22.52;12.32;18.1;28.12;20.95;18.1;22.45;19.5;20.58;17.06;22.21;17.52;13.4;16.16;11.83;9.46;17.72;26.22;26.65;39.99;38.85;25.4;17.4;19.8
O3;uur;µg/m³;2023-05-09T04:00:00+01:00;2023-05-09T05:00:00+01:00;12.4;14.5;8;15.8;20.4;22.72;14.45;16.66;27.53;21.28;22.48;24.08;31.4;22.06;24.24;19.41;24.82;20.15;22.64;29.98;21.08;19.93;6.02;12.22;21.11;20.26;22.47;23.46;15.51;19.44;23.06;20.54;17.72;9.18;14.29;12.84;8.02;16.8;28.9;22.37;36.92;37.49;17.8;18.8;18
O3;uur;µg/m³;2023-05-09T05:00:00+01:00;2023-05-09T06:00:00+01:00;10.1;19.1;11.9;12.9;14;20.09;18.81;19.14;27.06;20.59;22.87;20.29;29.86;21.57;23.99;26.68;12.73;27.79;29.4;31.02;21.73;10.05;9.54;5.89;21.06;18.39;20.1;21.09;12.19;16.39;20.74;19.04;19.1;9.09;19.08;18.11;12.31;19.17;21.46;18.4;36.01;27.12;22.3;20.8;22.1
O3;uur;µg/m³;2023-05-09T06:00:00+01:00;2023-05-09T07:00:00+01:00;17.4;19.3;11.2;8.6;17;19.95;23.72;24.34;33.09;19.96;25.68;19.83;23.73;19.44;25.24;30.65;11.39;24.36;29.86;26.16;21.82;11.5;18.61;7.28;19.17;20.36;25.1;20.55;10.46;16.48;19.73;19.26;19;11.32;25.65;19.23;20.09;19.54;22.11;21.76;35.24;20.83;23.6;20.3;23
O3;uur;µg/m³;2023-05-09T07:00:00+01:00;2023-05-09T08:00:00+01:00;25.6;22;19.8;21.1;23.8;23.19;27.96;33.01;42.66;23.98;22.69;24.93;23.55;25.05;30.05;28.07;22.39;28.75;30.81;26.29;23.25;21.06;32.84;16.51;33.41;21.35;34.23;22.95;9.18;13.92;17.77;19.05;21.11;20.33;33.67;24.5;29.08;25.27;;24.61;37.23;20.68;17.9;18.3;19.1
O3;uur;µg/m³;2023-05-09T08:00:00+01:00;2023-05-09T09:00:00+01:00;26.2;24.1;22.7;29;29.7;37.15;36.65;47.63;48.75;31.83;25.94;32.43;30.33;36.81;29.79;30.75;35.4;25.66;31.72;26.99;40.02;40.16;34.83;33.11;29.57;31.97;38.58;24.63;13.51;15.86;21.71;22.45;22.44;30.22;37.17;30.28;35.67;30.26;;24.92;41.22;22.88;23.1;17.5;21
O3;uur;µg/m³;2023-05-09T09:00:00+01:00;2023-05-09T10:00:00+01:00;28.2;29.4;23.5;23.8;26.2;49.09;44.3;46.4;51.01;43.97;27.71;39.64;38.6;45.85;26.63;34.2;35.7;35.19;40.06;44.48;49.11;34.23;29.12;25.7;35.54;44.73;38.71;31.99;19.44;26.69;27.95;30.87;29.91;35.61;41.22;33.13;40.6;32.11;40.1;29.94;43.69;27.67;33.5;25.9;29.6
O3;uur;µg/m³;2023-05-09T10:00:00+01:00;2023-05-09T11:00:00+01:00;24.8;28.1;23.8;23.8;14.7;50.13;52.64;45.27;51.33;45.86;35.82;55.72;42.08;52.15;32.85;37.51;31.77;37.5;39.7;41.99;40.03;29.77;28.01;24.26;43.33;33.76;39.27;41.29;23.79;32.24;31.14;36;38.24;44.95;45.86;35.29;50.88;37.87;40.99;36.59;44.44;36.56;36.3;30.3;32.6
O3;uur;µg/m³;2023-05-09T11:00:00+01:00;2023-05-09T12:00:00+01:00;31;25.5;24.7;23.7;19;51.04;59.5;43.95;51.38;46.89;39.81;54.23;42.91;50.38;33.26;42.81;27.99;34.16;41.84;42.27;37.71;29.55;33.54;23.15;48.76;37.19;51.91;42.53;31.66;40.12;37.75;43.42;40.66;64.15;58.85;45.8;58.36;36.89;46.27;38.3;48.64;44.89;41.9;33.3;39.3
O3;uur;µg/m³;2023-05-09T12:00:00+01:00;2023-05-09T13:00:00+01:00;38.4;27.9;31.6;33.9;32.4;44.64;63.12;38.26;41.48;49.29;39.22;49.47;45.01;53.81;38.93;46.93;34.06;39.51;43.38;39.48;37.96;39;39.61;29.23;49.69;36.01;58.44;40.29;28.14;36.68;37.2;40.76;38.44;58.2;59.58;53.47;51.73;38.64;49.25;46.72;48.79;52.23;39.9;32.9;38.8
O3;uur;µg/m³;2023-05-09T13:00:00+01:00;2023-05-09T14:00:00+01:00;39.7;25.2;36.6;30.6;34.1;48.04;54.35;43.39;38.51;58.21;46.78;56.73;44.48;59.85;40.91;42.31;39.08;39.27;46.73;42;39.25;39.06;41.71;30.03;49.09;34.72;59.81;40.74;31.12;34.14;26.74;42.8;41.86;47.87;56.55;54.17;49.69;50.81;54.69;48.51;52.4;58.09;41.1;31.2;38
O3;uur;µg/m³;2023-05-09T14:00:00+01:00;2023-05-09T15:00:00+01:00;35.5;25.5;32.5;31.7;25;53.2;59.99;47.85;39.09;56.08;42.61;55.01;47.25;53.37;36.32;40.46;35.85;38.48;50.34;44.29;37.79;37.1;40.32;28.71;47.98;35.8;57.3;39.73;30.94;34.72;28.13;43.17;40.87;49.56;55.01;46.77;50.06;48.91;55.19;50.05;45.78;49.09;41.4;30.3;35.6
O3;uur;µg/m³;2023-05-09T15:00:00+01:00;2023-05-09T16:00:00+01:00;34.7;26.5;27.3;24.6;27.8;52.25;58.69;45.81;40.82;50.68;34.98;48.91;46.96;48.56;40.46;47.7;34.96;39.79;53.33;46.78;38.16;37.55;32.01;26.47;40.1;33.69;51.59;42.17;30.65;30.5;28.66;41.24;42.35;46.63;52.17;54.35;56.68;52.75;52.99;47.22;47.74;45.4;40;25.6;34.4
O3;uur;µg/m³;2023-05-09T16:00:00+01:00;2023-05-09T17:00:00+01:00;33.1;20.9;25.5;30.7;38.5;41.17;52.24;41.4;44.65;42.28;38.01;42.92;42.3;47.16;42.97;53.29;38.23;28.58;47.41;39.44;40.97;36.08;35.36;27.6;36.61;34.7;50.53;38.73;31.11;30.31;30.67;40.68;40.6;46.16;47.37;46.95;52.1;46.97;49.44;44.63;53.14;40.69;36.3;22.7;32.9
O3;uur;µg/m³;2023-05-09T17:00:00+01:00;2023-05-09T18:00:00+01:00;36.7;31.5;38.6;22.1;47.3;37.66;50.3;40.39;48.7;44.28;36.31;43.62;35.72;47.83;42.7;62.15;54.18;33.22;57.59;39.29;32.49;50.58;37.45;50.15;33.28;28.64;47.63;33.88;27.13;26.93;27.8;36.15;33.77;49.78;50;42.88;51.89;42.77;47.77;53.12;53.13;47.83;30.9;25.7;29.7
O3;uur;µg/m³;2023-05-09T18:00:00+01:00;2023-05-09T19:00:00+01:00;41.3;30.2;32.6;23.7;31.8;45.98;52.18;50.96;56.56;37;36.4;39.15;40.29;42.13;45.18;56.74;51.33;47.13;60.9;43.98;43.09;57.35;35.16;43.84;30.82;35.48;44.61;39.72;26.65;26.6;29.71;33.19;33.87;41.69;42.81;40.08;44.63;39.01;43.24;51.97;47.67;46.54;33.6;33.7;37.3
O3;uur;µg/m³;2023-05-09T19:00:00+01:00;2023-05-09T20:00:00+01:00;43;25.3;40.2;21.6;13.9;46.8;47.12;46.36;45.14;31.61;27.78;32.18;56.68;34.58;36.64;56.84;44.68;39.11;62.39;41.18;52.74;54.55;43.68;46.42;37.99;48.05;37.93;53.18;27.26;29.27;44.25;34.05;45.04;31.34;37.59;34.56;38.43;35.95;39.07;45.51;47.41;44.67;42.5;40.3;46.3
O3;uur;µg/m³;2023-05-09T20:00:00+01:00;2023-05-09T21:00:00+01:00;37.7;29.4;38.3;14.9;0.6;42.42;39.07;39.35;39.97;39.96;14.24;27.78;49.56;25.87;47.6;52.74;14.68;48.55;51.45;46.1;54.35;32.45;38.75;18.87;31.25;54.98;31.85;54.28;43.89;45.65;45.71;58.5;49.48;26.26;32.79;30.72;32.7;31.35;43.27;45.66;42.76;42.58;50.8;51.7;52.6
O3;uur;µg/m³;2023-05-09T21:00:00+01:00;2023-05-09T22:00:00+01:00;35.5;24.8;27.6;9.6;0;35.6;34.16;33.68;35.32;52.82;34.19;30.2;50.25;31.29;50.07;46.34;8.99;30.92;48.13;38.26;39.73;8.76;26.76;12.02;29.01;52.42;46.52;51.14;43.38;50.36;47.54;52.2;32.43;24.7;32.68;27.09;29.45;28.1;41.38;42.14;40.88;39.68;61.9;59.7;60
O3;uur;µg/m³;2023-05-09T22:00:00+01:00;2023-05-09T23:00:00+01:00;31.3;22.4;33.9;12;4.3;29.81;38.4;28.99;33.2;51.39;29.29;44.92;50.87;48.79;54.08;40.95;23.39;30.4;41.96;37.69;29.9;-0.17;33.76;16.07;46.35;41.12;52.31;32.25;38.8;32.26;41.15;45.67;31.88;27;52.73;41.78;27.65;37.1;30.09;42.16;38.32;39.28;56.3;50;48
O3;uur;µg/m³;2023-05-09T23:00:00+01:00;2023-05-10T00:00:00+01:00;30.8;17.9;24.2;15.2;11.3;27.07;53.59;28.06;31.73;56.88;15.67;55.1;43;58.21;47.55;44;30.36;9.45;43.59;35.47;25.37;-0.1;28.08;23.3;63.15;28.56;54.89;15.5;30.07;19.86;27.05;32.36;24.36;26.96;46.08;46.73;33.93;48.47;34.06;40.2;40.96;38.27;43.5;36.7;35.4
O3;uur;µg/m³;2023-05-10T00:00:00+01:00;2023-05-10T01:00:00+01:00;34.6;7.3;18.4;15.4;6.4;27.59;53.55;37.29;38.58;42.77;27.39;60.02;47.24;44.88;37.9;38.35;13.94;11.45;51.16;37.04;18.91;-0.3;34.6;15.3;65.89;18.45;51.22;10.76;15.51;16.9;19.7;18.87;15.75;39.67;42.49;35.06;49.28;57.35;46.48;37.96;39.99;41.06;31.8;28.2;22.4
O3;uur;µg/m³;2023-05-10T01:00:00+01:00;2023-05-10T02:00:00+01:00;36.2;12.6;19.6;14.9;8.3;38.01;51.59;47.37;45.02;26.64;34.47;46.69;35.14;32.11;33.83;36.93;13.73;8.12;50.41;49.52;11.59;-0.13;22.25;6.95;62.76;14.62;49.22;4.21;18.83;22.74;17.39;21.55;24.34;53.35;37.9;30.4;46.37;65.24;58.8;46.84;23.03;34.27;22.6;18.8;14.6
O3;uur;µg/m³;2023-05-10T02:00:00+01:00;2023-05-10T03:00:00+01:00;32.4;22.3;18.2;10.3;26.7;40.96;49.84;50.86;51.35;26.19;36.76;36.89;24.2;36.82;46.31;39.9;4.42;27.01;41.36;48.98;20.02;7.24;20.09;1.33;64.44;19.24;36.72;7.58;25.55;32.76;10.91;29.44;34.95;38.54;29.53;37.83;43.04;64.63;63.37;53.71;15.8;21.84;16.1;15.7;13.1
O3;uur;µg/m³;2023-05-10T03:00:00+01:00;2023-05-10T04:00:00+01:00;27.9;27.5;33.5;22.6;47.8;38.88;43.3;49.11;53.92;28.95;37.73;39.12;37.23;37.29;43.59;41.95;26.9;34.75;34.89;34.63;45.51;22.69;29.35;21.14;62.73;48.1;32.01;19.43;25.27;32.45;10.77;27.15;44.47;36.23;31.42;38.57;41.78;64.13;65.3;54.25;18.55;15.12;12.7;12.1;17
O3;uur;µg/m³;2023-05-10T04:00:00+01:00;2023-05-10T05:00:00+01:00;23.4;22.1;32.4;27.5;43.3;43.82;44.3;46.23;47.6;31.12;54.53;34.22;40.48;35.21;65.85;45.58;27.84;30.61;38.35;28.11;72.13;30.85;30.41;23.07;62.13;65.73;24.81;17.82;26.09;34.26;11.82;27.74;32.68;33.08;36.92;40.58;37.98;68.16;66.71;54.54;14.81;16.33;20.7;28.6;36.7
O3;uur;µg/m³;2023-05-10T05:00:00+01:00;2023-05-10T06:00:00+01:00;22.5;22.8;32.1;38.8;44;42.09;40.45;45.65;48.48;41.43;59.51;29.16;47.31;33.93;55.77;47.18;50.49;35.24;51.26;30.16;69.37;37.62;28.05;44.63;59.74;52.33;26.81;29.42;16.96;20.99;16.8;23.05;25.37;25.26;36.93;31.13;33.64;63.27;66.31;63.38;12.4;13.96;31.9;30.8;54.3
O3;uur;µg/m³;2023-05-10T06:00:00+01:00;2023-05-10T07:00:00+01:00;30.4;21.4;38.2;30.5;48.9;38.77;37.02;42.8;45.65;43.79;44.94;30.12;47.06;40.72;42.4;42.5;51.68;39.43;60.63;38.18;66.58;41.68;29.28;44.84;49.96;44.22;60.67;55.84;22.54;24.36;42.99;30.5;32.31;30.29;38.38;24.32;29.83;62.84;60.2;67.22;25.3;9.39;28.9;33.4;50.2
O3;uur;µg/m³;2023-05-10T07:00:00+01:00;2023-05-10T08:00:00+01:00;30.1;20.3;37.6;19.3;54.5;36.26;47.94;37.55;40.92;48.36;38.17;35;63.78;46.73;53.05;44.55;48.68;39.12;55.86;38.13;61.94;47.13;26.58;49.29;45.63;49.22;62.82;60.12;46.1;51.25;47.38;59.3;43.92;37.48;28.94;29.71;34.45;58.24;60.02;66.84;28.09;16.71;36.1;23.4;43.8
O3;uur;µg/m³;2023-05-10T08:00:00+01:00;2023-05-10T09:00:00+01:00;24.1;25.1;33.2;17;43.5;48.75;51.35;42.28;40.19;63.48;48.24;42.99;62.38;54.92;51.55;51.2;51.89;40.27;59.16;42.52;58.73;51.73;32.93;53.65;52.79;52.8;67.01;59.08;47.45;55.32;45.86;60.37;55.33;41.12;37.15;29.16;39.21;57.94;68.12;66.87;47.06;22.32;40.7;35.7;49.9
O3;uur;µg/m³;2023-05-10T09:00:00+01:00;2023-05-10T10:00:00+01:00;37.2;27.6;35.8;27.7;43.5;45.45;46.52;45.04;43.32;68.03;51.2;53.27;60.52;63.41;58.95;62.34;46.74;30.7;65.89;46.99;59.15;55.46;20.47;52.06;59.24;58.33;70.2;64.86;46.32;57.14;48.38;59.8;55.82;36.29;57.37;36.3;60.43;60.03;64.28;64.72;65.54;41.33;49.1;47.8;58.1
O3;uur;µg/m³;2023-05-10T10:00:00+01:00;2023-05-10T11:00:00+01:00;38.2;23.6;37.8;33.1;38.7;50.1;55.55;50.38;51.36;69.08;58.96;56.81;64.54;61.6;67.09;61.05;51.23;35.15;67.94;54.13;53.19;55.25;35.42;53.27;58.65;59.02;71.06;58.4;49.01;58.22;53.67;60.82;54.85;38.69;59.15;51.07;63.72;56.23;60.18;64.59;75.04;60.12;61.4;55.8;59.5
O3;uur;µg/m³;2023-05-10T11:00:00+01:00;2023-05-10T12:00:00+01:00;45;35.8;42.9;37.1;34.3;56.4;68;56.32;57.78;64.34;67.48;55.04;70.89;66.47;60.91;63.45;47.81;54.38;78.19;59.19;52.97;49.73;42.59;45.36;62.24;52.65;73.91;68.34;43.95;54.02;54.66;59.11;51.24;30.62;66.54;59.91;68.01;56.63;63.42;68.76;69.67;68.45;65.6;57.7;67.6
O3;uur;µg/m³;2023-05-10T12:00:00+01:00;2023-05-10T13:00:00+01:00;49.2;31.6;48.4;48;32.1;58.61;68.5;59.46;59.95;61.33;63.86;59.11;76.28;60.19;60.28;54.55;38.12;53.95;68.58;65.23;49.71;49.95;49.66;38.79;65.41;56.24;71.21;57.87;56.03;60.48;53.86;65.64;44.73;55.58;69.55;68.32;69.28;57.54;63.07;71.78;67.96;67.01;57.5;48.1;59.1
O3;uur;µg/m³;2023-05-10T13:00:00+01:00;2023-05-10T14:00:00+01:00;52.5;32.8;47.4;34.4;19.1;67.44;67.32;63.09;64.83;61.87;60.26;48.68;68;60.86;61.56;46.94;37.95;55.8;72.89;63.85;52.16;53.76;55.89;40.89;64.66;54.27;71.45;53.85;42.35;47.03;50.93;53.29;47.01;65.36;69.25;63.07;66.49;59.96;63.87;71.84;64.55;64.72;61;57.2;61.8
O3;uur;µg/m³;2023-05-10T14:00:00+01:00;2023-05-10T15:00:00+01:00;52;29.9;51.1;21.2;28.1;68.49;66.63;69.72;72.59;54.22;52.03;49.91;64.64;61.88;49.18;54.73;39.84;50.51;78.78;73.18;54.63;53.07;51.96;45.59;68.04;55.76;77.92;52.53;34.97;46.97;49.67;45.65;52.9;72.33;70.08;49.02;65.79;62.44;69.93;69.58;63.37;64.37;70.6;58.4;64.7
O3;uur;µg/m³;2023-05-10T15:00:00+01:00;2023-05-10T16:00:00+01:00;41.4;32.5;45.5;25.4;33.1;70.25;66;68.35;76.71;57.29;52.85;51.59;71.87;68.2;46.84;50.82;42.81;52.56;78.83;59.1;65.37;52.75;41.06;47.79;66.58;60.85;80.94;56.05;33.93;45.86;48.78;46.46;54.18;70.85;62.65;54.08;61.31;70.56;73.02;69.57;67.72;64.76;68.6;57.3;61.6
O3;uur;µg/m³;2023-05-10T16:00:00+01:00;2023-05-10T17:00:00+01:00;28.4;37.3;52.6;20.6;45.6;71.3;64.26;72.85;74.1;66.98;57.17;49.43;61.12;60.1;35.06;58.07;50.7;56.42;70.72;55.91;69.47;49.58;51.36;46.91;70.37;66.97;80.35;58.98;39.51;49.24;51.74;50.2;59.09;72.96;63.3;60.5;64.47;71.28;67.21;69.99;72.1;60.78;61.5;59.9;64.3
O3;uur;µg/m³;2023-05-10T17:00:00+01:00;2023-05-10T18:00:00+01:00;10.6;35.1;52.4;33.2;46.7;64.19;65.89;64.47;70.77;62.5;65.08;42.29;58.89;61.09;36.34;66.51;58.85;58.69;61.04;38.29;77.92;52.64;41.64;53.67;68.06;67.38;72.7;59.92;39.47;52;46.71;50.7;54.32;65.99;58.27;64.96;62.15;67.36;65.05;66.34;69.29;65.01;61.7;51.3;68.8
O3;uur;µg/m³;2023-05-10T18:00:00+01:00;2023-05-10T19:00:00+01:00;9.4;34.7;45.3;29.3;51.8;66.54;63.47;56.9;70.81;67.21;47.5;48.15;57.36;61.15;45.56;59.21;57.44;54.29;45.39;38.84;76.78;59.41;48.76;59.01;65.42;66.4;67.47;60.52;44;58.46;45.13;53.64;49.07;48.76;52.78;57.52;59.27;65.17;61.71;65.42;68.13;68.4;35.3;43.2;64.2
O3;uur;µg/m³;2023-05-10T19:00:00+01:00;2023-05-10T20:00:00+01:00;16.8;33.4;42.2;43.3;35.4;64.89;70;26.97;64.56;62.52;44.32;48.76;48.57;46.7;59.74;58.65;59.22;54.52;59.32;23.17;74.07;55.79;40.13;59.76;58.71;63.76;63.6;57.59;39.51;56.45;44.54;52.56;46.15;39.24;43.51;48.41;51.76;55.58;56.81;60.85;67.42;62.16;17;16.4;61.1
O3;uur;µg/m³;2023-05-10T20:00:00+01:00;2023-05-10T21:00:00+01:00;51.1;27.9;48.3;5.1;0.8;54.17;52.69;51.16;56.17;49.25;30.09;38.75;41.77;44.87;52.99;25.55;58.51;60.5;62.26;28.87;70.27;58.74;36.7;52.41;63.26;59.74;55.57;54.25;34.49;44.23;36.26;42.84;43.06;24.96;29.55;42.28;32.35;40.37;58.14;53.37;68.56;60.78;22.5;4.9;55.7
O3;uur;µg/m³;2023-05-10T21:00:00+01:00;2023-05-10T22:00:00+01:00;52.4;35.5;32.4;24;4.1;38.82;42.77;45.75;50.44;42.3;27.65;33.4;30.65;35.05;50.43;15.22;56.11;56.91;45.17;34.1;65.71;59.55;18.58;53.84;65.08;52.82;51.52;52.1;29.97;44.62;31.15;40.96;38.87;17.82;17.81;29.35;10.99;34.17;58.79;56.75;70.16;61.45;1.1;0.9;47.2
O3;uur;µg/m³;2023-05-10T22:00:00+01:00;2023-05-10T23:00:00+01:00;38.1;27.2;6.1;27.4;2.3;42.42;34.1;49.31;54.67;33.86;17.86;39.21;28.14;36.57;44.08;15.74;35.84;22.33;30.84;32.58;61.27;55.72;8.12;48.93;61.96;41.2;51.67;45.81;30.08;40.95;26.98;36.53;34.6;11;15.05;33.48;6.68;37.16;56.4;51.43;67.57;61.88;20.5;-1.3;34.4
O3;uur;µg/m³;2023-05-10T23:00:00+01:00;2023-05-11T00:00:00+01:00;31.3;11.6;10.1;12.2;0;44.48;29.65;50.74;57.13;29.16;11.55;34.07;24.71;35.1;33.67;32.9;9.92;7.34;23.67;33.28;59.02;25.97;2.24;26.15;57.95;48.23;45.69;40.07;26.52;38.46;30.23;27.9;32.77;9.4;19.15;32.74;5.46;29.93;54.4;50.02;68.79;60.7;37.8;18.1;18.8
O3;uur;µg/m³;2023-05-11T00:00:00+01:00;2023-05-11T01:00:00+01:00;17;2.4;4.4;2.6;0;43.26;29.53;40.94;47.98;25.43;20.31;32.96;28.11;29.66;26.47;26.18;10.53;8.65;29.95;29.98;58.3;19.64;0.93;20.8;57.31;55.45;42.03;42.52;31.54;34.54;36.25;33.29;33.75;9.36;20.23;25.13;8.2;27.67;53.42;50.25;66.84;60.51;36.5;29.9;10.6
O3;uur;µg/m³;2023-05-11T01:00:00+01:00;2023-05-11T02:00:00+01:00;25.9;4.9;4.7;10.2;7.7;36.16;33;29.89;40.3;24.92;12.18;31.3;30.84;27.38;29.03;31.74;18.1;10.87;30.49;24.51;48.95;29.46;0.78;23.76;57.78;49.63;39.55;41.58;26.87;41.44;36.85;31.57;32.88;9.94;21.28;22.3;19.94;28.57;49.78;47.33;63.64;58.8;33.7;33.1;2.5
O3;uur;µg/m³;2023-05-11T02:00:00+01:00;2023-05-11T03:00:00+01:00;22.2;8.3;19.9;27.8;21.2;32.58;33.78;23.36;35.33;18.44;8.35;27.76;27.74;26.97;31.23;35.81;15.51;26.76;25.85;26.94;40.51;27.54;25.83;25.73;56.47;23.28;37.49;37.32;22.35;30.33;27.84;23.07;26.21;8.64;27.95;19.38;18.93;25.91;50.54;47.45;61.49;56.74;32.4;34.9;10.5
O3;uur;µg/m³;2023-05-11T03:00:00+01:00;2023-05-11T04:00:00+01:00;20.3;28;20.5;27.9;26.7;30.2;30.53;21.78;34.63;16.01;25.21;24.4;15.92;30.15;32.66;31.97;11.57;50.48;18.9;21.66;36.83;19.07;20.45;12.58;46.8;6.58;35.68;30.59;18.07;24.45;17.93;18.75;22.1;12.24;19.16;15.5;23.06;29.92;48.27;44.61;58.48;55.71;30.3;27.7;26.7
O3;uur;µg/m³;2023-05-11T04:00:00+01:00;2023-05-11T05:00:00+01:00;14;16.5;12;12.6;25.5;25.88;25.26;32.7;35.92;18.16;23.82;22.64;18.97;19.67;28.97;27.83;12.14;33.48;15.96;19.23;27.54;25.65;1.86;4.6;45.38;10.25;37.65;24.78;12.02;10.36;12.28;13.73;20.64;50.6;11.72;12.9;21.29;32.96;44.39;46.72;56.77;47.4;30.2;30;35.1
O3;uur;µg/m³;2023-05-11T05:00:00+01:00;2023-05-11T06:00:00+01:00;18.1;2.5;5.8;8;12.2;27.42;23.78;30.99;32.22;10.46;17.69;14.78;8.6;10.5;29.04;29.33;15.5;11.82;21.28;7.83;21.74;18.82;4.63;2.57;41.85;9.1;36.96;28.95;5.37;10.62;14.47;12.07;23.31;53.25;9.97;24.38;27.71;34.44;43.95;40.06;55.66;46.83;25.3;24.8;34.4
O3;uur;µg/m³;2023-05-11T06:00:00+01:00;2023-05-11T07:00:00+01:00;19.9;2;11.6;6.4;7.6;32.42;26.71;20.3;30.65;17.21;26.23;14.49;7.38;16.13;30.9;33.12;12.23;3.99;29.22;6.38;20.76;17.06;12.25;4.01;42.04;9;33.6;27.94;3.26;4.58;11.32;8.7;27.25;56.14;16.02;29.26;38.32;27.25;41.66;32.92;53.08;45.14;19.8;22.4;27.3
O3;uur;µg/m³;2023-05-11T07:00:00+01:00;2023-05-11T08:00:00+01:00;22;3.6;18.9;15.7;9.7;34.11;25.55;23.96;26.09;25.74;31.58;18.03;19.01;23.19;32.37;39.13;20.29;4.84;36.41;11.38;19;17.22;18.55;8.66;58.79;6.42;36.91;26.17;7.81;14.62;10.68;17.67;37.85;58.56;26.97;37.71;38.33;29.84;37;30.95;49.9;40.93;34.2;20.3;33.3
O3;uur;µg/m³;2023-05-11T08:00:00+01:00;2023-05-11T09:00:00+01:00;29.1;5.3;11.1;24.3;36.1;45.38;39.52;40.24;37.08;27.42;33.11;17.18;28.63;22.08;36.55;47.84;30.6;11.42;43.69;22.23;23.92;24.43;18.08;14.56;61.75;26.92;36.99;40.37;30.68;40.44;22.51;32.99;46.7;63.72;41.61;40.28;36.33;33.96;37.67;35.17;62.12;40.27;37.7;29.3;35.9
O3;uur;µg/m³;2023-05-11T09:00:00+01:00;2023-05-11T10:00:00+01:00;36.3;9.5;16.3;19.5;24;50.16;49.37;38.19;45.91;26.46;46.12;23.48;43.05;33.68;45.46;51.48;29.4;21.27;53.44;42.06;44.43;30.7;31.08;25.86;57.45;32.57;45.1;43.65;39.4;56.23;39.99;50.15;56.22;69.68;41.26;43.9;49.05;42.69;40.33;38.74;60.64;38.99;43.4;39.1;45.2
O3;uur;µg/m³;2023-05-11T10:00:00+01:00;2023-05-11T11:00:00+01:00;45.9;13.8;23.6;25.2;17.5;46.98;52.16;49.76;50.32;44.25;54.25;36.96;48.39;42.06;43.97;55;37.22;25.36;57.63;47.65;45.22;29.71;39.08;29.29;50.82;51.32;49.52;55.53;58.51;63.55;38.76;66.85;51.56;72.88;56.69;53.01;56.88;43.94;40.12;47.48;61.99;43.8;44.3;40.9;44.3
O3;uur;µg/m³;2023-05-11T11:00:00+01:00;2023-05-11T12:00:00+01:00;50.3;16.2;29.1;;37.3;50.53;44.86;57.92;58.45;51.86;53.33;38.08;50.93;51.6;47.32;41.12;64.06;25.75;65.18;56.71;49.62;36.92;32.6;53.22;47.38;59.41;70.37;51.51;62.4;66.35;47.96;71.61;53.38;76.25;58.2;57.41;62.09;51.72;43.93;52.13;64.77;48.6;48;45.5;50.2
O3;uur;µg/m³;2023-05-11T12:00:00+01:00;2023-05-11T13:00:00+01:00;37.5;31.8;41.8;;54;53.33;57.05;62.74;63.82;68.96;63.64;53.1;62.36;55.58;72.74;49.47;72.5;41.42;70.67;59.09;56.61;60.29;35.32;70.29;;50.77;77.82;59.32;57.42;62.33;56.49;62.75;51.49;78.2;77.27;53.46;60.13;60.05;51.12;62;66.08;55.95;52.9;55;58.3
O3;uur;µg/m³;2023-05-11T13:00:00+01:00;2023-05-11T14:00:00+01:00;28.5;38.4;44.8;56.4;46.9;61.8;65.41;68.18;71.61;75.47;83.24;57.48;69.92;70.64;79.66;63.13;75.26;53.6;69.92;60.6;72.75;59.41;35.38;63.08;;51.37;79.76;69.29;52.97;55.26;60.31;61.79;55.8;71.43;85.5;47.94;56.77;56.56;58.15;67.07;65.66;59.23;62.5;60;65.7
O3;uur;µg/m³;2023-05-11T14:00:00+01:00;2023-05-11T15:00:00+01:00;43.3;44.5;53.5;65;55.9;70.13;69.51;72.03;79.05;75.76;72.19;67.65;66.42;78.9;76.16;73.84;58.69;60.55;66.12;57.24;74.37;65.41;57.79;62.79;;68.6;76.37;63.01;42.93;44.07;60.83;56.56;56.42;50.72;81.93;57.27;61.62;55.67;58.94;69.15;66.44;57.43;67.7;51.7;60.6
O3;uur;µg/m³;2023-05-11T15:00:00+01:00;2023-05-11T16:00:00+01:00;46.8;46.3;53.7;62.6;69.9;76.71;77.88;75.7;84.08;71.2;76.35;76.18;62.27;86.01;79.84;71.04;72.75;64.5;74.37;61.89;64.52;65.1;59.91;67.94;;74.89;71.56;60.06;37.88;51.57;59.34;54.71;51.78;53.74;74.82;64.33;64.38;56.3;58.94;65.29;65.13;57.18;68.9;64.8;66.3
O3;uur;µg/m³;2023-05-11T16:00:00+01:00;2023-05-11T17:00:00+01:00;50.3;48.4;50.7;71.1;79.9;76.67;80.02;74.47;80.49;67.73;70.19;74.01;68.64;82.42;75.07;67.35;68.53;61.16;73.65;79.71;61.67;68.05;60.52;61.99;;66.05;66.96;59.91;42.28;52.53;57.02;53.11;50.76;49.08;71.25;75.53;67.42;60.37;57.64;62.69;70.34;58.32;69.9;70.7;79.5
O3;uur;µg/m³;2023-05-11T17:00:00+01:00;2023-05-11T18:00:00+01:00;53.2;49.1;57.9;71.6;74.4;72.99;74.89;73.41;81.08;68.37;60.3;55.23;70.46;62.51;63.7;68.82;63.26;67.9;71.4;74.23;61.71;64.83;62.27;59.02;;47.49;59.94;56.03;42.92;50.47;61.12;53.91;54.35;40.59;73.71;63.06;59.08;58.9;52.34;60.01;67.74;59.04;66;66.3;76.4
O3;uur;µg/m³;2023-05-11T18:00:00+01:00;2023-05-11T19:00:00+01:00;54.1;46.6;59.1;63.3;68.8;73.14;69.71;66.8;78.47;65.5;68.26;54.77;60.11;63.33;65.13;62.18;62.68;63.44;65.29;59.99;63.6;61.97;57.37;61.73;;57.89;63.9;58.62;54.25;55.46;52.52;59.06;46.53;43.23;61.55;59.4;54.71;54.48;50.5;54.92;69.75;61.7;56;56.6;66.7
O3;uur;µg/m³;2023-05-11T19:00:00+01:00;2023-05-11T20:00:00+01:00;43.3;41.5;54;56.3;65.2;65.84;60.15;57.65;69.17;57.54;62.36;47.99;60.27;59.17;62.36;41.91;59.48;57.39;55.68;48.96;48.88;57.21;50.83;60.3;;50.35;62.99;55.86;52.41;55.85;44.83;60.09;35.39;41.77;49.19;52.88;53.54;44.28;53.42;50.19;68.72;63.52;46.4;47.4;51.8
O3;uur;µg/m³;2023-05-11T20:00:00+01:00;2023-05-11T21:00:00+01:00;31.9;35.2;46.5;46.5;61.8;62.44;51.42;44.41;64.06;44.46;46.23;37.14;48.98;42.48;54.05;25.48;51.46;48.21;47.03;49.02;44.56;50.33;42.03;52.81;;47.15;48.73;55.98;51.29;54.9;49.01;52.33;43.15;43.35;42.84;45;40.5;41.01;55.04;47.22;67.14;59.28;50.6;48.4;51.6
O3;uur;µg/m³;2023-05-11T21:00:00+01:00;2023-05-11T22:00:00+01:00;27.5;31.3;39.4;34.2;56;46.77;44.95;53.98;61.26;38.31;31.9;37.27;42.09;35.15;49.49;41.19;46.79;43.44;33.15;36.02;46.45;37.82;33.93;44.8;;47.31;47.49;53.6;45.78;49.23;37.31;49.81;40.03;37.77;43.42;35.05;39.6;48.31;56.62;45.64;65.24;57.24;49;48;51.2
O3;uur;µg/m³;2023-05-11T22:00:00+01:00;2023-05-11T23:00:00+01:00;28.7;32.5;29.9;33.6;52.9;39.21;45.19;40.85;52.35;36.85;35.25;36.4;37.65;26.5;37.18;44.94;40.13;39.26;38.69;37.61;43.74;28.95;30.26;34.97;;45.3;52.73;44.33;39.36;43.2;33.59;42.75;42.07;35.02;48.67;44.36;43.01;48.27;56.15;46.15;65.85;57.67;49.2;50.6;51
O3;uur;µg/m³;2023-05-11T23:00:00+01:00;2023-05-12T00:00:00+01:00;31.7;43.8;32.3;29.7;47.4;37.51;45.35;41.7;40.93;36.63;24.82;31.95;34.5;31.27;33.38;33.78;37.17;44.6;48.8;44.8;46.51;27.61;29.98;34.74;;52.06;51.89;47.5;35.52;40.33;41.63;38.96;38.22;36.56;42.93;44.59;39.2;48.26;55.87;48.8;67.29;55.99;48.6;53.2;54.7
O3;uur;µg/m³;2023-05-12T00:00:00+01:00;2023-05-12T01:00:00+01:00;36.2;43;38.5;31.1;44.4;38.54;46.22;39.92;49.71;34.08;21.8;35.54;48.43;30.98;32.04;25.69;39.59;44.21;42.24;39.45;56.71;35.69;33.39;38.86;;56.64;53.65;53.43;41.49;47.56;46.34;45.96;42.73;34.26;47.88;45.2;39.95;46.28;59.36;47.63;67.02;56.42;49.6;55;52.8
O3;uur;µg/m³;2023-05-12T01:00:00+01:00;2023-05-12T02:00:00+01:00;35.6;38.2;34;38.1;55.2;40.01;45.94;37.14;53.5;42.27;27.06;42.66;56.66;40.21;31.88;20.38;49.8;47.73;49.19;44.37;53.8;43.86;37.72;45.95;;54.63;52.76;54.35;47.17;50.83;47.35;50.6;45.99;34.82;45.97;43.68;41.56;48.76;57.32;45.84;66.78;52.81;51.8;54.7;51.1
O3;uur;µg/m³;2023-05-12T02:00:00+01:00;2023-05-12T03:00:00+01:00;38.9;44.9;45;46.3;64;;;;;;;;;;;;;;;;;;;;;;;;;;;;;;;;;;;;;;56.3;62;56
O3;uur;µg/m³;2023-05-12T03:00:00+01:00;2023-05-12T04:00:00+01:00;37.2;46.5;47.2;57.1;72.4;40.19;40.75;38.96;44.84;47.48;47.6;40.77;55.67;41.87;46.77;40.06;67.93;56.58;56.08;51.99;59.07;59.95;50.5;67.59;;62.84;56.48;55.1;47.15;51.56;53.56;50.41;52.06;28.86;45.68;39.61;39.55;45.68;57.94;41.21;61.36;48.08;57.9;60.7;54
O3;uur;µg/m³;2023-05-12T04:00:00+01:00;2023-05-12T05:00:00+01:00;36.5;41.9;53.3;61.6;73.3;37.86;37.31;40.8;45.62;44.83;50.9;39.75;56.85;41.59;62.24;43.28;70.4;54.59;49.98;51.68;72.11;65.7;53.98;70.06;;59.97;53.21;54.65;50.38;54.39;51.17;53.96;50.36;26.21;43.45;35.91;36.26;42.97;52.03;37.35;57.37;41.78;55;60.8;57.5
O3;uur;µg/m³;2023-05-12T05:00:00+01:00;2023-05-12T06:00:00+01:00;36.9;46.4;53.8;60.1;64.9;34.03;32.2;34.25;40.64;41.63;44.04;34.12;55.43;37.46;59.79;61.04;62.7;58.42;52;50.38;54.44;62.66;54.81;66.24;;53.75;50.45;50.75;43.34;46.82;45.97;47.02;46.45;26;38.75;28.01;34.55;40.22;49.96;41.23;50.91;36.88;48.3;51.6;53.7
O3;uur;µg/m³;2023-05-12T06:00:00+01:00;2023-05-12T07:00:00+01:00;29.6;42;41.4;49.3;67.1;30.99;30.53;31.16;36.56;37.11;48.97;29.78;47.79;30.14;60.89;57.83;56.68;34.73;50.93;41.7;52.75;48.13;42.65;55.21;;41.32;47.86;45.68;36.74;39.82;39.61;40.17;40.18;28.37;37.56;26.81;32.32;37.19;47.4;38.66;49.29;31.32;44.9;42.5;46.7
O3;uur;µg/m³;2023-05-12T07:00:00+01:00;2023-05-12T08:00:00+01:00;22.1;37;28.5;38.6;58;28.64;31.32;29.99;31.41;31.13;43.09;25.98;40.63;23.63;52.74;62.96;45.34;28.48;42.82;36.52;51.2;37.67;31.42;37.31;;38.31;46.93;43.72;35.28;36.48;39.32;36.95;36.22;32.52;39.67;27.87;30.46;35.33;43.97;33.74;46.39;32.09;42.9;40.6;40.6
O3;uur;µg/m³;2023-05-12T08:00:00+01:00;2023-05-12T09:00:00+01:00;25.1;38.6;33.1;31.9;42.7;37.86;38.86;29.3;35.79;34.58;33.55;33.58;38.68;30.59;42.17;49.98;39.22;36.97;41.59;33.71;49.12;39.71;35.79;29.03;;37.43;45.17;42.24;34.9;36.59;37.26;39.79;39.55;45.49;42.72;38.06;34.52;35.74;38.52;31.73;51.78;40.86;41.2;43.1;42.7
O3;uur;µg/m³;2023-05-12T09:00:00+01:00;2023-05-12T10:00:00+01:00;24.7;34.9;35.3;42;44;46.44;52;38.84;42.51;46.05;32;44.07;43.56;46.16;38.24;32.23;40.69;34.5;42.81;40.36;53.57;49.96;37.28;33.2;;45.25;45.09;44.38;36.72;42.41;37.53;43.09;42.4;55.49;51.05;48.06;40.52;36.36;35.05;36;49.67;43.67;42.7;44.5;45
O3;uur;µg/m³;2023-05-12T10:00:00+01:00;2023-05-12T11:00:00+01:00;33.2;34.4;37.7;43.6;51.6;52.85;59.04;46.63;51.93;56.57;36.87;60.09;57.08;55.95;46.62;40.61;51.36;43.47;47.3;54.48;57.61;51.96;39.77;39.17;;41.9;49.03;45.96;48.99;54.03;41.15;56.11;56.18;67.92;62.87;57.27;44.35;38;44.87;43.19;66.9;51.05;44.4;45.6;46.1
O3;uur;µg/m³;2023-05-12T11:00:00+01:00;2023-05-12T12:00:00+01:00;44.1;41.7;43.9;49.9;55.8;64.85;63.11;56.17;57.64;67.68;51.11;68.55;74.43;65.69;52.63;41.5;54.97;56.84;64.65;70.16;60.91;52.85;49.78;39.98;;44.34;55.79;52;61.28;66.15;43.94;69.97;67.43;72.6;79.12;66.68;55.42;47.4;58.06;58.68;79.46;62.42;42;42.7;47.3
O3;uur;µg/m³;2023-05-12T12:00:00+01:00;2023-05-12T13:00:00+01:00;59.8;55.4;59.4;56.4;52.3;76.23;71.27;65.22;73.15;74.51;62.22;72.3;82.81;77.61;68.67;56.05;63.26;73.89;77.9;81.64;68.55;58.44;65.48;46.59;;54.58;69.99;58.32;72.66;79.01;51.91;80.63;80.15;79.77;83.42;73.62;68.26;66.16;68.67;78.64;75.21;79.31;45.6;48.8;51.3
O3;uur;µg/m³;2023-05-12T13:00:00+01:00;2023-05-12T14:00:00+01:00;74.8;67.4;78.1;70;58.5;79.55;82.35;83.83;84.89;80.88;70.42;76.31;84.32;80.35;81.4;70.6;72.6;83.87;87.46;91.61;78.21;65.73;83.74;52.92;;61.22;83.4;61.21;75.09;81.44;55.95;87.21;88.32;87.76;89.27;82.34;81.77;80.83;83.61;97.53;69.92;95.24;56.8;59.9;63.9
O3;uur;µg/m³;2023-05-12T14:00:00+01:00;2023-05-12T15:00:00+01:00;81.5;69.8;82.5;89.6;66.1;70.77;86.15;85.65;89.19;92.38;81.02;83.17;96.07;83.7;81.09;66.6;72.91;88.5;93.83;93.23;89.51;70.59;94.72;55.48;;76.64;91.81;66.95;78.34;80.95;62.79;84.2;89.34;101.98;94.98;86.52;98.46;90.31;92.75;103.92;85.55;86.05;73.2;77.3;81
O3;uur;µg/m³;2023-05-12T15:00:00+01:00;2023-05-12T16:00:00+01:00;77.4;64.4;65.9;69.7;75.6;71.59;89.34;78.98;82.99;91.81;82.69;84.75;96.78;90.64;87.68;79.45;73.54;79.64;94.72;97.92;94.12;70.93;68.01;57.68;63.27;82.03;102.68;77.31;80.19;84.86;76.21;86.95;87.78;104.45;101.45;93.92;100.15;90.65;90.03;104.98;88.89;87.68;79.2;87.2;91.7
O3;uur;µg/m³;2023-05-12T16:00:00+01:00;2023-05-12T17:00:00+01:00;68;66.3;63.6;69.3;91.5;76.47;93.85;68.13;78.93;94.11;86.09;86.74;100.74;90.92;91.82;80.65;80.48;74.54;84.35;96.55;96.45;77.86;64.8;70.19;68.01;86.94;99.76;85.97;84.54;88.36;83.34;90.03;82.74;107.17;103.07;96.66;100.84;99.43;72.19;101.83;91.1;86.49;82.8;89.1;96.4
O3;uur;µg/m³;2023-05-12T17:00:00+01:00;2023-05-12T18:00:00+01:00;76.9;77.2;72.2;67.2;88.1;80.61;81.42;68.08;71.93;97.52;73.29;89.97;103.63;96.28;70.8;74.82;81.19;85.62;85.04;94.55;81.69;77.73;76.76;79.12;82.65;85.39;103.42;94.47;84.49;90.18;73.6;91.73;81.41;111.13;98.92;90.42;93.12;90.28;79.31;102.45;96.95;75.68;87;99.3;102.6
O3;uur;µg/m³;2023-05-12T18:00:00+01:00;2023-05-12T19:00:00+01:00;85.6;79.2;84.5;76.6;86.1;89.52;69.59;58.77;67.51;92.44;72.25;76.65;104.27;91.36;58.66;67.56;74.67;96.78;94.93;93.47;74.31;85.83;82.44;75.66;84.73;69.78;91.02;85.93;76.24;81.58;56.83;82.49;69.71;107.31;105.29;85.94;95.57;92.13;76.94;103.24;104.38;79.76;67.1;76.8;84.2
O3;uur;µg/m³;2023-05-12T19:00:00+01:00;2023-05-12T20:00:00+01:00;82.1;64.3;82;75.3;83;83.5;64.59;73.5;77.73;70.5;88.02;66.25;86.81;82.88;81.43;59.56;67.82;77.69;87.01;85.58;85.79;54.05;69.95;69.21;83.28;82.09;73.73;;65.29;73.78;66.86;70.19;65;96.54;97.09;78.78;86.81;93.34;80.66;101.62;99.39;97.43;72.9;78.3;83.5
O3;uur;µg/m³;2023-05-12T20:00:00+01:00;2023-05-12T21:00:00+01:00;72.6;43.8;69.6;58.9;80.8;75.06;55.34;64.01;69.69;63.39;75.09;54;80.34;65.38;94.05;91.29;73.82;70.2;76.12;53.83;84.39;60.16;59.09;71.32;90.28;78.45;81.52;;49.78;44.73;67.53;46.7;48.45;95.23;87.69;33.39;86.3;87.62;76.72;91.93;99.92;97.86;71.5;68.9;76.3
O3;uur;µg/m³;2023-05-12T21:00:00+01:00;2023-05-12T22:00:00+01:00;34;34.7;53.2;45.7;75.8;65.99;53.51;44.14;40.97;57.8;68.51;56.5;72.77;61.08;74.69;82.38;67.01;56.17;53.85;45.09;78.08;53.45;47.64;64.39;92.45;75.9;72.86;;54.67;47.64;62.18;57.04;42.22;87.58;86.62;38.81;92.68;83.4;69.61;94.52;91.31;95.53;72.4;66.3;70.7
O3;uur;µg/m³;2023-05-12T22:00:00+01:00;2023-05-12T23:00:00+01:00;9.1;24.1;42.5;35.6;76.8;54.59;32.16;24.21;24.62;52.13;62.64;55.44;56.91;60.4;58.25;85.16;67.51;37.48;20.66;59.21;87.4;50.98;28.47;60.69;93.91;77.47;79.84;;56.07;62.47;64.08;59.95;41.83;85.83;84.99;37.34;89.68;88.97;78.27;87.59;83.04;89.36;70.1;70;75
O3;uur;µg/m³;2023-05-12T23:00:00+01:00;2023-05-13T00:00:00+01:00;24.5;29.3;41.3;51.2;83;37.12;52.86;20.85;23.59;46.96;49.23;59.13;52.89;53.82;52.16;67.53;69.73;47.24;45.1;57.95;85.72;48.82;33.39;62.9;96.87;73.85;84.67;;54.15;64.56;63.52;58.9;43.44;80.17;86.91;60.52;91.83;85.85;83.63;74.79;88.89;85.9;74.9;77.2;80
O3;uur;µg/m³;2023-05-13T00:00:00+01:00;2023-05-13T01:00:00+01:00;51.8;49.7;55.4;52.5;83.1;38.11;50.21;19.61;4.02;49.51;31.76;62.28;69.27;47.95;45.91;53.36;69.55;58.93;72.17;56.36;84.88;61.81;45.49;69.25;99.11;75.96;76.24;;66.77;75.85;66.09;71.32;54.05;66.27;84.6;73.25;85.88;81.98;71.65;69.85;89.75;81.34;82;72.5;82.6
O3;uur;µg/m³;2023-05-13T01:00:00+01:00;2023-05-13T02:00:00+01:00;62.9;66.2;62.2;54.1;81.8;24.38;57.07;17.55;3.8;51.6;42.31;66.57;71.87;66.82;49.85;51.49;70.06;75.49;77.41;63.21;86.51;67.46;64.03;70.74;95.69;78.95;70.3;;75.22;81.52;78.65;80.7;67.78;58.27;81.89;67.32;77.26;75.97;67.71;70.29;91.7;74.72;77.4;73.1;78.3
O3;uur;µg/m³;2023-05-13T02:00:00+01:00;2023-05-13T03:00:00+01:00;82.3;86.6;75.6;59.2;79.4;16.62;56.89;14.74;8.2;59.87;46.16;65.56;76;67.81;52.63;42.84;68.68;88.29;87.24;70.34;87.45;76.27;73.61;76.86;92.15;81.13;67;;80.41;86.12;78.72;86.08;58.13;55.49;78.9;71.42;65.48;70.65;64.17;72.03;92;74.45;81;74.8;76.4
O3;uur;µg/m³;2023-05-13T03:00:00+01:00;2023-05-13T04:00:00+01:00;71.5;71.6;72.1;66;82.2;14.41;59.53;9.51;7.52;66.84;52.85;63.88;79.16;68.24;43.87;38.35;77.3;81.33;91.26;78.66;77.15;69.88;70.5;82.03;92.59;84.39;65.78;;78;86.21;65.9;84.02;59.8;51.03;76.06;54.7;55.75;69.42;64.8;69.11;92.98;71.66;81.1;86.8;81.8
O3;uur;µg/m³;2023-05-13T04:00:00+01:00;2023-05-13T05:00:00+01:00;66.2;69.5;74.2;72.1;77.6;9.17;66.62;7.08;6.13;67.15;62.68;64.51;76.25;66.82;49.45;48.5;76.02;78.28;64.37;77.64;64.15;71.03;71.62;79.57;88.85;78.5;62.6;;73.37;81.58;50.86;78.02;62.13;48.97;69.29;62.11;46.05;63.14;63.23;59.67;88.67;66.06;71.9;80;68.5
O3;uur;µg/m³;2023-05-13T05:00:00+01:00;2023-05-13T06:00:00+01:00;62.8;63.7;67;62.3;71.6;21.87;62.6;5.38;4.17;65.13;70.3;61.41;77.17;60.75;59.22;58.95;72.24;85.2;77.09;73.82;51.29;65.16;69.09;73.93;78.84;66.28;61.04;;69.88;76.94;55.1;75.01;58.97;42.11;62.91;58.69;48.46;61.65;69.47;59.4;86.67;65;65.8;69.7;72.6
O3;uur;µg/m³;2023-05-13T06:00:00+01:00;2023-05-13T07:00:00+01:00;56.9;64;60.9;63.7;70.9;46;60.42;8.94;6.87;67.08;66.98;63.09;74.82;63.19;59.83;61.89;62.88;75.7;76.22;74.41;65.62;68.21;63.88;68.91;85.61;65.22;65.53;;67.15;74.09;68.25;71.29;56.65;50;60.88;55.97;53.07;66.33;73.31;59.41;86.37;62.02;70.6;74.4;79
O3;uur;µg/m³;2023-05-13T07:00:00+01:00;2023-05-13T08:00:00+01:00;52.8;64.4;66.9;60.4;74.1;52.98;62.4;34.65;34.97;67.41;65.45;60.07;69.71;65.7;65.55;63.42;66.03;72.77;77.27;73.61;86.6;75.35;68.43;68;92.3;74.35;72.93;;72.07;75.21;72.28;76.37;70.33;52.93;62.02;50.47;58.16;65.53;77.45;60.2;87.3;71.72;76.7;83.4;87
O3;uur;µg/m³;2023-05-13T08:00:00+01:00;2023-05-13T09:00:00+01:00;64.7;64.1;73.3;63;69.5;53.63;65.87;54.91;51.97;64.95;72.43;59.62;68.24;67.18;70.63;71.23;71.72;74.5;79.26;71.7;96.71;70.32;75.13;67.92;89.4;85.82;74.37;;75.09;78.96;76.53;79.24;73.94;57.91;67.34;55.22;63.52;67.79;82.47;64.77;89.68;72.62;82.1;85.7;91.3
O3;uur;µg/m³;2023-05-13T09:00:00+01:00;2023-05-13T10:00:00+01:00;76.3;68.8;76.2;67.6;73.7;63.07;69.89;62.23;63.19;72.66;77.95;65.05;75.32;71.4;70.06;71.26;74.99;85.63;85.15;82.64;84.46;74.37;85.85;74.23;97.43;95.57;76.1;;84.09;84.61;79.59;88.97;77.39;68.48;77.33;71.59;72.73;74.81;87.02;67.55;92.74;81.63;87.9;93.8;98.6
O3;uur;µg/m³;2023-05-13T10:00:00+01:00;2023-05-13T11:00:00+01:00;89.2;76.9;85.6;70.6;76.8;85.6;76.4;71.23;78.48;82.98;83.37;73.85;84.35;83.95;68.6;74.97;79.11;96.08;94.77;86.42;86.43;79.98;84.93;78.86;101.71;99.54;85.51;;81.5;89.1;83.31;87.61;81.26;83.23;91.22;83.33;84.93;85.51;91.47;78.82;92.87;83.63;89.8;98;101.1
O3;uur;µg/m³;2023-05-13T11:00:00+01:00;2023-05-13T12:00:00+01:00;87;86.8;84;73.8;81.1;93.73;88.79;82.39;93.66;92.86;92.49;89.75;94.27;97.11;74.3;72.68;87.49;103.78;103.72;95.79;83.85;81.39;78.86;82.6;104.92;103.14;95.15;;84.62;89.04;89.15;91.12;82.47;102.22;115.81;95.72;103.51;102.59;95.57;95.49;94.52;86.97;94.9;100.6;108
O3;uur;µg/m³;2023-05-13T12:00:00+01:00;2023-05-13T13:00:00+01:00;72;80;74.6;79.3;85;101.98;107.41;99.83;105.83;108.35;105.61;103.32;98.71;112;80.93;80.9;92.86;112.68;110.9;101.99;89.17;83.42;82.63;86.46;106.46;104.58;107.46;;92.44;97.84;96.66;99.52;86.86;113.02;118.52;104.25;110.32;113.31;98.53;111.19;102.84;92.75;96.1;102.7;110.1
O3;uur;µg/m³;2023-05-13T13:00:00+01:00;2023-05-13T14:00:00+01:00;74.3;82.4;80.2;80.5;85.3;110.36;111.82;110.47;112.72;115.41;113.36;109.12;101.36;119.03;84.97;88.53;89.48;115.86;112.29;104.08;98.93;91.92;86.36;90;107.33;105.72;118.71;;100.03;106.67;100.22;109.15;96.64;119.71;120.76;112.16;113.89;115.29;98.92;116.97;110.98;95.62;95.7;105.6;112.9
O3;uur;µg/m³;2023-05-13T14:00:00+01:00;2023-05-13T15:00:00+01:00;78.1;65.6;;81.7;94.9;109.29;116.72;108.78;106.35;121.28;116.97;110.29;109.78;118.23;87.76;91.52;91.19;112.93;115.73;108.83;108.92;89.68;86.3;89.77;107.74;109.09;120.51;;104.37;111.99;103.78;113.52;99.44;121.09;122.12;116.11;117.2;111.19;106.1;116.99;110.46;106.55;100.1;107.3;117.2
O3;uur;µg/m³;2023-05-13T15:00:00+01:00;2023-05-13T16:00:00+01:00;77.7;67.5;;89.1;103.6;94.76;117.82;94.18;103.66;117.07;117.66;111.4;116.51;119.6;94.51;90.97;101.93;93.34;107.31;113.19;102.4;96.37;88.49;100.72;112.72;109.68;116.26;;107.3;114.47;107.93;115.35;104.07;121.29;120.72;114.3;117.95;110.33;105.35;119.96;112.82;108.85;102.4;105.8;115
O3;uur;µg/m³;2023-05-13T16:00:00+01:00;2023-05-13T17:00:00+01:00;87.7;69;;91.9;111.5;102.61;117.88;95.4;114;117.54;93.48;111.73;119.2;120.99;97.54;93.56;111.41;95.47;97.38;118.65;100.93;106.38;98.48;108.17;117.34;110.33;114.11;;109.84;115.75;108.09;116.78;106.34;122.16;118.73;112.07;115.69;110.75;102.29;120.93;116.59;111.41;103.1;102.5;111.8
O3;uur;µg/m³;2023-05-13T17:00:00+01:00;2023-05-13T18:00:00+01:00;91.8;75;;100.4;111.3;103.05;117.91;100.99;115.16;118.71;90.09;113.11;120.49;120.56;96.11;90.92;102.11;96.42;99.19;119.53;102.48;104.77;101.63;102.83;116.5;108.95;109.93;;110.99;116.82;105.87;117.96;107.47;120.24;120.43;108.99;114.52;108.78;95.93;116.22;117.25;107.5;102.5;106.2;107.3
O3;uur;µg/m³;2023-05-13T18:00:00+01:00;2023-05-13T19:00:00+01:00;85.5;68.4;;90.3;107.1;88.9;114.99;107.77;105.88;115.43;87.35;110.72;117.91;118.14;97.49;92.97;94.94;92.53;97.08;114.72;100.37;97.39;89.02;96.55;116.53;107.04;105.19;;104.58;111.91;101.33;111.87;101.51;115.74;118.48;102.97;113.87;106.11;97.82;112.04;108.05;104.1;104.1;101.9;100.3
O3;uur;µg/m³;2023-05-13T19:00:00+01:00;2023-05-13T20:00:00+01:00;69.6;69.9;;85.7;96.1;84.58;100.53;98.12;95.44;109.09;86.73;101.78;110.86;107.81;94.61;81.6;98.33;84.87;81.97;96.28;97.07;93.93;83.1;97.7;107.78;104.04;94.55;;97.29;104.12;95.7;104.18;92.07;105.46;109.04;105.72;107.15;93.17;91.02;100.18;108.12;95.52;100.8;100.3;100.5
O3;uur;µg/m³;2023-05-13T20:00:00+01:00;2023-05-13T21:00:00+01:00;58.9;59.1;;81.3;104.3;68.63;69.64;61.11;55.15;100.66;72.44;83.52;101.6;91.34;77.4;76.54;98.5;74.71;74.58;75.38;80.59;85.65;71.9;95.97;96.67;95.6;84.37;;92.94;100.43;93.78;99.18;84.26;83.35;105.23;84.52;102.51;74.9;72.69;78.4;102.29;88.55;92.2;98.1;99.9
O3;uur;µg/m³;2023-05-13T21:00:00+01:00;2023-05-13T22:00:00+01:00;44.4;42.2;;78.3;99.7;54.23;63.62;50.42;33.29;90.75;58.62;78.88;96.91;80.27;77.53;79.42;95.87;69.11;55.64;83.79;73.74;87.67;65.22;94.69;103.64;88.65;79.73;;84.29;91.4;85.54;90.08;76.37;83.41;95.61;93.45;91.34;83.81;74.05;78.76;97.09;91.44;82.5;85;87.2
O3;uur;µg/m³;2023-05-13T22:00:00+01:00;2023-05-13T23:00:00+01:00;54.4;53.2;;79.8;98.6;39.14;58.31;35.45;32.15;82.6;46.03;79.52;91.6;74.8;85.32;70.99;89.5;63.94;50.87;88.91;53.82;86.69;66.41;89;103.34;83.72;71.02;;83.27;89.25;77.3;87.37;67.05;87.41;90.54;87.27;85.22;78.96;79.46;62.27;89.57;85.18;76.6;79.2;78.5
O3;uur;µg/m³;2023-05-13T23:00:00+01:00;2023-05-14T00:00:00+01:00;61.3;51.8;;77.2;101.4;31.24;52.21;25.3;14.36;74.99;30.51;76.5;85.39;73.59;77.94;58.55;91.34;69.74;56.67;82.09;56.01;81.69;65.05;91.12;93.04;91.27;63.51;;77.55;86.99;79.48;82.89;63.4;75.84;87.29;74.15;70.38;76.5;72.08;68.74;92.54;80.54;79.7;83;83.1
O3;uur;µg/m³;2023-05-14T00:00:00+01:00;2023-05-14T01:00:00+01:00;55;56.5;;76.3;99.5;24.71;46.02;19.87;11.56;71.62;29.13;66.8;81.01;69.77;71.37;63.15;86.77;70.5;56.07;71.57;75.52;78.7;67.77;87.76;86.86;89.05;65.19;;77.43;83.97;82.56;82.62;63.08;57.58;77.34;69.15;62.18;74.87;69.92;59.29;89;82.97;79.3;82;80.4
O3;uur;µg/m³;2023-05-14T01:00:00+01:00;2023-05-14T02:00:00+01:00;59.2;63.5;;74.7;99.8;18.65;57.91;16.62;8.69;66.43;18.04;65.69;75.21;69.97;72.1;66.18;90.74;78.18;65.46;78.57;65.47;78.03;61.59;90.62;84.44;83.04;57.03;;78.21;85.38;81.61;83.06;66.53;49.94;69.71;67.2;64.83;68.1;72.93;57.61;82.39;74.26;75;78.4;77.4
O3;uur;µg/m³;2023-05-14T02:00:00+01:00;2023-05-14T03:00:00+01:00;63.7;55.2;;80.9;96.2;14.3;62.84;15.32;11.29;63.56;24.62;62.67;74.69;61.79;77.75;66.05;86.76;74.02;62.18;78.98;54.2;84.19;65.06;87.26;77.8;76.17;56.62;;77.04;82.71;62.29;81.84;60.09;43.48;61.66;69.43;52.6;64.91;69.42;50.04;71.34;64.62;69.4;72.7;70.1
O3;uur;µg/m³;2023-05-14T03:00:00+01:00;2023-05-14T04:00:00+01:00;55.1;53.4;;73;88.3;12.75;47.36;15.47;9.23;63.11;23.72;58.99;74.4;50.08;70.57;69.21;85.53;73.69;53.34;71.56;56.15;76.59;61.59;86.21;81.62;63.62;52.81;;71.62;80.51;59.69;77.52;57.12;41.04;56.92;66.22;46.34;63.23;64.25;46.44;68.63;57.24;69.5;69.8;73.9
O3;uur;µg/m³;2023-05-14T04:00:00+01:00;2023-05-14T05:00:00+01:00;53.5;47.5;;68.3;87.9;8.96;52.17;14.58;9.26;62.3;20.35;56.12;71.81;49.43;66.82;65.43;83.64;67.07;54.24;67.24;35.67;71.31;53.78;83.57;76.43;65.3;55.84;;64.5;75.38;63.54;70.11;50.5;33;54.23;57.02;31.44;61.47;59.17;23.73;62.8;46.48;66;68;64.4
O3;uur;µg/m³;2023-05-14T05:00:00+01:00;2023-05-14T06:00:00+01:00;45.1;41.7;;70.4;91.5;7.44;48.11;25.75;7.08;63.14;19.68;52.44;69.69;44.37;60.13;56.76;84.69;61.42;51.41;61.78;52.2;73.64;59.47;83.33;70.89;65.69;53.29;;60.9;72.52;57.65;65.89;50.87;24.21;47.95;41.39;31.96;52.46;53.24;21.76;64.57;46.12;58.9;61.1;64.8
O3;uur;µg/m³;2023-05-14T06:00:00+01:00;2023-05-14T07:00:00+01:00;55.8;47.7;;77.1;89.2;18.53;53.28;27.4;23.89;65.1;36.48;52.65;67.76;47.5;73.3;74.55;83.57;58.93;56.88;62.9;74.82;75.02;73.24;81.08;66.87;69.91;54.02;;62.43;72.86;58.74;68.53;55.59;35.76;54.88;52.27;32.99;49.29;54.11;26.35;58.59;53.82;62;63.5;68.2
O3;uur;µg/m³;2023-05-14T07:00:00+01:00;2023-05-14T08:00:00+01:00;63.1;58.7;;77.3;76.9;31.93;56.61;34.79;36.62;65.81;52.73;56.87;68.11;51.86;72.54;73.84;77.24;69.17;66.47;62.33;71.4;80.56;76.46;80.78;67.14;67.36;55.13;;66.27;70.48;63.85;70.38;59.81;43.38;57.9;51.14;42.74;51.75;55.52;38.71;67.18;59.35;59.3;61.8;64.3
O3;uur;µg/m³;2023-05-14T08:00:00+01:00;2023-05-14T09:00:00+01:00;68.2;61.3;;69;80.2;46.78;60.75;42.82;46.06;69.98;62.41;57.84;69.12;59.84;75.85;75.27;74.76;78.36;74.41;66.04;70.45;73.91;74.31;75.91;67.55;62.7;59.5;;66.24;70.87;64.27;71.54;65.34;50.52;59.92;59.21;48.98;53.23;55.86;47.51;67.79;57.09;61;59.7;64.9
O3;uur;µg/m³;2023-05-14T09:00:00+01:00;2023-05-14T10:00:00+01:00;60.8;55.1;;65.9;78.7;60.63;60.14;49.36;58.68;77.3;70.47;65.88;67.59;69.27;74.79;78.8;73.92;75.37;76.29;66.24;67.4;73.74;71.67;74.47;69.73;62.82;63.06;;68.88;73.9;64.3;74.3;69.23;60.46;64.76;55.81;55.77;57.9;60.76;56.66;69.94;60.89;62.7;61;66.7
O3;uur;µg/m³;2023-05-14T10:00:00+01:00;2023-05-14T11:00:00+01:00;66.3;53.7;;71.8;87.2;70.4;74.32;52.36;60.39;73.94;75.69;77.8;72.36;81.62;80.17;84.88;80.98;76.29;79.69;69.23;71;74.56;74.21;78.17;73.73;75.96;68.84;;71.55;77.25;66.1;76.13;72.23;73.24;67.81;67.85;63.51;63.64;65.28;76.7;71.38;61.33;67.4;68.7;74.7
O3;uur;µg/m³;2023-05-14T11:00:00+01:00;2023-05-14T12:00:00+01:00;63.4;52.1;;77.1;94.7;74.96;84.09;62.97;66.8;80.43;81.96;88.15;76.39;94.15;86.88;83.74;83.72;75.34;86.93;74.61;75.73;79.16;78.97;81.21;79.17;55.34;71.07;;72.12;79.86;77.22;78.13;76.38;86.62;78.14;87.97;71.1;73.57;71.32;91.47;72.45;74.61;78.4;75.4;80.4
O3;uur;µg/m³;2023-05-14T12:00:00+01:00;2023-05-14T13:00:00+01:00;68.6;54.6;;78;97.1;90.51;95.2;80.41;77.91;93.75;86.45;93.67;84.38;98.04;89.37;84.2;82.93;77.5;85.44;87.39;76.94;79.93;81.61;81.04;81.25;51.05;75.84;;77.88;85.92;82.01;84.1;86.37;98.36;84.43;92.68;87.86;86.15;80.66;102.42;76.05;93.03;83.6;83.6;93.1
O3;uur;µg/m³;2023-05-14T13:00:00+01:00;2023-05-14T14:00:00+01:00;72.8;58.9;;76.5;87.3;97.01;107.45;93.54;101;100.22;88.8;99.33;95.46;106.48;89;88.34;84.38;85.59;91;94.72;78.34;81.3;82.19;82.59;84.07;60.57;83.03;;84.59;93.54;82.14;91.35;97.2;99.13;88.2;90.45;109.32;91.3;82.9;110.02;75.17;114.64;83;93.2;101.2
O3;uur;µg/m³;2023-05-14T14:00:00+01:00;2023-05-14T15:00:00+01:00;68.1;60.4;;68.9;91.8;107.69;113.15;103.05;114.8;103.5;91.65;106.13;108.59;110.74;92.27;90.93;84.91;87.19;88.58;91.99;75.85;82.11;78.6;83.11;86.54;74.48;88.13;;96.98;105.99;83.71;104.58;100.85;104.38;90.72;99.84;110.01;98.73;84.6;114.74;73.74;81.89;81.9;95.9;104.5
O3;uur;µg/m³;2023-05-14T15:00:00+01:00;2023-05-14T16:00:00+01:00;72.3;58.5;;88.5;100.8;112.03;109.39;104.1;117.06;109.93;79.99;102.22;103.68;107.55;95;94.21;88.57;82.29;68.76;91.96;79.99;87.73;90.35;89.99;83.1;69.02;89.91;;106.74;111.66;89.22;115.08;75.81;109.9;88.79;103.64;107.35;100.15;85.44;117.2;77.32;75.42;87.7;86.6;81.2
O3;uur;µg/m³;2023-05-14T16:00:00+01:00;2023-05-14T17:00:00+01:00;82.6;63;;83.2;98.8;108.2;106.77;99.69;114.85;111.31;89.84;96.59;77.69;107.33;93.76;86.72;89.04;86.25;85.19;83.26;90.7;86.04;86.99;88.46;78.49;75.61;91.31;;98.73;103.81;68.98;107.29;64.07;107.1;88.86;100.85;106.78;93.27;77.49;114.78;76.74;69.4;73.9;55.4;63.8
O3;uur;µg/m³;2023-05-14T17:00:00+01:00;2023-05-14T18:00:00+01:00;83.6;66.5;;88.8;101.7;105.28;105.41;93.18;113.54;97.44;94.29;103.62;80.92;108.77;84.3;100.89;93.25;84.52;80.69;84.19;95.31;95.54;92.98;94.71;75.57;69.83;87.12;;76.99;74.71;54.38;83.95;65.08;103.47;91;80.96;94.44;89.78;76.19;112.79;80.7;75.27;71.5;68.2;75.5
O3;uur;µg/m³;2023-05-14T18:00:00+01:00;2023-05-14T19:00:00+01:00;83.2;78.3;;90.5;102.6;103.13;95.94;93.13;109.39;70.19;88.34;87.22;79.34;88.88;82.5;91.51;93.82;92.54;91.67;82.31;94.34;93.79;85.01;95.43;71.12;41.4;85.48;;57.02;55.46;57.98;63.21;71.07;96.29;85.11;88.3;74.03;69.43;75.18;103.52;88.66;71.97;70.1;67.9;77.8
O3;uur;µg/m³;2023-05-14T19:00:00+01:00;2023-05-14T20:00:00+01:00;79;71.1;;84.9;92.3;93.47;98.73;86.3;104.28;68.7;87.78;59.37;74.52;55.19;86.39;91.06;90.23;87.17;79.36;85.77;93.24;88.37;80.07;88.79;69.66;28.42;81.81;;62.84;66.97;48;67.01;59.26;85.94;83.89;80.6;65.31;71.74;69.1;70.24;89.06;76.61;75.2;68.7;63.1
O3;uur;µg/m³;2023-05-14T20:00:00+01:00;2023-05-14T21:00:00+01:00;70.1;67.8;;76.5;75.9;85.77;84.48;75.14;78.16;68.16;70.7;51.59;76.08;51.65;77.42;93.44;86.67;81.64;69.41;84.57;67.39;85.92;67.96;86.71;64.09;40.44;72.09;;64.97;71.09;59.05;68.98;57.29;71.77;81.91;74.3;51.79;72;67.9;57.15;92.24;78.56;62.3;60.7;53.8
O3;uur;µg/m³;2023-05-14T21:00:00+01:00;2023-05-14T22:00:00+01:00;45.8;57.6;;60.8;75.8;81.39;74.61;73.92;69.69;67.18;51.13;50.59;77.29;56.81;67.94;58.47;76.97;78.44;59.46;82.69;53.31;80.3;49.18;75.52;61.51;65.73;58.38;;63.02;70.21;42.77;67.94;59.47;54.61;68.84;75.83;68.01;67.92;62;47.35;92.87;82.12;50;40.8;46.1
O3;uur;µg/m³;2023-05-14T22:00:00+01:00;2023-05-14T23:00:00+01:00;32.5;49.8;;55.5;67;58.34;70.7;47.9;66.49;65;39.94;49.79;66.15;56.17;76.01;57.79;69.14;66.72;44.2;76.37;45.97;69.69;41.28;63.4;53.22;44.37;55.2;;54.42;61.95;33.36;60.21;49.76;48.69;61.33;62.7;57.56;60.84;54.08;53.52;92.49;78.52;43.2;39.4;40
O3;uur;µg/m³;2023-05-14T23:00:00+01:00;2023-05-15T00:00:00+01:00;34.3;45.2;;45.1;65.9;49.44;68.36;36.87;49.79;64.2;38.43;47.02;68.58;51.62;71.69;41.04;55.97;67.39;27.89;60.83;39.04;51.97;42.58;60.83;59.9;38.86;56.64;;46.74;56.62;27.4;52.14;44.09;47.32;50.73;61.44;52.29;50.48;53.34;43.39;91.02;77.48;47.7;41.8;33.8
O3;uur;µg/m³;2023-05-15T00:00:00+01:00;2023-05-15T01:00:00+01:00;34.1;41.3;;56.7;81;42.86;61.67;38.4;45.44;59.47;31.56;46.14;50.36;47.97;72.87;45.12;68.53;58.25;25.46;52.77;60.38;58.36;48.07;71.3;50.93;33.25;56.23;;42.62;46.97;20.24;46.57;36.98;52.89;49.49;58.72;49.87;52.73;55.07;54.42;94.28;70.8;49.8;17.9;20.1
O3;uur;µg/m³;2023-05-15T01:00:00+01:00;2023-05-15T02:00:00+01:00;50;43.3;;64.7;67.4;38.82;57.19;43.94;50.39;51.04;27.7;47.91;43.09;48.32;72.23;38.39;76;63.46;28.41;44.66;71.98;72.08;55.73;80.81;43.78;40.07;60.1;;28.05;31.37;18.61;31.14;28.36;43.26;37.92;60.45;51.53;56.83;57.87;52.64;93.27;77.36;45;17.5;17.4
O3;uur;µg/m³;2023-05-15T02:00:00+01:00;2023-05-15T03:00:00+01:00;20.3;42.6;;56.7;59;40.99;50.68;40.05;47.79;44.48;41;46.33;33.53;40.78;81.12;32.68;75.43;66.74;25.88;35.36;62.7;73.57;52.67;81.76;54.12;52.29;63.9;;19.3;22;28.95;18.3;28.34;44.85;38.34;57.7;46.87;58.7;52.13;50.8;92.67;82.63;55.8;40.1;9.3
O3;uur;µg/m³;2023-05-15T03:00:00+01:00;2023-05-15T04:00:00+01:00;0.7;44.5;;40.1;40.3;47.42;36.09;45.03;49.44;31.92;40.18;45.77;24.78;39.64;73.19;22.32;70.17;70.55;39.61;43.91;57.39;67.84;46.98;72.31;59.08;56.66;57.61;;32.83;42.91;42.35;37.03;41.3;43.47;29.74;49.2;45.99;59.48;48.65;52.92;96.03;81.39;61.9;51.8;25.1
O3;uur;µg/m³;2023-05-15T04:00:00+01:00;2023-05-15T05:00:00+01:00;5.9;33.3;;34.3;65.9;40.97;31.46;43.82;47.48;20.86;27.13;42.59;33.38;30.69;79.13;66.65;72.91;62.6;41.38;42.67;75.49;58.29;23.64;69.1;53.86;59.9;62.45;;44.83;53.99;51.1;50.5;42.21;26.26;45.32;41.3;47.95;62.14;51.4;59.47;80.93;85.04;66.5;56.8;37.3
O3;uur;µg/m³;2023-05-15T05:00:00+01:00;2023-05-15T06:00:00+01:00;47;25.7;;64.2;72.6;35.98;30.7;40.63;42;15.48;51.22;24.74;35.86;23.08;81.68;61.79;73.32;57.47;50.73;43.17;83.84;68.46;43.82;73.48;62.25;70.65;59.38;;48.38;51.84;42.09;56.57;46.95;25.72;57.05;53.13;60.25;70.22;52.11;63.86;68.2;82;63.6;47.5;39.5
O3;uur;µg/m³;2023-05-15T06:00:00+01:00;2023-05-15T07:00:00+01:00;51.7;41.8;;53.4;68.7;35.68;36.99;42.52;47.66;23.67;64.04;25.64;39.04;24.5;78.43;50.1;71.12;61.2;51.84;60.23;88.24;61.31;45.24;59.51;84.56;72.96;72.6;;56.94;59.95;55.45;64.82;51.99;49.31;67.28;52.36;61.38;65.73;62.48;65.29;69.75;80;72.1;59.1;38.2
O3;uur;µg/m³;2023-05-15T07:00:00+01:00;2023-05-15T08:00:00+01:00;25.3;38;;38.7;50.7;43.7;55.08;47.32;53.15;34.31;75.11;50.94;38.62;44.62;70.37;47;63.72;57.23;50.85;60.93;87.21;53.04;45.27;43.65;84.97;63.46;69.43;;58.88;60.81;52.85;69.5;68.7;57.78;74.54;53.99;71.18;68.55;69.94;72.3;74.8;76.63;66.2;46.9;50.4
O3;uur;µg/m³;2023-05-15T08:00:00+01:00;2023-05-15T09:00:00+01:00;32.2;32.4;;11.5;43;59.8;63.55;58.27;63.35;45.02;75.99;55.94;67.36;62.8;72.17;43.43;63.9;50.37;51.68;53.48;74.06;54.85;30.64;59.59;83.64;67.21;78.62;;55.15;57.35;51.57;63.95;65.68;76.4;75.38;54.84;78.05;73.22;81.55;78.91;82.17;81.29;61.2;45.1;49.9
O3;uur;µg/m³;2023-05-15T09:00:00+01:00;2023-05-15T10:00:00+01:00;32.9;21.6;;34.2;52.2;66.05;76.25;67.34;74.94;60.15;64.93;51.1;70.73;70.48;58.56;45.78;51.02;31.75;65.53;43.19;61.16;53.62;27.82;50.74;77.16;61.35;84.62;;53.23;59.77;47.35;59.86;64.22;86.93;75.7;57.66;78.77;;83.98;86.97;86.8;84.61;69.6;34.8;43.7
O3;uur;µg/m³;2023-05-15T10:00:00+01:00;2023-05-15T11:00:00+01:00;40.9;38.3;;61.4;64.8;76.2;89.02;76.28;86.28;64.66;57.75;57.28;70.56;77.22;57.35;42.91;63.83;51.12;53.84;30.22;70.21;63.64;53.06;66.32;74.28;62.77;86.97;;52.83;64.35;55.11;60.66;59.59;93.96;82.85;68.96;84.37;76.16;88.5;89.5;92.23;85.47;50.2;27.2;63.7
O3;uur;µg/m³;2023-05-15T11:00:00+01:00;2023-05-15T12:00:00+01:00;56.8;46.6;;66.5;75.8;93.8;87.65;83.47;96.78;64.15;;54.4;68.31;74.93;65.9;44.02;72.18;58.93;57.83;51.67;78.07;69.61;61.22;73.59;72.33;69.26;80.09;;50.39;58.29;49.31;59.68;59.11;101.57;79.76;68.75;88.44;84.09;85.5;96.17;95.88;92.36;40.4;38.1;62.5
O3;uur;µg/m³;2023-05-15T12:00:00+01:00;2023-05-15T13:00:00+01:00;57.8;49.8;;65.9;75;106.11;78.35;94.61;100.33;58.32;;58.84;53.51;66.34;64.82;61.61;69.71;58.85;69.25;64.44;77.93;71.75;63.33;72.8;70.86;68.91;77.73;;53.67;59.3;57.23;62.09;63.54;104.69;68;62.92;96.43;87.63;79.26;108.69;91.32;92.19;68.8;60;62.1
O3;uur;µg/m³;2023-05-15T13:00:00+01:00;2023-05-15T14:00:00+01:00;57.2;51.6;;69.4;79;93.89;70.2;94.06;105.43;60.29;;50.66;62.41;61.14;70.64;64.16;75.14;59.88;67.09;69.03;79.27;71.12;67.61;74.61;76.23;69.12;78.04;;60.68;69.43;59.21;69.54;65.95;101.02;62.39;64.39;92.41;77.65;74.67;103.12;85.27;91.2;69.8;62.6;62.9
O3;uur;µg/m³;2023-05-15T14:00:00+01:00;2023-05-15T15:00:00+01:00;56.4;50.3;;70.6;81.3;79.59;60.49;86.07;94.81;58.84;;51.42;64.93;64.64;75.33;70.86;78.08;71.43;69.4;67.59;78.98;75.31;65.25;78.11;71.5;64.96;77.2;;59.45;66.31;58.68;70.1;66.82;92.18;65.34;71.91;81.81;74.61;78.4;97.73;78.94;86.91;67.6;61.9;57.5
O3;uur;µg/m³;2023-05-15T15:00:00+01:00;2023-05-15T16:00:00+01:00;59.9;55.6;;74.8;86.3;68.25;65.24;79.19;86.04;65.83;;58.3;68.56;60.04;75.31;73.84;80.12;74.65;70.18;68.67;81.16;77.29;74.04;79.72;66.82;72.86;77.96;;58.83;66.2;59.26;68.73;68.27;81.76;79.19;71.97;76.97;75.05;78.73;90.01;75.94;79.18;66.4;62.4;57.3
O3;uur;µg/m³;2023-05-15T16:00:00+01:00;2023-05-15T17:00:00+01:00;66.7;59.1;;74.4;87.5;71.63;72.53;67.54;76.67;62.2;;66.14;68.88;64.75;76.3;76.11;81.3;76.31;75.6;72.71;82.51;78.52;74.88;78.86;69.65;76.82;69.24;;59.94;68.55;56.82;67.88;67.54;76.57;71.96;67.98;75.89;75.37;80.44;77.77;77.29;75.77;68.4;60.6;65.1
O3;uur;µg/m³;2023-05-15T17:00:00+01:00;2023-05-15T18:00:00+01:00;68.4;63.9;;77.6;88.2;50.31;70.85;53.4;66.31;66.82;;64;74;63.39;79.62;76.98;82.71;77.09;76.93;73.92;84.89;81.27;77.08;81.57;74.46;76.45;67.91;;59.73;66;59.91;66.66;68.24;77.08;67.38;65.39;79.56;74.23;78.54;72.78;77.42;74.11;71.1;66.6;70.7
O3;uur;µg/m³;2023-05-15T18:00:00+01:00;2023-05-15T19:00:00+01:00;72.2;67;;80.6;91;59.62;66.1;54.28;55.04;72.07;;69.82;77.36;67.33;81.38;81.7;85.25;78.86;79.19;74.91;86.17;83.54;80.68;84.69;75.77;69.71;70.89;;63.9;67.42;62.31;70.55;66.98;71.9;63.86;64.56;75;75.62;77.74;71.73;75.68;74.31;74.3;70.9;73.8
O3;uur;µg/m³;2023-05-15T19:00:00+01:00;2023-05-15T20:00:00+01:00;70;72.7;;80.7;87.4;65.43;67.84;59.45;58.52;73.92;;63.67;77.52;69.44;79.96;78.88;84.2;81.72;81.21;80.02;87.21;84.11;82.68;83.57;82.73;74.91;72.6;;68.48;70.26;63.62;73.93;64.56;65.92;69.29;62;72.81;73.51;73.02;70.27;79.08;74.32;75.6;71.7;74
O3;uur;µg/m³;2023-05-15T20:00:00+01:00;2023-05-15T21:00:00+01:00;68.6;70.1;;77.5;82.9;71.83;61.94;61.48;64.02;75.06;;65.86;81.54;70.16;75.16;75.64;79.23;79.26;80.69;81.75;82.3;80.84;79.85;79.66;79.69;73.11;76.64;;72.08;74.11;68.4;76.87;68.24;60.18;69.14;69.57;68.54;68.91;75.36;70.43;86.22;75.44;76.2;72.9;72
O3;uur;µg/m³;2023-05-15T21:00:00+01:00;2023-05-15T22:00:00+01:00;66;69.4;;73.1;79.7;66.14;64.36;61.79;69.26;73.63;;66.83;82.73;70.31;71.09;69.8;75.36;76.75;76.43;79.12;77.73;76.13;75.26;75.35;73.61;68.43;82.22;;74.72;76.68;65.09;79.04;71.17;62.68;75.3;68.85;66.45;73.36;72.68;68.53;84.82;84.05;70.1;66.9;67.9
O3;uur;µg/m³;2023-05-15T22:00:00+01:00;2023-05-15T23:00:00+01:00;59.6;64.7;;73.3;80.2;62.82;69.74;62.99;68.85;77.31;;74.24;77.83;72.87;68.18;67.25;74.73;71.79;70.88;71.21;75.03;73.36;71.83;73.69;65.62;65.87;79.96;;68.22;70.61;61.54;72.72;65.06;62.22;77.19;74.18;70.36;74.83;64.46;76.24;77.65;78.84;64.7;62.2;60.8
O3;uur;µg/m³;2023-05-15T23:00:00+01:00;2023-05-16T00:00:00+01:00;56.4;58.6;;73.6;79.5;60.12;77.18;60.29;65.07;71.71;;78.72;71.66;71.98;67.69;65.77;76.25;68.98;65.13;67.16;76.76;74.54;72.45;75.69;66.54;63.28;70.52;;63.16;66.49;60.61;67.48;56.32;66.55;75.9;77.52;74.9;66.48;60.76;75.27;71.3;72.8;63.5;62.4;62.6
O3;uur;µg/m³;2023-05-16T00:00:00+01:00;2023-05-16T01:00:00+01:00;60.4;59.5;;73.8;79.3;69.94;76.88;59.19;66.96;65.87;;70.51;66.4;66.8;68.01;64.62;76.55;69.59;65.62;65.09;78.91;75.31;72.61;;65.59;66.65;65.31;;62.79;65.5;60.74;66.78;55.32;72.4;68.44;75.99;67.72;58.96;61.76;66.37;71.01;65.91;65.2;63.8;60.1
O3;uur;µg/m³;2023-05-16T01:00:00+01:00;2023-05-16T02:00:00+01:00;53.2;57.7;;72.9;80.9;73.59;72.06;66.42;80.04;61.85;;61.81;66.2;62.58;68.6;66.18;76.62;70.6;64.03;65.21;77.75;75.22;66.65;;69.22;64.72;64.49;;63.82;67.43;62.17;68.48;52.14;68.76;58.58;68.53;58.54;54.31;64.5;51.61;72.62;66.29;65.2;62;56.9
O3;uur;µg/m³;2023-05-16T02:00:00+01:00;2023-05-16T03:00:00+01:00;49.1;56;;73.5;82.4;;;;;;;;;;;;;;;;;;;;;;;;;;;;;;;;;;;;;;62.3;48.1;56.7
O3;uur;µg/m³;2023-05-16T03:00:00+01:00;2023-05-16T04:00:00+01:00;58.4;51;;72.4;82.4;64.89;56.54;63.53;72.15;61.2;;56.06;56.51;55.13;70.31;64.09;78.03;68.38;58;60.31;78.19;74.69;66.14;;70.41;69.12;62.05;;61.66;61.62;49.27;66.06;41.72;55.15;38.58;54.3;51.39;50.09;67.91;47.96;75.22;62.52;60.6;52.7;53.4
O3;uur;µg/m³;2023-05-16T04:00:00+01:00;2023-05-16T05:00:00+01:00;60.3;35.5;;71.4;80.7;58.67;48.71;51.14;66.41;60.96;;54.84;55.53;52.94;66.56;65.7;77.33;69.73;56.58;53.08;77.75;74.61;60.11;;70.9;75.2;70.32;;45.28;40.34;42.01;52.55;48.5;45.26;47.18;50.24;42.22;54.14;68.18;47.71;74.65;63.77;62.4;41.3;48.2
O3;uur;µg/m³;2023-05-16T05:00:00+01:00;2023-05-16T06:00:00+01:00;51.8;26;;66.1;79.9;51.26;52.58;48.75;56.61;57.75;;46.67;51.66;49.86;64.81;63.38;75.89;67.59;57.85;53.39;75.97;68.13;47.31;;68.92;71.5;70.02;;30.26;37.28;30.78;47.06;47.09;40.46;40.41;50.57;31.6;52.2;67.19;48.11;73.47;58.78;58.8;37.4;48.8
O3;uur;µg/m³;2023-05-16T06:00:00+01:00;2023-05-16T07:00:00+01:00;54.4;45.2;;65.8;78.7;53.04;52.78;51.16;56.13;57.35;;49.92;51.76;52.93;63.57;65.84;71.65;57.83;60.72;57.37;76.31;67.55;56.45;;69.12;70.17;66.96;;41.31;41.12;37.82;51.8;49.52;50.46;41.39;50.57;56.2;54.16;67.76;55.64;73.47;61.99;59.6;43.8;49.9
O3;uur;µg/m³;2023-05-16T07:00:00+01:00;2023-05-16T08:00:00+01:00;60.1;52.4;;69.2;79.1;59.26;62.62;53.49;57.98;65.59;;63.04;61.78;63.98;66.13;65.9;72.07;64.24;68.05;61.23;76.42;70.81;62.58;;71.24;71.33;68.81;;51.31;54.81;53.11;57.6;60.52;61.07;62.81;57.63;65.55;62.46;69.64;63.53;74.13;72.7;67.6;59.6;63
O3;uur;µg/m³;2023-05-16T08:00:00+01:00;2023-05-16T09:00:00+01:00;66.3;53.9;;70.9;79.4;64.87;64.84;62.3;67.78;69.16;;67.55;68.58;69;69.58;69.41;74.83;63.55;70.72;70.92;77.06;73.68;67.71;;73.12;72.34;72.36;;61.11;67.79;60.08;66.48;65.74;67.43;70.98;64.45;68.05;67.36;70.1;68.93;73.57;75.18;70.1;61.8;65.9
O3;uur;µg/m³;2023-05-16T09:00:00+01:00;2023-05-16T10:00:00+01:00;66.9;57.4;;70.2;79.9;69.67;68.24;67.04;70.72;68.19;;67.33;73.52;69.34;69.76;72.02;74.74;65.38;73.25;73.67;78.14;74.76;68.87;;72.92;73.13;72.81;;65.9;69.12;62.34;69.94;70.06;68.55;71.49;68.86;68.93;69.54;70.04;73.77;72.03;74.14;70.4;65.8;65
O3;uur;µg/m³;2023-05-16T10:00:00+01:00;2023-05-16T11:00:00+01:00;66.8;56.3;;69.7;81.3;69.92;71.03;69.61;75.5;72.85;;65.89;76;67.83;72.09;;76.41;65.75;74.05;75.02;78.49;77.05;68.7;;72.89;68.88;73.48;;66.11;69.49;63.7;71.38;71.15;71.2;73.26;70.24;70.97;69.32;70.38;74.06;70.82;73.55;72.3;66.7;70.5
O3;uur;µg/m³;2023-05-16T11:00:00+01:00;2023-05-16T12:00:00+01:00;66.5;58.6;;70.6;81.7;72.21;73.72;70.3;75.82;75.76;;68.8;77.93;74.16;73.29;;78.45;70.96;75.19;75.45;80;78.78;71.86;;72.53;73.02;74.81;72.02;66.87;72.68;62.71;72.69;72.64;74.45;75.08;72.57;73.34;70.22;69.93;73;72.94;72.84;71.6;66.9;71.7
O3;uur;µg/m³;2023-05-16T12:00:00+01:00;2023-05-16T13:00:00+01:00;64;58.1;;71.9;84.4;73.49;76.16;74.73;78.45;78.62;;71.63;79.66;75.8;72.77;;80.13;71.32;76.2;76.59;82.27;78.52;73.49;;75.06;74.14;74.49;73.83;66.11;69.31;60.71;72.3;74.26;75.19;75.57;74.51;74.08;70.12;67.44;74.05;75.08;74.3;72.3;65.4;69.6
O3;uur;µg/m³;2023-05-16T13:00:00+01:00;2023-05-16T14:00:00+01:00;65.8;60.5;;66.5;86.2;77.74;77.56;73.03;78.72;79.64;;71.48;77.8;77.63;75.11;;81.64;70.6;75.28;75.6;83.32;79.78;72.68;;74.89;73.25;72.96;74.62;64.31;68.89;59.65;70.26;74.62;75.02;71.57;74.12;72.4;69.38;71.26;76.94;76.44;78.42;72.4;68.7;70.3
O3;uur;µg/m³;2023-05-16T14:00:00+01:00;2023-05-16T15:00:00+01:00;64.1;52.8;;66.2;85.3;79.1;73.87;75.69;83.9;78.63;;71.01;76.74;76.97;76.92;;83.75;78.82;72.8;75.98;87.45;81.98;76.08;;73.96;78.22;73.13;74.3;62.02;70.95;63.16;70.88;74.76;69.96;70.67;67.93;74.74;72.26;73.58;77.68;76.23;79.93;72.9;66.3;68.6
O3;uur;µg/m³;2023-05-16T15:00:00+01:00;2023-05-16T16:00:00+01:00;65.4;56.1;;60.5;84.4;76.5;71.43;74.51;82.04;77.19;;66.58;77.56;75.71;80.2;;83.48;79.71;71.66;77.68;87.31;82.11;75.05;;77.76;80.57;73.14;78.13;66.15;74.63;67.92;75.25;75.32;73.6;71.22;66.06;72.11;69.71;73.98;76.44;74.55;79.18;76.1;70;78.5
O3;uur;µg/m³;2023-05-16T16:00:00+01:00;2023-05-16T17:00:00+01:00;65.8;60.4;76.7;69.7;85;72.11;68.76;71.69;78.29;76.81;80.72;68.21;78.03;72.3;80.7;;81.08;80.39;66.21;78.49;84.12;81.12;77.74;;77.2;79.37;74.32;78.88;70.76;78.96;70;78.24;76.57;72.09;70.83;62.19;73.15;69.47;73.39;74.81;74.29;75.6;75.8;72.3;78.4
O3;uur;µg/m³;2023-05-16T17:00:00+01:00;2023-05-16T18:00:00+01:00;70.5;60.7;76.2;74.3;83.1;70.11;66.28;71.49;76.72;77.77;83.08;70.05;77.22;74;76;;75.24;80.21;70.88;77.03;75.36;76.75;76.32;;73.17;70.65;75.18;77.29;71.69;77.47;70.84;78.41;76.44;70.1;71.53;63.04;71.11;;78.02;70.84;76.98;73.74;75.9;69.9;69.8
O3;uur;µg/m³;2023-05-16T18:00:00+01:00;2023-05-16T19:00:00+01:00;65.4;57.3;71.9;71.4;80.6;65.79;61.81;66.53;74.58;76.35;76.89;70.77;73.78;73.86;75.7;;71.46;73.83;71.2;77.66;74.48;73.02;67.72;;73.63;73.88;72.83;67.78;66.91;73.45;56.49;72.49;72.25;67.95;71.83;63.88;69.21;;70.7;66.85;77.58;76.25;70.4;65.4;69.6
O3;uur;µg/m³;2023-05-16T19:00:00+01:00;2023-05-16T20:00:00+01:00;62.3;51.4;67.7;69;78.7;61.88;68.27;59.86;69.18;72.45;74.61;70.24;73.75;73.13;69.78;;69.84;69.43;64.35;70.85;73.9;69.09;66.44;;72.91;69.53;72.37;63.92;56.44;61.67;57.47;62.52;61.07;65.47;49.89;68.34;66.23;;71.55;58.79;81.44;74.92;71.6;66.3;70.2
O3;uur;µg/m³;2023-05-16T20:00:00+01:00;2023-05-16T21:00:00+01:00;62.6;48.4;62;62;77.9;58.72;66.86;61.8;62.66;71.44;66.99;64.61;64.73;68.77;67.16;;73.58;66.2;61.6;62.93;69.56;70.58;58.52;;63.38;63.7;66.8;58.73;53.01;58.72;50.83;60.89;56.05;51.26;51.89;61.62;56.25;;72.98;62.75;82.33;75.87;67.8;57;61.7
O3;uur;µg/m³;2023-05-16T21:00:00+01:00;2023-05-16T22:00:00+01:00;60.2;41.9;57;51.3;73.6;62.39;55.42;56.02;52;62.78;49.52;60.77;58.58;63.41;57.68;;68.18;66.03;50.66;61.72;71.36;64.78;53.17;;62.1;63.59;68.38;53.68;50.84;56.75;44.35;58.64;47.73;43.19;23.24;60.76;64.21;;71.81;61.62;83.65;72.86;63.5;46.5;52.5
O3;uur;µg/m³;2023-05-16T22:00:00+01:00;2023-05-16T23:00:00+01:00;57.6;29.8;55.7;50.9;70.7;61.31;36.41;58.79;48.32;58.61;39.94;55.23;48.62;54.94;57.63;;67.95;57.67;37.63;60.85;69.45;63.8;37.76;;61.78;63.05;63.26;52.79;45.64;52.26;34.62;50.11;44.68;33.01;35.45;47.71;61.25;;73.53;63.59;82.25;73.51;61.9;45.1;45.1
O3;uur;µg/m³;2023-05-16T23:00:00+01:00;2023-05-17T00:00:00+01:00;54.2;28.8;46.5;53.2;73.3;61.18;37.07;58.33;61.84;56.36;29.17;48.55;46.4;48.01;59.44;;70.35;53.67;26.81;54.52;69.77;64.26;39.17;;61.65;64.71;60.45;53.64;38.78;50.66;41.26;43.24;47.42;29.85;37.79;57.22;56.41;;73.97;62.04;82.02;78.82;64.3;55.9;49.5
O3;uur;µg/m³;2023-05-17T00:00:00+01:00;2023-05-17T01:00:00+01:00;55.4;35.1;55.8;58.6;78.4;51.52;28.74;53.46;59.73;51.81;20.06;46.76;43.29;44.06;52.71;;71.46;53.06;30.14;53.01;72.11;71.43;48.8;;67.67;66.82;64.85;49.59;40.35;50.99;41.61;40.86;43.82;25.59;40.38;52.48;33.22;;75.96;57.17;78.21;75.26;67.4;55.3;48.2
O3;uur;µg/m³;2023-05-17T01:00:00+01:00;2023-05-17T02:00:00+01:00;58.4;43.9;58.8;56.7;79.9;46.22;25.98;44.9;52.66;43.63;15.96;46.92;44.07;41.75;58.33;;72.12;60.15;24.12;49.22;74.94;71.04;46.3;;72.18;71;66.01;45.39;44.22;51.55;42.27;44.95;41.81;21.85;41.43;47.85;24.98;;65.35;53.12;76.59;69.24;63.1;45.6;46.4
O3;uur;µg/m³;2023-05-17T02:00:00+01:00;2023-05-17T03:00:00+01:00;60.5;44.3;60.4;65.3;82.2;41.71;36.47;41.58;43.56;36.13;11.77;38.84;50.08;35.74;62.75;;75.46;63.17;23.87;53.31;76.29;73.7;55.82;;66.03;76.23;70.58;47.76;46.45;48.48;37.23;46.29;41.03;25.79;42.42;44.22;47.55;;59.88;57.51;71.36;66.99;64.9;57.8;58.8
O3;uur;µg/m³;2023-05-17T03:00:00+01:00;2023-05-17T04:00:00+01:00;67.5;44.8;63.9;70.8;83.2;34.19;33.49;28.65;30.69;29.78;8.33;36.21;48.04;25.67;58.28;;77.5;65.79;45.34;54.32;80.12;76.82;64.12;;64.01;73.48;59.71;56.93;46.68;42.77;45.04;47.24;45.62;36.79;39.46;47.04;46.14;;64.35;57.32;68.55;64.33;71.1;68.2;69.7
O3;uur;µg/m³;2023-05-17T04:00:00+01:00;2023-05-17T05:00:00+01:00;58.3;35.2;62.3;66.5;80.1;23.45;31.48;11.24;19.59;26.72;5.7;34.07;30.97;22.42;63.69;;79.37;67.18;62.22;52.26;76.13;74.43;53.82;;62.76;63.77;53.3;63.16;51.05;44.67;48.79;53.92;48.97;28.15;35.64;46.39;28.28;;57.98;43.26;69.08;63.1;63.1;61.3;62.1
O3;uur;µg/m³;2023-05-17T05:00:00+01:00;2023-05-17T06:00:00+01:00;56.4;37;57.6;65.2;81.8;21.62;37.95;18.66;18.96;19.84;5.39;24.7;8.97;24.03;61.97;;75.92;68.02;56.26;51.24;76.29;63.67;42.63;;59.55;66.24;58.14;57.63;57.5;51.91;24.52;62.13;47.72;20.04;11.68;34.44;15.49;;51.87;45.46;68.54;64.76;52.8;50.7;47.9
O3;uur;µg/m³;2023-05-17T06:00:00+01:00;2023-05-17T07:00:00+01:00;52.8;41.1;54.3;67.3;79.1;22.53;40.52;34.24;35.56;35.8;17.93;30.77;43.34;37.42;61.01;;74.65;49.04;58.81;58.11;77.07;66.34;48.53;;58.3;59.3;62.24;48.27;57.66;52.25;37.82;62.67;48.19;37.51;27.52;40.42;44.7;;56.66;52.32;69.68;65.92;56.6;45.2;45.7
O3;uur;µg/m³;2023-05-17T07:00:00+01:00;2023-05-17T08:00:00+01:00;58.6;51.1;;69.2;80.3;44.65;55.5;40.21;45.11;63.2;61.57;54.43;70.1;54.32;68.53;;75.48;56.18;65.67;65.82;76.79;72.87;59.15;;65.56;63.33;64.15;61.41;63.83;59.39;55.28;67.81;59.94;59.46;51.24;56.07;61.03;;64.38;63.96;69.42;67.79;61.2;;52.9
O3;uur;µg/m³;2023-05-17T08:00:00+01:00;2023-05-17T09:00:00+01:00;65.7;56.9;66;71.3;81.7;58.01;66.69;56.17;60.26;70.54;69.14;66.48;71.85;69.18;68.86;;75.72;67.83;71.91;71.7;74.75;72.89;66.22;;67.7;63.58;65.57;66.62;64.95;69.31;60.78;68.54;65.9;64.35;61.43;59.82;66.05;;67.69;68.07;69.51;71.18;63.4;;63.3
O3;uur;µg/m³;2023-05-17T09:00:00+01:00;2023-05-17T10:00:00+01:00;68.5;55.1;65.7;69.9;80.3;66.82;69.76;68.5;71.53;74.07;70.19;69.69;75.2;70.06;71.68;;74.07;65.09;75.09;72.61;74.16;70.39;67.79;;71.21;64.37;69.11;67.48;65.13;66.62;63.79;68.8;64.63;65.22;64.99;64.73;65.41;;69.46;71.08;70.87;75;63.8;;63.4
O3;uur;µg/m³;2023-05-17T10:00:00+01:00;2023-05-17T11:00:00+01:00;68;56.2;65;70.2;80.5;72.08;72.08;73.72;75;71.35;76.28;68.8;77.59;74.09;74.61;;75.15;68.77;75.72;72.69;74.93;74.49;68.74;;73.85;61.67;72.36;68.24;67.69;67.92;66.88;70.97;68.49;68.3;68.06;68.12;64.36;;71.46;71.62;72.19;75.77;65.9;63.7;69.5
O3;uur;µg/m³;2023-05-17T11:00:00+01:00;2023-05-17T12:00:00+01:00;65.7;54.5;67.1;71;81.4;72.65;72.55;73.1;79.16;72.18;81.72;68.59;79.87;75.65;72.37;;75.04;65.7;76.81;74.08;76.86;75.84;68.25;;75.85;64.47;76.28;71.52;71.47;74.19;70.02;75.18;72.54;71.13;74.65;70.08;73.28;;72.01;75.82;72.8;77.11;68.3;67.5;70.8
O3;uur;µg/m³;2023-05-17T12:00:00+01:00;2023-05-17T13:00:00+01:00;64.7;56.5;67.6;72.7;82.6;75.29;73.28;78.75;82.57;78.28;81.4;73.62;82.2;77.05;72.14;;76.47;70.83;78.12;75.31;80.15;76.48;72.2;;78.85;69.58;78.03;73.32;74.81;77.49;70.97;78.41;73.94;73.11;77.57;74.35;78.2;;75.31;77.26;76.42;79.98;71.4;73.3;75.9
O3;uur;µg/m³;2023-05-17T13:00:00+01:00;2023-05-17T14:00:00+01:00;66.8;56.4;69;74.9;85.3;78.88;77.18;81.28;83.95;84.16;83.16;75.83;84.72;81.85;74.12;;79.05;71.08;79.35;73.46;84.42;79.15;71.42;;80.69;74.51;80.24;75.76;76.55;79.16;77.15;80.89;77.08;78.06;80.85;77.75;78.31;;73.99;79.45;77.67;82.9;72.9;75;79.2
O3;uur;µg/m³;2023-05-17T14:00:00+01:00;2023-05-17T15:00:00+01:00;68.8;58;74.5;78.7;87.4;81.01;81.63;84.48;87.47;85.27;83.27;79.93;83.11;84.01;74.57;;83.46;78.86;80.27;77.76;85.2;82.48;75.26;79.92;77.47;74.3;81.95;78.16;79.19;81.41;78.18;82.93;79.5;83.41;83.21;81.79;79.4;;75.94;81.71;76.86;83.31;72.5;75.3;81.2
O3;uur;µg/m³;2023-05-17T15:00:00+01:00;2023-05-17T16:00:00+01:00;72.4;59.6;74.4;81.8;91.3;82.48;82.07;86.48;90.88;89.69;84.4;83.11;84.68;87.87;75.73;;84.69;81;81.92;82.18;84.67;84.48;75.7;81.06;77.36;73.52;81.67;79.39;80.87;82.89;80.91;84.64;80.56;82.22;84.66;83.38;83.46;;75.68;84.75;80.36;82.92;76.8;80.2;83.6
O3;uur;µg/m³;2023-05-17T16:00:00+01:00;2023-05-17T17:00:00+01:00;74;63.6;75.3;80.8;91.1;84.74;81.41;89.26;92.31;88.81;83.87;83.42;87.34;89.29;79.03;;83.44;82.07;83.65;82.63;85.51;84.69;71.87;79.4;78.29;75.24;81.23;81.19;82.58;84.61;80.46;86.34;82.56;83.92;85.4;83.68;80.12;;77.08;83.4;80.57;82.02;73.8;78.9;82.8
O3;uur;µg/m³;2023-05-17T17:00:00+01:00;2023-05-17T18:00:00+01:00;76.5;64;76;79.6;90;84.38;82.27;87.31;90.93;88.06;83.87;83.23;86.33;90.46;80.56;;84.16;81.06;82.5;80.18;84.31;83.29;77.7;80.16;79.18;73.55;79.09;79.87;81.95;84.19;75.82;85.59;83.27;85.39;82.96;84.42;79.7;;78.51;81.54;81.95;85.6;73.5;75.3;78.9
O3;uur;µg/m³;2023-05-17T18:00:00+01:00;2023-05-17T19:00:00+01:00;72.9;64.8;74.5;81.8;90.4;83.09;79.81;82.46;87.85;86.41;78.39;81.06;82.92;87.82;79.03;;82.75;78.87;77.86;80.25;83.35;82.69;74.93;79.55;78.74;75.19;76.33;75.98;78.46;81.36;73.61;82.42;79.39;81.08;79.87;77.5;78.7;;78.14;81.1;83.31;84.28;74.6;76.1;79.6
O3;uur;µg/m³;2023-05-17T19:00:00+01:00;2023-05-17T20:00:00+01:00;66.8;59.7;69.6;77.9;87.8;81.34;78.44;80.88;85.02;82.7;71.36;77.03;80.29;83.91;71.84;;80.51;73.7;70.78;78.61;81.01;79.32;69.96;78.74;75.96;74.82;73.01;74.94;74.96;78.82;66.85;79.69;73.08;77.82;78.72;76.76;75.47;;75.19;79.57;83.05;82.57;70.9;76.7;80.3
O3;uur;µg/m³;2023-05-17T20:00:00+01:00;2023-05-17T21:00:00+01:00;63.7;61.2;63.7;71.9;85.1;74.74;66.34;67.69;79.67;73.07;59.23;68.63;75.04;76.68;69.03;;76.87;70.45;63.1;71.55;73.3;73.79;63.43;68.8;67.21;68.77;67.33;70.99;68.66;73.09;49.79;68.83;56.25;70.13;69.34;68.39;69.1;;71.78;80.29;73.42;77.6;65.4;72;76.4
O3;uur;µg/m³;2023-05-17T21:00:00+01:00;2023-05-17T22:00:00+01:00;59.2;56.8;53.8;57.8;79.5;67.79;61.24;58.03;67.8;65.19;53.01;61.22;66.44;69.16;65.42;;67.06;64.57;64.5;66.63;65.14;64.26;54;62.31;60.5;65.02;60.31;67.94;65.86;68.66;51.45;63.53;47.24;64.18;66.84;63.7;67.52;;61.99;76.1;66.44;73.97;62.4;66.4;70.7
O3;uur;µg/m³;2023-05-17T22:00:00+01:00;2023-05-17T23:00:00+01:00;59.2;58;50.9;45;71.5;63.33;48.97;56.04;63.55;59;43.61;53.79;65.43;63.34;60.43;;62.59;64.55;59.25;62.66;59.36;55.7;37.85;57.56;72.18;69;49.71;62.71;58.64;66.2;50.34;61.63;44.16;58.53;62.17;57.07;59.07;;60.85;78.7;61.1;73.63;58.6;64.4;59.1
O3;uur;µg/m³;2023-05-17T23:00:00+01:00;2023-05-18T00:00:00+01:00;59.3;48.9;46.2;51.9;70.9;57.46;45.31;34.63;57.48;52.01;39.45;51.24;64.78;55.76;54.06;;65.79;58.55;44.28;54.85;57.25;51.61;36.67;59.68;68.07;64.16;45.77;52.75;58.76;65.2;52.02;63.02;41.7;55.57;59.32;61.25;40.66;;57.16;68.76;61.01;70.48;53.8;62.9;59.3
O3;uur;µg/m³;2023-05-18T00:00:00+01:00;2023-05-18T01:00:00+01:00;53.3;46.2;47.6;51.4;70.5;51.03;47.34;33.43;53.17;48.35;40.12;53.14;65.99;53.14;49.89;;67.63;51.71;50.54;53.86;56.06;58.38;45.32;60.23;66.98;58.9;40.35;55.01;54.92;64.52;58.25;62.06;47.5;52.6;52.88;62.59;32.42;;59.32;63.92;71.45;68.44;54;63.3;61.6
O3;uur;µg/m³;2023-05-18T01:00:00+01:00;2023-05-18T02:00:00+01:00;45.6;40;46.9;49.2;65.1;46.61;42.45;25.77;50.02;53.45;39.38;52.15;63.91;53.6;43.08;;62.89;55.4;45.6;56.62;54.84;60.79;41.13;56.53;66.15;60.2;42.35;55.2;54.46;63.41;60.24;61.07;52.64;46.57;34.49;59.08;28.65;;63.46;57;65.13;70.51;51.1;61.4;49.7
O3;uur;µg/m³;2023-05-18T02:00:00+01:00;2023-05-18T03:00:00+01:00;56.1;52.7;47.7;47.9;46.6;42.67;31.6;24.4;43.21;54.55;37.03;51.08;62.13;52.67;39.34;;57.66;66.92;40.5;63.36;46.33;50.41;31.37;51.25;64.23;54.93;40.32;48.64;53.07;60.35;61.9;59.66;55.86;37.51;14.05;54.39;22.85;;63.09;55.73;51.61;63.5;61.1;61.2;46.7
O3;uur;µg/m³;2023-05-18T03:00:00+01:00;2023-05-18T04:00:00+01:00;61.6;65.6;60.8;37.7;31.6;40.68;33.6;19.34;34.31;51.14;40.32;48.63;59.34;53.44;49.75;;56.46;68.86;46.64;64.12;37.27;51.91;36.38;49.51;68.66;32.95;37.99;52.18;53.79;59.83;64.31;57.6;52.92;32.24;9.74;52.92;22.41;;63.24;41.66;51.22;71.69;74.2;73.4;76.8
O3;uur;µg/m³;2023-05-18T04:00:00+01:00;2023-05-18T05:00:00+01:00;57.6;64.1;61.4;38.6;26;40.22;33.97;17.55;37.52;48.81;35.12;46.74;54.15;51.72;52.63;;55.98;71.19;47.6;64.09;31.16;56.66;28.53;42.38;67.6;29.39;36.61;54.13;53.45;59.85;46.69;57.8;48.35;32.38;13.78;50.17;15.09;;54.04;26.2;50.45;68.6;74.1;73.9;73
O3;uur;µg/m³;2023-05-18T05:00:00+01:00;2023-05-18T06:00:00+01:00;53.2;61.1;60.3;45.4;41.4;35.58;38.39;14.52;37.21;46.59;34.2;46.26;53.14;49.28;49.22;;60.36;69.86;42.97;59.36;29.73;59.65;32.69;33.97;67.34;30.2;31.49;52.81;49.45;62.11;44.93;55.84;46.13;35.13;28.59;47.91;17.66;;58.87;18.22;56.91;58.81;73.2;73.2;76.6
O3;uur;µg/m³;2023-05-18T06:00:00+01:00;2023-05-18T07:00:00+01:00;56.3;61.7;61.8;49.6;67;39.66;45.25;30.87;42.79;47.23;33.02;46.95;53.77;50.47;55.16;;66.87;72.16;54.96;59.76;46.9;65.43;60.44;47.05;72.95;53.03;54.71;45.95;52.05;61.01;59.42;56.47;50.82;48.03;51.43;50.6;47.43;;57.63;62.63;66.35;74.93;72.3;70.4;78.7
O3;uur;µg/m³;2023-05-18T07:00:00+01:00;2023-05-18T08:00:00+01:00;58.7;60.1;65.8;58.7;72.2;45.02;55.55;42.77;45.88;57.41;45.14;52.94;50.39;53.25;58.83;;76.07;72.23;63.04;58.65;71.36;74.8;70.42;60.11;79.64;62.6;66.99;64.39;60.47;65.41;68.21;66.89;61.45;67.77;74.83;56.48;66.92;;68.91;77.59;78.21;75.51;71.3;72.5;81.9
O3;uur;µg/m³;2023-05-18T08:00:00+01:00;2023-05-18T09:00:00+01:00;57.6;60.8;66.8;66.5;75.7;56.77;62.41;48.9;54.71;60.46;53.96;57.81;57.39;57.43;62.18;;76.43;70.83;68.47;63.64;79.43;76.85;71.53;59.03;80.12;64.83;78.85;72.46;71.24;71.03;73.65;74.93;70.15;75.19;77.41;64.88;77.38;;76.54;82.26;78.82;78.83;72.8;74.8;81
O3;uur;µg/m³;2023-05-18T09:00:00+01:00;2023-05-18T10:00:00+01:00;62.9;62.4;66;70.9;78.3;69.11;66.37;67.6;66.78;68.29;57.91;63.9;65.99;64.59;67.47;;78.21;72.76;71.72;67.73;80.41;79.76;74.86;61.69;81.28;72.05;82.8;74.43;71.59;73.45;75.55;75.41;71.84;76.81;80.11;71.7;76.67;;80.77;85.28;81.82;81.01;71.4;71.9;80.1
O3;uur;µg/m³;2023-05-18T10:00:00+01:00;2023-05-18T11:00:00+01:00;66.1;63.8;66.6;74.1;80.3;72;74.41;74.2;77.67;77.34;66.62;74.77;76.46;74.56;74.27;;79.41;75.35;75.31;75.02;79.74;82.59;75.32;59.33;82.2;71.81;82.34;76.42;75.36;76.72;75.86;79.68;73.77;78.82;82.27;75.06;79.87;;79.22;87.23;83.06;81.94;73.5;74.8;80.9
O3;uur;µg/m³;2023-05-18T11:00:00+01:00;2023-05-18T12:00:00+01:00;65.8;66.8;69.8;78.5;81.9;73.29;79.51;81.92;79.21;82.15;73.06;78.6;81.52;79.57;76.32;;81.56;77.51;76.44;78.64;82;84.45;80.34;61.74;83.63;74.59;85.91;78.79;75.18;76.39;79.23;80.71;77.65;82.11;84.78;77.45;82.7;;82.12;88.43;83.83;83.58;75.1;76;84.3
O3;uur;µg/m³;2023-05-18T12:00:00+01:00;2023-05-18T13:00:00+01:00;64.9;69.3;71.7;80.9;85.9;76.87;81.98;85.7;85.51;85.2;76.47;77.46;85.36;83.22;77.56;;84.84;82.07;78.39;81.66;84.87;86.07;83.04;65.36;84.91;77.17;88.63;80.85;76.65;81.13;82.62;82.84;81.65;84.07;87.44;79.41;86.61;;83.57;90.79;81.8;84.44;78.3;79.9;84.8
O3;uur;µg/m³;2023-05-18T13:00:00+01:00;2023-05-18T14:00:00+01:00;68.9;70.6;76.9;83.2;88.4;81.04;85.71;85.23;89.91;89.1;82.83;80.09;87.74;85.87;81.36;;85.68;84.53;81.78;85.37;87.22;88.09;86.22;66.08;86.56;83.39;90.57;82.88;80.14;83.36;85.17;85.65;83.18;86.48;90.8;79.94;91.02;;86.25;93.49;83.51;86.01;80.3;83.3;86.2
O3;uur;µg/m³;2023-05-18T14:00:00+01:00;2023-05-18T15:00:00+01:00;72.6;71;81.9;86.5;89.5;86.16;87.6;89.14;93.5;91.18;87.04;84.8;93.2;88.4;83.39;;89.71;87.24;87.82;88.73;91.95;92.58;89.11;71.75;87.78;85.99;93.79;86.65;86.25;88.09;88.75;90.84;86.17;89.84;93.22;85.73;94.46;;86.46;94.92;81.8;87.95;80.7;83.5;88.2
O3;uur;µg/m³;2023-05-18T15:00:00+01:00;2023-05-18T16:00:00+01:00;76.5;76.2;85.3;90.8;92.2;87.83;88.24;91.5;95.8;94.44;89.36;86.53;96.78;91.6;85.74;;92.38;89.62;89.04;92.67;91.6;93.41;92.07;73.84;87.05;83.01;96.18;87.62;88.33;91.67;88.3;93.78;90.7;90.87;96.15;89.29;96.33;;84.19;94.05;80.84;85.65;82;85.7;91.5
O3;uur;µg/m³;2023-05-18T16:00:00+01:00;2023-05-18T17:00:00+01:00;81.7;77.7;83.8;91.1;96.4;90.18;89.32;93.14;98.57;95.33;91;87.52;96.67;92.34;88.26;;93.38;91.02;90.46;88.68;94.13;94.86;88.79;74.49;91.33;85.48;96.29;85.82;90.12;94.15;88.49;95.92;92.22;92.15;96.51;89.54;97.42;;84.52;94.17;78.05;82.38;82.7;90;92.2
O3;uur;µg/m³;2023-05-18T17:00:00+01:00;2023-05-18T18:00:00+01:00;83.9;81.2;83.8;90.1;94.2;87.76;89.05;93.93;99.25;94.64;89.49;88.18;96.21;92.02;85.46;;93.72;89.87;92.39;93.98;95.16;96.03;88.51;75.6;88.76;88.12;97.31;89.42;91.09;94.23;89.78;96.47;88.1;91.91;98.92;85.22;96.92;;81.33;92.81;79.72;84.85;87.1;90.8;93.6
O3;uur;µg/m³;2023-05-18T18:00:00+01:00;2023-05-18T19:00:00+01:00;81.3;79.1;81.1;90.8;91.7;86.98;86.35;89.07;96.52;94.28;86.46;87.16;95.84;91.3;89.11;;95.43;88.9;89.17;95.39;94.33;97.27;88.93;77.18;83.09;88.09;95.33;88.43;89.36;94.1;86.18;95.18;82.3;93.04;100.08;86.49;96.21;;75.12;90.62;82.48;78.47;83.7;90.9;93.4
O3;uur;µg/m³;2023-05-18T19:00:00+01:00;2023-05-18T20:00:00+01:00;82.5;80.8;80.6;87.4;89;82.36;79.03;77;86.71;90.44;80.88;85.01;94.27;88.96;77.92;;89.37;86.36;83.31;93.58;88.21;93.45;82.91;74.37;79.05;84.29;87.19;84.65;87.57;90.69;80.2;93.08;80.71;92.67;95.77;81.72;89.1;;69.38;82.98;79.8;66.04;77;81.5;85.9
O3;uur;µg/m³;2023-05-18T20:00:00+01:00;2023-05-18T21:00:00+01:00;77.6;74.6;72.2;80.4;81.5;80.24;65.18;65.88;79.59;79.73;77.21;74.6;91.45;84.73;70.8;;83.55;79.62;75.58;87.95;80.35;83.58;67.23;68.56;73.51;75.24;74.84;75.36;74.06;80.96;56.55;78.94;65.41;84.56;83.28;58.46;70.05;;70.91;74.12;72.96;59.81;68.5;73.3;76.1
O3;uur;µg/m³;2023-05-18T21:00:00+01:00;2023-05-18T22:00:00+01:00;72.8;69;61.5;71.5;72.3;74.45;49.63;58.85;72.15;68.56;60.71;71.93;79.61;76.82;58.33;;74.51;74.44;60.22;65.9;73.07;75.01;55.47;66.63;74.13;67.63;70.45;63.28;67.97;76.01;54.59;73.02;56.21;81.88;73.51;66.93;68.6;;67.79;61.76;65.78;61.67;68.2;65.7;69.6
O3;uur;µg/m³;2023-05-18T22:00:00+01:00;2023-05-18T23:00:00+01:00;60;60.7;56.1;57.1;68.2;67.24;45.72;57.41;67.85;63.96;56.14;71.44;68.98;74.91;58.9;;67.88;64.13;53.11;41.31;66.36;69.1;53.7;58.92;73.98;59.91;63.18;59.97;69.07;68.72;54.15;71.78;50.71;64.36;68.54;63.96;68.61;;63.52;51.68;62.48;59.2;69.6;71;53.2
O3;uur;µg/m³;2023-05-18T23:00:00+01:00;2023-05-19T00:00:00+01:00;49.6;56.2;51;48;62.7;64.02;47.6;52.86;63.14;60.12;45.4;70.95;49.22;76.03;56.12;;60.84;61.57;48.1;50.65;63.18;56.17;45.65;51.76;68.92;60.08;61.15;55.63;62.36;71.55;56.52;67.59;48.73;55.56;62.37;61.67;63.66;;56.15;43.79;63.35;57.3;68.8;60.7;50.2
O3;uur;µg/m³;2023-05-19T00:00:00+01:00;2023-05-19T01:00:00+01:00;47.5;57.3;48.3;44.1;44.8;59.56;42.49;51.47;39.83;56.37;36.76;66.21;61.97;71.83;51.87;;53.73;67.44;47.09;60.89;57.64;59.87;38.91;45.1;62.73;54.23;54.65;58.06;52.95;65.22;53.84;56.92;51.84;61.43;58.84;55.33;56.79;;48.08;43.16;59.59;50.83;63.4;62.9;64.5
O3;uur;µg/m³;2023-05-19T01:00:00+01:00;2023-05-19T02:00:00+01:00;49.7;55.5;46.3;42;40.1;54.8;37.35;33.4;30.93;50.62;30.12;60.88;62.29;66.67;43.07;;57.92;60.81;53.39;56.74;48.52;64.67;50.47;53.6;63.06;43.56;52.62;53.25;50.16;57.94;50.34;53.99;46.17;53.52;54.34;55.33;50.18;;44.59;41.08;57.2;49.3;61;57.6;63.5
O3;uur;µg/m³;2023-05-19T02:00:00+01:00;2023-05-19T03:00:00+01:00;46.2;54.7;52.2;46.6;41.5;48.91;43.03;23.25;25.33;47.62;29.83;55.82;56.2;61.57;48.58;;65.04;60.46;53.22;55.48;51.82;61.83;54.8;59.93;61.8;40.36;48.89;50.19;48.15;56.58;53.01;51.78;43.3;45.63;49.55;53.53;44.46;;42.89;35.34;54.21;46.82;58;58.1;58.5
O3;uur;µg/m³;2023-05-19T03:00:00+01:00;2023-05-19T04:00:00+01:00;39.6;51.3;49.5;45.9;51.6;40.4;46.37;15.2;18.85;50.84;24.54;52.06;57.09;54.81;49.6;;62.28;61.01;46.5;52.01;50.37;55.29;46.42;51.84;56.63;31.27;41.47;45.67;45.56;52.53;46.77;49.21;40.95;39.93;47.92;52.96;39.79;;45.28;21.95;55.55;43.39;55.5;57.5;49.2
O3;uur;µg/m³;2023-05-19T04:00:00+01:00;2023-05-19T05:00:00+01:00;35.4;41.4;36.1;35.8;50.5;35.33;42.67;11.78;18.56;48.11;22.86;48.73;54.22;52.78;42.59;;57.45;54.32;39.21;50.18;40.19;50.99;27.85;33.59;51.49;34.09;39.37;41.33;45.53;48.85;43.13;49.36;37.31;32.61;44.65;47.6;35.74;;40.54;19.18;53.02;39.87;53.3;50.9;46.4
O3;uur;µg/m³;2023-05-19T05:00:00+01:00;2023-05-19T06:00:00+01:00;18.4;33.9;25.7;34.6;40.6;35.14;36.94;10.01;19.86;42.27;23.1;45.06;48.49;49.39;31.1;;53.92;44.88;31.54;44.37;36.62;49.67;29.5;23.28;49.37;34.61;35.11;43.41;41.94;42.81;38.71;44.94;32.97;31.2;35.97;41.09;33.27;;37.12;23.38;49.51;30.8;42;42.7;45.6
O3;uur;µg/m³;2023-05-19T06:00:00+01:00;2023-05-19T07:00:00+01:00;19;34.3;25.6;35.5;33.7;37.08;40.31;25.09;32.51;42.15;33.61;45.65;46.23;47.64;42.41;;52.19;38.76;41.81;40.61;43.1;49.15;33.31;23.74;51.44;39.06;41.15;46.03;40.02;37.21;39.04;42.86;33.22;40.7;43.72;37.63;35.36;;36.29;33.53;51.41;37.67;45.5;40.3;48.9
O3;uur;µg/m³;2023-05-19T07:00:00+01:00;2023-05-19T08:00:00+01:00;20.3;37;31.9;43;44.6;42.77;44.51;37.91;47.11;47.08;42.52;44.37;46.71;41.4;52.95;;54.45;42.08;46.08;42.32;48.23;52.9;36.5;32.72;57.88;36.63;45.58;45.79;41.18;41.44;45.55;44.84;41.28;50.14;51.22;42.6;43.83;;45.59;51.69;56.74;54.05;52;52.2;51.7
O3;uur;µg/m³;2023-05-19T08:00:00+01:00;2023-05-19T09:00:00+01:00;25.3;40.7;39.5;46.1;57.8;49.61;53.95;47.18;55.3;51.84;47.18;47.54;51.79;50.51;55.65;;58.1;44.71;50.41;47.69;52.33;56.01;43.76;34.27;59.89;53.64;49.28;50.97;45.19;48.06;50.21;48.95;51.7;60.16;66.19;48.12;52.94;;59.24;76.68;66.85;71.65;54.9;55.1;58.3
O3;uur;µg/m³;2023-05-19T09:00:00+01:00;2023-05-19T10:00:00+01:00;41.6;43.8;48.5;56.3;70;58.6;66.85;54.6;64.79;59.65;53.01;53.65;60.78;56.14;62.93;;71.75;55.68;57.02;57.71;68.75;64.77;48.43;43.92;61.47;64.59;59.88;58.85;51.95;57.72;59.62;55.99;61.99;73.24;77.61;55.15;66.21;;76.51;84.01;81.28;83.69;58.9;58.8;63.5
O3;uur;µg/m³;2023-05-19T10:00:00+01:00;2023-05-19T11:00:00+01:00;60.6;57.5;62.1;72.8;63.5;72.5;77.78;67.49;69.78;68.96;65.07;70.28;68.73;73.9;70.66;;82.58;71.66;69.28;70.66;82.74;77.93;67.2;59.41;79.52;69.24;74.64;73.92;70.79;73.54;77.06;76.91;75.95;79.99;83.18;71.63;79.23;;85.18;85.37;85.62;89.21;60.8;65.2;71.1
O3;uur;µg/m³;2023-05-19T11:00:00+01:00;2023-05-19T12:00:00+01:00;64.4;60.7;67.2;78.9;61.9;84.69;82.71;74.17;74.06;80.18;77.02;78.79;78.81;83.29;80.47;;85.75;76.62;78.66;79.88;87.59;88.61;75.81;64.71;90.89;77.75;85.05;82.95;80.9;84.11;80.42;86.72;81.08;85.38;88.32;82.05;82.8;;87.04;85.79;92.02;94.4;77;81.1;83.5
O3;uur;µg/m³;2023-05-19T12:00:00+01:00;2023-05-19T13:00:00+01:00;61.3;65.9;72.2;81.5;71.2;89.16;89.7;84.67;85.74;88.01;84.84;84.13;87.32;88.44;83.68;;86.83;83.69;86.04;85.85;94.53;90.65;82.48;66.71;91.69;87.73;91.26;83.43;82.48;84.99;86.44;87.92;90.93;90.78;91.3;87.37;87.58;;90.18;89.62;94.17;97.19;88;89.9;96.4
O3;uur;µg/m³;2023-05-19T13:00:00+01:00;2023-05-19T14:00:00+01:00;70.6;74.9;78.2;87.8;86.3;90.03;95.23;92.8;94.86;92.68;88.2;89.53;95.66;94.05;76.98;;93.13;91.74;91.7;93.55;100.77;93.7;82.8;73.01;93.57;95.22;94.49;91.81;87.11;89.18;91.52;92.63;91.59;96.4;95.95;91.59;92.57;;93.23;93.74;93.87;96.58;89.2;90.9;96.1
O3;uur;µg/m³;2023-05-19T14:00:00+01:00;2023-05-19T15:00:00+01:00;78.8;77.7;83.4;91.4;94.6;97.43;97.24;99.42;101.79;95.92;94.85;92.88;100.71;97.39;80.58;;98.34;94.06;96.43;98.67;102.93;99.7;88.47;78.36;90.36;95.71;96.83;95.59;89.61;92.16;96.7;95.15;93.6;100.67;97.89;94.4;95.32;94.91;95.87;97.38;91.23;94.32;92;98;100.4
O3;uur;µg/m³;2023-05-19T15:00:00+01:00;2023-05-19T16:00:00+01:00;83.7;82.7;88;97.7;97;100.92;100.56;105.53;107;99.18;100.48;94.2;102.06;100.01;87.08;;100.29;97.33;98.73;98.95;104.37;103.87;93.55;83.19;96.71;95.23;97.24;98.71;91.43;96.12;99.37;97.42;95.01;102.77;99.8;97.26;99.73;94.45;97.75;101.29;88.72;88.1;94.7;98.4;103.7
O3;uur;µg/m³;2023-05-19T16:00:00+01:00;2023-05-19T17:00:00+01:00;88.7;84.9;89.7;97.8;96.4;102.48;100.05;109.81;110.08;102.43;100.7;95.46;102.59;101.44;91.63;;99.69;99.11;100.53;99.37;105.93;106.16;95.73;87.86;102.79;97.13;98.63;100.42;93.48;95.94;101.67;98.69;97.8;102.78;103.18;100.81;99.59;96.9;94.95;103.04;88.96;88.36;93.4;98.2;104.3
O3;uur;µg/m³;2023-05-19T17:00:00+01:00;2023-05-19T18:00:00+01:00;90.6;87.6;90;91.7;91.7;102.66;100.93;109.91;109.85;103.85;98.35;98.11;104.74;103.04;87.12;95.13;95.69;99.83;101.17;99.77;104.04;105.8;94.8;94.15;97.55;97.71;98.18;100.98;93.82;97.23;101.52;98.74;97.74;101.47;105.66;100.86;97.44;99.22;87.51;100.44;87.99;90.38;97.7;98.1;104.1
O3;uur;µg/m³;2023-05-19T18:00:00+01:00;2023-05-19T19:00:00+01:00;89.8;89.2;88.6;87.6;91.7;101.82;101.23;104.83;109.16;101.76;95.5;96.49;103.71;103.37;84.89;91.07;97;98.05;97.78;99.09;103.71;94.86;91.6;93.97;91.8;98.11;97.92;98.02;91.81;95.19;100.18;96.92;93.8;102.16;103.46;97.84;95.19;98.85;81.46;93.77;88.23;88.28;95;94.3;102.1
O3;uur;µg/m³;2023-05-19T19:00:00+01:00;2023-05-19T20:00:00+01:00;79.8;85.1;83.9;93.3;99.5;95.66;96.13;94.57;105.18;88.63;92.6;92.8;95.16;100.94;83.22;80.31;103.86;92.2;97.11;93.48;96.47;100.24;84.82;100.3;86.23;91.37;87.67;92.64;87.06;92.04;90.6;91.38;85.65;101.83;95.27;84.25;90.45;91.55;75.91;88.52;90.88;84.73;85.2;85.1;91.6
O3;uur;µg/m³;2023-05-19T20:00:00+01:00;2023-05-19T21:00:00+01:00;80.2;77.8;83;89.8;98;92.45;80.75;81.8;94.7;78.43;86.97;84.06;90.02;92.27;85.75;78.35;95.81;85.6;88.8;87.47;88.17;93.47;83.8;90.09;81.65;82.61;72.46;82.94;76.63;81.09;78.17;80.65;73.49;89.56;85.93;60.99;85.67;73.48;70.1;84.86;90.18;83.79;77.5;77.4;82.2
O3;uur;µg/m³;2023-05-19T21:00:00+01:00;2023-05-19T22:00:00+01:00;68;70.2;72.6;76.9;87;87.69;68.87;77.82;84.58;67.18;81.34;78.72;80.62;86.36;81.49;71.52;81.78;74.4;78.64;75.18;82.29;80.15;76.49;76.49;83.95;75.33;70.02;78.08;67.77;71.08;71.39;70.43;66.22;77.58;80.5;70.43;78.54;70.12;77.37;82.2;86.57;85.51;77.1;73.3;77.7
O3;uur;µg/m³;2023-05-19T22:00:00+01:00;2023-05-19T23:00:00+01:00;66.8;66;64.6;70;76;82.81;64.25;73.51;80.48;63.79;73.82;72.55;68.87;80.2;71.64;46.97;73.8;70.4;72.51;67.49;75.28;75.12;68.22;63.68;85.7;69;68.85;72.53;66.86;70.54;70.17;69.86;64.34;73.96;79.77;66.91;77.68;69.64;77.74;73.67;81.8;79.66;77.6;72.7;75.2
O3;uur;µg/m³;2023-05-19T23:00:00+01:00;2023-05-20T00:00:00+01:00;64.3;65.4;63.6;65;70.1;74.37;65.39;69.72;74.48;60.68;60.65;69.34;63.78;74.79;64.29;56.6;70.78;67.33;70.93;64.52;73.91;71.82;67.51;58.75;83.53;68.55;68.64;69.29;69.99;73.83;70.37;73.77;64.71;73.88;79.54;71.18;76.34;72.55;69.4;63.17;78.01;76.89;83.1;78.8;80.5
O3;uur;µg/m³;2023-05-20T00:00:00+01:00;2023-05-20T01:00:00+01:00;64.9;64.6;65.6;64.2;69.8;66.54;62.8;61.68;66.77;67.61;53.18;69.23;72.11;71.4;57.82;58.66;72.72;64.7;69.39;65.77;77.79;72.27;68.93;60.19;80.71;71.93;65.88;69.39;70.16;76.31;70.32;74.4;64.82;70.64;78.75;72.84;70.49;64.88;65.68;53.6;75.41;67.68;81.8;78.2;80.6
O3;uur;µg/m³;2023-05-20T01:00:00+01:00;2023-05-20T02:00:00+01:00;64.2;66.6;67.6;67;68.2;63.58;60.08;36.68;58.48;67.27;58.05;67.21;73.19;69.16;58.59;62.42;77.36;65.81;71.44;65.7;74.87;76.08;72.64;68.7;77.35;68.41;62.24;70.18;69.29;75.21;66.26;73.36;61.99;64.38;74.64;70.19;65.4;57.98;63.26;47.95;71.66;61.48;76.8;76.8;77.2
O3;uur;µg/m³;2023-05-20T02:00:00+01:00;2023-05-20T03:00:00+01:00;66.9;66.6;68.7;67.4;69.9;;;;;;;;;;;;;;;;;;;;;;;;;;;;;;;;;;;;;;69.6;65.8;71.2
O3;uur;µg/m³;2023-05-20T03:00:00+01:00;2023-05-20T04:00:00+01:00;64.4;64.4;63.8;59.5;60.2;56.02;55.7;25.45;41.93;61.35;52.73;59.91;68.13;62.94;52.01;55.76;72.07;65.78;69.04;57.09;67.88;72.93;69.36;65.34;67.1;61.45;53.85;61.44;59.84;66.62;54.24;66.59;;58.76;65.17;58.82;52.65;54.77;49.08;43.14;63.91;50.39;65.6;63;60.1
O3;uur;µg/m³;2023-05-20T04:00:00+01:00;2023-05-20T05:00:00+01:00;59.4;58.6;58.3;60.2;57.8;50.12;46.85;36.9;38.64;55.99;48.17;54.19;64.01;58.11;50.83;56.9;65.64;62.35;63.38;53.22;65;66.91;62.94;53.32;62.87;59.11;49.77;58.7;53.87;62.79;50.02;59.66;;53.78;58.75;54.33;46.88;50.52;42.78;38.65;59.71;47.41;57.7;58.1;58.2
O3;uur;µg/m³;2023-05-20T05:00:00+01:00;2023-05-20T06:00:00+01:00;54;53.7;53;54.8;52.6;46.5;43.32;38.21;42.78;52.04;44;50.25;59.36;53.5;45;51.59;60.81;59.33;58.34;49.25;63.41;57.45;57.19;47.17;58.24;55.06;45.32;57.46;50.77;56.7;49.14;54.83;;48.18;53.41;51.2;44.95;47.62;44.34;39.25;57.07;48.3;51;51.3;55.5
O3;uur;µg/m³;2023-05-20T06:00:00+01:00;2023-05-20T07:00:00+01:00;47.8;52.1;51.6;49.1;48.2;48.2;49.71;45.42;47.78;52.6;42.63;51.27;56.95;54.71;47.93;52.68;59.81;56.53;57.05;49.72;60.45;53.32;50.71;46.41;54.59;52.98;48.28;55.25;47.91;53.09;42.18;52.88;;54.01;53.38;49.21;47.3;47.74;45.32;49.96;59.93;52.46;49.8;45;51.3
O3;uur;µg/m³;2023-05-20T07:00:00+01:00;2023-05-20T08:00:00+01:00;46.9;52.5;50.9;48.1;50.4;53.84;57.42;50.12;53.99;55.1;48.59;55.72;56.86;57.84;55.86;47.5;57.65;58.06;56.39;50.06;58.33;48.73;53.96;43.24;52.29;50.47;52.13;52.94;51.11;54.64;50.45;56.13;;58.8;57.88;48.94;52.57;50.29;42.71;57.08;62.61;58;52;50;52.2
O3;uur;µg/m³;2023-05-20T08:00:00+01:00;2023-05-20T09:00:00+01:00;51;55;50.8;50.4;56.8;58.07;67.19;58.63;61.17;66.52;55.66;63.3;60.31;68.8;56.95;57.01;57.66;59.05;57.58;58.33;59.11;57.69;57.02;41.86;50.85;53.58;59.01;53.63;56.71;57.13;53.03;61.56;;69.19;68.63;58.34;61.35;59.95;49.64;62.37;63.93;58.95;51.3;50.7;55.4
O3;uur;µg/m³;2023-05-20T09:00:00+01:00;2023-05-20T10:00:00+01:00;55.9;55.2;50.3;61.2;59.7;67.41;75.18;67.71;68.18;76.16;65.16;73.49;74.33;77.34;60.99;59.32;68.06;64.18;63.81;70.47;68.76;67.54;63.62;51.11;57.18;60.67;71.85;62.94;64.7;68.87;64.55;69.45;;77.79;77.92;70.26;73.08;70.07;61.96;68.77;70.33;64.77;55.2;56.4;58.2
O3;uur;µg/m³;2023-05-20T10:00:00+01:00;2023-05-20T11:00:00+01:00;62.5;63.5;64.5;69.7;73.1;70.03;83.36;73.04;74.21;83.77;75.8;80.06;87.72;84.75;73.95;68.46;75.57;73.7;74.4;82.98;77.38;76.23;73.25;60.03;73.58;69.6;80.74;74.4;74.27;80.05;75.65;80.42;;85.88;85.98;80.43;80.54;78.64;67.79;78.4;70.53;72.86;63.2;66.7;66.4
O3;uur;µg/m³;2023-05-20T11:00:00+01:00;2023-05-20T12:00:00+01:00;70.2;72.1;74.4;77.4;82.8;69.76;85.32;76.97;78.49;87.45;87.81;82.02;93.07;88.64;80.27;77.84;81.73;84.35;83.12;88.71;85.09;82.69;81.72;66.67;76.44;75.5;86.12;76.31;80.09;86.82;78.68;87.24;;87.75;90.22;87.07;85.49;82.92;72.05;86.84;72.14;73.17;71.9;74.7;78.3
O3;uur;µg/m³;2023-05-20T12:00:00+01:00;2023-05-20T13:00:00+01:00;71.5;76.1;77.7;82.2;80.6;72.83;85.77;79.25;80.65;91.48;92.25;85.19;96.57;91.07;84.84;87.99;88.38;87.95;88.68;93.45;90.85;90.13;82.56;70.58;78.43;82.16;89.2;81.76;85.81;88.78;87.43;94.3;;91.91;92.52;90.77;87.95;88.34;75.92;90.54;76.9;70.76;79.8;82.5;87
O3;uur;µg/m³;2023-05-20T13:00:00+01:00;2023-05-20T14:00:00+01:00;74;80.3;79.9;87.4;84.6;74.91;85.02;82.49;83.08;94.3;96.48;84.84;100.64;91.71;89.73;94.31;92;91.55;93.38;95.34;96.26;94.03;89.48;73.97;80.3;86.08;91.57;88.53;87.55;92.09;88.74;95.75;;93.04;92.84;90.68;89.72;92.7;74.14;94.44;79.88;72.75;84.9;87;92.7
O3;uur;µg/m³;2023-05-20T14:00:00+01:00;2023-05-20T15:00:00+01:00;79.4;82.1;84.4;90.8;85.4;77.1;89.89;83;79.79;94.58;97.12;84.34;103.41;90.48;92.84;93.37;94.92;95.95;95.98;97.3;99.14;98.12;91;75.85;81.48;90.45;95.89;90.67;86.43;90.75;90.33;95.68;;94.64;95.46;91.98;91.29;93.75;78.18;98.53;85.88;80.13;88;90.4;95.6
O3;uur;µg/m³;2023-05-20T15:00:00+01:00;2023-05-20T16:00:00+01:00;81.3;82.8;85.5;91.7;86.1;80.82;93.47;79.99;78.87;93.75;99.77;87.16;103.38;92.32;93.52;98.22;95.63;94.64;96.03;97.01;102.31;98.75;91.91;78.34;83.43;91.63;97.08;89.65;89.07;91.17;91.65;96.18;;92.65;96.95;91.89;91.44;95.62;80.74;96.19;93.99;88.05;87.9;92.2;96.2
O3;uur;µg/m³;2023-05-20T16:00:00+01:00;2023-05-20T17:00:00+01:00;83.1;84.1;86.1;93.1;86.7;83.77;95.12;80.92;82.32;97.77;96.98;90.93;102.61;96.56;79.5;98.02;92.98;95.08;93.38;96.72;95.34;100.46;91.97;84.08;85.17;87.13;95.93;93.95;90.47;92.45;88.93;97.13;;89.6;95.35;89.65;91.25;95.03;83.22;91.69;95.74;92.23;82.1;86.6;90.8
O3;uur;µg/m³;2023-05-20T17:00:00+01:00;2023-05-20T18:00:00+01:00;82.4;87;86.9;92.8;86.7;85.5;94.55;83.06;82.52;96.8;95.34;90.88;100.98;96.33;79.6;89.39;88.45;94.88;94.43;95.99;93.67;97.48;94.31;84.68;89.24;87.92;95.54;86.62;90.55;92.9;81.09;97.48;;88.8;95.66;87.93;89.81;90.71;88.89;87.39;90.46;85.66;80.9;80.4;85.6
O3;uur;µg/m³;2023-05-20T18:00:00+01:00;2023-05-20T19:00:00+01:00;86.6;83.1;83.3;84.3;86.7;81.34;91.24;83.59;81.25;93.92;91.7;89.48;99.58;95.78;80.88;74.55;88.05;87.6;92.08;92.51;93.22;89.7;82.44;80.57;92.12;87.95;91.01;83.5;91.13;93.89;80.67;97.95;;87.42;94.9;87.91;88.51;87.43;88.53;83.7;82.57;79.66;85.1;85.4;88.2
O3;uur;µg/m³;2023-05-20T19:00:00+01:00;2023-05-20T20:00:00+01:00;78.7;75.6;77.4;80.7;83.2;76.7;84.36;80.67;77.31;87.42;84.44;85.81;95.71;92.21;78.27;68.58;85.12;80.81;84.97;88.09;92.97;86.35;79.76;74.29;88.87;86.81;85.18;86.27;90.36;91.69;80.94;96.63;;84.42;90.46;79.9;83.7;83.4;77.13;76.95;78.81;75.02;87.8;88.2;90.3
O3;uur;µg/m³;2023-05-20T20:00:00+01:00;2023-05-20T21:00:00+01:00;76.6;77.9;74.3;78.5;79.7;71.65;79.85;75.97;74.37;79.88;76.05;75.35;89.01;86.26;71.92;65.35;83.81;82.5;78.05;74.35;90.88;85.18;75.98;69.09;78.25;82.25;79.2;84.51;85.69;87.94;78.56;90.6;;76.24;83.37;52.12;76.92;77.48;62.38;72.35;73.8;67.94;83.9;83.6;87.5
O3;uur;µg/m³;2023-05-20T21:00:00+01:00;2023-05-20T22:00:00+01:00;64.6;73.9;67;75.4;75.1;65.67;67.98;62.74;68.94;72.83;69.76;70.4;81.02;76.13;66.47;65.24;79.06;76.56;73.13;69.74;85.55;77.07;74.73;63.59;71.29;76.42;73.3;74.97;80.96;83.58;67.26;85.97;;73.58;76.82;37.06;74.1;71.8;55.62;67.63;66.49;62.03;75.8;73.8;78
O3;uur;µg/m³;2023-05-20T22:00:00+01:00;2023-05-20T23:00:00+01:00;59.4;67.9;57.5;66.3;74;53.79;56.62;56.57;64.37;62.69;65.14;66.1;76.11;72.09;61.71;65.94;71.55;62.23;53.32;73.59;75.63;73.49;64.56;56.48;67.21;67.47;69;66.17;67.69;78.26;47.47;75.55;;72.96;72.56;58.1;69.12;65.04;54.68;55.54;65.02;59.94;62.5;61.8;66.1
O3;uur;µg/m³;2023-05-20T23:00:00+01:00;2023-05-21T00:00:00+01:00;58.3;57.6;55.3;57.9;65.8;51.9;42.04;50.71;57.5;55.14;57.39;59.21;72.83;63.37;55.89;57.38;65.68;57.19;51.12;67.58;65.33;65.5;57.02;54.65;63.08;57.13;61.46;64.93;56.93;73.13;61.44;69.86;;69.98;68.81;61.4;63.16;59.81;47.43;48.89;62.4;58.52;56.5;54;61.4
O3;uur;µg/m³;2023-05-21T00:00:00+01:00;2023-05-21T01:00:00+01:00;44.6;58.1;55.2;52.3;60;48;35.29;32.47;52.51;50.2;55.85;53.76;70.5;58.48;53.94;51.36;59.64;51.46;56.55;60.83;58.9;51.76;52.33;54;56.95;52.64;60.2;64.14;59.55;66.56;52.79;65.87;;62.17;65.98;50.58;57.99;58.08;45.77;46.45;58.46;52.89;49;49.5;54.9
O3;uur;µg/m³;2023-05-21T01:00:00+01:00;2023-05-21T02:00:00+01:00;53.3;44;47.2;49.7;53.7;44.03;43.1;22.15;46.29;50.11;55.11;49.74;61.08;55.92;46.68;54.68;53.67;55.61;53.89;53.2;54.71;49.68;45.56;51.05;53.13;49.27;57.54;61.91;58.42;63.23;50.12;63.47;;60.56;61.81;57.19;55.97;55.97;48.24;45.91;56.71;49;51.1;49.9;52
O3;uur;µg/m³;2023-05-21T02:00:00+01:00;2023-05-21T03:00:00+01:00;44.3;30.9;42;45.5;48.1;43.02;42.18;18.69;35.03;47.42;42.94;50.95;57.26;52.51;38.75;42.15;49.66;45.87;48.96;44.7;51.86;47.73;44.79;49.36;52.05;47.21;56.1;56.96;57.01;61.06;50.27;62.27;;55.97;57.06;51.73;53.94;52.57;46.78;46.44;55.79;51.54;51.2;50.4;52.6
O3;uur;µg/m³;2023-05-21T03:00:00+01:00;2023-05-21T04:00:00+01:00;35.1;27.3;40.1;38.7;48.1;40.29;42.77;33.59;32.54;42.07;33.04;44.29;55.23;50.83;34.64;31.03;47.64;41.46;49.01;43.49;50.53;43.62;40.11;46.74;49.2;44.76;50.41;54.15;53.34;60.22;47.68;58.08;;50.96;53.26;49.03;49.35;48.09;49.11;48.23;54.38;49.09;52.1;49.2;52.3
O3;uur;µg/m³;2023-05-21T04:00:00+01:00;2023-05-21T05:00:00+01:00;26.7;25.7;38.6;39.6;41.8;35.69;43.08;33.79;32.01;42.12;36.73;44.84;52.28;49.52;34.33;16.16;45.08;36.02;42.76;42.25;48.24;40.35;38.8;44.32;50.18;45.85;43.94;53.68;52.1;56.95;45.32;56.5;;39.49;48.75;47.32;39.04;46.36;46.79;43.82;53.26;45.53;50;34;35.1
O3;uur;µg/m³;2023-05-21T05:00:00+01:00;2023-05-21T06:00:00+01:00;26.8;27;35.8;39.2;40.7;35.03;40.55;30.83;31.95;43.83;35.87;43.54;51.23;45.02;29.1;17.31;41.35;33.88;39.6;41.96;49.46;42.86;36.61;45.12;49.68;46.7;44.34;51.76;48.44;52.73;47.99;51.58;;39.81;44.13;44.16;37.6;46.51;44.89;44.35;55.56;47.93;43.4;32.3;31.6
O3;uur;µg/m³;2023-05-21T06:00:00+01:00;2023-05-21T07:00:00+01:00;32.9;33.2;39.4;41.7;40.3;37.27;40.61;33.97;37.5;41.62;36.85;43.22;46.44;43.97;29.87;19.59;43.56;36.72;40.11;44.33;50.63;45.82;39.94;46.66;48.45;44.49;44.98;49.74;46.8;50.23;45.77;49.89;;43.08;42.94;43.58;40.14;47.79;46.33;46.57;56.79;55.76;41.5;42.9;46.1
O3;uur;µg/m³;2023-05-21T07:00:00+01:00;2023-05-21T08:00:00+01:00;37.6;36;39.8;43.2;44;42.14;43.74;39.26;42.13;43.75;40.82;45.12;50.04;46.46;34.07;32.11;45.73;39.66;45.11;48.26;56.23;45.74;44.06;44.98;51.25;50.26;48.01;47.89;45.96;49.13;47.1;49.98;;47.43;48.16;36.46;42.87;48.95;49.15;52.54;62.35;54.97;43.5;42.6;46.6
O3;uur;µg/m³;2023-05-21T08:00:00+01:00;2023-05-21T09:00:00+01:00;38.9;42.7;40.5;42.3;45.1;48.01;47.67;42.65;44.51;47.16;50.53;49.51;54.32;50.9;39.17;42.92;51.8;49.96;53.38;50.85;59.03;48.4;43;45.4;55.17;51.29;53.2;53.56;50.91;51.61;52.11;54.57;;50.34;51.89;47.42;48.01;54.14;56.58;51.6;66.74;58.49;48.7;49;50.6
O3;uur;µg/m³;2023-05-21T09:00:00+01:00;2023-05-21T10:00:00+01:00;45.5;48.1;48.8;47.4;49.5;49.03;53.69;48.7;48.93;53.69;51.65;56.33;53.23;57.03;45.18;45.7;56.93;56.48;57.81;53.74;61.94;54.06;52.48;50.88;59.18;55.71;64.64;61.17;56.58;59.75;56.69;60.49;;55.48;60.69;53.6;56.72;62.55;60.79;52.97;69.51;63.41;52.3;57.5;60.3
O3;uur;µg/m³;2023-05-21T10:00:00+01:00;2023-05-21T11:00:00+01:00;53.3;57;56.3;55.4;55.6;57.24;61.69;58.85;59.34;61.55;62.84;60.68;62.62;65.01;50.1;51.29;62.19;69.23;65.58;63.74;70.42;64.64;63.54;57.92;67.04;65.09;71.87;67.27;64.19;65.22;64.07;68.46;;65.67;76.59;65.96;64.23;70.9;66.43;58.1;75.04;72.65;61.5;63.6;68.1
O3;uur;µg/m³;2023-05-21T11:00:00+01:00;2023-05-21T12:00:00+01:00;64.2;62;62.8;63.3;68.1;65.55;69.37;67.69;69.35;72.09;72.01;73.45;78.6;73.7;59.7;59.93;72.48;75.41;73.31;66.73;77.44;73.75;72.32;68.09;74.18;72.59;76.11;74.98;69.58;72.73;72.04;75.17;;76.61;86.39;71.86;77.12;72.22;75.34;63.14;78.27;74.13;65.8;69.9;74.3
O3;uur;µg/m³;2023-05-21T12:00:00+01:00;2023-05-21T13:00:00+01:00;66.9;66.5;72.4;70.3;73.5;72.96;84.38;74.52;78.29;80.97;76.37;81.93;83.37;87.27;65.74;61.76;79.45;81.94;79.65;74.57;84.02;78.55;75.02;78.82;79.06;78.43;84.15;79.35;73.14;76.54;78.53;79.08;;83.76;89.35;77.72;84.23;77.49;80.26;70.74;78.69;74.88;70.9;77;80.4
O3;uur;µg/m³;2023-05-21T13:00:00+01:00;2023-05-21T14:00:00+01:00;72.2;73.1;78.4;75.8;79;84.18;91.43;83.59;87.88;89.48;78.19;87.08;85.75;92.78;69.46;74.01;84.2;86.28;84.42;79.49;89.11;83.93;79.91;82.16;86.38;84.31;86.6;83.88;78.32;81.84;82.99;84.44;;91.78;93.03;86;91.29;85.1;84.24;78.37;80.26;75.68;78.1;84.9;88.6
O3;uur;µg/m³;2023-05-21T14:00:00+01:00;2023-05-21T15:00:00+01:00;75.1;72.6;81.2;80.6;84.5;91.31;96.56;91.49;95.86;95.28;83.99;93.32;88.05;98.2;75.79;75.05;88.15;89.5;87.38;86.16;90.97;87.82;81.36;86.34;89.74;87.35;87.28;88.19;81.1;86.33;86.55;88.34;;97.88;97.7;92.28;96.02;87.83;85.57;92.6;79.93;70.03;80.8;85.9;90.2
O3;uur;µg/m³;2023-05-21T15:00:00+01:00;2023-05-21T16:00:00+01:00;74.8;77.1;81.6;82.8;83.9;94;100.91;94.45;102.63;98.19;88.62;98.7;93.38;104.38;79.98;78.87;89.08;91.93;90.66;90.73;93.76;89.12;86.44;86.63;90.24;90.33;91.48;89.44;85.56;88.76;89.73;91.36;;100.32;102.74;97.18;99.3;89.4;84.68;96.43;89.38;74;83.2;87.4;92.9
O3;uur;µg/m³;2023-05-21T16:00:00+01:00;2023-05-21T17:00:00+01:00;75.7;63.7;82.7;84.7;89.1;95.64;103.45;96.45;107.35;98.39;93.46;100.12;95.61;107.03;79.67;82.52;94.59;87.94;92.38;91.41;95.18;92.15;87.72;91.2;90.91;90.16;96.69;91.48;87.33;90.61;92.05;93.78;;101.01;104.58;100.37;102.36;92.83;88.21;95.81;88.75;81.6;84.5;90;94.2
O3;uur;µg/m³;2023-05-21T17:00:00+01:00;2023-05-21T18:00:00+01:00;79.8;66.3;85.2;86.6;90.2;99.64;104.71;98.32;104.82;92.75;92.02;100.98;96.02;107.56;84.16;86.28;95.57;87.35;87.78;91.86;95.28;94.09;90.44;92.54;90.25;92.53;98.57;92.02;86.66;89.29;92.52;93.7;;100.82;106.84;101.22;104.06;94.61;82.83;93.07;89.63;82.19;85;86.9;93.1
O3;uur;µg/m³;2023-05-21T18:00:00+01:00;2023-05-21T19:00:00+01:00;80;66.5;84.2;83.7;86.3;99.14;103.19;94.88;105.42;88.91;82.37;99.26;93.93;106.18;82.99;81.78;94.28;83.81;85.34;89.78;98.14;91.56;86.25;90;88.53;92.11;91.15;90.63;84.02;88.4;87.43;89.66;;95.31;107.35;96.27;103.51;88.46;77.81;78.28;84.5;76.51;84.4;83.7;87.8
O3;uur;µg/m³;2023-05-21T19:00:00+01:00;2023-05-21T20:00:00+01:00;77.2;68;84.2;81.3;81.5;94.22;95.74;85.93;103.75;83.84;78.38;95.54;89.68;101.93;79.75;80.51;93.11;82.01;79.33;83.34;97.7;93.47;84.45;91.68;84.82;66.64;77.34;83.27;82.8;86.35;82.47;88.79;;82.45;99.96;79.79;99.17;83.39;65.63;72.75;82.76;70.87;81.7;80.7;77.4
O3;uur;µg/m³;2023-05-21T20:00:00+01:00;2023-05-21T21:00:00+01:00;75.1;72.5;82.1;74.8;86.1;85.85;69.93;74.77;89.78;80.18;71.94;75.98;84.46;84.43;71.66;84.02;81.29;82.82;76.04;73.62;92.67;87.73;81.23;80.96;80.82;63.26;70.59;68.66;79.33;83.93;57.91;85.93;;71.52;69.75;80.92;87.7;68.79;56.76;54.43;78.36;66.71;79;71.2;72.8
O3;uur;µg/m³;2023-05-21T21:00:00+01:00;2023-05-21T22:00:00+01:00;67.8;60.8;77.6;73.6;83.4;76.88;54.34;53.99;47.53;78.43;65.13;70.45;69.89;70.18;74.49;68.6;85.48;77.93;66.18;71.45;86.58;80.38;72.13;80;71.03;75.87;63.93;42.78;71.35;75.71;56.94;77.89;;71.52;57.66;66.66;74.49;59.37;53.82;46.96;69.21;59.17;73;65.8;64.8
O3;uur;µg/m³;2023-05-21T22:00:00+01:00;2023-05-21T23:00:00+01:00;63.7;57.6;73.9;75.2;80.7;70.79;52.51;41.49;31.15;73.7;57.05;64.12;63.91;68.55;75.77;75.39;82.6;71.48;59.34;66.15;84.12;85.23;74.64;80.88;64.57;57.37;53.96;38.94;65.75;70.38;47.95;71.92;;70.21;56.29;50.67;66.85;46.96;50.06;43.25;65.38;52.97;68.8;57.8;59.5
O3;uur;µg/m³;2023-05-21T23:00:00+01:00;2023-05-22T00:00:00+01:00;66.7;60.8;73.7;69.1;77.6;62.27;48.28;39.95;29.26;59.36;53.7;63.62;58.16;65.41;75.4;75.25;78.79;75.25;59.17;62.77;76.57;78.32;70.15;76.77;68.17;45.4;50.43;44.61;61.58;66.9;45.62;67.74;;55.38;46.78;67.24;53.13;45.16;42.85;40.31;64.52;50.81;66.3;38.8;52
O3;uur;µg/m³;2023-05-22T00:00:00+01:00;2023-05-22T01:00:00+01:00;62.7;54.8;65.7;63;72.7;56.19;45.89;57.48;24.41;51.22;52.27;61.41;58.89;59.45;71.99;74.49;74.08;71.61;61.38;62.1;76.63;73.53;66.66;71.65;62.11;45.27;37.42;41.17;53.84;60.67;42.57;61.36;;42.51;36.42;57.78;43.71;79.2;38.86;16.7;57.88;48.04;64.9;31.1;39.9
O3;uur;µg/m³;2023-05-22T01:00:00+01:00;2023-05-22T02:00:00+01:00;57;53.9;59;51.7;66.9;45.49;31.51;40.34;47.28;47.98;46.44;55.52;54.17;50.08;70.23;69.8;68.02;66.99;55.94;52.06;69.2;68.01;60.02;67.81;54.48;48.13;39.37;37.45;50.14;57.05;25.33;55.86;;37.49;39.53;44.93;38.96;80.83;35.44;10.54;53.68;40.52;59.4;42.2;32.1
O3;uur;µg/m³;2023-05-22T02:00:00+01:00;2023-05-22T03:00:00+01:00;47.9;47;54.6;51.5;63.9;42.64;32.99;31.28;45.31;42.54;48.47;44.97;48.75;41.33;62;71.15;66.55;61.88;36.54;57.32;59.58;62.05;51.32;66.56;48.55;25.61;32.6;33.31;50.71;53.95;28.49;56.04;;25.9;30.39;35.54;60.25;52.88;40.16;2.89;35.51;33.84;54.4;39.2;37.6
O3;uur;µg/m³;2023-05-22T03:00:00+01:00;2023-05-22T04:00:00+01:00;42.1;43.2;55;55.8;64;40.93;26.07;34.83;41.08;38.36;49.95;36.8;39.13;34.48;64.53;72.52;65.9;56.65;29.78;47.06;64.96;60.55;53.15;64.31;50.85;36.95;24.49;23.28;44.77;47.93;23.07;49.95;;34.17;24.76;31.81;70.92;53.96;39.36;2.94;37.8;29.71;47.4;10.1;19.4
O3;uur;µg/m³;2023-05-22T04:00:00+01:00;2023-05-22T05:00:00+01:00;45.6;42.2;55.4;53.7;53;30.64;24.69;38.85;44.03;31.01;56.29;28.32;32.63;30.31;66.48;68.93;68.42;57.57;34.03;29.3;63.94;59.62;45.43;65.17;43.2;46.27;28.59;31.64;25.2;20.91;18.23;28.2;;53.63;11.39;17.99;49.53;36.83;43.72;1.14;43.51;23.13;12.2;7.6;20
O3;uur;µg/m³;2023-05-22T05:00:00+01:00;2023-05-22T06:00:00+01:00;21.3;28.5;50.4;46.5;56.2;28.88;28.67;39.76;43.92;26.51;62.15;26.05;27.73;31.7;63;66.2;55.65;57.54;24.87;11.17;55.8;45.36;32.03;55.14;53.85;41.89;20.54;42.34;17.1;13.37;14.63;22.49;;27.65;18.68;17.87;24.87;26.67;46.76;4.38;50.05;29.83;37.6;18.3;20.2
O3;uur;µg/m³;2023-05-22T06:00:00+01:00;2023-05-22T07:00:00+01:00;5.3;26.5;40.9;32.1;54.6;29.73;26.99;31.54;38.03;24.24;65.52;22.4;32.26;31.94;56.74;64.68;51.18;41.19;26.8;24.7;59.7;42.64;38.82;48.96;65.67;33.62;29.77;48.18;20.21;21.83;18.3;26.21;;32.59;28.32;18.81;23.92;24.47;48.8;18.11;88.06;34.16;37.1;24;20.4
O3;uur;µg/m³;2023-05-22T07:00:00+01:00;2023-05-22T08:00:00+01:00;17.4;22;46.2;36.8;57.9;31.06;23.8;29.3;33.67;25.31;67.17;24.5;44.6;31.05;65.85;71;54.81;39.38;23.34;25.4;57.55;46.44;39.75;49.62;66.76;24.84;46.03;42.23;25.9;23.25;24.94;34.23;;42.63;32.42;27.74;23.71;27.83;74.28;21.89;92.65;62.34;49.5;38.4;45.3
O3;uur;µg/m³;2023-05-22T08:00:00+01:00;2023-05-22T09:00:00+01:00;34.6;30.8;47.5;41.6;60.9;30.69;28.1;29.47;32.53;30.06;68.15;25.58;46.29;33.09;67.95;70.6;56.78;44.75;31.78;27.97;67.45;53.54;51.17;47.83;83.55;44.59;47.07;44.31;41.86;32.12;47.08;48.53;;40.67;43.46;42.84;32.15;56.12;80.91;30.56;92.79;84.87;61.3;58.5;62.9
O3;uur;µg/m³;2023-05-22T09:00:00+01:00;2023-05-22T10:00:00+01:00;32.3;37.4;48.2;36.8;55.9;35.33;37.92;29.54;32.73;45.15;66.32;26.76;60.54;35.73;67.47;66.87;62.37;56.6;48.22;40.18;67.54;63.19;48.09;61.57;84.98;67.7;69.31;45.79;55.11;54.51;58.02;63.25;;75.53;72.5;44.42;44.05;69.68;75.9;42.11;93.73;79.29;85.7;86.8;84.6
O3;uur;µg/m³;2023-05-22T10:00:00+01:00;2023-05-22T11:00:00+01:00;47.2;44.1;50.3;30.1;44.2;45.25;51.87;36.62;35.5;62.45;71.65;34.73;69.39;44.78;62.08;71.63;67.15;60.15;;58.73;69.7;68.79;54.08;65.62;85.82;68.15;75.34;79.82;67.36;74.93;70.76;76.01;56.8;70.36;84.54;41.78;55.37;74.98;85.04;51.85;91.31;74.82;79.9;84.8;88
O3;uur;µg/m³;2023-05-22T11:00:00+01:00;2023-05-22T12:00:00+01:00;39.6;47;57.4;32.6;60.8;46.09;67.26;41.23;45.37;75.11;67.89;51.12;77.69;58.05;67.63;76.33;65.86;71.11;;93.07;85.8;68.29;58.15;66.49;90.38;81.19;90.25;99.06;79.02;82;74.52;89.42;70.77;88.7;93.62;52.96;85.3;85.74;81.12;58.65;83.37;65.56;86.6;91.1;94.5
O3;uur;µg/m³;2023-05-22T12:00:00+01:00;2023-05-22T13:00:00+01:00;27;49.8;64.2;46.1;49.9;53.84;88.06;47.03;48.08;86.44;74.47;65.08;79.92;76.5;75.88;81.17;70.08;73.92;76.95;;108.8;75.64;67.48;74.53;99.38;91.35;106.12;77.11;86.93;94.94;86.26;98.42;92.13;105.93;101.76;76.28;99.66;96.86;87.15;66.88;82.24;69.29;98.6;94.4;104.9
O3;uur;µg/m³;2023-05-22T13:00:00+01:00;2023-05-22T14:00:00+01:00;38;56;77.4;47.5;65.8;70.48;95.22;60.91;58.98;92.83;80.34;82.56;90.27;89.97;80.89;78.07;95.18;78.67;66.49;64.57;116.78;91.71;78.1;95.37;103.55;87.05;102.96;96.11;91.34;100.81;93.83;102.82;95.61;111.99;111.33;94.66;110.6;98.69;94.54;89.3;84.87;80.48;104.5;93;100.1
O3;uur;µg/m³;2023-05-22T14:00:00+01:00;2023-05-22T15:00:00+01:00;78.3;71.3;99.7;95.9;105.2;85.34;102.37;72.59;68.49;97.51;83.87;89.86;88.49;94.48;76.47;83.09;118.27;94.49;70.23;63.4;115.87;113.15;100.85;114.26;108.28;102.27;103.58;108.05;96.7;104.49;101.39;108.77;103.18;113.72;106.53;101.46;113.51;97.13;99.09;105.89;97.22;82.25;102;100.5;96.5
O3;uur;µg/m³;2023-05-22T15:00:00+01:00;2023-05-22T16:00:00+01:00;99.9;84.3;109.6;101.2;107.3;95.39;104.16;83.89;82.52;110.69;90.09;91.32;83.03;98.65;89.96;83.38;110.01;110.39;109.2;114.22;116.24;112.65;110.13;109.71;110.65;96.62;107.46;108.35;102.69;107.65;100.14;112.3;108.48;112.24;105.74;102.55;104.54;99.07;102.65;90.85;102.76;87.07;107;105.3;110.3
O3;uur;µg/m³;2023-05-22T16:00:00+01:00;2023-05-22T17:00:00+01:00;98.9;83.6;107.4;102.8;110.9;94.99;125.26;91.69;94.74;86.11;82.14;95.87;88.43;100.13;104.32;83.5;123.42;109.9;115.04;116.73;123.9;113.91;107.28;116.81;109.4;98.36;110.38;103.84;104.09;107.72;99.64;112.77;105.8;97;108.4;87.21;103.72;102.76;102.87;93.02;108.52;100.53;111.4;100.7;107.9
O3;uur;µg/m³;2023-05-22T17:00:00+01:00;2023-05-22T18:00:00+01:00;101.7;92.8;110;106.4;95.6;95.4;98.86;89.3;96.07;95.26;96.16;78.11;120.81;92.23;102.46;92.62;109.12;112.63;111.1;113.71;114.85;116.44;112.53;110.68;107.62;102.46;111.94;102.63;105.44;106.94;98.17;114.07;102.36;69.12;112.84;99.41;104.13;103.22;103.94;101.01;108.56;104.96;114.7;105.7;112.8
O3;uur;µg/m³;2023-05-22T18:00:00+01:00;2023-05-22T19:00:00+01:00;101.9;83.3;107.3;90.7;90.6;98.42;90.33;89.35;94.69;109.8;107.19;99.94;115.8;96.69;95.62;89.82;97.88;106.87;111.87;113.77;96.81;102.36;99.81;98.8;106.29;81.38;111.72;103;104.86;108.51;94.03;114.12;101.33;94.63;111.56;100.47;102.83;100.82;103.45;103.14;108.79;103.54;113;105.6;108.9
O3;uur;µg/m³;2023-05-22T19:00:00+01:00;2023-05-22T20:00:00+01:00;91.9;82;98.9;76.3;83.8;93.72;94.86;75.11;85.52;103.88;101.59;96.29;111.33;103.78;92.44;86.9;91.26;99.95;97.17;108.28;88;95.32;91.59;91.67;101.54;82.12;107.72;91.65;101.95;107.65;90.8;110.32;96.4;96.73;106.72;98.09;96.43;94.62;100.4;95.84;104.11;104.97;107.4;94.5;99.4
O3;uur;µg/m³;2023-05-22T20:00:00+01:00;2023-05-22T21:00:00+01:00;74.4;71.7;85.6;72.2;81.8;94.73;93.89;67.65;79.32;97.56;76.81;89.83;102.87;95.69;82.28;88.89;90.25;91.98;84.36;94.83;97.05;90.09;78.89;88.79;91.89;82.81;103.92;80.66;93.72;94.55;79.85;102.33;78.17;90.78;96.9;92.8;92.06;94.39;92.4;94.14;95.92;102.66;102.6;88.7;94.9
O3;uur;µg/m³;2023-05-22T21:00:00+01:00;2023-05-22T22:00:00+01:00;78.3;77.3;86.9;80.5;84.4;91.95;90.11;60.22;64.79;92.72;69.54;88.64;90.81;85.98;85.16;84.15;90.39;89.75;81.96;93.69;96.91;90.98;84.71;88.33;93.96;88.61;98.9;79.29;83.52;85.33;81.47;92.71;78.64;82.88;91.32;92.39;95.44;90.41;91.63;89.76;86.5;93.64;91.1;86.6;89.8
O3;uur;µg/m³;2023-05-22T22:00:00+01:00;2023-05-22T23:00:00+01:00;71.5;79.3;89.1;80.7;88.1;84.78;92.99;43.41;59.44;87.8;78.88;79.82;83.87;82.79;85.67;85.07;96.61;90.47;87.55;92.38;98.17;93.66;89.08;93.41;90.82;90.33;98.63;80.78;87.14;92.48;79.48;95.2;77.43;85.55;98.72;91.37;95.34;85.91;88.56;91.53;85.07;78.19;93.5;86.7;91.9
O3;uur;µg/m³;2023-05-22T23:00:00+01:00;2023-05-23T00:00:00+01:00;79.2;83.6;91.6;84.2;87.8;84.07;83.08;45.52;51.66;84.45;78.15;74.38;88.11;78.91;86.17;81.35;94.22;94.98;91.28;91.72;95.59;94.4;93.84;92.95;90.87;89.13;96.12;86.24;87.25;91.4;85.96;95.74;78.23;89.33;97.86;96.93;90.63;84.69;85.87;82.51;91.54;75.63;92.7;86.7;89.1
O3;uur;µg/m³;2023-05-23T00:00:00+01:00;2023-05-23T01:00:00+01:00;84.2;84.2;90.9;87.6;89.8;83.96;90.33;51.65;49.53;80.49;78.25;71.38;86.6;71.84;88.47;83.11;97.43;92.9;89.35;94.64;100.67;96.79;94;95.99;92.04;90.02;95.18;84.54;87.12;91.12;85.38;95.68;79.7;87.02;93.76;93.56;88.29;81.65;84.61;72.88;93.51;85.31;93;89.4;92.8
O3;uur;µg/m³;2023-05-23T01:00:00+01:00;2023-05-23T02:00:00+01:00;84.5;89.4;93.1;89.1;88.6;75.66;86.58;63.08;73.36;86.58;87.25;72.51;92.7;75.71;85.42;82.46;96.09;97.28;93.18;94.8;95.54;96.49;95.23;94.87;88.26;86.13;99.07;90.27;87.64;89.24;88.46;95.66;82.87;85.24;91.07;94.1;86.92;77.85;88.22;72.65;88.3;90.49;97.1;91.7;95.4
O3;uur;µg/m³;2023-05-23T02:00:00+01:00;2023-05-23T03:00:00+01:00;78.7;83.8;88.1;84.8;85.5;77.1;86.25;67.3;79.57;90.69;86.89;82.35;94.14;84.54;84.94;86.66;90.11;93.57;94.19;96.59;94.55;90.19;90.87;88.21;84.97;85.2;98.34;87.02;91.55;95.9;89.43;99.81;89.05;86.26;89.59;90.76;81.12;80.13;85.41;76.16;88.57;84.17;90.3;85.3;87.5
O3;uur;µg/m³;2023-05-23T03:00:00+01:00;2023-05-23T04:00:00+01:00;70;79.4;84.9;81.8;82.3;84.58;87.4;73.9;81.36;90.28;85.58;84.83;97.34;84.95;79.92;89.03;88.32;88.12;86.65;89.58;89.13;87.94;86.48;86.57;76.86;81.01;96.47;82.92;89.56;94.39;83.71;97.44;80.63;79.93;94.62;92.17;79.31;81.13;80.59;77.51;88.52;87;85.3;79.7;84.9
O3;uur;µg/m³;2023-05-23T04:00:00+01:00;2023-05-23T05:00:00+01:00;70.4;73.2;82.3;84.4;87.4;86.98;87.21;74.15;79.31;93.05;79.67;87.69;90.91;89.95;83.32;82.58;89.25;85.48;84.4;87.87;90.26;85.87;81.04;85.71;82.58;80.6;85.11;78.15;81.52;86.46;70;89.19;78.8;78.57;95.66;88.18;81.02;79.06;73.76;77.54;76.7;80.32;78.7;74.5;78.8
O3;uur;µg/m³;2023-05-23T05:00:00+01:00;2023-05-23T06:00:00+01:00;68.4;69.2;81.7;85.1;89.4;86.69;86.11;72.18;81.99;83.9;77.52;86.85;87.03;86.29;86.18;84.63;92.73;85.57;81.12;82.36;94.56;86.05;77.75;88.55;81.5;83.83;77.7;79.24;73.84;75.48;62.09;80.62;74.08;82.77;83.63;85.84;78.91;69.44;78.64;76.24;72.71;70.59;82.6;79.1;82.6
O3;uur;µg/m³;2023-05-23T06:00:00+01:00;2023-05-23T07:00:00+01:00;70;70.4;82.2;80.5;80.9;86.92;82.59;75.71;84.26;75.85;79.04;75.48;82.44;79.38;84.28;83.84;82.56;76.35;82.67;84.85;81.7;80.48;79.57;80.48;71.75;71.23;80.77;81.01;78.62;77.77;67.01;85.3;77.47;78.4;79.98;72.65;68.26;74.59;73.96;66.61;75.97;72.92;75.5;67.9;75.6
O3;uur;µg/m³;2023-05-23T07:00:00+01:00;2023-05-23T08:00:00+01:00;58.3;60;68.7;67.2;72;83.33;71;76.79;83.96;74.7;81.43;67.29;85.66;70.7;70.83;82.35;74.55;63.6;74.6;77.82;79.36;70.83;66.63;71.06;71.63;66.48;76.22;70.95;72.55;72.81;58.55;79.73;73.88;66.43;82.23;72.72;70.81;70.71;68.87;69.01;71.54;73.39;67.3;61.4;64
O3;uur;µg/m³;2023-05-23T08:00:00+01:00;2023-05-23T09:00:00+01:00;61.7;57.1;65.5;70.7;72.7;74.24;75.06;70.04;77.79;77.37;70.16;70.07;77.18;72.55;69.38;68.73;74.85;66.08;69.25;67.06;77.23;71.73;68.28;72.18;71.81;72.1;71;69.39;65.27;67.13;65.55;70.82;65.73;69.52;76.52;76.81;72.64;67.94;70.86;69.39;71.78;72.99;69.5;66.1;68
O3;uur;µg/m³;2023-05-23T09:00:00+01:00;2023-05-23T10:00:00+01:00;63;57.5;65;71;73.6;72.21;77.27;58.85;69.61;72.23;69.05;71.4;72.97;74.29;72.03;70.42;75.33;63.76;72.33;71.75;79.69;74.27;69.25;73.12;72.54;70.24;72.63;72.09;71.41;73.6;71.06;76.41;69.68;74.42;;68.52;68.53;71.58;70.31;68.34;71.21;75.1;70.6;68.5;70.5
O3;uur;µg/m³;2023-05-23T10:00:00+01:00;2023-05-23T11:00:00+01:00;62.6;57.5;68.5;72.6;74.2;76.99;71.16;69.37;74.72;68.95;72.44;64.44;73.89;68.13;73.29;73.49;76.76;65.86;73.46;74.49;79.41;75.63;71.7;74.57;74.06;70.74;73.31;73.09;71.83;73.85;69.54;76.97;;68.23;;67.71;72.63;72.21;70.75;73.46;72.23;75.15;69.1;70;70.2
O3;uur;µg/m³;2023-05-23T11:00:00+01:00;2023-05-23T12:00:00+01:00;62.6;56.1;68.4;72.8;74.3;74.27;72.35;72.69;79.05;77.44;75.57;69.74;81.11;71.25;72.94;75.9;78;68.66;76.32;75.06;81.07;75.05;70.08;74.33;76.66;70.31;72.35;70.3;70.38;71.79;68.32;75.39;;73.86;;75.12;74.73;71.97;73.13;75.05;74.24;75.8;70.3;67.1;69.7
O3;uur;µg/m³;2023-05-23T12:00:00+01:00;2023-05-23T13:00:00+01:00;62.1;57.1;69.4;75.1;78;72.41;79.27;68.76;74.46;78.9;78.83;75.9;80.9;81.17;74.58;76.34;81.35;71.23;75.07;73.14;85.23;79.52;72.91;78.08;80.68;74.26;74.4;73.41;71.05;73.44;74.34;77.29;;77.46;;74.41;74.84;72.23;75.95;73.58;75.11;78.2;73.8;71.4;74.3
O3;uur;µg/m³;2023-05-23T13:00:00+01:00;2023-05-23T14:00:00+01:00;67.6;59;74.3;79;;76.85;78.78;71.67;77.13;78.43;77.9;73.28;79.68;78.26;77.43;77.65;84.35;69.93;79.86;77.45;87.8;81.16;76.42;80.81;82.79;76.66;79.02;76.79;75.14;75.95;76.06;81.59;;78.16;76.11;72.83;74.84;73.09;74.74;75.22;77.98;80.75;76.1;75.7;76.6
O3;uur;µg/m³;2023-05-23T14:00:00+01:00;2023-05-23T15:00:00+01:00;69.6;59.7;78;80.9;;84.29;78.37;80.74;85.96;;82.39;74.46;85.27;79.38;78.82;79.98;84.81;75.17;80.96;82.18;87.82;83.31;77.69;82.57;80.95;77.3;80.83;78.27;78.76;79.69;79.67;85.1;79.8;77.8;79.9;74.69;75.49;73.07;78.53;78.98;78.56;81.81;77.3;75.7;79.4
O3;uur;µg/m³;2023-05-23T15:00:00+01:00;2023-05-23T16:00:00+01:00;71.2;61.2;79.1;82.4;;82.62;78.52;83.93;88.66;83.05;83.94;76.64;86.52;83.19;80.77;80.59;83.93;75.27;82.43;82.78;87.49;81.9;80.36;81.29;77.64;79.53;81.76;77.98;80.64;82.58;80.35;87.02;79.69;78.98;82.65;77.94;77.05;77.85;80.32;79.29;75.21;79.78;79.2;77.8;80.8
O3;uur;µg/m³;2023-05-23T16:00:00+01:00;2023-05-23T17:00:00+01:00;73;63.6;78.2;80.6;;82.19;82.89;82.75;88.44;82.1;83.37;78.59;85.67;86.35;80.73;80.53;82.52;75.36;82.8;83.66;84.84;81.84;78.91;78.9;75.69;74.9;83.97;79.09;81.88;85.29;81.31;88.65;80.77;78.73;82;79.27;79.44;77.17;74.05;79.54;76.77;78.88;76.2;75.2;78.4
O3;uur;µg/m³;2023-05-23T17:00:00+01:00;2023-05-23T18:00:00+01:00;72.3;66.9;76.5;79;;80.56;83.3;81.36;87.73;80.1;81.72;79.01;83.56;83.65;78.46;81.49;80.82;75.87;80.74;83;82.47;81.02;77.75;78.27;76.53;74.93;78.36;75.75;77.07;79.81;75.83;83.01;79.46;79;84.2;78.62;78.34;75.63;74.8;78.8;75.79;78.15;74.1;69.9;72.8
O3;uur;µg/m³;2023-05-23T18:00:00+01:00;2023-05-23T19:00:00+01:00;68;65;73.5;75.7;;79.71;83.06;82.15;87.21;82.12;77.05;81.52;81.82;86.34;75.01;78.43;78.31;77.52;78.12;77.73;81.74;77.48;74.33;75.05;74.93;74.46;76.73;71.81;74.36;77.55;70.92;80.02;74.54;79.61;81.68;78.21;75.82;75.3;73.58;76.45;76.41;77.39;73.3;68.1;71.8
O3;uur;µg/m³;2023-05-23T19:00:00+01:00;2023-05-23T20:00:00+01:00;64.8;63.2;70.4;75;;78.66;78.44;78.67;85.17;77.13;72.7;77;75.27;83.53;74.31;74.45;77.65;74.96;73.53;74.61;79.66;76.47;71.68;74.65;70.89;71.35;73.25;72.74;71.33;73.91;70.79;76.56;67.77;77.38;76.95;76.27;71.13;69.85;69.99;74.16;76.44;75.38;70.8;69;69.7
O3;uur;µg/m³;2023-05-23T20:00:00+01:00;2023-05-23T21:00:00+01:00;64.2;62.3;66.5;73.2;75.7;73.92;75.69;74.19;80.61;69.23;67.16;68.17;71.47;76.22;70.41;70.97;75.1;72.71;70.97;72.19;75.51;73.58;71.34;72.2;65.79;70.08;67.61;63.88;68.55;71.03;65.45;74.03;62.34;69.84;72.82;68.53;62.38;63.3;63.76;64.64;78.39;74.19;63.5;57.9;61
O3;uur;µg/m³;2023-05-23T21:00:00+01:00;2023-05-23T22:00:00+01:00;58.8;55;60.8;66.8;74;71.08;67.9;70.94;77.5;62.73;53.4;69.08;66.6;71.16;64.05;69;72.48;68.56;65.1;68.37;75.17;66.31;62.05;70.28;60.28;70.57;59.43;55.76;64.84;67.38;41.52;70.05;47.26;58.66;63.88;67.08;52.22;61.85;54.54;52;79.5;70.44;59.8;49.7;58
O3;uur;µg/m³;2023-05-23T22:00:00+01:00;2023-05-23T23:00:00+01:00;59;43.2;51.5;60.4;73.9;66.5;60.85;68.51;73.65;58.84;48.37;64.03;62.9;67.86;58.76;54.85;72.46;62.31;59.07;61.5;68.87;63.05;51.13;70.01;62.77;66.84;44.55;49.75;58.96;60.67;42.87;64.87;42.25;55.66;48.73;65.2;42.08;53.65;56.81;52.95;72.66;70.02;59.6;43.6;54.8
O3;uur;µg/m³;2023-05-23T23:00:00+01:00;2023-05-24T00:00:00+01:00;58.6;37.7;50.1;52.6;72.2;59.13;51.54;56.85;66.31;53.06;43.99;59.18;57.11;57.21;56.17;42.88;72.49;59.38;50.96;55.85;57.13;59.98;46.66;69.64;59.18;58.44;41.11;47.67;56.2;59.44;43.39;62.56;39.85;53.22;27.01;58.86;30.65;49.49;60.32;47.05;73.34;62.99;56.7;52.6;51.6
O3;uur;µg/m³;2023-05-24T00:00:00+01:00;2023-05-24T01:00:00+01:00;54.1;34;46.8;56;72.2;54.34;38.43;49.12;59.65;49.61;35.91;52.83;54.63;49.11;50.96;38.12;70.71;56.25;33.01;54.98;40.89;49.14;42.92;71.11;54.23;39.85;32.4;43.04;52.58;61.61;41.37;58.98;39.43;48.02;20.4;63.84;20.56;51.43;62.41;45.99;74.44;60.08;48.7;49.6;46.7
O3;uur;µg/m³;2023-05-24T01:00:00+01:00;2023-05-24T02:00:00+01:00;51.2;19.5;43.2;45.6;63;47.37;29.12;45.16;49.62;43.78;29.3;48.08;52.97;44.2;50.32;48.67;64.92;49.34;19.53;51.82;36.61;31.79;37.02;59.49;51.97;34.69;23.66;38.69;51.51;52.24;27.37;55.89;37.22;39.83;14.77;59.53;18.34;51.37;61.79;44;73.51;63.43;46.7;22.4;31.4
O3;uur;µg/m³;2023-05-24T02:00:00+01:00;2023-05-24T03:00:00+01:00;40.5;22.6;30.1;37.3;60.1;;;;;;;;;;;;;;;;;;;;;;;;;;;;;;;;;;;;;;46.3;31.2;27.3
O3;uur;µg/m³;2023-05-24T03:00:00+01:00;2023-05-24T04:00:00+01:00;49.8;30;22.8;47.2;66.8;30.95;10.02;21.82;28.31;13.03;15.69;24.05;41.38;26.61;46.44;19.64;66.41;50.28;14.74;28.25;68.13;19.27;15.86;62.59;55.57;51.19;56.14;35.18;37.9;37.44;22.06;40.68;34.64;26.23;5.13;34.5;9.6;42.13;59.15;37.38;73.01;67.81;49.2;33.4;19
O3;uur;µg/m³;2023-05-24T04:00:00+01:00;2023-05-24T05:00:00+01:00;48.2;10.9;25.1;49.7;68.4;22.58;6.12;15.96;23.63;10.42;13.38;19.36;33.41;23.19;48;16.63;65.26;43.11;13.89;17.63;68.97;16.36;4.76;53.8;60;39.98;53.24;29.97;31.01;26.02;20.82;29.58;29.21;19.9;2.07;24.07;6.42;46.65;61.91;39.22;73.33;68.78;47.8;45.2;15.5
O3;uur;µg/m³;2023-05-24T05:00:00+01:00;2023-05-24T06:00:00+01:00;45.5;11.1;19.2;44.4;67.7;15.66;8.29;11.37;17.5;5.4;6.47;15.74;13.28;22.32;53.2;14.29;69.12;46.19;14.62;8.22;65.22;10.2;6.39;60.81;55.23;38.03;55.21;32.59;25.32;19.31;16.43;31.01;26.25;14.93;3.04;28.56;7.42;45.78;61.32;43.84;73.04;69.31;50.3;32.5;22.7
O3;uur;µg/m³;2023-05-24T06:00:00+01:00;2023-05-24T07:00:00+01:00;40.9;25.4;38.3;51.3;66.7;29.34;27.62;31.91;34.36;21.7;11.94;19.26;26.65;28.47;58.1;24.47;65.46;54.33;33.98;27.42;70.51;58.6;31.14;66.31;62.95;58.62;52.5;44.72;33.47;42.25;28.82;42.65;39.38;23.48;23.72;38.16;18.9;51.68;65.39;51;73.57;70.01;50.6;39.1;45
O3;uur;µg/m³;2023-05-24T07:00:00+01:00;2023-05-24T08:00:00+01:00;48.9;34.3;51.1;60.7;63.9;45.92;47.67;55.27;56.64;60.99;46.98;50.56;52.18;49.73;55.19;47.97;61.36;44.74;47.2;56.8;75.58;54.96;49.65;61.91;69.9;67.7;64.15;57.62;49.84;55.09;46.62;56.51;53.39;57.13;30.19;48.21;55.06;62.36;67.74;61.29;74.07;75.6;66.4;58.1;59.1
O3;uur;µg/m³;2023-05-24T08:00:00+01:00;2023-05-24T09:00:00+01:00;50.7;46.7;53.9;56.8;61.6;59.35;61.27;65.38;70.07;65.06;60.86;57.29;56.98;61.57;59.44;55.9;74.92;55.21;59.02;59.44;75.37;70.49;54.26;73.32;73.96;64.96;70.52;64.9;60.42;62.68;57.07;63.49;60.37;66.61;54.95;60.04;62.46;70.06;71.08;68.1;74.52;;68.3;64.1;62.9
O3;uur;µg/m³;2023-05-24T09:00:00+01:00;2023-05-24T10:00:00+01:00;55.6;50.8;62.1;67.6;73.1;66.61;69.34;69.32;72.66;66.12;66.15;69.07;65.89;66.25;64.92;57.92;74.82;62.15;61.19;63.17;78.93;76.63;66.7;74.4;77.38;69.96;76.03;72.42;68.07;71.06;66.15;71.62;64.9;73.54;70.73;65.56;70.6;72.03;76.1;77.08;77.34;;71.4;67.3;67.7
O3;uur;µg/m³;2023-05-24T10:00:00+01:00;2023-05-24T11:00:00+01:00;66.5;53.8;66.3;68.9;71.1;70.36;73.01;73.86;75.8;70.74;70.29;68.38;68.97;72.86;60.39;58.12;76.17;67.99;65.06;70.09;81.94;77.7;72.04;72.83;78.94;70.5;80.09;77.48;72.76;75.95;61.59;77.19;70.97;78.1;73.21;63.34;73.37;72.91;75.77;76.17;77.09;;75.1;69.6;70.5
O3;uur;µg/m³;2023-05-24T11:00:00+01:00;2023-05-24T12:00:00+01:00;65.3;56.9;70.8;69.6;77;75.91;73.25;76.52;82.09;76.18;68.28;74.68;72.7;76.69;74.95;73.51;78.8;75.43;75.97;77.27;80.18;79.9;72.42;75.67;80.76;69.6;79.95;78.69;79.02;82.22;74.93;82.49;78.06;77.57;78.62;66.75;79.03;74.54;78.75;79.4;76.69;;73.3;71.5;73.8
O3;uur;µg/m³;2023-05-24T12:00:00+01:00;2023-05-24T13:00:00+01:00;66.9;59;72.4;71.1;81.4;76.88;70.19;79.51;82.78;80.09;74.38;76.35;81.01;81.41;72.42;74.29;77.49;81.19;83.1;82.64;86.62;81.5;77.35;76.18;81.68;69.23;79.83;76.3;80.26;83;78.52;84.08;78.88;78.45;77.62;75.76;81.64;78.07;77.72;78.9;78.56;82.18;74;70;72.5
O3;uur;µg/m³;2023-05-24T13:00:00+01:00;2023-05-24T14:00:00+01:00;69.4;63.7;77.1;76;81.9;77.71;77.95;78.81;79.35;85.55;77.2;73.94;82.9;82.64;73.5;75.81;81.68;71.41;86.21;79.59;87.78;83.42;77.42;79.89;82.05;69.39;81.77;79.64;81.68;82.39;81.72;85.22;81.17;81.36;80.51;79.5;79.86;80.16;79.66;79.48;78.79;82.28;74.2;72;76.2
O3;uur;µg/m³;2023-05-24T14:00:00+01:00;2023-05-24T15:00:00+01:00;70.1;61.6;76.8;79.3;81.7;78.69;77.59;76.23;83.28;89.31;78.4;77.69;86.51;84.39;75.26;83.59;83.44;67.7;80.79;79.73;86.64;84.03;78.03;80.29;85.36;78.08;83.51;81.22;83.43;86.35;84.56;87.62;81.68;84.82;84.26;79.3;81.66;81.44;83.43;78.68;81.57;83.08;77.6;74.6;79.4
O3;uur;µg/m³;2023-05-24T15:00:00+01:00;2023-05-24T16:00:00+01:00;71.6;63.8;77.5;77.9;83.3;76.57;70.76;75.3;82.47;89.77;79.35;80.01;85.76;87.51;76.03;80;82.69;67.13;78.54;81.96;85.78;84.54;80.09;79.3;85.81;71.49;86.84;85.09;85.87;87.04;88.23;89.97;84.05;85.32;81.47;76.35;79.66;81.6;83.24;79.39;81.5;85.88;82.1;81.4;85.7
O3;uur;µg/m³;2023-05-24T16:00:00+01:00;2023-05-24T17:00:00+01:00;69.8;65.4;76.9;77.6;84.1;78.52;75.39;77.17;83.05;86.15;78.7;76.21;87.63;84.94;75.05;79.22;83.56;70.3;74.88;87;92.04;80.93;78.21;78.5;80.92;73.24;87.22;86.74;84.63;84.98;90.43;87.64;85.01;85.56;81.82;74.98;78.04;82.27;79.53;79.05;80.73;84.35;83;83.5;88.8
O3;uur;µg/m³;2023-05-24T17:00:00+01:00;2023-05-24T18:00:00+01:00;69.4;59.9;73.4;79.4;85.6;79.42;78.83;77.87;84.04;88.01;76.67;75.36;89.32;80.79;76.03;80.46;87.92;75.22;76.51;88.78;89.75;86.43;73.95;83.86;82.4;79.17;85.3;86.25;84.5;86.25;87.51;87.44;84.42;82.87;84;75.52;78.9;78.71;79.83;80.42;80.71;83.5;80.4;79.8;87.3
O3;uur;µg/m³;2023-05-24T18:00:00+01:00;2023-05-24T19:00:00+01:00;69.1;61.8;75;80.8;85.9;76.57;78.57;75.83;83.43;82.54;73.72;75.49;92.15;79.23;76.55;76.18;85.65;77.18;75.7;88.99;86.69;86.9;72.76;82.56;84.28;80.87;80.89;84.85;85.66;89.35;85.49;89.05;83.8;82.37;80.23;74.57;77.95;76.37;77.81;79.93;77.93;82.35;77;76.6;81.6
O3;uur;µg/m³;2023-05-24T19:00:00+01:00;2023-05-24T20:00:00+01:00;66.4;64.8;74.1;78.5;80.7;72.07;72.21;68.38;78.84;75.94;75.01;69.74;89.78;74.64;73.1;68.75;82.3;77.9;73.98;84.47;82.21;82.47;74.43;80.51;79.95;72.89;79.11;77.76;81.29;85.89;77.25;85.13;74.04;75.1;80.4;74.47;70.42;77.7;68.68;77.11;75.88;75.48;74.1;71.6;76.6
O3;uur;µg/m³;2023-05-24T20:00:00+01:00;2023-05-24T21:00:00+01:00;65;53.7;69.9;74.5;80.9;69.24;67.79;56.75;60.63;70.58;73.42;64.9;84.2;71.92;68.72;49.5;78.13;73.01;69.48;76.16;82.82;73.78;69.69;75.48;76.77;60.24;69.59;70.63;71.23;76.2;69.12;73.13;58.97;64.12;73.24;60.88;53.09;71.29;53.06;68.24;64.35;71.6;73.8;73.5;74.7
O3;uur;µg/m³;2023-05-24T21:00:00+01:00;2023-05-24T22:00:00+01:00;55;52.8;64.5;72;79.4;64.22;64.42;37.19;31.15;60.32;70.21;62.57;77.6;63.07;63.83;55.55;80.39;65.51;48.36;70.2;83.96;75.62;63.96;78.18;63.43;54.73;51.22;67.04;62.13;68.73;68.17;61.79;45.15;57.61;66.66;47.33;51.22;67.67;51.76;56.14;57.33;65.32;66.3;55.2;63.2
O3;uur;µg/m³;2023-05-24T22:00:00+01:00;2023-05-24T23:00:00+01:00;62.2;52.9;65.2;73.8;80.5;60.06;36.18;33.44;26.83;59.86;61.73;55.84;75.07;56.66;62.82;44.78;77.73;63.38;46.18;65.38;75.02;75.69;63.43;76.16;63.26;68.47;47.11;60.11;58.24;69.51;51.58;61.16;51.89;50.86;66;49.05;33.43;65.66;57.26;43.86;64.64;60.03;63.4;52.1;61.8
O3;uur;µg/m³;2023-05-24T23:00:00+01:00;2023-05-25T00:00:00+01:00;66.4;61.5;64.5;64.2;79.8;58.84;35.62;33.92;22.02;54.17;51.09;53.09;65.77;52.35;60.55;50.19;76.63;66.84;54.33;53.04;65.1;70.71;61.13;74.55;54.1;68.74;48.65;54.07;57.4;64.47;53.04;58.44;45;47.31;60.45;50.15;30.67;62.99;51.5;22.69;62.81;38.5;62;50;55
O3;uur;µg/m³;2023-05-25T00:00:00+01:00;2023-05-25T01:00:00+01:00;57.5;57;60.8;67.9;74.1;46.82;31.59;30.05;34.79;55.86;46.38;46.32;59.49;50.84;60.44;51.28;77.63;65.54;54.78;53.03;58.14;68.35;52.34;74.64;52.92;69.1;34.53;52.73;58.36;62.77;59.29;60.1;41.74;41.32;50.27;46.77;22.9;56.6;53.8;20.35;62.23;42.61;60.6;55.3;51.4
O3;uur;µg/m³;2023-05-25T01:00:00+01:00;2023-05-25T02:00:00+01:00;54.6;55.4;54.4;62.2;75.1;46.61;30.97;29.07;41.32;52.42;38.45;46.14;52.3;48.52;55.61;45.42;70.65;64.14;50.54;49.45;59.63;59.9;45.84;65.44;45.44;64.63;35.93;55.39;48.53;61.42;44.19;53.18;43.5;37.28;26.83;50.89;15.54;53.98;50.61;16.38;44.6;45.24;54.3;57.4;49.6
O3;uur;µg/m³;2023-05-25T02:00:00+01:00;2023-05-25T03:00:00+01:00;55.2;56.9;54.5;50.1;65.5;43.54;32.5;18.79;35.31;49.26;34.5;47.38;47.54;49.08;57.36;48.31;59.11;61.23;42.5;46.6;57.04;54.4;48.5;58.13;55.15;59.15;26.33;50.67;43.92;55.44;51.36;50.89;42.77;30.77;19.39;45.08;11.06;49.42;48.36;8.76;45.16;39.09;45.4;50.8;43.6
O3;uur;µg/m³;2023-05-25T03:00:00+01:00;2023-05-25T04:00:00+01:00;51.7;53.6;50.6;47.3;58.7;40.4;40.66;19.24;40.09;44.52;28.13;44.36;52.6;47.3;50.8;51.25;58.91;54.87;39.73;51.84;53.12;56.2;53.17;53.32;54.16;51.53;26.81;47.28;39.36;48.57;44.18;41.48;46.95;24.1;3.11;46.11;7.45;43.07;52.03;13.05;57.24;38.78;42.3;52;31.4
O3;uur;µg/m³;2023-05-25T04:00:00+01:00;2023-05-25T05:00:00+01:00;28.1;33.8;35.3;41.5;46.2;39.63;36.25;18.65;37.64;36.97;22.11;42.25;46.72;45.2;46.47;47.71;57.98;49.69;31.44;56.43;52.67;39.47;25.22;31.55;53.91;52.58;26.21;51.28;34.99;44.87;44.15;35.86;36.13;23.38;1.85;40.88;5.22;43.49;51.53;15.64;58.41;40.91;36.5;49.7;25.5
O3;uur;µg/m³;2023-05-25T05:00:00+01:00;2023-05-25T06:00:00+01:00;9.6;13.1;17.4;23.5;30.5;38.99;32.47;11.14;32.91;31.58;14.07;38.67;50.82;44.08;33.04;46.3;52.52;43.36;22.43;51.53;48.99;17.32;11.57;20.4;48.28;45.58;25.38;50.68;24;38.93;37.29;28.92;36.37;22.13;3.95;40.03;5.49;42.51;53.5;14.85;50.8;44.27;39.4;47.2;26.6
O3;uur;µg/m³;2023-05-25T06:00:00+01:00;2023-05-25T07:00:00+01:00;31;37.9;23.9;37;40.5;41.8;47.98;27.11;32.7;46.06;21.69;46.94;59.2;50.91;50.71;51.19;49.09;41.53;37.79;53.08;63.25;43.19;28.19;19.71;62.03;46.48;41.8;57.6;35.2;45.71;49.93;46.13;40.76;40.17;23.25;46.38;15.02;47.18;57.61;40.41;62.37;50.59;48;56;57.6
O3;uur;µg/m³;2023-05-25T07:00:00+01:00;2023-05-25T08:00:00+01:00;40.2;54.1;40.7;51.8;61.2;49.02;63.71;36.07;40.2;61.93;52.03;60.97;64.71;62.02;69.32;51.41;61.18;60.3;63.53;61.26;71.49;56.74;49.62;35.85;71.84;57.12;60.6;61.91;53.62;55.28;58.14;56.74;59.06;62.59;45.04;56.33;42.26;55.64;59.98;61.47;70.9;71.31;59.8;62.8;54
O3;uur;µg/m³;2023-05-25T08:00:00+01:00;2023-05-25T09:00:00+01:00;53.6;54.4;55.9;57.5;67.6;56.62;68.65;44.78;48.06;67.15;63.14;67.34;72.17;71;68.51;68.79;68.53;59.7;69.67;56.49;74.61;67.35;56.2;43.51;72.94;59.51;64.22;64.06;60.58;58.92;66.87;64.78;64.77;66.65;62.53;71.17;64.76;65.69;63.92;70.83;74.87;76.36;66.2;65.3;63.9
O3;uur;µg/m³;2023-05-25T09:00:00+01:00;2023-05-25T10:00:00+01:00;52.5;56;58.8;59.7;68.9;67.26;75.83;61.47;61;73.07;70.08;71.73;76.06;72.95;65.12;72.88;69.86;64.21;69.01;69.64;75.6;64.64;52.06;58.89;74.1;65.43;74.85;71.03;66.82;66.02;70.32;67.96;67.37;70.12;69.41;71.55;69.35;69.79;70.85;73.59;78.54;78.12;68.5;63.9;60
O3;uur;µg/m³;2023-05-25T10:00:00+01:00;2023-05-25T11:00:00+01:00;55.4;56.8;60.1;59.3;73.5;72.35;74.53;69.19;72.66;75.42;73.68;73.97;79.31;75.58;72.26;77.54;72.54;60.84;70.32;73.09;75.04;66.6;56.36;64.43;78.66;60.78;75.39;77.57;70.29;75.6;74.84;74.4;72.37;70.67;72.14;70.6;71.53;72.08;75.75;77.5;81.69;81.86;67.3;62.6;53.2
O3;uur;µg/m³;2023-05-25T11:00:00+01:00;2023-05-25T12:00:00+01:00;62.2;62.4;62.9;60.7;75.8;75.28;75.36;75.45;76.19;79.18;75.21;75.08;79.71;78.27;69.98;79.69;74.03;66.23;74.43;72.38;76.38;67.54;62.64;68.11;80.25;67.07;75.66;76.94;69.98;70.89;75.82;72.36;73.51;77.25;77.69;75.16;77.92;71.89;79.52;80.66;79.54;81.5;71.4;69.4;63.6
O3;uur;µg/m³;2023-05-25T12:00:00+01:00;2023-05-25T13:00:00+01:00;62.4;62.5;61.8;63.7;74.9;77.44;76.74;81.03;83.05;80.94;77.36;77.84;84.25;80.15;66.35;80.58;74.26;71.21;80.6;82.05;81.1;67.45;63.63;64.68;82.41;78.18;78.44;78.26;70.07;71.63;77.14;73.07;74.6;82.81;82.53;75.12;77.61;79.91;81.34;82.45;78.38;81.14;73.4;74.2;74.3
O3;uur;µg/m³;2023-05-25T13:00:00+01:00;2023-05-25T14:00:00+01:00;60.9;65.5;60.1;66.8;72.3;81.15;81.09;84.26;86.42;80.96;82.16;78.5;84.04;82.59;70.32;86.18;71.63;63.55;78.88;81.89;86.95;74.29;64.01;59.35;81.92;80.59;82.29;79.71;74.93;78.25;80.03;78.78;77.3;83.24;80.45;80.21;83.15;82.34;83.73;82.17;82.73;84.73;76;77.7;82
O3;uur;µg/m³;2023-05-25T14:00:00+01:00;2023-05-25T15:00:00+01:00;68;68.5;67.4;73.5;81.9;82.9;79.02;86.57;90.58;81.22;83.43;78.01;81.47;83.75;72.97;74.44;83.12;71.44;82.44;85.26;89.76;78.13;67.17;76.15;83.2;82.55;85.72;82.98;77.05;80.48;84.81;80.45;79.52;86.79;81.07;82.9;88.15;82.81;84.2;82.01;85.94;85.3;80.7;81.5;87.1
O3;uur;µg/m³;2023-05-25T15:00:00+01:00;2023-05-25T16:00:00+01:00;66.2;71.7;68.6;77.7;87.3;86.54;87.64;87.61;88.88;82.89;80.42;80.5;84.02;84.66;75.44;76.94;86.46;69.98;82.37;86.53;88.32;83.93;68.89;83.23;86.28;80.72;89.54;86.17;81.42;84.49;85.35;86.37;80.11;91.38;88.54;81.56;88.59;78.93;84.93;83.14;87.23;86.04;80.9;81.2;86
O3;uur;µg/m³;2023-05-25T16:00:00+01:00;2023-05-25T17:00:00+01:00;73.2;74.9;75.8;82.9;86.5;87.04;87.57;89.32;93.06;85.15;80.07;85.18;84.65;90.09;78.71;79.68;85.6;79.31;85.94;88.14;92.15;85.15;77.92;80.93;87.12;83.98;87.08;85.24;83.31;87.65;87.48;87.75;85.55;94.26;91.87;84.65;86.67;81.23;84.3;85.99;85.17;85.19;81.2;84.2;88
O3;uur;µg/m³;2023-05-25T17:00:00+01:00;2023-05-25T18:00:00+01:00;73.4;69.3;79.6;82.5;87.9;88.85;87.88;90.22;93.56;85.23;83.1;84.32;85.97;90.93;79.13;77.66;88.29;85.39;89.49;91.15;90.31;88;79.43;84.75;85.8;82.58;84.27;86.61;83.73;87.41;86.32;87.41;86.35;91.22;90.58;86.68;85.42;83.77;84.16;83.26;85.43;85.76;84.7;82.9;87.9
O3;uur;µg/m³;2023-05-25T18:00:00+01:00;2023-05-25T19:00:00+01:00;68.8;71;79.4;82.8;88.2;87.87;88.59;90.93;93.34;84.19;82.13;82.98;88.91;89.43;80.46;80.38;87.5;84.82;87.63;89.91;89.87;85.64;81.49;83.95;80.35;83.97;85.53;85.52;83.21;85.44;85.12;86.57;83.72;85.96;84.9;83.43;85.92;82.22;81.66;81.76;85.18;83.4;83.8;82.5;86.4
O3;uur;µg/m³;2023-05-25T19:00:00+01:00;2023-05-25T20:00:00+01:00;67;76.6;74;80.9;88;85.07;85.55;82.75;91.57;83.04;79.46;78.42;85.59;85.57;79.35;78.75;85.9;82.75;83.28;84.25;88.16;80.62;75.96;80.89;79.04;82.21;84.3;83.11;81.21;83.85;81.71;83.94;81.27;82.76;84.56;81.14;82.23;79.61;76.49;78.57;79.37;82.05;75.8;76.7;81.3
O3;uur;µg/m³;2023-05-25T20:00:00+01:00;2023-05-25T21:00:00+01:00;72.6;73.4;69.4;74.8;85.1;79.34;75.85;70.76;82.83;78.08;73.93;66.93;81.24;78.33;76.18;73.24;80.86;79.73;80.58;80.93;82.06;78.43;73.45;71.7;81.52;77.77;75.55;80.49;78.88;81.39;78.98;80.02;78.37;76.02;82.3;78.84;78.99;76.67;72.6;75.01;74.5;74.54;74.2;76.6;80.9
O3;uur;µg/m³;2023-05-25T21:00:00+01:00;2023-05-25T22:00:00+01:00;65.6;67.4;62;70;80.9;74.5;72.79;62.81;68.76;71.68;69.63;63.39;75.65;70;69.78;65.31;74.28;71.29;77.48;75.7;78.32;72.18;66.29;66.28;80.46;73.23;71.11;75.19;72.68;74.74;73.2;72.64;75.15;70.66;77.95;73.95;72.49;74.25;67.54;71.86;76.21;67.5;69.3;70.2;74
O3;uur;µg/m³;2023-05-25T22:00:00+01:00;2023-05-25T23:00:00+01:00;61.4;65.9;59.1;65.8;77.8;71.48;69.92;56.46;62.61;69.49;67.38;71.28;75.21;68.45;68.27;65.53;73.52;70.71;75.06;72.61;74.05;67.83;61.26;67.74;76.57;68.68;66.93;71.89;66.91;73.64;68.89;70.38;70.18;66.9;76.56;71.22;67.38;68.33;65.84;69.2;73.35;66.81;69.5;73.1;74.6
O3;uur;µg/m³;2023-05-25T23:00:00+01:00;2023-05-26T00:00:00+01:00;58;58.3;56.3;63.5;77.4;67.58;67.58;62.47;70.34;71.11;64.65;68.27;72.33;70.71;62.69;71.4;70.84;65.27;70.16;70.74;72.03;64.47;61.31;66.89;75.2;68.11;60.98;70;67.14;72.03;70.13;70.17;65.35;66.68;71.98;64.97;66.66;64.2;56.9;64.96;71.76;65.19;74.7;72;72
O3;uur;µg/m³;2023-05-26T00:00:00+01:00;2023-05-26T01:00:00+01:00;53.8;60.7;55.6;60.2;74.5;64.35;65.6;57.81;66.08;68.28;62.18;68.86;71.02;69.2;57.55;67.8;68.34;66.38;66.39;69.51;74.86;64.87;57.92;65;76.83;73.25;57.09;68.07;63.55;69.74;69.25;67.38;62.65;64.36;67.64;69.91;58.08;59.6;57.91;65.18;74;65.59;73.8;73.2;72.8
O3;uur;µg/m³;2023-05-26T01:00:00+01:00;2023-05-26T02:00:00+01:00;61.8;69.3;65.7;57.1;71.7;61.58;62.72;52.39;62.42;66.49;59;68.56;69.93;68.75;52.02;63.54;67.98;73.11;66.61;64.97;75.35;64.15;54.36;62.69;76.18;71.51;53.47;68.13;59.53;66.08;65.16;63.47;57.35;55.3;63.6;70.22;50.27;61.53;57.94;62.51;73.93;62.12;74.6;70.2;72.9
O3;uur;µg/m³;2023-05-26T02:00:00+01:00;2023-05-26T03:00:00+01:00;66.8;69;70.6;50.8;65.9;58.08;59.3;50.09;56.99;62.43;54.49;64.74;66.91;67.1;64.94;56.92;62.96;72.25;64.43;62.47;76.38;59.04;70.22;57.56;75.12;70.78;50.27;66.98;57.21;64.32;64.33;60.77;52.11;41.26;58.29;66.85;39.51;56.35;57.71;60.28;73.45;62.61;73.8;70.3;69.8
O3;uur;µg/m³;2023-05-26T03:00:00+01:00;2023-05-26T04:00:00+01:00;65.6;70;69.5;46.4;59.1;55.01;54.26;45.1;52.79;58.86;54.66;63.93;64.82;65.74;65.95;56.72;61.71;74.99;61.07;58.01;74.65;61.03;66.57;51.73;74.75;68.36;49.44;65.53;54.95;62.4;64.8;56.69;50.89;36.9;48.63;64.82;23;53.72;59.27;60.08;72.77;63.77;74.7;72.3;71.8
O3;uur;µg/m³;2023-05-26T04:00:00+01:00;2023-05-26T05:00:00+01:00;65;67.8;64.4;43.8;59.4;52.96;51.87;39.27;47.04;58.08;53.96;61.17;62.74;63.17;66.61;61.19;60.31;75.91;58.87;57.04;72.23;59.73;38.44;30;74.56;68.99;50.43;64.32;52.16;59.96;62.51;53.01;48.66;46.89;39.53;61.27;17.86;55.94;56.52;57.48;71.2;63.93;74.1;71.7;73.5
O3;uur;µg/m³;2023-05-26T05:00:00+01:00;2023-05-26T06:00:00+01:00;56.7;61.6;58.8;48.1;52.8;54.68;51.73;41.64;42.78;56.81;52.28;54.59;58.41;58;65.74;66.48;56.23;73.72;60.61;53.85;72.81;58.98;30.91;20.28;73.03;63.43;44.84;63.65;46.35;53.75;62.45;47.72;43.64;49.29;39.63;60.59;23.4;55.43;50.03;57.32;70.39;61.78;71.3;69.2;73.5
O3;uur;µg/m³;2023-05-26T06:00:00+01:00;2023-05-26T07:00:00+01:00;57.1;62.8;59.4;53.2;53.6;55.28;58.2;48.37;47.83;60.31;53.25;59.28;59.82;60.94;67.63;67.6;52.41;70.29;64.08;53.44;74.22;60.17;50.99;30.97;71.21;57.58;58.6;66.83;51.46;53.34;64.58;53.74;52.69;56.85;52.22;60.87;47.16;58.76;58.48;60.36;71.52;60.5;70.4;66.5;71.4
O3;uur;µg/m³;2023-05-26T07:00:00+01:00;2023-05-26T08:00:00+01:00;60.1;65.3;62.7;64.8;64.9;54.22;64.96;52.3;52.86;64.14;61.84;66.04;67.42;67.62;69.01;67.65;57.06;68.6;67.27;66.48;75.5;71.17;63.71;45.42;71.68;60.14;69.9;71.73;62.36;63.76;68.54;65.48;64.16;65.98;72.31;65.44;63.01;63.83;66.23;69.6;76.25;76.22;67.4;68.7;71.4
O3;uur;µg/m³;2023-05-26T08:00:00+01:00;2023-05-26T09:00:00+01:00;63.2;64.2;66;67.6;70.3;54.04;67.42;53.59;53.73;66.67;65.15;67.39;71.08;68.59;69.1;68.33;66.66;69.03;69.18;68.43;74.78;73.45;67.43;49.95;71.77;66.17;70.91;70.49;66.49;68.88;67.69;70.9;67.22;69.88;72.73;66.74;68.62;68.02;73.19;74.66;79.04;81.4;71.1;69.3;72.2
O3;uur;µg/m³;2023-05-26T09:00:00+01:00;2023-05-26T10:00:00+01:00;63.9;62.2;60.4;68.4;73.6;59.09;69.08;51.51;54.26;72.52;68.11;68.58;73.83;71.13;71.04;66.09;72.1;69.19;71.55;71.89;77.61;75.97;70.61;55.96;74.2;65.15;73.55;70.88;68.33;72.75;71.09;72.25;71.51;73.97;73.84;69.12;73.15;73.06;77.95;78.6;80.71;84.02;71.6;70.9;74.1
O3;uur;µg/m³;2023-05-26T10:00:00+01:00;2023-05-26T11:00:00+01:00;63.7;60.7;60.8;71.1;79.5;67.14;74.62;54.54;57.42;76.67;72.22;70.7;76.39;74.98;72.21;68.85;75.81;70.65;72.94;74.04;78.96;78.15;68.22;59.06;78.96;64.85;76.76;73.19;68.93;72.59;72.77;72.45;72.23;76.31;76.39;73.32;75.69;78.6;81.36;84.78;79.76;84.88;74.2;74;75.9
O3;uur;µg/m³;2023-05-26T11:00:00+01:00;2023-05-26T12:00:00+01:00;65.9;62.4;65;74.9;80.3;75.51;79.67;61.57;68.03;82.97;73.1;75.66;80.87;79.96;73.28;72.71;76.07;74.82;75.66;77.88;84.63;81.04;73.18;65.14;81.6;75.26;82.03;75.86;72.39;75.71;76.87;75.55;74.9;78.7;80.38;75.92;80.64;81.53;82.01;85.27;79.48;83.04;80.1;80;83.4
O3;uur;µg/m³;2023-05-26T12:00:00+01:00;2023-05-26T13:00:00+01:00;66.2;69.3;67.7;79.1;84.9;80.68;84.42;77.32;78.4;85.56;79.57;80.75;84.07;85.95;74.05;73.36;81.12;77.28;79.42;81.75;89.71;84.11;76.69;68.79;82.96;79.77;88.47;81.87;75.74;78.42;82.7;79.62;79;82.52;84.8;78.98;86.55;86.16;;88.39;80.17;83.12;84;85.2;87.8
O3;uur;µg/m³;2023-05-26T13:00:00+01:00;2023-05-26T14:00:00+01:00;69.1;72.7;74.7;84.1;89.2;84.33;87.22;86.4;87.13;88.74;84.08;84.31;87.01;91.54;80.71;81.06;86.32;84.95;83.02;85.04;93.21;89.99;78.09;72.57;81.94;81.48;91.54;86.93;80.6;82.88;86.7;84.18;81.65;87.42;90.44;81.76;89.14;87.28;;85.81;79.33;83.24;86.2;85.9;89.8
O3;uur;µg/m³;2023-05-26T14:00:00+01:00;2023-05-26T15:00:00+01:00;73.9;73.5;76.1;88.7;93.6;87.57;88.47;90.95;90.18;91.49;87.12;83.33;90.06;92.66;84.43;85.65;91.1;88.99;86.39;87.94;96.02;94.06;79.37;72.45;80.93;82.01;90.87;88.94;86.49;89.89;88.44;90.73;87.08;96.67;97.35;84.91;91.16;84.11;;82.38;79.28;82.25;85.3;88.2;89.8
O3;uur;µg/m³;2023-05-26T15:00:00+01:00;2023-05-26T16:00:00+01:00;80.4;77.5;79.6;93;92.6;92.68;90.95;90.23;91.82;93.68;90.14;86.26;94.74;94.42;86.92;90.93;94.84;90.76;91.7;92.63;92.65;98.33;84.82;76.1;80.91;84.02;88.66;88.75;88.41;90.68;87.79;91.63;89.25;98.03;99.33;91.52;88.51;80.9;;80.77;79.41;83.54;85.8;84.3;89.8
O3;uur;µg/m³;2023-05-26T16:00:00+01:00;2023-05-26T17:00:00+01:00;81.8;79.9;79.4;94.3;91.3;93.98;93.55;93.76;94.26;96.88;92.45;89.01;98.39;95.17;90.12;92.61;92.21;90.49;92.78;91.01;90.47;96.94;88.65;78.18;80.12;82.58;85.32;87.88;85.87;90.24;86.67;88.87;86.28;96.72;97.2;93.88;84.85;79.87;;81.33;81.32;84.09;83.3;84.2;88
O3;uur;µg/m³;2023-05-26T17:00:00+01:00;2023-05-26T18:00:00+01:00;81;79.5;78.7;91.4;86.1;92.98;100.03;95.73;96.58;100.8;96.66;93.59;100.8;98.09;92.33;91.52;87.5;88.51;90.44;88.31;87.61;92.3;86.24;74.67;80.31;80.44;79.5;84.91;81.2;83.44;83.21;84.26;83.35;90.48;92.62;91.88;79.65;77.07;80.53;82.43;84.52;85.37;80.3;79.1;83.4
O3;uur;µg/m³;2023-05-26T18:00:00+01:00;2023-05-26T19:00:00+01:00;78;75.9;78.7;84.1;86.1;90.53;96.48;92.68;94.42;98.27;89.93;92.37;97.88;98.74;86.44;92.48;82.97;82.92;85.66;84.17;84.67;83.85;81.49;69.63;79.24;79.63;78.67;81.58;76.23;79.54;79.69;78.31;79.02;80.63;84.22;82.37;78.43;76.38;79.56;82.07;83.7;83.7;76.9;80.4;81.4
O3;uur;µg/m³;2023-05-26T19:00:00+01:00;2023-05-26T20:00:00+01:00;74.1;72.8;73.3;79.3;81.6;90.06;88.74;82.67;89.83;86.48;79.23;85;88.16;94.84;79.15;84.98;79.11;78.04;80.53;78.37;83.89;79.69;79.11;65.28;80.45;78.65;75.16;80.03;72.36;76.07;77.17;76.09;74.58;77.11;80.81;75.95;77.47;77.01;79.07;79.52;79.14;78.02;75.2;76.9;79.1
O3;uur;µg/m³;2023-05-26T20:00:00+01:00;2023-05-26T21:00:00+01:00;72.1;70.1;68.8;74.2;76.8;85.11;75.16;74.8;81.46;81.4;73.12;76.73;78.42;84.65;71.22;77.39;74.4;72.9;76.45;72.54;79.86;76.1;75.96;63.29;79.59;74.35;69.71;77.68;69.47;74.93;72.14;73.07;68.76;73.31;73.77;66.59;71.57;76.07;76.43;76.49;73.81;72.04;69.7;74.1;77
O3;uur;µg/m³;2023-05-26T21:00:00+01:00;2023-05-26T22:00:00+01:00;69.6;68;65.7;62.9;74.3;78.97;69.78;68.11;78.54;73.65;67.82;70.18;74.6;75.65;68.47;71.51;70.48;68.47;74.23;66.24;76.31;71.68;69.61;63.95;79.23;72.86;63.88;72.1;62.16;69.84;64.5;66.54;60.2;65.75;67.39;58.13;68.9;72.79;66.58;66.22;65.12;68.17;68.5;71.1;74.4
O3;uur;µg/m³;2023-05-26T22:00:00+01:00;2023-05-26T23:00:00+01:00;64.5;62.8;57.2;61.3;74.2;66.11;66.52;68.3;73.85;67.57;61.21;67.67;70.75;70.02;65.13;67.1;69.68;64.83;71.92;63.7;74.59;70.13;54.07;64;78.28;70.54;62.45;65.35;57.37;66.69;59.35;62.64;52.65;63.54;64.82;64;65.13;67.44;57.95;63.8;60.06;65.01;71.1;74.6;75.4
O3;uur;µg/m³;2023-05-26T23:00:00+01:00;2023-05-27T00:00:00+01:00;50.1;48;50.4;60;77.3;59.27;59.99;62.21;66.02;63.81;54.74;63.3;66.71;67.08;59.27;59.49;72.4;52.29;66.81;59.02;71.03;62.6;55.26;65.34;75.92;69.21;57.54;61.74;58.37;64.76;63.08;62.29;55.16;62.43;61.95;62.83;63.1;65;59.36;62.06;57.84;64.02;75.3;70.3;66.9
O3;uur;µg/m³;2023-05-27T00:00:00+01:00;2023-05-27T01:00:00+01:00;47.8;47.7;49.3;55.1;72.6;54.57;56.87;51.94;58.88;61.93;53.39;61.67;66.59;63.72;51.24;54.66;68.8;55.88;63.66;57.95;70;62.2;54.54;57.9;74.4;67.15;55.95;59.73;59.91;64.18;59.88;63.28;51.6;59.07;63.51;67.99;61.05;63.41;54.07;50.12;55.91;41.03;74.1;70.4;34.5
O3;uur;µg/m³;2023-05-27T01:00:00+01:00;2023-05-27T02:00:00+01:00;56.3;59.9;59;52.1;59.9;54.34;52.01;44.53;52.47;60.97;51.46;59.24;63.71;62.2;51.57;60.83;63.31;69.32;59.76;59.52;61.49;62.72;54.26;58.18;74.97;59.25;51.7;57.23;55.2;62.78;56.04;59.55;52.37;55.06;67.53;64.79;55.09;56.94;55.96;44.67;48.56;37.55;73.3;68.7;67.6
O3;uur;µg/m³;2023-05-27T02:00:00+01:00;2023-05-27T03:00:00+01:00;58.6;62.7;62.7;54.9;59.7;48.59;49.64;44.44;50.81;57.36;45.85;57.56;61.85;59.96;57.6;60.26;67.31;66.74;55.65;64.37;55.83;67.59;60.34;58.44;73.76;52.28;43.17;55.2;55.88;64.01;52.64;60.57;54.13;52.97;61.93;59.94;51.26;56.09;53.38;47.15;48.69;37.51;73.3;73.1;76.8
O3;uur;µg/m³;2023-05-27T03:00:00+01:00;2023-05-27T04:00:00+01:00;56.7;62.5;61.7;53.4;63.5;45.93;45.53;37.08;50.9;52.31;43.93;53.26;59.44;56.83;58.17;56.36;64.96;67.68;53.25;63.8;45.72;64.45;58.66;57;70.79;45.89;47.23;49.46;57.21;64.07;48.96;59.88;62.09;48.85;55.33;54.56;43.07;60.01;53.91;27.09;48.33;47;73;70.7;77.5
O3;uur;µg/m³;2023-05-27T04:00:00+01:00;2023-05-27T05:00:00+01:00;52.5;61.3;60.8;49.9;61.1;43.37;37.68;33.86;52.46;51.15;39.97;50.29;56.75;54.96;56.25;53.56;62.86;66.4;55.52;60.1;38.94;56.99;54.32;50.19;68.97;46.99;45.48;48.58;54;61.36;43.36;57.29;58.33;42.37;50.94;50.88;41.72;56.34;52.84;17.42;47.21;47.54;71.8;66.6;77.4
O3;uur;µg/m³;2023-05-27T05:00:00+01:00;2023-05-27T06:00:00+01:00;46.8;56.8;59.5;44.8;58.1;42.25;41;36.03;49.54;52.01;41.98;49.41;53.91;54.23;56.41;56.74;62.87;65.11;56.42;56.18;35.23;55.31;61.52;47.92;66.81;46.07;51.59;48.42;52.1;56.92;48.81;55.37;56.98;41.2;48.33;48.12;36.33;53.37;50.82;39.58;42.1;50.82;68.7;67.5;72.8
O3;uur;µg/m³;2023-05-27T06:00:00+01:00;2023-05-27T07:00:00+01:00;51.8;60;60.8;50.7;60.5;45.64;48.54;46.03;48.67;54.25;46.15;52.44;56.92;55.78;57.78;54.71;68.06;67.42;58.5;55.99;55.4;60.5;55.73;51.07;65.98;53.95;59.69;56.88;55.43;58.62;56.01;59.5;60.66;49.22;57.52;51.23;47.06;55.25;62.55;48.84;50.75;53.26;68.5;66.6;71.4
O3;uur;µg/m³;2023-05-27T07:00:00+01:00;2023-05-27T08:00:00+01:00;51.6;56.3;62.6;55.4;69.1;50.96;54.8;51.23;51.55;58.38;53.53;56.11;62.27;56.86;59.01;56.01;68.29;65.75;61.77;58.85;70.95;68.38;68.03;49.48;67.97;57.99;64.39;60.45;60.32;64.55;63.67;64.49;62.7;57.32;65.05;56.38;55.43;59.41;63.94;50.99;62.93;64.74;67.5;67.2;71.6
O3;uur;µg/m³;2023-05-27T08:00:00+01:00;2023-05-27T09:00:00+01:00;55.8;55.7;59.8;62.3;69.8;59.96;58.29;55.61;58.67;60.91;60.31;56.92;63.24;58.2;62.31;59.24;70.24;65.93;63.62;57.02;72.77;71.11;68.86;50.82;66.56;61.69;66.4;63.22;60.79;63.43;67.04;66.54;62.86;62.58;68.38;56.19;61.76;59.91;65.97;57.62;67.76;67.51;65.8;64;70.7
O3;uur;µg/m³;2023-05-27T09:00:00+01:00;2023-05-27T10:00:00+01:00;48.8;55.5;59.9;65.5;71.4;68.56;64.94;64.96;68.06;65.06;68.26;58.37;67.68;62.39;68.04;58.87;72.54;69.67;66.46;61.86;74.13;73.61;70.86;51.09;69.03;62.13;69.8;69.57;65.84;66.35;69.25;70.1;66.65;69.03;76.65;62.72;67.93;66.16;67.46;66.07;71.28;66.82;68.9;65.8;71.6
O3;uur;µg/m³;2023-05-27T10:00:00+01:00;2023-05-27T11:00:00+01:00;56.7;60.8;64.5;70.7;78.3;74.45;77.84;71.79;76.24;72.96;75.68;66.45;74.56;72.94;74.29;67.13;77.65;75.19;71.41;69.28;72.98;77.96;73.01;53.9;71.95;69.92;75.47;74.54;71.13;76.25;75.38;77.46;73.73;80.57;84.28;68.18;78.73;71.57;69.87;69.59;73.71;70.78;71.1;71.8;69.7
O3;uur;µg/m³;2023-05-27T11:00:00+01:00;2023-05-27T12:00:00+01:00;62;65.2;72.3;76.5;84.8;87.48;87.37;85.89;85.02;86.96;83.73;78.78;81.75;84.25;82.5;75.74;82.96;82.72;78.76;80.04;80.11;86.1;80.98;59.04;72.67;72.63;81.78;80.29;79.18;80.84;80.65;84.64;81.89;90.68;90.83;81.4;85.05;78.86;73.62;78.01;76.69;75.97;74.6;75;70.3
O3;uur;µg/m³;2023-05-27T12:00:00+01:00;2023-05-27T13:00:00+01:00;67.9;70.7;80;86.3;83.5;90.77;97.21;93.28;97.53;94.94;93.33;87.47;88.97;94.88;88.42;87.01;89.4;90.53;86.48;93.04;82.01;90.3;89.62;60.76;75.65;77.74;87.47;83.36;85.15;87.1;79.39;91.41;89.45;95.13;94.95;92.27;90.73;83.07;78.69;82.95;74.25;80.1;77.6;78.3;76.2
O3;uur;µg/m³;2023-05-27T13:00:00+01:00;2023-05-27T14:00:00+01:00;75;76.8;86.2;93.9;85;95.49;102.56;106.01;108.11;103.67;100.89;95.13;98.52;105.75;96.22;96.39;87.48;97.94;96.76;101.61;88.57;94.92;94.74;68.93;78.51;79.75;92.66;84.67;89.41;91.46;79.76;96.55;92.63;98.97;99.04;99.21;93.3;87.89;81.16;90.82;74.24;85.47;81.2;80.1;78.7
O3;uur;µg/m³;2023-05-27T14:00:00+01:00;2023-05-27T15:00:00+01:00;81.7;73.9;91.8;99.5;85.1;105.59;106.3;113.03;113.77;111.82;107.6;100.94;106.63;111.58;95.69;103.55;84.47;99.87;103.13;107.58;92.99;96.93;100.36;77.32;80.38;83.88;96.87;86.27;92.36;96.74;82.35;98.24;96.18;104.5;103.85;102.38;97.54;93.23;83.61;95.71;77.48;86.35;85.4;85.4;86.9
O3;uur;µg/m³;2023-05-27T15:00:00+01:00;2023-05-27T16:00:00+01:00;87.6;79.7;91.6;94.1;84.8;115.74;108.56;116.79;119.86;116.83;110.62;103.69;112.03;115.36;85.17;108.45;87.01;99.9;106.86;110.87;98.24;100.84;99.76;81.69;81.03;88.25;100.06;89.85;94.52;100.11;86.34;101.07;86.24;106.81;108.36;103.26;99.98;97.65;87.94;98.29;78.64;82.35;89.1;88;92.1
O3;uur;µg/m³;2023-05-27T16:00:00+01:00;2023-05-27T17:00:00+01:00;90.1;83.4;93.4;80.5;82.7;115.1;108.8;123.06;126.47;117.2;114.84;106.96;117.44;116.31;81.31;104.16;88.75;99.88;104.07;106.91;101.5;103.98;100.91;85.99;82.15;92.32;102.54;91.54;96.53;102.45;88.12;102.23;88.79;110.44;113.38;105.81;101.34;99.41;87.51;100.62;78.04;78.95;87.1;86.9;94
O3;uur;µg/m³;2023-05-27T17:00:00+01:00;2023-05-27T18:00:00+01:00;90.7;87.3;92.3;82.1;84.6;120.08;106.22;125.32;127.85;115.48;114.63;107.49;118.09;115.66;80.12;87.76;89.15;99.54;100.89;97.9;100.82;101.31;101.58;87.03;83.38;92.13;92.38;92.5;86.04;90.85;87.55;89.71;87.12;110.22;115.07;102.46;101.91;98.12;79.71;102.2;76.6;74.25;86.7;89.9;95.6
O3;uur;µg/m³;2023-05-27T18:00:00+01:00;2023-05-27T19:00:00+01:00;86.2;84;85.4;78.2;80.2;114.06;105.97;122.31;124.85;114.59;110.89;104.73;116.83;112.14;82.51;81.74;85.51;95.89;99.02;94.33;98.57;98.82;97.5;81.67;81.6;90.64;84.33;90.05;84.74;90.68;83.86;90.69;82.92;108.13;113.28;103.29;99.87;96.74;75.03;101.62;73.71;69.84;84.6;85.5;91.8
O3;uur;µg/m³;2023-05-27T19:00:00+01:00;2023-05-27T20:00:00+01:00;83.2;84;79.3;69.4;79.3;104.31;97.77;109.19;119.03;103.32;106.49;97.05;105.17;107.16;81.71;76.51;82.04;91.61;87.62;89.11;92.38;96.83;86.12;76.3;77.17;78.88;76.49;84.91;80.6;86.99;79.58;84.44;75.37;102.09;105.16;95.22;95.64;88.33;69.97;92.21;71.44;63.3;75.4;80.7;88.7
O3;uur;µg/m³;2023-05-27T20:00:00+01:00;2023-05-27T21:00:00+01:00;76.9;76.1;72.5;57.3;77;93.64;63.65;97.42;103.75;82.57;90.43;87.65;78.12;102.22;66.98;69.61;77.15;80.45;68.3;74.65;79.3;71.8;63.27;73;66.71;72.35;57.68;77.47;75.36;80.46;66.75;;65.13;93.97;82.61;82.72;83.13;65.92;64.52;63.9;61.65;61.58;67.3;68;71.2
O3;uur;µg/m³;2023-05-27T21:00:00+01:00;2023-05-27T22:00:00+01:00;71;63.5;58.3;53.1;73.3;85.78;59.24;73.74;84.97;77.02;77.12;77.12;68.95;88.04;54.4;55.9;75.3;67.73;57.42;64.7;72.29;64.85;41.71;69.75;60.09;65.1;53.32;66.09;67.16;72.59;59.18;69.76;56.59;76.95;44.43;67.94;51.15;56.73;54.19;55.87;63.22;54.3;59.5;60.4;66.6
O3;uur;µg/m³;2023-05-27T22:00:00+01:00;2023-05-27T23:00:00+01:00;43.1;49.3;49.4;50.1;67.5;77.87;56.33;48.76;68.71;68.6;63.38;65.63;59.23;67.65;49.32;30.36;64.96;51;64.64;60.25;65.34;52.87;41.96;54.84;60.95;59.97;50.04;60.2;55.15;59.7;56.96;55.9;51.28;72.44;39.88;64.62;38.13;52.84;48.74;50.44;54.18;47.36;51.8;53.3;58.5
O3;uur;µg/m³;2023-05-27T23:00:00+01:00;2023-05-28T00:00:00+01:00;45.5;42.6;43.2;38;61.4;67.71;42.97;35.81;47.3;57.32;50.12;61.57;56.61;56.34;47.99;24.54;58.55;52.26;52.87;50.42;54.6;45.34;38.56;51.66;62.69;54.71;43.71;57.27;44.91;51.81;46.01;47.49;46.03;62.54;52.19;62.28;55.12;48.39;52.94;41.79;50.83;47.06;49.3;48.7;51.5
O3;uur;µg/m³;2023-05-28T00:00:00+01:00;2023-05-28T01:00:00+01:00;30;29.7;40.4;43.3;59.6;52.66;36.43;24.72;31.49;49.25;38.57;58.64;52.58;49.15;45.69;32.56;59.12;42.69;40.6;45.2;55.41;49.9;38;56.72;61.04;51.08;34.64;53.29;41.92;46.63;43.63;43.19;40.28;59.05;33.84;69.72;45.52;45.7;47.4;28.41;50.13;42.33;47.1;51.2;53.1
O3;uur;µg/m³;2023-05-28T01:00:00+01:00;2023-05-28T02:00:00+01:00;32;31.3;37;38.1;51.2;42.14;33.44;22.85;25.29;44.02;30.46;49.21;44.12;38.63;42.28;15.06;53.21;41.79;43.2;42.37;50.74;47.12;33.54;43.54;62.4;47.13;33.91;47.06;38.84;43.76;39.83;40.92;33.98;53.79;21.4;59.18;33.22;44.19;44.02;24.9;44.51;39.98;42;48;47.5
O3;uur;µg/m³;2023-05-28T02:00:00+01:00;2023-05-28T03:00:00+01:00;30.3;33.2;32.8;28.9;44.1;;;;;;;;;;;;;;;;;;;;;;;;;;;;;;;;;;;;;;42.7;46.3;48.5
O3;uur;µg/m³;2023-05-28T03:00:00+01:00;2023-05-28T04:00:00+01:00;26.8;29.8;28.5;29.3;43.7;30.75;38.96;15.06;19.92;36.49;15.85;43.96;35.27;42;31.57;22.71;44.32;37.75;31.16;34.75;43.22;34.86;27.83;42.04;68.68;48.78;30.17;44.48;34.8;36.41;35.24;37.41;33.06;40.69;11.86;50.26;29.44;41.46;46.58;27.38;44.45;35.38;41.5;44.3;42.9
O3;uur;µg/m³;2023-05-28T04:00:00+01:00;2023-05-28T05:00:00+01:00;21.1;27.2;27.6;25.3;44.2;30.41;38.6;11.48;19.48;32.32;11.09;47.34;32.88;47.38;29.21;19.58;44.09;33.54;28.13;33.06;49.19;28.64;27.48;38.92;61.81;47.34;34.09;42.41;32.88;34.82;40.21;35.14;31.79;29.15;9.38;39.15;28.22;45.29;47.01;35.14;41.17;37.49;41.6;41.9;44.2
O3;uur;µg/m³;2023-05-28T05:00:00+01:00;2023-05-28T06:00:00+01:00;27;26.6;25.9;24;42.5;30.59;36.14;12.59;13.57;33.26;9.92;45.97;30.67;49.4;29.12;20.96;42.65;34.61;37.03;29.85;50.27;32.4;25.96;36.94;56.86;52.05;34.75;42.05;32.71;35.9;41.19;35.78;32.8;26.78;23.51;36.86;29.27;46.64;42.41;34.91;43.31;43.45;38;33.2;38.1
O3;uur;µg/m³;2023-05-28T06:00:00+01:00;2023-05-28T07:00:00+01:00;28;31.2;30.6;28;37.6;40.07;47.78;27.84;34.76;37.61;13.91;49.47;29.94;52.84;30.64;28.82;40.44;39.94;39.84;36.22;56.06;41.57;33.4;35.24;59.34;52.27;42.63;48.38;35.42;37.86;44.12;38.13;37.25;34.3;30.75;38.67;34.26;48.23;42.06;40.17;62.7;47.7;42.6;44.5;47.7
O3;uur;µg/m³;2023-05-28T07:00:00+01:00;2023-05-28T08:00:00+01:00;33;36.5;35.2;39.3;44;49.02;60.44;43.25;45.17;53.7;33.78;54.56;40.14;61.23;40.12;34.77;46.77;47;50.32;43.6;62.3;49.83;42.07;41.23;69.02;55.65;52.59;52.99;39.68;42.84;49.5;43.33;42.49;36.91;41.43;46.03;36.66;54.73;53.76;58.12;68.9;60.28;66.9;65.9;63.1
O3;uur;µg/m³;2023-05-28T08:00:00+01:00;2023-05-28T09:00:00+01:00;44.1;47.6;45.8;46.9;51;69.2;72.74;53.77;56.87;60.82;57.93;70.65;62.38;71.68;49.14;41.66;58.44;58.8;61.96;52.08;68.96;57.18;49;51.46;73.33;60.68;59.89;61.83;46.44;49.06;59.72;50.44;49.78;45.99;53.82;45.98;45.65;63.65;65.2;67.59;70.83;69.87;71.8;70;71.2
O3;uur;µg/m³;2023-05-28T09:00:00+01:00;2023-05-28T10:00:00+01:00;58.4;56.5;62.7;59.3;59.5;78.91;79.14;74.84;80.17;73.75;73.54;79.32;80.13;81.68;56.29;66.52;64.27;72.68;77.15;64.64;79.6;67.75;67.09;58.74;75.25;76.23;74.81;75.81;62.29;63.57;69.21;66.03;65.87;61.4;82.61;59.12;57.98;71.28;70.2;77.46;70.17;78.85;77.4;80.7;82
O3;uur;µg/m³;2023-05-28T10:00:00+01:00;2023-05-28T11:00:00+01:00;73.7;66.2;74.2;73;68.4;88.92;83.45;98.71;102.79;91.51;86.8;85.76;96.3;87.79;63.11;83.12;71.6;85.33;85.44;80.46;86.73;79.66;84.13;63.76;78.18;81.2;84.94;80.68;75.64;76.23;73.32;80.14;75.17;80.64;96.08;78.03;83.6;78.12;78.8;78.46;78.35;84.07;80.4;79.7;82.2
O3;uur;µg/m³;2023-05-28T11:00:00+01:00;2023-05-28T12:00:00+01:00;78.2;77.5;79.1;80.1;78.9;94.4;96.43;102.46;105.46;99.13;90.34;93.75;100.87;98.04;65.04;90.53;83.84;93.52;87.33;86.81;94.65;93.24;91.64;73.84;83.12;86.82;92.16;77.92;85;88.35;76.09;91.47;89.88;88.34;101.17;90.24;94.91;83.38;88.25;89.56;83.28;88.54;88.8;88.1;91.3
O3;uur;µg/m³;2023-05-28T12:00:00+01:00;2023-05-28T13:00:00+01:00;79.5;84;84.3;93.5;82.1;105.1;99.94;109.01;111.51;105.63;94.43;96.36;101.74;104.36;77.64;101.06;89.18;97.23;92.85;93.42;96.87;100.06;95.79;84.17;85.73;88.22;93.97;86.32;86.47;91.59;84.11;93.49;85.56;99.06;104.34;90.35;99.19;90.88;90.86;95.54;90.79;91.07;87.5;89.6;93.9
O3;uur;µg/m³;2023-05-28T13:00:00+01:00;2023-05-28T14:00:00+01:00;86.3;84.8;92.7;93.6;86.5;111.76;103.05;114.94;116.21;108.02;99.73;99.26;102.68;105.78;88.17;103.15;95.05;102.89;98.26;92.57;98.9;102.67;100.7;92.78;92.6;90.08;97.92;89.6;87.98;91.96;90.61;93.81;88.86;105.86;106.02;98.16;100.99;94.19;88.41;97.13;90.61;94.25;88.9;92.2;95.4
O3;uur;µg/m³;2023-05-28T14:00:00+01:00;2023-05-28T15:00:00+01:00;85.9;84.1;93;94;92.1;111.62;105.56;122.96;132.54;108.22;103.63;104.21;108.64;108;93.5;106.26;93.91;100.65;100.29;95.49;99.91;102.18;101.95;93.87;94.1;93;94.56;96.87;90.21;92.83;97.44;96.54;94.15;109.64;109.15;105.76;103.53;98.32;92.81;96.5;92.91;94.12;91;93;98.8
O3;uur;µg/m³;2023-05-28T15:00:00+01:00;2023-05-28T16:00:00+01:00;90.4;86.9;94.6;92.3;94.3;107.43;106.55;123.45;130.39;109.44;104.64;104.98;107;110.44;91.77;103.98;95.59;102.69;100.24;99.65;98.81;104.41;103;94.32;91.78;91.41;99.01;96.32;94;96.87;93.63;99.82;98.69;110.61;108.94;105.45;102.68;92.57;90.31;90.33;92.32;91.05;90.5;93.6;95.2
O3;uur;µg/m³;2023-05-28T16:00:00+01:00;2023-05-28T17:00:00+01:00;93.9;88.1;94.5;91.8;93.9;105.25;109.93;115.68;118.49;110.76;102.48;105.14;104.37;110.59;89.15;101.37;96.24;100.24;100.34;100.88;97.15;100.73;100.97;94.66;90.18;91.57;90.62;92.71;91.04;93.41;93.76;97.74;94.49;110.37;107.42;101.39;101.87;86.68;91.34;88.44;82.37;89.21;89.8;90.5;94
O3;uur;µg/m³;2023-05-28T17:00:00+01:00;2023-05-28T18:00:00+01:00;90.2;87.5;89.9;89.2;91;105.16;111.74;106.8;114.66;104;100.48;109.71;100.33;114.23;89.47;94.47;93.06;96.16;96.81;95.45;94.31;94.64;96.04;92.21;88.59;90.61;86.73;90.57;89.17;92.2;90.7;94.94;92.59;107.74;102.03;105.72;93.2;82.22;86.29;81.04;75.99;80.03;90;88;93.2
O3;uur;µg/m³;2023-05-28T18:00:00+01:00;2023-05-28T19:00:00+01:00;80.8;81.4;81.3;84.2;84.1;105.91;108.32;105.05;110.24;99.4;93.05;109.04;95.42;113.2;85.95;87.62;86.33;89;92.16;91.6;89.12;89.93;88.17;85.85;81.74;88.06;86.24;88.69;86.94;89.7;89.86;92.59;89.75;95;92.5;98.36;86.38;82.14;77.57;75.81;80.92;75.39;85.8;88.6;90.9
O3;uur;µg/m³;2023-05-28T19:00:00+01:00;2023-05-28T20:00:00+01:00;74.2;78.5;77.9;74.8;79.7;105.96;100.78;100.9;109.07;87.12;85.04;99.02;89.99;107.13;76.34;79.78;83.9;86.28;86.69;87.77;86.95;85.22;83;77.95;77.4;83.27;76.58;84.93;85.76;89.05;85.55;90.53;86.59;81.93;88.32;89.81;78.84;71.99;72.57;70.71;83.37;84.29;79.5;82;84.6
O3;uur;µg/m³;2023-05-28T20:00:00+01:00;2023-05-28T21:00:00+01:00;72.6;74.7;72.8;73.9;77.3;100.51;85.37;70.99;103.74;79.96;78.72;90.13;85.22;92.63;72.51;69.56;78.65;75.82;82.22;83.95;80.21;83.3;80.39;73.57;84.03;74.44;66.82;78.72;74.48;76.79;75.43;78.05;79.4;75.24;82.01;81.15;70.67;68.06;82.5;70.49;83.85;78.29;70;73.5;75.5
O3;uur;µg/m³;2023-05-28T21:00:00+01:00;2023-05-28T22:00:00+01:00;63.9;67.8;65.5;68.7;72.2;85.15;76.39;88.76;98.03;77.24;74.81;78.77;79.79;82.51;70.31;65.67;72.3;69.9;77.16;73.05;81.92;73.32;70.21;68.5;80.45;78.6;67.95;72.93;64.59;68.09;71.4;67.47;68.36;69.52;71.6;72.58;64.57;75.03;76.49;73.32;75.67;73.97;74.8;78.8;78.2
O3;uur;µg/m³;2023-05-28T22:00:00+01:00;2023-05-28T23:00:00+01:00;64.9;69.3;60;66.7;73.9;74.19;68.23;77.06;83.83;72.14;64.06;71.59;69.72;75.45;65.02;62.09;75.84;70.8;70.87;66.53;82.09;75.14;64.75;70.9;79.07;76.08;71.91;78.01;65.14;66.23;75.46;68.4;64.19;60.78;66.78;66.31;69.57;74.91;71.04;72.73;72.45;69.17;75.5;78.4;80.2
O3;uur;µg/m³;2023-05-28T23:00:00+01:00;2023-05-29T00:00:00+01:00;71.3;73.7;68.4;73.6;81.5;69.4;61.04;68.84;73.42;63.74;58.26;64.6;64.25;68.36;63.99;62.85;77.19;75.45;71.84;68.76;77.51;77.73;70.56;72.57;78.55;71.84;74.07;79.19;69.98;74.11;75.13;75.11;68.7;58.49;71.63;59.36;69.29;73.8;68.05;70.06;69.82;62.21;72.8;76.5;78.1
O3;uur;µg/m³;2023-05-29T00:00:00+01:00;2023-05-29T01:00:00+01:00;67.1;72.6;65.7;73.6;79.8;64.57;54.44;64.08;68.38;58.47;57.76;58.09;64;62.11;67.8;59.99;75.25;74.03;75.71;71.49;76.03;76.25;71.65;71.84;73.9;73.68;68.88;76.45;70.76;76.28;75.73;75.35;73.11;64.71;73.72;63.76;70.54;68.72;64.95;67.39;68.58;61.44;70.6;75.5;76.5
O3;uur;µg/m³;2023-05-29T01:00:00+01:00;2023-05-29T02:00:00+01:00;67.8;72.5;68.2;69.8;77.4;61.57;56.98;57.67;63.2;64.57;66.79;58.14;74.94;58.4;67.67;65.72;73.83;72.47;72;73.23;74.7;72.78;72.07;71.17;70.27;72.19;61.24;71.96;70.45;74.8;67.74;75.02;71.49;66.56;70.45;70.73;68.23;64.71;58.8;62.17;69.76;59.94;68.1;74.3;75.2
O3;uur;µg/m³;2023-05-29T02:00:00+01:00;2023-05-29T03:00:00+01:00;66.3;68.8;65.9;67.9;76.8;53.9;62.45;54.88;57.66;69.16;68.55;63.21;74.71;64.37;65.76;68.45;73.02;68.35;72.54;71.64;71.92;73.02;69.61;69.9;69.38;68.88;58.23;65.57;64.44;68.62;64.13;68.55;65.8;61.34;65.41;67.71;62.57;61.87;55.61;59.15;69.62;60.39;65.3;69.1;71.1
O3;uur;µg/m³;2023-05-29T03:00:00+01:00;2023-05-29T04:00:00+01:00;62.5;65.2;64.4;67.5;73.6;51.76;60.9;50.38;54.82;66.16;67.11;65.54;72.11;66.91;64.38;67.73;69.08;68.46;69.18;67.38;65.77;69.86;67.66;67.64;69.14;63.31;53.85;63.39;61.34;65.46;62.95;65.68;62.79;58.42;60.36;66.27;54.66;60.57;55.93;57.41;72.08;59.04;64;67.5;68.5
O3;uur;µg/m³;2023-05-29T04:00:00+01:00;2023-05-29T05:00:00+01:00;60;64.8;60.9;63.2;68.9;58.48;59.64;49.5;53.07;64.91;64.79;63.45;69.41;65.08;61.36;69.89;62.57;68.28;69.25;64.51;60.01;66.61;62.02;59.31;70.01;60.45;48.76;62.13;58.76;63.87;63.23;62.95;59.97;57.41;58.43;63.55;48.81;55.52;57.08;54.4;71.75;57.28;63.3;68.2;68.8
O3;uur;µg/m³;2023-05-29T05:00:00+01:00;2023-05-29T06:00:00+01:00;59.1;64.4;63.1;59.6;64.2;59.9;57.44;52.31;55;61.84;61.21;63.28;66.57;63.88;56.78;69.53;58.58;68.51;67.47;62.01;59.5;65.59;61.58;58.53;70.85;61.62;49.24;63.51;55.96;60.56;62.26;59.86;58.37;57.14;57.03;61.5;47.25;52.85;60.27;56.5;72.17;66.59;66.5;65.5;67.9
O3;uur;µg/m³;2023-05-29T06:00:00+01:00;2023-05-29T07:00:00+01:00;61.9;66.1;64.1;59.5;63.6;59.05;59.29;58.65;58.15;60.37;60.13;61.64;66.98;63.45;58.39;66.41;63.36;72.07;67.83;61.61;66.32;66.43;66.58;55.92;72.17;60.66;58.39;64.37;59.57;62.74;63.6;63.54;61.35;60.14;62.72;60.35;56.81;56.93;67.39;65.81;73.69;69.82;65.3;68.5;69.4
O3;uur;µg/m³;2023-05-29T07:00:00+01:00;2023-05-29T08:00:00+01:00;63.9;65.5;62.7;62.9;68.7;58.2;61.97;59;60.31;62.36;62.66;61.13;69.66;62.19;64.35;63.34;68.75;71.71;69.92;66.24;72.83;69.29;66.53;62.53;72.56;68.14;69.36;67.28;65.38;68.69;67.14;69.27;68.05;66.33;70.3;63.25;68.02;68.71;72.14;74.66;78.59;78.85;67.8;72.8;73
O3;uur;µg/m³;2023-05-29T08:00:00+01:00;2023-05-29T09:00:00+01:00;62.1;64.7;64.1;67.7;72.7;59.73;65.29;58.03;60.33;66.2;64.58;63.07;71.49;64.42;63.46;66.46;72.37;72.07;71.34;71.49;78.15;74.29;68.25;62.72;75;74.3;73.1;72.09;67.66;70.61;69.86;72.24;70.89;69.32;73.63;65.91;72.24;71.49;75.17;77.68;78.29;79.96;71.4;74.1;76.2
O3;uur;µg/m³;2023-05-29T09:00:00+01:00;2023-05-29T10:00:00+01:00;68.6;66.4;66.5;72.8;76.9;62.84;68.07;60.68;62.26;69.48;67.18;66.44;73.7;68.97;65.7;71.05;75.97;75.15;73.08;73.03;78.69;77.64;74.08;65.58;80.53;74.18;72.75;75.03;70.42;72.23;74.77;75.15;73.53;72.44;75.52;68.08;73.95;75.39;80.57;79.28;78.3;81.33;73;75.2;77.1
O3;uur;µg/m³;2023-05-29T10:00:00+01:00;2023-05-29T11:00:00+01:00;71.7;68.6;67.9;75.7;79.7;66.63;71.64;67.44;67.31;73.25;71.09;69.6;76.92;72.36;74.89;74.45;77.79;79.03;75.61;77.22;82.4;78.41;77.51;66.79;83.14;78.61;76.48;77.7;72.13;75.09;76.36;77.47;76.64;76.58;78.63;71.65;81.07;78.57;80.09;81.6;78.95;81.83;76;78.1;79.9
O3;uur;µg/m³;2023-05-29T11:00:00+01:00;2023-05-29T12:00:00+01:00;70.5;72.5;69.9;76;82.1;71.67;75.56;71.84;73.58;76.26;74.79;69.4;80.32;75.96;80.55;76.38;80.48;82.24;78.94;80.82;87.39;82.46;79.71;71.5;83.79;82.51;80.72;80.4;74.5;76.58;80.49;79.39;77.99;81.11;82.95;74.86;84.01;79.14;81.2;82.48;79.61;83.49;81.5;84.1;85.5
O3;uur;µg/m³;2023-05-29T12:00:00+01:00;2023-05-29T13:00:00+01:00;72.2;75.2;74.6;83.6;87.5;77.08;79.79;77.38;79.95;80.62;79.42;72.88;84.22;79.08;83.88;82.03;87.5;86.15;81.57;81.5;90.98;87.7;82.64;71.61;83.14;85.13;81.74;84.58;77.6;79.93;84.21;83.11;80.77;86.76;88.05;79.62;85.57;79.28;80.73;83.4;80.09;82.98;82.2;85.2;87.4
O3;uur;µg/m³;2023-05-29T13:00:00+01:00;2023-05-29T14:00:00+01:00;78.2;77.9;79.5;89.7;88.2;80.48;81.42;82.82;85.25;83.86;84.25;74.47;89.05;82.93;83.51;87.9;87.85;90.2;84.97;85;90.34;91.09;87.34;76.58;83.69;83.38;83.31;85.61;80.51;83.37;85.72;86.31;85.56;88.55;91.63;81.61;87.3;82.8;83.23;84.36;82.62;83.61;81.7;84.2;87
O3;uur;µg/m³;2023-05-29T14:00:00+01:00;2023-05-29T15:00:00+01:00;79.2;78.3;80.7;88.7;86.5;82.94;86.55;86.29;88.58;88.76;87.14;79.58;91.99;86.49;83.82;92.41;87.22;89.58;87.01;86.94;90.42;89.6;88.35;74.87;86.12;83.84;85.57;86.69;83.54;85.68;86.39;89.17;85.84;92.07;90.01;86.26;87.74;83.22;82.26;87.18;80.84;85.42;80.3;84.7;87.5
O3;uur;µg/m³;2023-05-29T15:00:00+01:00;2023-05-29T16:00:00+01:00;80.1;79.2;81.7;87.8;86.5;84.09;92.29;86.9;89.89;92.52;86.42;85.37;91.96;92.18;80.64;92.54;87.42;90.27;87.21;89.49;89.15;92.39;86.43;74.31;86.73;83.76;85.38;84.89;83.41;85.33;85.21;88.56;87.7;92.16;91.67;88.1;88.85;81.91;85.03;85.57;84.24;88.16;81.1;83.8;85.6
O3;uur;µg/m³;2023-05-29T16:00:00+01:00;2023-05-29T17:00:00+01:00;79.9;79.7;80.3;90.3;87;87.17;93.33;86.61;89.41;96;85.38;88.54;95.4;96.12;81.39;91.74;85.88;87.1;87.81;88.09;89.71;89.58;86.29;72.64;89.15;85.97;83.4;84.29;82.89;85.13;85;88.22;85.5;92.33;91.95;87.72;90.5;82.82;84.58;84.96;81.4;83.48;83.1;85.9;88.4
O3;uur;µg/m³;2023-05-29T17:00:00+01:00;2023-05-29T18:00:00+01:00;79.7;80.7;77.4;86.5;89.6;92.45;92.63;88.93;91.34;95.6;85.7;89.67;91.41;95.11;80.92;90.18;88.87;86.66;84.62;86.11;90.84;87.96;84.85;78.14;85.96;85.45;84.67;84.13;82.32;83.83;84.84;87.05;84.04;91.52;90.58;87.34;87.77;82.29;85.07;84.46;79.52;82.05;85.4;85.2;87.8
O3;uur;µg/m³;2023-05-29T18:00:00+01:00;2023-05-29T19:00:00+01:00;77.1;78.7;77.8;84.1;90.3;93.44;92.22;95.93;97.94;89.57;80.99;89.97;86.34;95.48;80.95;84.57;90.73;85.7;84.94;84.16;90.91;87.41;81.33;83.91;83.08;86.56;82.51;86.04;81.95;82.37;87.49;86.94;83.04;88.49;86.74;82.35;85.94;82.52;82.7;81.57;79.18;78.42;82.5;84;87
O3;uur;µg/m³;2023-05-29T19:00:00+01:00;2023-05-29T20:00:00+01:00;72.6;78.9;74.5;83.8;90.2;91.7;88.73;90.1;96.24;85;77.31;87.18;83.59;92.1;80.88;76.88;85.97;81.96;83.76;85.69;87.53;84.25;80.17;80.56;82.03;83.21;79.34;82.4;82.02;83.01;84.69;86.63;82.15;82.89;84.82;83.54;81.87;76.9;79.5;75.08;78.69;76.2;81.4;81.6;83.9
O3;uur;µg/m³;2023-05-29T20:00:00+01:00;2023-05-29T21:00:00+01:00;69.5;73.7;69.8;79.6;84.3;87.24;80.8;82.21;91.46;78.37;73.35;82.38;81.91;86.57;77.57;72.16;81.03;77.78;82.36;82.44;83.12;79.46;75.82;75.57;77.53;80.98;71.91;83.01;79.68;80.06;79.87;83.83;81.63;79.67;82.72;80.07;75.56;75.62;77.1;75.27;78.09;74.57;77.9;79.4;81.7
O3;uur;µg/m³;2023-05-29T21:00:00+01:00;2023-05-29T22:00:00+01:00;66.3;69;68.6;73.9;81.6;80.46;74.75;78.42;86.1;72.54;72.75;75.87;78.58;81.05;73.57;66.92;78.8;72.47;80.66;78.26;79.31;79.98;73.77;72.08;77.13;74.4;67.62;77.66;73.52;73.95;77.66;76.46;77.61;74.25;78.17;73.78;72.66;70.6;72.28;71.59;79.17;76.69;76.3;79.1;82.2
O3;uur;µg/m³;2023-05-29T22:00:00+01:00;2023-05-29T23:00:00+01:00;65.3;69.5;63.3;74.6;77.9;75.48;72.74;72.65;79.81;70.85;69.39;74.88;75.01;78.42;71.16;65.94;74.69;75.7;76.86;76.52;75.95;76.84;70.97;70.04;78.5;70.01;64.74;76.2;69.44;72.19;74.22;73.44;74.2;68.23;75.42;72.5;67.42;65.44;72.55;70.99;81.39;79.59;72.9;75.5;75.8
O3;uur;µg/m³;2023-05-29T23:00:00+01:00;2023-05-30T00:00:00+01:00;69.6;73.6;65.7;69.1;75.8;72.13;70.35;72.15;74.75;72.5;68.55;69.45;72.68;73.59;69.73;66.12;71.04;74.69;71.07;71.02;71.75;72.13;67.87;66.82;82.61;66.54;63.33;73.7;66.37;70.03;69.98;70.7;68.05;65.71;73.21;68.49;65.12;63.91;79.04;75.11;88.03;85.26;73.6;73.5;75.5
O3;uur;µg/m³;2023-05-30T00:00:00+01:00;2023-05-30T01:00:00+01:00;68.6;70.6;65;65;73.9;67.63;66.09;68.31;72.99;69.29;67.85;65.94;70.85;69;65.55;67.98;69.38;71.91;66.73;67.82;69.81;68.27;65.21;64.62;85.4;68.81;60.15;73.12;65.99;69.92;63.6;67.46;68.64;66.48;69.68;66.11;56.57;64.7;84.53;77.38;88.53;89.2;74.9;75.1;76.5
O3;uur;µg/m³;2023-05-30T01:00:00+01:00;2023-05-30T02:00:00+01:00;66.1;68.1;65.4;62.9;70.4;63.76;62.08;64.92;68.43;66.63;63.03;65.04;69.02;65.52;60.33;70.58;67.03;70.37;62.71;68.93;68.81;65.46;62.05;63.7;88.49;70.98;62.03;67.79;65.59;70.05;68.94;68.87;68.1;56.77;63.02;65.96;43.46;71.4;88.82;82.38;89.3;91.28;82.1;80.8;81
O3;uur;µg/m³;2023-05-30T02:00:00+01:00;2023-05-30T03:00:00+01:00;66.6;68.5;67.1;60.8;68.2;60;53.75;59.96;63.96;63.86;59.73;61.75;66.37;63.63;57.51;70.54;66.65;69.41;58.98;68.17;72.15;61.82;62.31;62.4;90.5;82.78;73.94;61.16;67.52;70.79;65.31;72.7;64.46;52.8;56.54;64.84;38.3;81.13;90.34;89.3;88.1;87.27;82.5;85.1;84.8
O3;uur;µg/m³;2023-05-30T03:00:00+01:00;2023-05-30T04:00:00+01:00;66.3;66.9;62.3;60.6;69.1;58.1;47.95;55.73;60.3;63.67;56.9;57.48;64.97;59.28;57.81;69.23;73.63;71.24;58.91;63.28;90.37;59.06;58.67;68.63;89.98;88.49;80.78;62.54;63.17;70.33;75.07;70.07;54.96;60.9;56.34;62.11;42.92;84.07;89.83;88.51;88.57;87.54;82.3;87.4;87.3
O3;uur;µg/m³;2023-05-30T04:00:00+01:00;2023-05-30T05:00:00+01:00;61.5;66.5;55.9;66.6;87;55.24;51.91;50.05;55.72;63.34;57.2;56.44;67.87;56.83;56.12;70.25;84.74;69.56;58.18;64.01;91.08;72.73;38.23;71.09;90.15;88.84;84.37;82.82;61.01;69.41;81.06;67.26;54.09;67.73;60.22;65.55;73.08;83.03;88.54;86.22;85.11;84.21;85.6;86.8;88.5
O3;uur;µg/m³;2023-05-30T05:00:00+01:00;2023-05-30T06:00:00+01:00;66.8;78.5;63.5;73;90.2;53.42;58.85;48.66;50.88;63.86;60;52.67;72.92;56.6;61.26;64.68;86.43;80.4;56.92;58.15;90.02;83.77;39.99;64.77;88.89;83.42;83.96;82.74;64.95;67.95;84.5;70.68;60.74;73.03;79;68.3;80.79;83.53;86.49;81.45;78.62;79.62;83.4;83.2;86.5
O3;uur;µg/m³;2023-05-30T06:00:00+01:00;2023-05-30T07:00:00+01:00;72.1;79.1;69.7;78.1;88.4;56.69;68.52;51.06;52.72;71.76;62.49;56.43;77.93;60.54;67.28;65.46;83.9;78.3;58.8;62.89;91.93;83.66;58.28;65.76;84.19;78.73;84.69;80.55;74.55;75.2;82.65;79.78;73.07;80.07;83.38;74.25;82.82;83.78;81.81;77.55;74.03;74.83;82.5;81.4;83.8
O3;uur;µg/m³;2023-05-30T07:00:00+01:00;2023-05-30T08:00:00+01:00;73.7;79.8;69.2;75.6;85.1;66.36;72.35;55.92;56.86;76.87;74.96;65.34;79.92;63.83;72.18;74.64;84.45;77.2;68.09;76.36;93.81;82.51;72.68;65.48;75.46;80.69;84.84;84.5;80.04;80.65;85.75;85.93;81.3;83.92;84.82;76.73;82.31;83.62;76;73.4;68.71;68.99;83.5;84;86.2
O3;uur;µg/m³;2023-05-30T08:00:00+01:00;2023-05-30T09:00:00+01:00;71.2;80.3;71.7;78.2;92.1;68.75;74.28;59.83;62.71;76.67;77.13;73.5;78.48;74.12;75.4;76.25;86.43;81.08;79.78;78.87;91.46;84.35;72.53;74.93;71.12;81.95;84.23;86.37;81.4;83.44;87.02;87.24;82.86;84.59;89.37;76.62;85.18;77.73;71.11;69.69;67.36;66.91;81.2;78.3;86.1
O3;uur;µg/m³;2023-05-30T09:00:00+01:00;2023-05-30T10:00:00+01:00;72.3;75.2;71.8;81;91.7;72.88;76.08;68.79;66.03;79.05;78.45;76.03;83.51;78.47;80.12;77.39;87.24;82.17;86.5;85.14;86.53;87.67;73.61;73.48;68.86;70.98;81.47;86.79;83.52;86.69;86.58;89.25;85.64;86.39;89.37;79.98;83.16;68.06;67.36;66.03;68.6;69.68;74.5;76.2;80.1
O3;uur;µg/m³;2023-05-30T10:00:00+01:00;2023-05-30T11:00:00+01:00;73.5;72.6;73;83.3;87.7;76.9;80.8;76.26;74.03;85.69;83.8;79.31;90.42;83.02;84.16;80.92;81.34;86.92;90.14;88.01;76.49;88.16;77.79;76.94;70.94;67.16;71.49;81.09;84.11;86.77;78.74;89.66;90.23;87.68;92.39;83.03;78.75;65.27;68.46;61.35;70.07;70.69;65.6;65.6;70.1
O3;uur;µg/m³;2023-05-30T11:00:00+01:00;2023-05-30T12:00:00+01:00;73.5;78.2;70.9;83.7;77.1;83.09;87.15;83.4;83.93;92.52;87.18;85.82;94.26;88.54;85.86;86.37;73.01;86.45;90.5;91.18;69.69;81.31;77.55;68.75;73.88;46.54;67.55;71.19;78.79;82.24;69.11;84.18;84.91;87.97;92.54;89.96;72.2;63.93;70.49;65.82;71.01;73.26;63.1;63.2;63.5
O3;uur;µg/m³;2023-05-30T12:00:00+01:00;2023-05-30T13:00:00+01:00;61;62.7;60.5;69;71.3;90.43;92.56;89.79;90.47;98.15;94.82;91.72;100.55;95.63;79.64;89.76;69.87;77.55;84.51;;73.18;68.87;68.84;65.52;75.5;49.83;65.1;66.52;66.89;70.75;66.08;71.38;75.71;88.41;85.65;94.17;65.85;64.11;71.42;67.4;72.29;72.62;66;62.6;65.6
O3;uur;µg/m³;2023-05-30T13:00:00+01:00;2023-05-30T14:00:00+01:00;52.5;56.6;50.3;62.1;75;95.93;96.21;96.43;99.06;102.61;96.46;95.23;98.36;99.57;71.65;95.43;75.87;54.98;74.09;;76.27;69.18;53.77;69.74;75.33;48.93;65.09;68.34;62.35;63.29;70.21;66.48;67.72;78.13;73.49;97.36;63.29;62.54;72.37;69.85;72.68;73.57;69.6;67.3;70.1
O3;uur;µg/m³;2023-05-30T14:00:00+01:00;2023-05-30T15:00:00+01:00;48.3;55.7;50.1;65.3;76.9;96.29;98.7;102.99;105.1;104.31;91.68;98.57;81.95;103.48;68.21;85.32;77.56;59.68;65.11;;75.75;71.2;53.95;71.99;75.15;69.75;66.52;71.33;62.42;61.03;70.69;66.08;66.59;69.18;66.19;90.86;63.51;63.66;72.28;69.83;71.47;73.29;69.5;68.7;71.6
O3;uur;µg/m³;2023-05-30T15:00:00+01:00;2023-05-30T16:00:00+01:00;51;58.2;53.7;67.7;79.9;97.45;99.06;102.73;105.69;99.49;80.19;100.46;75.88;106.52;;72.89;78.34;66.56;65.75;;76.36;71.92;60.68;72.73;75.26;72.05;67.49;71.22;63.99;62.94;69.73;67.17;68.05;64.55;64.16;71.64;64.87;69.14;70.04;69.15;75.38;72.66;67.2;68.7;69.5
O3;uur;µg/m³;2023-05-30T16:00:00+01:00;2023-05-30T17:00:00+01:00;52.5;60.3;56.2;66.1;78.5;97.54;87.31;102.73;105.63;84.34;72.53;99.41;73.65;97.91;;69.38;77.36;64.39;69.47;;78.42;67.67;60.11;69.09;76.17;70.35;68.59;68.83;63.41;63.33;70;66.27;68.3;65.46;67.07;63.15;64.26;69.63;71.16;67.32;75.78;74.02;68;70.2;72.1
O3;uur;µg/m³;2023-05-30T17:00:00+01:00;2023-05-30T18:00:00+01:00;52.6;59.6;57.8;68.1;78.6;97.35;74.5;104.76;106.93;73.82;72.06;86.77;70.87;85.39;;68.22;77.19;68.58;69.69;;77.28;72.16;60.69;72.7;77.18;69.79;72.58;72.69;63.47;63.13;71.01;67.11;66.61;65.77;65.8;59.63;66.9;67.38;73.34;66.98;77.91;75.57;67;67.6;72
O3;uur;µg/m³;2023-05-30T18:00:00+01:00;2023-05-30T19:00:00+01:00;57.8;67.2;58.1;64.9;75.1;93.16;67.1;101.19;103.55;67.2;69.37;69.24;68.3;78.94;;64.88;74.04;70.96;69.64;66.84;75.03;69.67;60.83;69.81;77.53;69.74;69.9;70.55;64.47;66.06;69.51;68.69;65.65;67.37;67.21;59.25;66.46;64.8;73.15;66.23;76.11;75.28;66.1;67.8;70.4
O3;uur;µg/m³;2023-05-30T19:00:00+01:00;2023-05-30T20:00:00+01:00;61.5;69;62.5;63.3;74.7;72.99;62.28;90.31;95.07;62.51;63.05;60.07;65.31;65.13;64.91;63.87;69.12;72.06;70.68;63.49;74.2;70.4;66.16;61.89;77.32;72.27;66.12;68.25;64.48;66.2;65.28;69.15;63.65;65.73;65.99;58.06;64.86;63.52;71.45;63.77;76.52;72.23;65.7;68.8;70.2
O3;uur;µg/m³;2023-05-30T20:00:00+01:00;2023-05-30T21:00:00+01:00;55.6;63.8;58.9;60.4;72.6;64.43;56.14;70.64;74.13;55.14;59.55;58.15;62.58;61.88;61.67;57.72;69.57;63.91;65.76;58.39;74.94;67.67;58.5;59.65;75.56;70.9;60.39;65.73;61.39;62.92;63.57;65.09;57.41;60.03;59.44;54.85;56.28;64.16;70.81;61.09;74.36;69.82;66.2;69.2;69.7
O3;uur;µg/m³;2023-05-30T21:00:00+01:00;2023-05-30T22:00:00+01:00;52.4;58.5;53.1;56.6;69.1;57.45;48.56;60.96;63.76;53.2;54.33;56.61;61.89;59.24;56.34;56.56;67.54;62.33;60.27;55.03;73.97;66.47;57.84;60.8;74.09;67.92;56.83;67.99;56.62;57.22;63.84;60.03;48.36;52.84;57.68;49.55;52.2;64.68;67.59;59.21;75.05;66.34;66.2;69.2;68.9
O3;uur;µg/m³;2023-05-30T22:00:00+01:00;2023-05-30T23:00:00+01:00;48.7;57.1;50.2;55.1;66;49.39;48.35;51.81;54.13;54.48;52.69;55.06;60.66;58.2;53.1;56.46;67.83;61.44;56.35;54.16;72.98;60.9;52.29;61.24;73.09;66.51;55.62;64.08;52.2;54.35;56.82;55.69;47.97;50.38;54.43;49.04;53.31;62.72;63.24;58.99;74.55;64.7;64.8;66.9;66.8
O3;uur;µg/m³;2023-05-30T23:00:00+01:00;2023-05-31T00:00:00+01:00;53.5;59.8;55.9;52;67.9;43.64;45.42;41.21;48.63;51.31;48.62;50.84;56.87;53.48;52.29;58.3;66.17;61.48;55.11;50.85;69.28;61.46;52.12;59.94;73.02;65.41;52.43;59.92;50.48;54.28;54.34;53.77;46.35;45.02;53.16;49.84;52.01;61.23;58.57;55.85;73.78;58.06;64.5;67;65.7
O3;uur;µg/m³;2023-05-31T00:00:00+01:00;2023-05-31T01:00:00+01:00;51.4;58;52.4;48.9;65.2;42.42;44.98;34.46;47.72;48.36;43.48;47.84;55.49;49.88;44.89;49.66;61.59;60.1;55.64;49.16;63.62;56.14;57.3;57.36;71.39;61.79;53.43;53.9;49.8;54.73;53.81;53.68;48.38;38.2;49.6;48.43;46.31;58.73;52.5;45.19;65.57;55.5;63.4;62.9;63.5
O3;uur;µg/m³;2023-05-31T01:00:00+01:00;2023-05-31T02:00:00+01:00;46.2;55.6;51.9;45.2;60.9;40.02;42.94;29.13;44.98;47.01;43.08;45.31;52.55;47.56;42.24;48.08;56.46;58.25;54.47;46.35;61.6;57.7;54.89;52.82;70.65;59.78;51.91;53.48;47.46;52.56;51.05;52.67;45.77;32.07;46.71;46.16;42.67;53.76;54.09;35.87;57.35;44.68;63.4;64.9;64.1
O3;uur;µg/m³;2023-05-31T02:00:00+01:00;2023-05-31T03:00:00+01:00;42.4;55.1;51.1;46.6;53.9;36.52;39.18;24.52;41.85;44.02;38.9;43.61;51.22;46.3;40.44;36.18;50.82;56.77;51.69;43.19;61.04;53.34;52.41;51.55;67.4;59.62;50.52;54.15;45.73;51.24;49.09;51.19;43.9;30.54;45.61;41.74;39.99;51.71;52.64;38.1;49.12;35.15;63.8;64.3;64.8
O3;uur;µg/m³;2023-05-31T03:00:00+01:00;2023-05-31T04:00:00+01:00;40.6;53.9;48.2;39.3;47;33.99;36.74;26.83;34.22;40.9;38.62;41.53;48.74;44.09;43.72;37.14;46.06;55.59;49.64;44.2;54.78;54.11;52.13;42.35;62.48;53.14;41.47;50.71;43.28;48.12;48.13;48.23;40.24;29.15;42.76;39.76;36.09;47.01;62.07;42.13;45.59;30.23;60.6;63.7;62.4
O3;uur;µg/m³;2023-05-31T04:00:00+01:00;2023-05-31T05:00:00+01:00;33.9;48.7;42.2;40.1;36.9;31.15;31.08;24.03;29.64;36.66;37.87;37.59;46.08;38.75;40.1;42.08;41.6;51.79;45.35;41.65;51.29;55.71;38.79;28.09;62.06;52.41;40.76;47.99;40.04;45.1;41.77;44.59;37.22;20.62;41.24;35.87;29.7;45;58.24;40.95;39.38;36.8;53.3;56;58.5
O3;uur;µg/m³;2023-05-31T05:00:00+01:00;2023-05-31T06:00:00+01:00;28.8;42.4;28.9;35.1;43.6;29.15;31.96;23.32;29.85;33.47;34.65;35.46;42.25;36.24;39.93;40.64;46.29;46.03;39.44;37.32;57.78;39.38;32.09;35.41;64.47;52.84;42.7;50.77;35.12;40.27;40.85;39.83;38.79;28.67;38.99;30.7;31.85;45.63;47.6;43.44;37.42;48.18;51;48.4;50.4
O3;uur;µg/m³;2023-05-31T06:00:00+01:00;2023-05-31T07:00:00+01:00;29;42.6;35.9;42;46.4;34.55;35.88;29.14;33.54;34.72;33.38;35.13;40.04;37.9;37.13;38.27;46.35;42.22;43.26;38.37;60.13;46.8;34.61;28.47;62.21;43.82;48.32;46.89;39.2;40.26;42.66;42.2;38.63;32.49;45.21;33.07;39.15;48.51;48.81;42.72;55.65;47.74;55.3;47.6;53.5
O3;uur;µg/m³;2023-05-31T07:00:00+01:00;2023-05-31T08:00:00+01:00;30.3;43.1;35.9;42.2;46.8;39.59;40.53;35.73;40.56;40.28;36.53;38.46;41.33;41.38;41.09;41.58;46.56;46.03;43.77;39.04;56.43;44.68;38.42;30.22;62.23;37.92;54.35;48.54;44.92;42.63;48.09;48.96;43.27;39.92;50.99;34.76;51.15;51.67;55.23;51.97;64.42;52.79;58;56.1;56.1
O3;uur;µg/m³;2023-05-31T08:00:00+01:00;2023-05-31T09:00:00+01:00;36.2;45.5;43.8;48.1;49.4;45.42;48.1;49.78;53.07;47.85;40.68;42.38;44.45;46.59;46.89;42.46;51.14;46.45;48.2;46.94;58.42;55.59;45.42;35.63;63.25;39.11;58.43;52.74;51.49;50.05;52.42;55.26;50.35;53.74;59.85;42.55;57.65;58.72;60.32;57.81;65.49;65.09;62.8;61.3;62.3
O3;uur;µg/m³;2023-05-31T09:00:00+01:00;2023-05-31T10:00:00+01:00;43.9;50.5;46.6;54.1;55.7;56.07;56.84;65.8;62.98;55.95;46.65;50.23;52.44;54.68;49.9;47.5;60.07;55.03;52.9;54.12;69.37;64.79;53.34;46.55;65.74;51.95;64.4;56.53;57.56;59.54;60.44;61.31;58.45;62.93;70.07;50.57;65.99;64.32;66.74;68.81;71.56;66.73;63.8;63.4;65.2
O3;uur;µg/m³;2023-05-31T10:00:00+01:00;2023-05-31T11:00:00+01:00;54.8;56.7;56;62.5;58.1;67.76;70.43;75.97;72.07;68.11;57.45;61.62;65.44;67.55;56.84;52.96;67.2;63.94;61;64.12;76.66;73.87;63.33;56.54;71.74;56.93;74.56;61.66;65.03;70.63;61.28;69.23;68.29;71.33;81.81;62.69;75.51;74.21;;79.27;74.14;73.65;70.3;69.6;72.4
O3;uur;µg/m³;2023-05-31T11:00:00+01:00;2023-05-31T12:00:00+01:00;60.9;61.1;60.9;72.7;67.3;84.68;86.02;86.15;84.38;80.52;76.84;77.47;83.44;85.9;70.45;64.55;72.36;72.57;73;77.27;82.85;83.73;73.49;59.33;76.91;60.44;84.34;70.28;74.34;77.61;67.99;80.56;79;84.74;90.58;79.19;85.75;80.64;;85.81;79.26;75.73;81.6;78.9;83.5
O3;uur;µg/m³;2023-05-31T12:00:00+01:00;2023-05-31T13:00:00+01:00;61.9;68.9;67.1;81;74.7;99.41;93.54;102.12;104.04;92.55;86.47;87.96;97.98;95.92;74.2;77.23;78.58;80.76;80.95;86.93;90.91;91.33;78.57;74.34;80.82;75.98;88;79.87;81.34;83.92;78.35;87.43;84.56;94.75;93.53;87.62;92.3;85.81;75.33;83.51;77.98;81.76;85.1;80.7;87.6
O3;uur;µg/m³;2023-05-31T13:00:00+01:00;2023-05-31T14:00:00+01:00;69.5;75.2;76.5;88.8;77.1;106.9;96.77;115.74;118.57;97.28;97.02;92.49;103.24;98.82;79.18;92.92;83.64;87.03;87.23;92.12;93.53;97.81;81.76;81.04;81.15;76.57;90.29;87.21;84.94;88.48;85.67;91.77;87.73;101.7;96.9;92.58;;83.74;81.6;85.67;76.14;81.76;81.7;83.7;86.8
O3;uur;µg/m³;2023-05-31T14:00:00+01:00;2023-05-31T15:00:00+01:00;75.8;75.3;81.3;81.1;82.2;112.23;98.51;122.01;124.09;101.21;103.03;95.82;105.28;102.2;84.84;101.95;87.36;95.39;93.46;93.82;91.81;97.79;84.52;84.29;84.09;81.89;92.63;86.66;86.01;87.29;85.74;92;90.96;106.63;98.22;93.36;;83.78;83.19;84.97;80.7;79.2;81.4;86.9;88.1
O3;uur;µg/m³;2023-05-31T15:00:00+01:00;2023-05-31T16:00:00+01:00;81.2;79.3;84.6;82;83;113.87;99.99;123.09;126.24;106;104.17;98.89;107.25;104.52;84.68;100.64;84.62;95.27;97.54;94.53;89.58;93.86;93.99;84.6;85.05;84.37;91.11;87.27;85.96;87.63;85.29;91.99;89.81;106.88;101.65;96.81;;86.32;82.62;82.8;80.43;79.3;82.1;85.8;87.6
O3;uur;µg/m³;2023-05-31T16:00:00+01:00;2023-05-31T17:00:00+01:00;81.9;83.8;82.3;78.7;82.1;111.95;105.01;124.61;129.02;111.67;104.65;103.59;102.81;109.12;84.8;89.66;85.02;96.08;97.5;92.09;88.86;86.9;100.8;83.32;87.64;83.13;90.5;87.83;85.04;88.05;86.34;90.76;88.42;106.71;106.39;98.29;;83.58;79.79;78.87;90.88;87.94;83.1;86.7;89.1
O3;uur;µg/m³;2023-05-31T17:00:00+01:00;2023-05-31T18:00:00+01:00;81.3;83.2;83.7;76.2;83.4;109.73;107.3;125.32;128.4;114.22;99.3;105.28;98.54;111.2;78.69;89.47;86.4;93.31;94.82;90.19;89.62;85.45;82.09;84.97;87.4;83.72;85.49;87.42;85.82;87.74;83.41;91.24;87.16;103.55;104.87;99.06;;79.1;82.68;78.46;84.62;86.94;82.7;82.6;86.3
O3;uur;µg/m³;2023-05-31T18:00:00+01:00;2023-05-31T19:00:00+01:00;79.9;80.1;79;77.6;85.4;105.91;106.33;118.48;120.61;104.29;89.92;104.75;93.91;111.25;78.4;73.2;86.98;89.45;90.47;85.69;88.43;84.69;77.03;84.21;87.98;82.35;78.04;82.6;80.4;83.52;79.98;85.81;80.85;96.49;101.28;97.36;;74.02;79.63;81.27;81.99;83.24;80.2;80.7;84.8
O3;uur;µg/m³;2023-05-31T19:00:00+01:00;2023-05-31T20:00:00+01:00;69.2;75.7;71.1;74.7;83;98.6;98.85;107.68;113.9;86.57;84.4;101.02;86.03;108.55;77.01;75.47;82.68;82.63;85.54;79.32;84.59;81.08;74.19;79.15;83.8;81.7;73.42;78.91;74.08;76.31;77.36;78.76;72.55;84.03;85.35;90.07;;74.67;76.83;77.91;75.97;74.71;80.2;82.4;84.1
O3;uur;µg/m³;2023-05-31T20:00:00+01:00;2023-05-31T21:00:00+01:00;62;66.6;67.4;68.6;81.4;85.38;86.18;95.32;105.32;77.17;74.86;94.07;76.76;102.01;70.36;71.28;80.53;69.18;79.89;74.36;84.39;77.37;71.5;72.76;81.52;78.31;74.29;77.16;74.36;73.73;77.04;77.77;68.38;73.14;74.35;76.03;74.91;74.28;74.97;74.07;75.25;74.7;74.9;79.5;82.3
O3;uur;µg/m³;2023-05-31T21:00:00+01:00;2023-05-31T22:00:00+01:00;60.9;63;66.5;64.7;77.9;74.7;74.32;87.31;92.77;67.28;63.12;81.64;70.16;90.1;65.19;62.88;77.35;65.41;74.91;72.19;79.4;76.2;69.81;71.03;79.61;76.84;68.08;71.41;70.18;72.1;70.09;73.25;70.3;69.29;71.99;67.24;70.08;68.85;73.39;68.65;77.96;76.51;71;75.5;76.6
O3;uur;µg/m³;2023-05-31T22:00:00+01:00;2023-05-31T23:00:00+01:00;57.6;62.4;62.4;65.2;70.2;75.42;66.1;54.65;88.14;59.61;59.26;68.01;68.83;75.58;59.71;50.88;72.84;60.77;72.39;67.63;77.74;71.93;67.53;66.23;76.59;75.75;62.08;72.69;62.76;64.4;68.35;65.49;65.47;64.59;73.31;60.23;66.38;67.97;76.95;72.35;81.24;81.71;71;75.3;76
O3;uur;µg/m³;2023-05-31T23:00:00+01:00;2023-06-01T00:00:00+01:00;57.8;64.1;58.6;58;70.9;70.76;67.75;45.38;79.5;55.64;58.96;60.58;66.39;66.01;57.32;46.22;70.24;66.61;68.36;64.26;77.69;67.73;62.31;65.91;77.74;73.06;63.64;72.66;59.7;63.19;68.02;64.05;62.56;60.91;67.04;62.7;60.99;70.9;80.16;77.07;83.5;84.93;69.1;73.1;75.1
O3;uur;µg/m³;2023-06-01T00:00:00+01:00;2023-06-01T01:00:00+01:00;59.8;69.5;66.2;58.3;70.2;60.03;60.64;56.46;70.84;55.18;52.8;59.33;60.5;61.56;57.99;51.43;68.78;69.31;66.75;60.58;75.55;69.77;65.9;66.92;81.11;73.79;69.39;69.22;59.07;63.77;67.83;64.11;59.78;56.68;64.67;62.1;65.91;73.7;81.04;80.93;85.99;86.56;71.8;74.1;75.6
O3;uur;µg/m³;2023-06-01T01:00:00+01:00;2023-06-01T02:00:00+01:00;63;69.6;66.5;61.3;68.3;57.39;55.41;49.32;61.78;55.92;54.8;59.73;62.04;60.75;53.71;53.69;69.78;69.05;61.7;61.85;78.89;68.75;71.81;65.94;82.96;77.75;71.17;73.79;61.4;65.57;69.71;66.99;59.88;59.79;65.29;57.96;70.33;75.4;82.15;83.69;85.68;87.15;75;78.2;77
O3;uur;µg/m³;2023-06-01T02:00:00+01:00;2023-06-01T03:00:00+01:00;62.5;73.5;68;65.5;70.8;;;;;;;;;;;;;;;;;;;;;;;;;;;;;;;;;;;;;;78.7;83.5;83.6
O3;uur;µg/m³;2023-06-01T03:00:00+01:00;2023-06-01T04:00:00+01:00;66.5;76.5;71.1;71.4;72.2;50.02;52.81;45.99;49.36;50.88;55.25;51.65;60.77;54.55;58.75;57.48;74.23;76.88;69.15;64.79;84.95;78.28;71.54;69.24;84.38;81.31;78.28;81.16;68.61;70.39;77.16;72.93;65.51;69.75;73.82;60.13;77.02;80.68;84.04;82.03;81.46;81.46;79.1;81.1;81.6
O3;uur;µg/m³;2023-06-01T04:00:00+01:00;2023-06-01T05:00:00+01:00;67.2;77.1;69;72.6;75.7;47.63;57.89;40.85;46.84;55.17;55.95;52.75;60.34;54.23;60.11;59.43;78.4;80.36;70.63;66.21;84.32;77.13;68.25;62.36;85.21;82.31;79.83;81.1;71.05;74.39;80.86;75.59;66.18;74.92;76.7;64.25;78.42;81.04;81.49;76.69;84.1;81.18;80.6;85;85.8
O3;uur;µg/m³;2023-06-01T05:00:00+01:00;2023-06-01T06:00:00+01:00;68.2;74.1;65.5;71;75.1;45;61.11;40.16;42.61;60.45;61.58;54.23;64.83;56.04;61.78;63.82;78.14;78.15;73.25;67.98;85.95;78.3;65.27;48.27;82.96;77.01;82.52;81.39;72.27;72;79.47;76.92;74.11;78.72;78.14;69.42;81.07;78.01;79.9;73.76;80.64;77.51;80.3;81;84.1
O3;uur;µg/m³;2023-06-01T06:00:00+01:00;2023-06-01T07:00:00+01:00;63.4;74.5;60.8;71.4;74.4;47.65;65.99;39.67;40.6;63.67;61.1;59.52;67.92;59.37;65.15;65.47;78.2;71.3;72.38;72.18;86.04;77.47;62.4;54.05;81.67;64.93;82.24;81.42;75.3;77.4;79.97;80.16;74.91;77.9;80.39;65.75;81.33;77.67;80.04;73.84;79.85;71.37;76.6;78.8;82.2
O3;uur;µg/m³;2023-06-01T07:00:00+01:00;2023-06-01T08:00:00+01:00;62.8;70;61.7;70.7;79.2;51.38;68.3;40.48;42.83;65.79;61.8;61.39;70.39;63.78;64.41;69.31;78.11;68.7;72.56;72.4;84.05;75.05;62.8;63.22;82.18;65.72;79.56;82.9;73.73;75.25;79.28;78.22;77.43;79.09;81.86;68.92;75.53;78.03;81.25;67.38;74;65.7;75.4;75;78.5
O3;uur;µg/m³;2023-06-01T08:00:00+01:00;2023-06-01T09:00:00+01:00;60.4;66.2;62.6;72.5;78;57.48;72.3;45.44;46.53;67.49;68.3;64.08;73.04;65.56;68.87;71.91;78.2;71.73;75.63;75.36;82.85;78.27;65.34;65.16;84.8;63.21;80.67;80.16;76.04;79.31;79.01;79.88;78.3;78.13;81.66;72.82;74.33;78.46;83.26;61.07;72.4;67.31;77.7;77;80.4
O3;uur;µg/m³;2023-06-01T09:00:00+01:00;2023-06-01T10:00:00+01:00;61.4;68.2;63.8;74;80.6;64.3;75.45;52.31;53.05;72.9;74.01;69.13;78.07;70.95;72.93;71.88;80.16;68.37;77.88;79.93;85.24;78.96;69.23;67.08;83.43;67.97;82.35;80.56;78.06;78.25;82.38;82.95;79.36;74.03;82.59;76.28;78.17;79.47;77.34;61.74;75.66;74.7;77.4;78.2;78.4
O3;uur;µg/m³;2023-06-01T10:00:00+01:00;2023-06-01T11:00:00+01:00;64.1;64;67.4;76;86.4;74.57;82.94;63.56;64.37;79.28;76.51;74.86;83.05;78.48;78.46;74.13;85.49;74.31;77.81;83.56;88.34;83.54;71.98;80.61;72.86;72.47;84.32;81.54;81.2;83.43;82.98;86.47;84.96;70.99;84.95;79.7;78.79;76.9;76.18;63.81;77.52;79.12;79.6;79.8;79.7
O3;uur;µg/m³;2023-06-01T11:00:00+01:00;2023-06-01T12:00:00+01:00;67.6;67.2;72.8;82.4;89.7;81.77;87.38;75.91;78.69;86.55;81.01;83.01;89.85;85.97;81.2;77.37;90.23;79.34;81.87;84.84;93.02;87.55;80.24;84.94;75.05;69.09;81.17;83.01;85.46;88.77;84.89;92.15;86.81;75.28;87.86;85.73;80.99;71.14;76.34;70.94;78.68;81.3;79.3;80.6;82.8
O3;uur;µg/m³;2023-06-01T12:00:00+01:00;2023-06-01T13:00:00+01:00;69;71.7;76.6;86.4;89.4;88.09;87.65;92.25;91.62;90.99;89.64;88.8;95.49;94.11;87.32;86.11;91.19;83.72;84.09;88.2;83.75;90.43;83.18;87.6;78.78;65.42;73.3;87.07;82.11;89.12;78.79;89.19;91.06;85.27;91.94;89.28;77.12;73.24;77.2;74.59;79.27;81.07;65.9;66.8;69.4
O3;uur;µg/m³;2023-06-01T13:00:00+01:00;2023-06-01T14:00:00+01:00;73.6;69.1;81.7;86.6;84.8;99.27;97.16;98.84;101.29;96.6;94.18;89.52;98.62;94.87;90.14;90.53;81.53;87.39;87.27;91.6;83.18;84.02;85.04;79.51;80.62;62.68;74.86;74.39;71.61;75.57;;77.02;84.34;91.9;83.12;92.2;66.81;75;78.33;78.04;79.84;81.77;68.3;65.6;67.3
O3;uur;µg/m³;2023-06-01T14:00:00+01:00;2023-06-01T15:00:00+01:00;67.8;54.8;72.6;78.9;79.2;104.19;102.06;106.98;111.37;100.75;94.78;93.11;100.57;100.51;88.38;91.6;81.53;77.51;84.76;94.84;86.34;79.86;76.19;78.23;81.47;65.59;75.9;65.84;69.05;71.55;68.58;73.46;69.62;83.58;73.47;90.34;70.96;75.51;79.5;77.38;75.9;80.27;71.4;66;67.6
O3;uur;µg/m³;2023-06-01T15:00:00+01:00;2023-06-01T16:00:00+01:00;64;59.9;71.3;76.6;79;105.1;102.72;111.58;114.38;96.29;96.91;93.28;93.8;101.18;80.97;92.87;81.68;71.81;75.09;71.68;85.91;79.68;73.33;77.39;82.63;73.78;77.43;67.03;70;72.05;67.46;75.21;65.84;68.58;73.58;73.85;76.44;77.91;78.45;79.27;74.9;77.81;74.2;75.7;72.8
O3;uur;µg/m³;2023-06-01T16:00:00+01:00;2023-06-01T17:00:00+01:00;62;64.1;73;77.8;80.3;106.48;85.07;112.91;114.85;79.9;84.44;79.26;74.56;90.26;77;83.17;80.33;73.36;74.46;62.54;86.97;79.86;72.91;77.41;80.72;74.25;79.96;73.02;74.29;76.47;70.33;79.56;67.64;75.36;75.3;71.9;77;76.46;77.68;76.7;77.03;78.36;76.3;69.6;75.7
O3;uur;µg/m³;2023-06-01T17:00:00+01:00;2023-06-01T18:00:00+01:00;64.6;63.2;74.5;80.6;82.5;105.25;77.67;114.68;117.03;71.56;76.44;72.24;68.37;78.41;76.83;79.94;85.89;75.36;74.42;66.13;88.36;83.09;76.13;80.65;79.09;78.31;78.68;75.35;77.32;78.56;76.25;81.9;73.34;80.07;79.75;71.89;73.97;76.38;77.71;75.56;79.22;81.11;78.5;76.8;78.3
O3;uur;µg/m³;2023-06-01T18:00:00+01:00;2023-06-01T19:00:00+01:00;71;67.9;73.9;83.9;83;85.48;74.5;105.96;111.49;73.89;71.46;71.5;73.77;76.81;78.28;77.56;84.47;78.21;74.4;71;85.82;85.05;78.28;80.54;78.26;79.16;76.97;78.08;78.83;80.85;72.85;83.39;76.17;78.74;79.38;74.32;75.74;73.96;77.96;76.82;81.79;80.94;76.2;73.1;76.4
O3;uur;µg/m³;2023-06-01T19:00:00+01:00;2023-06-01T20:00:00+01:00;67;69.9;75;82.2;82.4;72.66;74.68;80.1;86.36;76.38;71.15;71.86;77.21;77;77.65;78.17;81.91;77.5;74.93;74.78;81.6;82.11;79.29;78.18;78.02;76.14;76.32;76.04;75.61;77.51;72.54;80.08;76.98;77.24;78.27;72.16;73.82;76.33;77.49;76.37;82.05;83.13;76.2;74.5;75.2
O3;uur;µg/m³;2023-06-01T20:00:00+01:00;2023-06-01T21:00:00+01:00;58.2;67;69.7;81.2;79.6;69.74;73.64;69.2;73.26;78.79;71.6;70.65;81.17;78.42;77.36;76.89;80.45;73.95;73.88;75.83;79.56;79.12;74.49;75.78;78.89;77.54;75.35;76.54;74.96;77.85;68.9;79.45;75.48;76.16;78.05;73.2;75.56;77.05;80.84;81.74;83.52;83.22;76.2;76.7;77.4
O3;uur;µg/m³;2023-06-01T21:00:00+01:00;2023-06-01T22:00:00+01:00;61.7;69.9;65.9;80.7;80.4;69.58;72.82;64.67;72.17;76.83;71.4;71.97;79.7;77.23;74.27;77.04;80;72.48;71.1;74.77;80.69;78.24;74.04;74.91;78.5;78.14;75.07;77.71;77.91;79.13;72.34;82.34;74.39;75.44;78.6;71.83;75.59;80.34;76.81;76.87;86.64;86.21;77.9;78.4;77.9
O3;uur;µg/m³;2023-06-01T22:00:00+01:00;2023-06-01T23:00:00+01:00;66.9;72.3;69.7;80.5;81;69.07;71.86;58.36;68.42;75.07;70.92;72.95;79.4;74.68;75.41;72.82;77.01;74.79;72.39;76.17;83.02;79;73.36;71.19;82.03;81.17;81.01;79.25;75.76;77.96;78.41;79.86;74.73;77.26;76.41;72.59;79.96;79.81;81.59;80.15;87.05;87.33;78;74.5;80
O3;uur;µg/m³;2023-06-01T23:00:00+01:00;2023-06-02T00:00:00+01:00;65.7;73;72.8;79.1;84;67.78;74.89;63.01;69.08;73.67;72.36;72.53;77.65;72.96;73.85;73.59;79.47;76.5;71.44;76.66;82.32;80.97;77.52;72.57;82.51;79.72;78.41;78.89;79.14;84.46;73.39;84.7;78.67;80.59;81.54;72.67;76.51;83.71;81.02;80.61;86.49;87.87;79.4;79.7;79.6
O3;uur;µg/m³;2023-06-02T00:00:00+01:00;2023-06-02T01:00:00+01:00;74.1;76.6;76.8;82.1;80.6;68.94;72.37;58.88;68.28;74.55;74.89;74.41;79.48;74.32;73.2;68.44;80.59;78.36;78.44;80.16;87.71;82.62;81.14;76.48;79.6;84.85;79.21;79.94;77.5;81.63;74.48;82.57;75.32;79.88;81.42;77.86;77.11;82.88;80.36;84.2;83.39;86.03;83.5;83;83.7
O3;uur;µg/m³;2023-06-02T01:00:00+01:00;2023-06-02T02:00:00+01:00;72.1;76.5;76.5;85.4;88.4;69.58;76.2;65.41;71.54;74.47;76.2;73.58;85.22;75.07;74.93;69.29;85.71;79.37;77.82;77.21;86.07;87.66;82.71;82.14;79.59;84.46;82.3;82.42;80.41;86.35;77.91;86.48;77.4;83.12;81.79;81.79;82.1;82.29;77.95;79.75;82.16;80.89;80.8;79.2;80.8
O3;uur;µg/m³;2023-06-02T02:00:00+01:00;2023-06-02T03:00:00+01:00;75.2;81.6;81.6;87;87.5;70.6;80.05;69.6;73.39;79.96;76.89;78.63;80.65;77.25;78.59;74.03;82.46;83.63;77.73;81.06;83.23;83.61;85.79;79.49;78.42;81.67;82.94;80.39;80.17;85.67;74.49;84.98;79.15;84.61;83.89;81.57;81.46;81.78;76.58;65.79;77.42;76.3;78.3;78;75.6
O3;uur;µg/m³;2023-06-02T03:00:00+01:00;2023-06-02T04:00:00+01:00;73.9;79.9;78.7;81.8;82.1;72.55;77.52;70.73;72.87;77.59;76.88;80.7;84;81.96;79.31;77.18;80.61;81.46;80.89;79.88;82.97;81.69;83.25;76.07;77.87;80.77;79.4;78.5;78.57;83.85;72.79;83.41;76.45;84.76;85.98;84.69;79.63;80.91;78.82;63.82;76.81;75.87;77.6;71.3;73.7
O3;uur;µg/m³;2023-06-02T04:00:00+01:00;2023-06-02T05:00:00+01:00;69.8;76.8;73.7;80;81.4;73.41;83.15;69.7;74.91;81.76;80.37;77.3;82.57;78.56;75.17;81.37;78.95;81.84;78.19;76.78;80.56;80.76;71.98;62.39;78.32;78.02;79.59;77.43;76.95;82.27;60.95;81.13;74.42;82.59;83.86;83.66;73.41;76.76;74.09;61.71;75.48;73.82;76.5;73.9;73
O3;uur;µg/m³;2023-06-02T05:00:00+01:00;2023-06-02T06:00:00+01:00;61.5;71;65.6;75;73.4;76.42;79.76;70.86;74.93;77.12;77.13;77.65;80.08;79.61;73.19;78.59;76.38;78.35;75.5;70.39;81.21;76.53;66.71;51.19;79;75.43;81.04;76.39;71.11;77.42;49.1;76.54;70.06;80.97;80.76;80.45;71.35;71.99;71.47;59.99;75.37;71.57;73.6;68.1;74.6
O3;uur;µg/m³;2023-06-02T06:00:00+01:00;2023-06-02T07:00:00+01:00;59.8;66.4;58.1;72.2;72;74.05;78.39;75.38;79.7;76.16;73.26;76.59;74.88;77.97;71.02;77.54;74.23;63.79;72.73;68.87;79.37;77.21;60.68;48.86;77.48;65.09;77.76;75.64;69.8;74.54;56.86;74.22;68.51;78.8;81.14;76.79;71.18;69.46;72.72;64.97;72.33;68.56;70.6;70.7;71.3
O3;uur;µg/m³;2023-06-02T07:00:00+01:00;2023-06-02T08:00:00+01:00;60;64.6;58.7;75.3;73.3;75.32;79.45;73.77;79.51;76.64;71.68;73.42;75.66;77.9;69.72;77.68;73.32;68.09;72.23;70.68;81.05;76.78;61.92;55.25;75.75;63.09;76.98;74.72;73.54;77.67;61.12;79.93;67.59;76.32;81.58;74.67;72.83;69.8;74.99;67.3;70.9;69.1;70.6;68.2;70.2
O3;uur;µg/m³;2023-06-02T08:00:00+01:00;2023-06-02T09:00:00+01:00;58.6;64.6;61.4;77.7;80.5;76.2;79.8;77.31;80.26;75.99;70.36;72.76;73.85;76.08;71.4;75.92;77.33;67.79;73.68;71.23;82.95;76.72;66.8;66.22;74.89;60.28;75.01;74.18;73.4;76.57;74.73;78.15;72.41;74.23;77.22;75;71.16;70.67;73.39;66.38;67.89;68;68.9;65.6;70.3
O3;uur;µg/m³;2023-06-02T09:00:00+01:00;2023-06-02T10:00:00+01:00;60.6;65.4;64.9;77.9;85;78.46;80.37;74.61;78.55;75.3;70.83;74.26;76.62;76.69;73.74;76.44;78.59;71.41;76.27;75.3;78.32;77.82;66.87;63.36;74.86;66.59;73.74;73.41;70.41;72.33;72.27;76.42;78.01;73.15;76.27;72.59;71.34;69.15;71.44;72.58;70.92;70.79;68.4;68.2;65.8
O3;uur;µg/m³;2023-06-02T10:00:00+01:00;2023-06-02T11:00:00+01:00;63.2;67.7;62.2;78.3;83.5;77.74;78.55;78.57;81.41;79.81;71.76;75.34;83.05;81.25;78.92;75.76;77.14;70.36;75.15;77.84;78.07;74.88;68.67;63.3;74.79;59.15;75.34;73.3;68.2;69.27;70.04;74.37;75.12;73.97;75.8;72.8;69.77;69.1;69.88;78.41;76.17;75.06;68.6;67.3;70
O3;uur;µg/m³;2023-06-02T11:00:00+01:00;2023-06-02T12:00:00+01:00;53.7;62.2;57;72.7;77.9;80;78.42;80.68;84.4;81.55;76.74;76.73;82.53;;77.06;77.35;74.41;68.31;70.55;76.59;79.13;72.54;59.34;59.9;78.89;58.09;73.35;74.72;69.41;72.51;72.72;75.02;74.16;72.73;77.28;73.11;71.1;74.24;74.28;78.91;79.74;81.23;71;67.9;70.7
O3;uur;µg/m³;2023-06-02T12:00:00+01:00;2023-06-02T13:00:00+01:00;56.4;63.4;58.4;69.9;79.1;87.02;78.14;85.04;88.28;80.22;81.14;76.77;82.11;;76.43;78.74;78.75;66.06;70.75;74.96;78.56;72.64;60.09;66.27;84.77;51.19;75.09;75.28;68.14;72.4;72.6;74.65;74.88;75.1;77.8;75.1;77.89;78.49;81.44;83.94;80.02;80.84;69.9;67.8;74
O3;uur;µg/m³;2023-06-02T13:00:00+01:00;2023-06-02T14:00:00+01:00;59.1;68;61.9;69.3;80.2;87.68;80.08;91.58;93.31;79.87;82.7;77.18;81.05;;72.52;83.57;78.33;76.13;74.43;79.14;78.13;72.11;62.67;70.14;85.91;60;81.28;74.1;68.67;71.89;72.7;74.76;75.69;80.66;80.84;74.38;81.31;81.73;83.73;91.25;81.72;82.03;76.5;72.4;78.4
O3;uur;µg/m³;2023-06-02T14:00:00+01:00;2023-06-02T15:00:00+01:00;63.2;66.1;66;71.2;79.3;82.76;82.67;95.06;92.29;83.35;81.82;79.05;85.18;;76.07;83.81;80.37;79.32;78.62;78.96;87.48;75.74;68.22;71.76;84.65;78.91;88.45;78.63;72.46;75.44;80.76;80.43;78.06;87.29;89.18;75.85;84.96;87.61;84.93;90.1;82.97;85.25;83.5;83.5;88.5
O3;uur;µg/m³;2023-06-02T15:00:00+01:00;2023-06-02T16:00:00+01:00;67.2;68.6;69.8;72;80.8;84.04;85.11;91.96;95.47;87.21;83.61;81.04;89.39;;75.15;83.8;85.98;80.8;80.56;80.27;93.5;81.24;76.56;79.98;86.18;74.8;91.27;86.76;78.83;81.61;86.78;85.97;80.7;89.49;85.86;82.09;86.54;89.96;83.61;91.59;84.59;88.92;86.1;83.6;91
O3;uur;µg/m³;2023-06-02T16:00:00+01:00;2023-06-02T17:00:00+01:00;66.6;71.4;73.6;81;86.2;84.09;87.46;94.37;100.2;89.28;84.83;82.02;91.77;87.94;76.6;86.1;90.04;83.79;82.67;86.04;92.95;87.15;78.67;85.42;85.24;79.9;91.81;90.93;86.41;87.46;87.48;92.49;88.28;89.39;85.47;86.96;89.27;89.02;83.78;88.5;86.99;91.39;86.2;85.4;91.4
O3;uur;µg/m³;2023-06-02T17:00:00+01:00;2023-06-02T18:00:00+01:00;71.2;69;80.1;79.1;74.5;83.03;89.39;94.84;99.76;89.51;86.81;85.08;93.29;89.69;80.85;79.56;88.58;85.04;84.25;90.48;91.47;87.18;83.51;85.3;85.35;86.92;93.45;88.81;85.82;89.31;86.7;91.77;91.62;88.05;88.55;86.7;94.97;82.83;84.51;90.8;85.24;88;86.4;83.7;89.7
O3;uur;µg/m³;2023-06-02T18:00:00+01:00;2023-06-02T19:00:00+01:00;68.3;61.9;78.4;85.2;85;80.62;90.16;89.9;94.65;89.29;86.57;86.74;89.42;92.11;76.48;78.09;90.72;82.05;80.42;92.31;90.68;87.37;80.57;85.29;84.57;85.57;85.59;86.8;83.37;87.56;83.03;89.62;87.68;91.26;89.33;80.06;87.07;83.66;84.63;89.48;83.47;85.64;83;79.7;87
O3;uur;µg/m³;2023-06-02T19:00:00+01:00;2023-06-02T20:00:00+01:00;60.6;65.8;74.2;81.4;86.4;81.1;86.1;86.38;89.29;79.57;84.43;82.27;89.27;91.77;75.65;72.01;88.05;78.92;71.99;85.92;87.45;85.91;77.74;83.77;83.84;82.33;84.01;83.37;81.69;85.33;80.7;86.46;82.86;89.73;87.74;78.03;80.74;84.67;81.33;84.05;81.24;82.19;81.3;81;85.5
O3;uur;µg/m³;2023-06-02T20:00:00+01:00;2023-06-02T21:00:00+01:00;51.3;68.5;69.2;75.8;81.6;72.68;72.12;78.86;;56.38;80.78;74.4;83.14;86.16;76.37;66.47;83.48;77.29;70.7;80.53;84.8;78.46;69.29;77.33;78.46;77.97;78.88;79.95;78.7;80.82;76.69;83.11;77.01;87.04;71.57;63.09;72.49;81.28;77.31;75.58;78.75;75.23;78.2;77.8;81.7
O3;uur;µg/m³;2023-06-02T21:00:00+01:00;2023-06-02T22:00:00+01:00;51.8;61.2;59.1;68.4;76.4;61.61;45.92;69.16;;61.21;72.33;70.21;75.69;76.59;67.24;67.29;72.68;66.42;76.93;75.25;79.55;69.71;61.4;70.24;76.45;75.66;71.75;75.21;75.81;75.73;74.13;78.17;72.43;82.07;63.1;59.58;68.87;74.71;71.25;64.27;74.71;72.53;72.7;68.2;72
O3;uur;µg/m³;2023-06-02T22:00:00+01:00;2023-06-02T23:00:00+01:00;52.7;55.5;61.7;61.6;70.5;61.2;40.13;51.02;;61.8;65.02;60;70.6;63.71;62.68;57.95;69.88;60.4;69.12;65.47;77.94;68.63;66.44;67.4;75.96;70.06;66.32;70.51;68.22;70.96;68.86;69.87;65.76;72.16;64.97;34.71;67.17;71.12;62.53;66.17;68.3;68.67;67.3;67.1;70.3
O3;uur;µg/m³;2023-06-02T23:00:00+01:00;2023-06-03T00:00:00+01:00;52.5;51.9;56.6;64;62.4;56.59;31.64;39.17;;54.23;55.88;45.77;66.26;37.54;59.78;58.76;67.31;55.25;68.64;61.32;73.13;70.42;62.72;61.98;72.51;64.96;61.79;65.84;60.64;66.64;58.87;65.18;52.52;64.71;59.63;55.96;59.42;65.58;56.5;68.9;65.2;64.11;61;62.5;66.5
O3;uur;µg/m³;2023-06-03T00:00:00+01:00;2023-06-03T01:00:00+01:00;51.4;46.4;50.3;59.4;63.5;53.89;30.13;30.64;;45.76;51.33;42.27;61.2;40.85;56.25;54.31;61.81;54.79;61.58;52.27;67.61;61.14;53.96;56.61;67.19;59.04;55.56;60.77;55.85;62.94;50.75;61.28;48.25;63.48;53.11;50.25;57.18;62.92;54.74;64.49;61.03;59.4;57.6;60.9;60
O3;uur;µg/m³;2023-06-03T01:00:00+01:00;2023-06-03T02:00:00+01:00;46.9;43.1;47.3;50.5;58.6;48.7;25.95;26.23;;37.84;35.88;46.8;55.13;48.29;50.54;49.42;56.32;53.9;56.23;47.01;62.21;56.28;44.18;48.23;61.79;53.57;53.64;55.89;54.82;60.19;50.3;60.27;45.54;64.99;54.44;53.5;53.78;60.52;46.31;58.55;57.56;57.5;57.2;55.4;56.7
O3;uur;µg/m³;2023-06-03T02:00:00+01:00;2023-06-03T03:00:00+01:00;33;46.6;41.4;41.6;50.3;46.02;27.92;21.37;;34.06;24.38;48.24;55.94;50.09;44.72;45.73;53.58;51.54;28.13;45.06;56.33;50.4;47.81;47.22;58.95;50;50.01;51.22;50.37;56.35;43.78;55.93;44.5;62.42;57.88;54.42;50.63;60.58;44.76;53.9;52.88;59.52;53.5;51.8;44.7
O3;uur;µg/m³;2023-06-03T03:00:00+01:00;2023-06-03T04:00:00+01:00;31.3;46.9;39.4;35.2;49.9;40.28;35.11;16.74;;37.93;19.97;51.88;55.57;51.91;36.34;45.76;54.62;52.76;38.89;46.54;47.23;51.44;47.98;45.55;57.01;40.14;48.7;47.92;48.94;53.75;51.29;53.59;45.05;60.3;52.03;46.96;49.03;57.41;44.13;46.37;57.33;63.32;48.3;51.2;44.9
O3;uur;µg/m³;2023-06-03T04:00:00+01:00;2023-06-03T05:00:00+01:00;27.6;35.2;33.9;38.6;53.7;37.64;34.19;14.66;;40.03;19.46;51.01;51.54;56.58;38.84;40.23;53.01;52.53;37.64;45.76;37.65;51.85;35.98;35.64;52.57;41.11;44.38;47.07;46.24;52.41;51.83;51.16;45.9;58.87;51.1;49.43;43.86;54.23;42.17;42.5;57.59;56.31;48.3;51.4;36.7
O3;uur;µg/m³;2023-06-03T05:00:00+01:00;2023-06-03T06:00:00+01:00;26.2;32.5;31.8;38.4;51.4;39.56;36.84;14.04;;39.19;21.71;48.47;51.43;51.95;41.41;47.12;54.52;51.14;38.54;44.87;41.84;53.45;35.11;35.13;51.32;33.59;46.44;45.51;47.67;53.29;50.47;51.28;44.96;56.08;52.72;49.64;45.22;51.29;39.78;43.15;57.04;53.29;48.7;49.7;37.7
O3;uur;µg/m³;2023-06-03T06:00:00+01:00;2023-06-03T07:00:00+01:00;31.5;42.5;35.5;43.8;50.7;45.68;47.6;43.45;;49.28;27.52;50.57;53.27;52.4;47.19;52.05;57.91;53.48;45.56;46.94;50.48;54.54;41.82;42.15;54.33;41.85;48.71;49.43;49.06;55.74;54.75;53.5;46.4;54.61;57.59;47.72;46.07;52.29;56.1;51.89;53.05;53.63;48.1;51.5;26.6
O3;uur;µg/m³;2023-06-03T07:00:00+01:00;2023-06-03T08:00:00+01:00;35.4;46.9;45.3;48.1;54.2;54.11;56.73;57.23;;56.3;46.41;54.23;57.6;56.03;53.13;55.77;60.65;57.28;51.2;50.41;54.9;55.85;47.28;39.98;60.67;48.36;53.09;54.9;53.64;58.81;58.05;59.65;52.72;57.42;64.06;50.88;51.24;54.43;58.45;60.78;57.22;60.54;53;50.2;44.3
O3;uur;µg/m³;2023-06-03T08:00:00+01:00;2023-06-03T09:00:00+01:00;43.5;49.2;50.8;52.9;61.3;61.22;64.74;63.26;;67.03;58.25;60.51;64.3;65.36;58.68;58.18;62.99;61.1;56.46;55.53;60.78;60.91;54.31;38.86;60.41;49.35;59.39;59.91;61.39;64.92;61.35;69.05;62.24;67.56;68.16;59.12;63.57;62.76;59.15;71.19;60;66.11;56;55.8;48.6
O3;uur;µg/m³;2023-06-03T09:00:00+01:00;2023-06-03T10:00:00+01:00;57;53.2;57.5;64.6;75.1;66.02;78.78;68.88;;79.37;74.13;76.24;78.83;82.33;67.32;56.07;72.42;67.85;66.09;69.43;69.46;71.46;65.02;47.31;65.63;56.96;69.33;70.2;73.5;75.4;69.04;80.32;74.18;75.83;78.16;70.98;73.44;68.17;65.33;75.42;72.3;68.81;61.7;62.7;59.4
O3;uur;µg/m³;2023-06-03T10:00:00+01:00;2023-06-03T11:00:00+01:00;72.1;68.8;75.6;82.4;90.3;75.23;83.95;74.25;;88.01;87.11;83.98;91.16;90.91;80.41;73.97;86.27;80.15;81.76;86.3;80.21;87.77;83.64;61.64;72.94;66.18;81.84;80.31;80.28;82.03;78.49;87.69;85.56;80.21;84.45;80.89;75.71;75.81;76;81;79.38;78.86;66.4;69.8;67.2
O3;uur;µg/m³;2023-06-03T11:00:00+01:00;2023-06-03T12:00:00+01:00;78.9;76.8;79.3;91.7;80.5;86.38;86.58;85.03;;90.36;91.64;83.96;94.35;91.24;88.84;88.75;91.46;90.56;89.36;89.3;90.48;93.17;88.46;70.7;80.3;74.73;83.23;86.84;81.97;86.21;82.73;89.55;89.59;83.79;86.9;81.92;78.65;79.59;81.3;84.95;82.63;83.77;79.1;81.2;80.6
O3;uur;µg/m³;2023-06-03T12:00:00+01:00;2023-06-03T13:00:00+01:00;76;78.2;80.8;94.7;78.7;92.95;90.3;94.42;;92.02;95.26;86.01;98.28;93.31;94.46;96.3;92.49;92.68;92.87;93.28;92.72;94.83;91.07;72.32;85.28;81.21;84.53;88.67;84.31;89;85.99;91.97;92.09;86.11;87.62;86.12;82.15;82.54;84.38;88.73;84.77;88.34;86.7;90;89.4
O3;uur;µg/m³;2023-06-03T13:00:00+01:00;2023-06-03T14:00:00+01:00;77.9;80.4;84.8;97;85.8;98.21;94;102.15;;94.82;97.12;89.2;98.31;96.02;99.67;98.5;94.56;93.9;94.49;94.77;96.26;96.47;93.71;73.5;86.81;85.5;86.64;89.3;85.03;88.57;85.16;91.25;92.88;87.35;88.27;87.82;82.88;85.69;87.17;92.52;84.29;89.99;87;90.6;91.1
O3;uur;µg/m³;2023-06-03T14:00:00+01:00;2023-06-03T15:00:00+01:00;83;78;87.3;100.1;91.3;101.79;95.68;107.54;;98.87;98.17;90.7;99.71;99.46;100.84;101.61;95.98;94.32;95.48;93.62;96.69;99.23;93.13;76.3;89.4;86.17;90.07;88.27;85.92;89.21;84.7;92.06;91.75;91.14;92.72;91.72;87.96;90.24;89.42;96.61;84.09;90.6;87;90;90.8
O3;uur;µg/m³;2023-06-03T15:00:00+01:00;2023-06-03T16:00:00+01:00;84.3;76.7;84.2;101.6;92.5;105.65;96.82;111.03;;98.09;99.29;92.2;101.71;101.01;100.35;104.23;94.77;91.91;94.91;95.5;96.17;97.18;92.27;77.5;89.75;86.82;91.5;89.29;87.99;90.53;87.07;93.55;93.51;96.21;94.68;90.96;89.56;94.02;90.73;96.24;84.91;88.92;88.4;92.3;92.5
O3;uur;µg/m³;2023-06-03T16:00:00+01:00;2023-06-03T17:00:00+01:00;85.5;81;83.1;99.4;92.9;105.83;96.89;112.29;;99.48;100.5;94.29;104.07;101.45;94.29;103.21;93.47;91.77;93.38;96.42;98.17;96.62;90.6;75.37;88.71;90.19;97.46;91.18;89.56;92.32;88.96;95.28;94.64;97.25;96.42;92.1;90.87;95.36;89.07;97.3;84.75;87.94;92.4;91;95.2
O3;uur;µg/m³;2023-06-03T17:00:00+01:00;2023-06-03T18:00:00+01:00;86.5;83.9;84.6;98.3;94.8;104.13;93.86;112.03;;99.83;100.93;93.05;104.35;100.54;90;99.24;94.49;89.78;91.83;97.43;100.48;98.45;90.67;79.77;85.67;92.44;100.39;94.14;90.55;95.2;92.96;96.8;93.5;97.46;97.84;92.98;93.23;94.85;85.76;97.57;83.03;85.95;96.2;97.7;98.7
O3;uur;µg/m³;2023-06-03T18:00:00+01:00;2023-06-03T19:00:00+01:00;87.3;85;84.5;98.1;89.1;94.43;95.35;108.76;;96.16;99.63;90.34;101.32;97.6;87.45;86.72;90.04;91;91.11;95.13;101.52;98.51;90.39;84.52;84.49;92.38;99.39;96.28;93.5;96.2;90.99;99.47;90.4;97.61;98.19;93.47;97.99;87.71;84.25;96.15;81.76;80.72;92.6;96.3;97.8
O3;uur;µg/m³;2023-06-03T19:00:00+01:00;2023-06-03T20:00:00+01:00;87.9;86.7;84.2;84.8;84.6;87.32;93.16;93.46;;90.45;92.02;89.67;97.62;96.15;82.01;84.67;88.48;90.04;91.52;90.16;92.59;98.4;85.06;84.08;81.45;85.29;83.9;90.09;92.58;97.95;85.36;99.8;88.19;95.95;98.14;84.4;95.38;82.23;78.15;86.11;82.46;77.24;86;85.9;88
O3;uur;µg/m³;2023-06-03T20:00:00+01:00;2023-06-03T21:00:00+01:00;83.5;82.9;77;78.9;82.1;84.78;83.1;78.77;;88.96;84.85;83.2;91.13;94.71;76.18;66.2;81.61;86.6;88.53;84.1;87.82;86.85;81.58;75.75;79.69;79.96;77.75;85.56;79.67;91.35;79.89;86.23;77.94;92.85;91.61;76.3;87;76.54;73.07;79.28;78.61;75.51;82.9;83.6;84.9
O3;uur;µg/m³;2023-06-03T21:00:00+01:00;2023-06-03T22:00:00+01:00;75.8;77.6;71;72.6;77.3;79.41;56.38;76.16;;72.18;75.92;77.84;81.5;87.26;72.48;56.09;77.89;77.58;79.23;71.67;81.34;78.46;75.6;69.23;79.5;74.51;70.39;81;72.56;79.37;73.86;78.26;75.82;82.49;83.37;64.37;76.56;70.57;69.49;68.1;77.3;68.49;77.2;78.2;80.6
O3;uur;µg/m³;2023-06-03T22:00:00+01:00;2023-06-03T23:00:00+01:00;73.8;72.6;67.4;71;74.7;67.17;51.35;67.91;;60.11;66.37;73.27;71.36;83.32;72.52;63.66;71.52;73.13;72.99;72.38;77.77;70.31;73.97;51.89;78.52;70.95;60.47;74.78;68.77;73.91;64.99;73.9;69.8;77.94;80.1;58.9;66.47;68.31;58.11;64.21;66.46;66.38;73.3;71;73.2
O3;uur;µg/m³;2023-06-03T23:00:00+01:00;2023-06-04T00:00:00+01:00;67.1;67.7;63.6;70.1;68;63.03;46.75;44.65;;55.27;59.52;66.68;76.75;71.61;66.54;64.42;68.61;67.18;69.79;67.34;74.68;68.52;70.32;49.9;76.82;68.3;60.46;69.97;64.19;69.57;60.71;69.82;63.21;83.03;76.47;66.86;63.42;67.12;58.39;60.41;50.76;71.8;70.5;66.6;68.6
O3;uur;µg/m³;2023-06-04T00:00:00+01:00;2023-06-04T01:00:00+01:00;61.9;61.9;63.7;66.9;65.5;61.45;40.19;30.58;;58.63;58.6;58.96;74.42;63.68;60.09;57.83;65.12;65.68;61.61;63.49;71.15;65.32;68.01;50.29;76.16;64.07;58.59;64.76;59.51;68.22;51.57;66.87;55.15;78.66;72.7;66.75;59.96;65.16;54.46;66.55;47.59;47.81;69.4;66.9;67.7
O3;uur;µg/m³;2023-06-04T01:00:00+01:00;2023-06-04T02:00:00+01:00;57.8;59.2;60.5;62.4;59;44.59;54.98;29.44;;63.66;55.48;60.83;69.89;61.74;57.68;58.77;61.96;64.79;62.8;59.82;67.11;62.4;65.4;50.88;75.78;63.82;53.54;60.67;61.27;64.26;44.6;66.32;47.82;70.08;66.73;62.41;61.1;62.93;56.1;64.2;54.18;42.7;68;67.5;66.4
O3;uur;µg/m³;2023-06-04T02:00:00+01:00;2023-06-04T03:00:00+01:00;54.5;58;56.4;53.8;56.6;37.21;54.99;24.18;;58.49;50.91;62.58;67.75;66.18;55.91;51.11;60.53;63.14;57.73;57.89;61.2;64.78;63.53;54.65;73.92;61.02;48.27;58.93;58.35;63.64;49.98;63.43;46.26;61.82;63.5;62.32;60.66;62.76;54.9;57.78;51.95;30.77;64.4;68.4;65
O3;uur;µg/m³;2023-06-04T03:00:00+01:00;2023-06-04T04:00:00+01:00;52.9;55.2;54;43;56.9;42.41;46.5;26.14;;54.27;49.94;60.42;64.59;66;54.99;39.61;60.61;62.21;56.48;54.14;58.38;66.65;61.2;59.46;67.93;56.14;44.5;61.2;54.75;65;49.7;58.07;49.08;53.24;64.88;61.5;51.37;62.78;51.76;52.29;49.65;23.22;65;61;63.9
O3;uur;µg/m³;2023-06-04T04:00:00+01:00;2023-06-04T05:00:00+01:00;48;56.5;55.3;51.1;49.9;47.56;41.88;22.42;;53.26;43.2;55.89;61.65;61.06;53.98;48.43;53.91;62.19;56.96;47.41;56.31;68.52;62.53;58.23;61.36;63.67;46.63;64.51;54.16;62.43;55.01;57.74;51.19;53.44;64.19;61.63;53.98;58.14;52.07;30.84;51.44;19.92;64.8;70.7;63.6
O3;uur;µg/m³;2023-06-04T05:00:00+01:00;2023-06-04T06:00:00+01:00;50.6;57.8;56.6;58.3;53.1;47.2;50.02;24.44;;53.16;38.02;55.26;57.6;59.25;52.93;41.3;51.59;66.81;58.93;53.53;64.35;70.08;65.56;55.78;63.09;62.77;47.03;66.42;56.93;64.41;55.68;61.12;51.94;54.08;61.28;59.71;52.88;55.94;47.97;34.98;52.12;37.01;65;66.4;68.2
O3;uur;µg/m³;2023-06-04T06:00:00+01:00;2023-06-04T07:00:00+01:00;55.5;62.7;61.6;64.1;54.6;49.27;56.53;38.25;;57.82;44.08;56.48;61.54;61.38;55.43;44.48;54.3;69.94;61.09;58.31;69.89;69.54;68.54;55.02;63.9;60.62;54.02;68.63;58.43;67.37;60.16;64.09;57.86;55.78;69.35;60.1;54.26;55.24;52.56;52.49;66.06;46.76;70;63.3;61
O3;uur;µg/m³;2023-06-04T07:00:00+01:00;2023-06-04T08:00:00+01:00;60.5;66.4;67.9;72.7;71.3;53.73;62;50.11;;58.34;55.1;60.47;63.24;62.63;64.85;52.51;67.26;71.26;63.28;62.69;72.98;75.13;71.27;62.01;68.4;63.09;66.1;70.16;62.4;67.78;65.14;67.7;64.95;61.58;70.3;58.2;61.1;54.87;60.16;61.49;72.65;62.01;73;69.9;75.3
O3;uur;µg/m³;2023-06-04T08:00:00+01:00;2023-06-04T09:00:00+01:00;64.2;69.1;68.9;78.3;76.6;64.12;68.79;61.36;;64.66;61.27;65.58;64.96;68.77;69.89;57.35;73.11;75.14;66.58;66.12;73.13;80.51;75.01;64.8;69.55;66.79;67.67;73.27;66.94;69.86;70.67;72.06;66.9;65.94;74.02;59.35;65.9;58.28;65.48;68.03;75.8;72.4;72.1;72.8;73.5
O3;uur;µg/m³;2023-06-04T09:00:00+01:00;2023-06-04T10:00:00+01:00;68.8;68.3;70.4;81.3;70.2;73.08;78.07;77.06;;75.34;69.42;74.42;73.23;80.63;65.85;61.93;79.17;78.63;71.45;72.31;78.79;84.43;80.27;68.49;71.84;70.26;74.11;74.51;70.63;75.77;71.08;75.62;72.68;75.33;78.35;66.07;70.75;66.71;70.08;73.52;77.08;75.42;70.9;76.1;73.8
O3;uur;µg/m³;2023-06-04T10:00:00+01:00;2023-06-04T11:00:00+01:00;78.3;73.6;74;85.6;69.5;88.6;85.43;90.33;;84.27;80.94;84.7;85.14;90.35;79.72;70.35;82.9;86.23;79.89;78.06;85.37;90.2;86.98;77.5;75.35;75.89;84.12;74.96;76.25;81.9;69.9;81.33;80.68;84.61;85.52;75.47;77.49;76.07;74.74;79.74;77.02;79.25;75.5;78.2;82.8
O3;uur;µg/m³;2023-06-04T11:00:00+01:00;2023-06-04T12:00:00+01:00;82;79.2;80.6;90.5;74.3;98.33;90.82;99.75;;91.46;89.25;87.93;93.97;93.31;95.72;83.04;81.76;93.43;85.84;89.23;91.89;96.97;94.44;78.4;81.25;83.75;93.86;84.97;83.12;87.72;73.07;88.9;88.79;95.26;94.91;86.41;86.64;83.24;78.95;86.24;81.68;80.41;83.2;82.5;87.4
O3;uur;µg/m³;2023-06-04T12:00:00+01:00;2023-06-04T13:00:00+01:00;79.5;82.4;83.5;94.3;79;104.14;96.7;107.37;;94.48;94.81;90.39;99.63;95.69;97.08;94.85;84.74;95.81;92.23;95.16;90.31;102.38;99.26;83.51;81.88;86.68;96.93;88.81;88.11;91.99;78.41;95;94.83;100.15;97.86;94.65;95.71;87.94;83.85;90.11;79.18;81.18;86.7;88.4;93.4
O3;uur;µg/m³;2023-06-04T13:00:00+01:00;2023-06-04T14:00:00+01:00;82.1;80.4;92.6;86.9;81.9;108.74;100.49;114.22;;99.01;100.11;95.19;104.87;101.84;87.63;100.98;89.57;98.12;95.82;99.16;92.72;94.36;100.5;87.85;85.01;90.44;97.23;91.12;87.27;94.22;86.78;94.38;88.78;103.45;100.14;98.37;98.51;88.98;84.09;88.05;78.47;80.15;89.3;94.4;97.2
O3;uur;µg/m³;2023-06-04T14:00:00+01:00;2023-06-04T15:00:00+01:00;84.9;80.9;91.8;89.8;86.1;114.4;102.11;116.42;;102.96;103.32;97.12;108.78;104.11;91.05;105.77;91.12;99.99;96.67;97.06;93.67;94.12;97.9;88.72;83.17;92.7;87.22;93.52;86.72;92.48;89.67;93.29;90.97;106.25;104.56;102.07;100.82;90.44;85.02;88.51;80.27;83.02;88.2;94.8;96.2
O3;uur;µg/m³;2023-06-04T15:00:00+01:00;2023-06-04T16:00:00+01:00;84.3;81.2;90.9;89.8;84.6;117.56;103.03;119.24;;106.84;105.28;99.1;108.14;105.76;92.03;93.61;90.86;100.47;97.6;97;94.47;93.96;93.3;88.15;85.22;92.45;88.22;93.83;88.77;92.95;87.64;94.56;94.37;107.87;106.85;104.05;101.04;87.82;81.7;86.82;84.53;81.49;86.7;91.4;94.5
O3;uur;µg/m³;2023-06-04T16:00:00+01:00;2023-06-04T17:00:00+01:00;82.2;72.7;87.4;87.9;86.7;117.49;105.88;122.45;;108;104.72;101.19;101.26;106.72;88.98;93.35;92.48;99.94;98.12;96.29;93.04;93.36;92.87;88.73;85.96;88.74;85.8;92.39;87.92;91.24;86.75;94.11;92.91;109.07;107.08;104.16;100.16;82.77;81.97;79.94;83.16;84.17;84.5;86.6;92
O3;uur;µg/m³;2023-06-04T17:00:00+01:00;2023-06-04T18:00:00+01:00;78.7;72.1;84.1;85.5;86.6;117.04;106.25;125.61;;106.63;103.35;103.8;99.34;108.71;87.65;89.32;91.45;94.83;97.09;93.92;93.12;90.82;90.09;87.52;80.64;84.31;81.23;86.56;84.52;89.66;82.82;91.12;90;109.05;106.38;101.85;94.83;73.6;79.82;77.07;82.57;84.55;82.4;83.4;88.3
O3;uur;µg/m³;2023-06-04T18:00:00+01:00;2023-06-04T19:00:00+01:00;75.8;70.2;79.6;83.9;85.6;112.67;106.02;122.71;;95.29;97.42;103.31;94.83;109.3;82.85;85.92;87.78;91.63;93.9;88.7;85.82;87.6;85.41;85.75;81.44;83.29;76.41;83.54;79.59;83.38;81.29;86.23;83.86;103.55;97.14;99.89;85.62;75.14;76.7;74.16;81.66;79.91;81.1;81.6;84.8
O3;uur;µg/m³;2023-06-04T19:00:00+01:00;2023-06-04T20:00:00+01:00;68;72.2;73.3;79;76.8;104.12;103.51;109.35;;86.7;87.88;102.19;86.3;108.02;76.47;78.34;81.65;79.8;84.76;80.15;81.31;81.89;77.01;78.76;79.59;76.42;74.78;79.34;74.98;78.29;76.86;81.33;78.47;85.33;82.77;90.55;78.99;73.21;75.06;71.18;80.44;76.7;75.1;76.2;79.6
O3;uur;µg/m³;2023-06-04T20:00:00+01:00;2023-06-04T21:00:00+01:00;60.9;68.2;69;72;79.3;92.91;90.65;93.88;;76.87;78.05;81.53;79.07;85.01;68.45;71.52;81.04;73.24;74.33;74.26;79.47;77.45;70.54;74.85;76.92;76.55;69.53;73.58;73.23;74.71;72.67;77.67;74.03;76.84;77.76;77;73.82;72.33;71.63;67.24;76.88;73.9;73.5;73.5;78.2
O3;uur;µg/m³;2023-06-04T21:00:00+01:00;2023-06-04T22:00:00+01:00;60.2;62.5;65.1;68.5;75.3;77.19;76.16;77.37;;66.69;70.49;69.79;73.96;73.18;67.91;49.46;73.66;64.89;70.2;67.89;76.52;74.03;67.59;64.86;75.71;73.69;67.01;70.56;68.2;69.31;67.43;71.51;69.17;70.47;75.64;67.84;69.26;70.74;64.45;64.61;72.81;67.5;68.5;71.6;74.4
O3;uur;µg/m³;2023-06-04T22:00:00+01:00;2023-06-04T23:00:00+01:00;58.1;60.5;60.1;70;69.4;69.16;69.29;51.55;;61.2;63.85;67.74;68.45;71.36;65.18;54.06;71.34;62.39;69.31;64.32;74.78;70.8;66.7;63.81;77.21;68.07;63.96;69.39;61.67;65.41;68.01;65.33;68.54;66.38;70.77;64.47;65.35;67.99;66.77;64.11;68.15;65.07;64.9;71.1;71.6
O3;uur;µg/m³;2023-06-04T23:00:00+01:00;2023-06-05T00:00:00+01:00;57.7;61.5;58.9;65.9;70.3;73.84;65.23;46.06;;65.66;58.22;62.94;62.91;67.71;63.36;55.81;68.28;64.12;65.64;58.21;70.79;67.5;63.12;63.84;76.98;66.15;62.04;67.96;61.38;64.16;63.87;65.94;61.8;62.26;66.54;63.83;61.56;67.3;63.31;61.02;70.44;62.42;63;67.5;70.8
O3;uur;µg/m³;2023-06-05T00:00:00+01:00;2023-06-05T01:00:00+01:00;57.5;61.5;57.4;60.4;66.9;65.45;60.74;65.33;;62.65;56.38;62.12;60.07;63.9;60.87;55.25;64.35;63.54;62.75;57.66;69.85;64.69;58.33;60.48;75.72;69.86;57.26;65.72;60.32;63.27;64.03;65.24;58.7;56.34;63;60.75;54;65.91;58.89;48.68;71.21;57.62;71.6;68.1;71.3
O3;uur;µg/m³;2023-06-05T01:00:00+01:00;2023-06-05T02:00:00+01:00;56.5;61.7;56;58.1;63.2;60.99;55.79;54.82;;59.19;55.57;60.09;62.42;62.33;56.63;57.71;61.63;63.37;64.02;57.45;72.93;62.26;56.73;59.26;74.39;71.39;55.37;65.45;58.57;61.93;64.08;62.83;58.59;50.76;58.44;58.93;43.78;62.65;59.26;42.26;70.59;51.94;71.4;71.5;72
O3;uur;µg/m³;2023-06-05T02:00:00+01:00;2023-06-05T03:00:00+01:00;58.8;62.5;59.3;56.4;63;;;;;;;;;;;;;;;;;;;;;;;;;;;;;;;;;;;;;;71.5;71.1;64.4
O3;uur;µg/m³;2023-06-05T03:00:00+01:00;2023-06-05T04:00:00+01:00;58.5;64.7;61.5;55.1;63.3;52.06;46.49;47.93;;52.11;51.8;54.52;58.89;57.85;51.61;53.79;63.33;70.64;62.4;;65.99;56.7;49.53;57.71;72.32;68.05;52.94;67.16;53.58;58.8;60.02;59.35;53.42;47.19;50.13;51.02;32.95;56.36;67.14;52.02;69.8;51.56;73;73.4;50.3
O3;uur;µg/m³;2023-06-05T04:00:00+01:00;2023-06-05T05:00:00+01:00;53.9;59.8;55;51.7;61;46.3;44.13;38.66;;45.61;47.8;50.06;56.43;54.58;50.29;55.71;65.94;68.52;59.74;56.22;63.11;49.2;34.6;56.49;72.54;68.83;47.2;65.21;51.22;56.77;54.39;55.05;51.44;42.3;45.5;47.48;32.01;55.64;68.18;58.48;71.05;58.15;69;66;64.9
O3;uur;µg/m³;2023-06-05T05:00:00+01:00;2023-06-05T06:00:00+01:00;53.3;60.9;48.8;50.3;63.7;41.67;44.44;37.87;;41.51;45.76;44.37;50.86;48.2;50.09;57.6;66.24;65.37;54.25;52.83;70.08;47.97;34.27;54.4;72.58;68.09;49.77;65.12;50.4;54.13;59.31;52.4;52.77;43.63;46.81;45.84;45.12;60.87;70.03;58.66;72.49;60.81;66.7;61.2;67.6
O3;uur;µg/m³;2023-06-05T06:00:00+01:00;2023-06-05T07:00:00+01:00;53.7;60.7;44.5;53;67.3;43.09;46.93;41.61;;47.59;46.89;44.41;51.21;48.14;52.65;58.7;66.67;65.03;60.09;57.29;75.77;53.48;32.3;50.57;72.18;54.65;67.1;64.53;53.31;56.28;62.96;57.51;57.91;50.38;58.83;48.48;58.43;61.29;70.8;59.43;73.57;69.29;62;65.1;67.9
O3;uur;µg/m³;2023-06-05T07:00:00+01:00;2023-06-05T08:00:00+01:00;52.9;58.8;48.3;56.4;68.1;45.4;51.57;42.26;;52.28;52.1;47.25;56.29;50.9;57.13;51.87;65.51;62.93;65.87;62.03;74.25;61.85;36.09;46.17;70.28;61.4;67.33;63.88;59.92;62.34;62.91;65.52;62.77;55.78;65.8;54.03;63.62;64.89;72.7;64.72;73.42;74.84;65;63.2;69.2
O3;uur;µg/m³;2023-06-05T08:00:00+01:00;2023-06-05T09:00:00+01:00;52.8;59;54.6;58.2;70.2;49.8;53.62;47.07;;56.16;55.38;51.5;60.99;54.1;58.96;;67.94;63.78;64.17;66.7;74.4;66.18;40.79;54.54;;64.99;68.41;67.57;61.19;63.76;65.83;66.25;64.59;59.47;68.25;57.11;64.76;66.01;71.95;67.12;73.4;75.13;69.5;67.3;73.7
O3;uur;µg/m³;2023-06-05T09:00:00+01:00;2023-06-05T10:00:00+01:00;54.9;55.3;52.3;61.3;70.6;54.85;55.15;57.36;;60.52;59.85;57.52;65.58;59.57;61.57;;69.61;64.25;63.87;67.29;76.71;68.47;60.31;56.31;;65.67;72.42;71.27;63.08;65.89;68.28;68.09;66.1;63.87;72.26;61.88;67.82;71.06;71.36;69.04;73.34;76.11;71.8;71.1;73.8
O3;uur;µg/m³;2023-06-05T10:00:00+01:00;2023-06-05T11:00:00+01:00;60.3;56.1;57.6;65.9;70.1;60.34;62.22;69.83;;67.93;66.15;64.89;70.77;68.87;64.77;;73;68.44;69.88;74.24;79;74.01;66.52;67.97;;65.93;75.23;72.89;65.39;68.54;72.12;71.73;70.95;70.22;75.53;67.47;71.51;75.28;73.94;75.14;76.51;77.93;73.1;68.6;74
O3;uur;µg/m³;2023-06-05T11:00:00+01:00;2023-06-05T12:00:00+01:00;61.7;59.7;63.7;69.4;;76;74.6;75.71;;78.93;72.54;75.55;75.88;79.66;68.15;;79.86;75.38;74.43;77.38;81.75;77.35;;74.93;77.89;69.03;77.21;76.69;70.69;73.5;75.98;76.77;74.32;79.96;81.57;74.62;79.32;77.09;76.53;80.57;77.71;79.77;75;72.5;75.2
O3;uur;µg/m³;2023-06-05T12:00:00+01:00;2023-06-05T13:00:00+01:00;60.2;64;65.2;74.5;;94.37;88.74;91.38;;88.71;78.19;87.48;83.58;95.83;76.03;;82.03;77.92;80.16;80.06;84.49;79;;78.65;80.74;74.88;79.05;78.68;74.9;77.96;78.05;81.85;78.28;89.16;86.43;80.96;88.23;81.14;80.1;85.56;80.51;80.87;77.5;75.3;81.3
O3;uur;µg/m³;2023-06-05T13:00:00+01:00;2023-06-05T14:00:00+01:00;66.8;60.9;73.3;;81.8;104.12;98.56;107.46;;95.3;87.13;98.5;89.27;107.46;80.8;77.62;84.43;85.76;84.74;87.87;87.52;82.93;;80.79;82.84;74.18;81.91;79.9;78.93;82.95;79.86;85.67;82.35;99.11;93.52;93.1;94.7;84.69;83.5;89.91;82.15;82.93;79.1;76.7;83.9
O3;uur;µg/m³;2023-06-05T14:00:00+01:00;2023-06-05T15:00:00+01:00;67.2;58.8;75.9;;85;113.45;103.52;115.26;;103.26;94.82;103.96;94.69;113.7;79.33;83.22;87.68;79.91;87.42;91.71;90.22;84.62;;82.88;84.91;81.34;81.8;81.35;81.44;84.28;81.2;87.92;85.83;107.19;97.38;100.2;97.88;87.02;83.12;88.81;85.97;87.62;81.5;82.1;85.4
O3;uur;µg/m³;2023-06-05T15:00:00+01:00;2023-06-05T16:00:00+01:00;67.8;60.6;78.6;82.4;84.7;119.96;106.26;124.4;;107.29;99.95;105.35;97.91;117.4;81.9;83.26;87.91;77.91;80.23;92.69;91.35;86.62;;85.05;85.93;86.21;81.75;84.32;82.56;86.1;83.07;89.31;88.72;110.25;98.53;105.2;100.86;87.55;83.4;87.95;86.55;88.96;81.7;82;85.8
O3;uur;µg/m³;2023-06-05T16:00:00+01:00;2023-06-05T17:00:00+01:00;69.8;63.3;79.5;81.5;87;122.15;108.74;130.11;135.28;106.5;101.61;105.77;98.42;118.25;80.43;81.84;89.03;76.39;79.91;93.19;92.18;87.08;82.41;85.52;86.07;87.5;83.05;85.74;82.61;85.7;83.68;88.5;89.03;111.73;96.07;105.31;103.15;85.54;85.18;86.71;87.96;87.67;82.6;78.6;85.6
O3;uur;µg/m³;2023-06-05T17:00:00+01:00;2023-06-05T18:00:00+01:00;66.1;66.5;78.3;85.5;87.8;117.89;109.37;131.21;133.24;99.77;98.18;104.13;98.89;110.85;81.32;83.1;90.32;80.91;78.33;90.43;91.23;87.32;82.75;86.52;87.93;86;82.9;86.05;81.75;84.91;83.42;89.27;86.85;111.59;92.87;102.95;101.35;83.3;84.19;83.38;86.87;85.68;83.2;78.3;83.7
O3;uur;µg/m³;2023-06-05T18:00:00+01:00;2023-06-05T19:00:00+01:00;60;64.2;75;83.3;89;113.32;107.4;122.78;128.55;94.61;77.66;89.73;95.35;98.94;80.92;81.77;90.02;79.97;74.89;89.02;90.59;85.07;79.7;85.73;85.42;83.66;80.24;82.12;80.99;84.97;82.35;87.81;83.09;107.27;87.27;100.63;92.69;82.84;82.17;81.18;85.41;83.47;81.2;79.7;82.1
O3;uur;µg/m³;2023-06-05T19:00:00+01:00;2023-06-05T20:00:00+01:00;57.6;60.2;74.2;83;86.8;108.64;101.57;110.84;118.25;89.04;72.03;79.17;87.78;89.93;82.62;79.91;87.75;75.34;68.94;82.44;87.57;81.84;79.07;84.07;82.84;82.41;77.63;78.13;78.5;83.34;79.47;85.31;79.47;92.68;83.47;92.61;82.27;80.5;79.09;78.45;84.52;81.41;79.3;78.8;81.1
O3;uur;µg/m³;2023-06-05T20:00:00+01:00;2023-06-05T21:00:00+01:00;60.2;58.2;71.2;80.8;82.8;101.13;80.46;99.17;106.6;77.28;65.64;73.39;83.48;82.09;77.55;80.3;85.54;69.72;63.08;75.89;79.56;80.01;73.68;82.1;81.59;80.06;70.15;78.38;77.05;80.76;77.68;82.82;76.55;82.51;80.94;82.25;75.46;76.12;74.55;73.57;77.25;73.21;77.1;75;78.6
O3;uur;µg/m³;2023-06-05T21:00:00+01:00;2023-06-05T22:00:00+01:00;60.7;60.2;66.5;76.9;79.8;92.04;72.16;91.89;96.7;74.05;55.91;67.61;77.62;76.25;68.93;72.1;81.18;68.45;56.05;74.79;77.91;74.32;66.84;76.84;81.45;78.73;63.65;77.02;72.96;76.29;71.25;77.9;70.18;76.59;78.75;78.63;71.9;71.89;73.3;69.96;65.22;68.59;71.1;71.5;75.3
O3;uur;µg/m³;2023-06-05T22:00:00+01:00;2023-06-05T23:00:00+01:00;58.4;63.1;63.5;71.5;76.8;81.54;67.53;85.73;90.49;68.78;57.57;60.28;74.44;69.89;66.23;63.18;71.86;66.48;59.72;73.59;74.33;72.4;65.8;69.81;78.24;77.04;62.13;72.55;71.93;74.7;67.89;76.4;65.4;71.41;76.78;72.18;66.66;71.21;71.43;66.91;63.02;64.68;68.2;66.9;72.1
O3;uur;µg/m³;2023-06-05T23:00:00+01:00;2023-06-06T00:00:00+01:00;59.6;61.1;65.9;72.3;66.1;73.49;61.75;71.22;81.39;63.83;65.13;58.4;70.93;64.73;67.47;50.99;74.6;65.05;61.22;68.6;69.91;72.26;73.19;72.64;77.17;73.74;65.77;68.38;67.31;72.23;65.33;73.12;68.53;65.57;73.61;63.36;64.37;68.69;60.67;63.48;64.66;63.26;71.7;73.1;74.6
O3;uur;µg/m³;2023-06-06T00:00:00+01:00;2023-06-06T01:00:00+01:00;59.9;60.5;64.7;71.7;69.6;67.96;54.79;55.53;72.63;59.08;64.64;61.95;66.76;65.12;64.08;44.82;73.83;62.18;61.09;62.35;66.11;69.93;72.13;71.4;76.1;69.38;60.08;69.1;65.73;71.13;67.9;71.85;67.46;60.48;71.99;65.15;63.31;63.91;61.43;58.61;60.7;61.54;70.1;77;77.7
O3;uur;µg/m³;2023-06-06T01:00:00+01:00;2023-06-06T02:00:00+01:00;59.4;59.7;60.7;67.1;75.9;62.95;52.37;54;65.87;57.9;60.72;61.14;65.98;66.28;65.89;50.85;70.14;62.21;59.89;59.31;59.13;64.99;66.33;68.01;79.35;66.23;58.58;67.47;64.22;68.86;66.23;69.72;64.15;56.8;70.02;59.79;58.13;60.69;66.41;55.49;63.15;59.26;68.4;75.3;73.4
O3;uur;µg/m³;2023-06-06T02:00:00+01:00;2023-06-06T03:00:00+01:00;61.4;60.1;59.5;64.1;72.3;58.81;51.85;52.51;58.97;57.11;54.42;58.29;65.69;63.52;65.04;47.07;68.31;63.49;64.42;65.69;54.45;61.85;65.87;66.4;82.07;68.3;57.47;67.1;62.81;67.3;66.02;67.64;62.11;56.58;66.17;62.09;52.23;60.99;65.47;56.09;72.42;63.11;65.7;72.9;73.3
O3;uur;µg/m³;2023-06-06T03:00:00+01:00;2023-06-06T04:00:00+01:00;58.1;55.2;57.4;63.2;74.5;54.97;51.19;45.49;51.97;55.31;48.79;55.55;64.51;59.81;60.65;45.01;69.37;59.3;65.27;64.76;56.35;58.84;63.12;65.91;81.94;66.6;56.92;66.72;60.79;65.89;66.01;65.07;59.77;51.25;60.62;59.02;49.42;54.08;61.6;42.99;71.67;69.39;65.9;73.6;74.5
O3;uur;µg/m³;2023-06-06T04:00:00+01:00;2023-06-06T05:00:00+01:00;48.3;45.1;48.4;56.8;72.2;50.29;49.34;42.25;42.32;52.55;47.95;52.51;60.73;56.55;59;50.96;71.99;58.46;61.18;61.06;57.86;55.04;48.11;60.89;77.65;68.99;49.8;66.1;59.91;62.94;63.84;63.14;59.91;45.42;52.6;55.16;50.85;53.01;65.42;51.43;66.16;67.74;70.7;75.7;76.9
O3;uur;µg/m³;2023-06-06T05:00:00+01:00;2023-06-06T06:00:00+01:00;38.6;47.1;45.4;61.4;73.8;45.84;48.54;41.94;43.17;51.71;44.18;49.62;57.69;53.96;60.58;53.88;72.41;51.6;57.13;56.39;63.61;55.74;42.15;61.79;74.56;67.64;48.95;68.06;56.95;59.2;63.25;59.41;61.2;47.81;49.76;52.67;53.69;58.05;65.74;60.83;70.93;61.33;66.2;67.4;73.8
O3;uur;µg/m³;2023-06-06T06:00:00+01:00;2023-06-06T07:00:00+01:00;56.2;52.8;53.6;66;76;45.66;53.1;46.14;46.88;52.03;52.24;49.65;60.7;53.23;62.06;53.55;72.95;54.24;56.68;60.01;75.41;60.96;53.95;60.09;74.41;64.94;62.85;71.64;59.48;59.45;68.06;63.77;64.43;54.4;57.39;57.98;60.01;67.64;69.83;65.19;73.19;67.47;67.4;70.4;72.5
O3;uur;µg/m³;2023-06-06T07:00:00+01:00;2023-06-06T08:00:00+01:00;53;61.1;49.9;63.5;76.1;46.53;54.13;46.5;47.95;61.71;60.48;54.11;63.87;55.11;65.44;57.55;71.36;56.76;63.46;65.59;79.09;66.91;54.73;57.65;75.42;67.64;70.63;73.72;65.6;66.73;70.56;70.15;65.96;58.33;64.82;57.81;64.41;69.76;69.53;67.84;77.12;76.46;70.2;71.5;73.4
O3;uur;µg/m³;2023-06-06T08:00:00+01:00;2023-06-06T09:00:00+01:00;54.3;59.6;58;62.9;76.7;48.28;56.62;49.55;50.91;63.88;65.36;60.52;67.63;60.98;67.72;60.06;74.35;63.22;63.63;66.12;77.33;69.88;55.77;59.53;76.61;69.3;71.03;74.94;67.65;67.9;76.08;71.14;71.22;62.93;71.04;60.18;69.63;70.43;70.93;71.27;80.9;79.8;71.7;70.6;74
O3;uur;µg/m³;2023-06-06T09:00:00+01:00;2023-06-06T10:00:00+01:00;58.1;60.3;57.4;66;71.5;54.89;59.92;53.94;58.23;65.51;69.83;64.75;73.53;67.8;68.43;59.27;73.15;67.89;69.27;72.07;79.48;72.13;58.85;62.51;80.43;68.4;71.31;74.94;73.22;74.48;75.99;77.62;73.83;71.09;78.28;65.81;75.51;72.02;76.12;72.97;82.72;82.79;73.8;73.6;76.3
O3;uur;µg/m³;2023-06-06T10:00:00+01:00;2023-06-06T11:00:00+01:00;61.5;60.6;61.8;69.4;;66.33;71.06;59.72;66.94;71.69;74.74;65.4;78.1;72.98;74.31;64.95;79.75;71.51;76.7;78.83;84.08;77.8;65.27;71.99;83.89;59.58;77.91;75.08;76.77;78.91;73.96;81.9;79.68;79.4;84.13;72.34;82.33;77.53;81.82;78.48;85.48;85.57;76.4;76.4;79.2
O3;uur;µg/m³;2023-06-06T11:00:00+01:00;2023-06-06T12:00:00+01:00;66.4;64.9;67.7;73.1;;79.83;80.84;73.83;80.57;83.21;80.32;80.51;87.26;86.65;72.4;68.57;84.68;78.76;80.87;82.43;88.93;82.08;72.4;80.6;86.73;67.65;85.91;78.64;77.88;80.59;78.62;84.29;80.46;88.32;89.89;82.04;87.6;84.68;84.66;87.9;88.15;88.04;80.8;82.1;85
O3;uur;µg/m³;2023-06-06T12:00:00+01:00;2023-06-06T13:00:00+01:00;71.9;69.9;62.3;79.4;;99.08;93.84;93.03;99.59;92.94;91.41;94.3;95.23;102.16;77.39;77.77;90.4;84.39;87.77;85.71;91.68;86.92;79.14;85;88.88;76.13;89.51;85.27;80.97;83.91;84.74;88;84.57;98.23;95.34;93.27;94.47;87.21;87.16;91.37;89.8;90.63;86.8;85.4;89.1
O3;uur;µg/m³;2023-06-06T13:00:00+01:00;2023-06-06T14:00:00+01:00;78.2;76.7;85;83.8;;111.14;104.05;113.75;118;102.59;98.44;105.97;98.22;118.31;84.24;82.12;92.11;91.42;91.74;89.16;93.76;89.61;84.77;88.14;92.8;76.69;92.2;90.14;84.95;88.49;86.24;91.85;86.97;105.05;101.67;100.5;97.86;90.65;91.7;90.37;90.13;90.44;87.9;88.5;92.7
O3;uur;µg/m³;2023-06-06T14:00:00+01:00;2023-06-06T15:00:00+01:00;83.8;74.2;88.4;87.6;;116.8;114.1;122.69;125.25;113.84;104.21;115.57;102.88;126.56;86.65;84.89;93.26;96.35;94.63;94.33;96.94;90.91;84.73;89.39;92.27;82.77;95.54;93.1;87.92;92.36;88.74;94.97;91.09;112.12;104.95;108.92;100.82;93.85;90.17;91.58;89.91;90.54;89.2;90.8;95.1
O3;uur;µg/m³;2023-06-06T15:00:00+01:00;2023-06-06T16:00:00+01:00;77.1;81.7;86.8;87.8;;119.07;119.08;122.2;127.57;121.18;107.99;117.9;105.14;131.01;87.74;88.99;94.11;102.38;99.23;96.94;97.3;92.37;87.17;89.65;90.08;87.04;96.92;94.11;88.09;93.14;90.72;96.62;92.21;115.37;108.61;111.91;102.13;92.19;87.8;89.74;89.5;90.66;90.9;91.8;97.3
O3;uur;µg/m³;2023-06-06T16:00:00+01:00;2023-06-06T17:00:00+01:00;77.2;87.2;85.2;88.3;;124.56;116.01;124.25;129.8;120.23;110.6;116.89;105.02;129.72;88.89;89.24;95.99;100.84;99.48;93.65;96.83;94.54;87.89;90.93;89.88;91.5;97.32;94.85;90.87;94.13;91.48;98.36;93.02;114.37;108.53;108.35;101.43;91.5;88.3;88.9;90.99;91.95;88.8;86.2;95.1
O3;uur;µg/m³;2023-06-06T17:00:00+01:00;2023-06-06T18:00:00+01:00;70.9;87.7;84.8;88.8;;123.24;116.25;130.82;140.09;114.31;108.03;115.48;101.85;127.36;88.03;83.78;91.78;99.69;98.52;92.35;94.95;90.42;85.84;88.44;91.75;90;95.37;93.11;89.33;92.46;88.24;96.46;93.15;104.21;106.82;108.65;98.12;90.34;87.54;86.33;88.3;89.81;89.6;88.9;93.5
O3;uur;µg/m³;2023-06-06T18:00:00+01:00;2023-06-06T19:00:00+01:00;75.7;82.2;81.6;84.8;;124.4;115.54;129.72;135.17;101.09;102.74;114.16;98.65;124.65;84.03;82.76;90.2;92.28;95.61;93.34;95.98;87.37;82.51;86.72;90.69;89.07;89.21;89.23;86.9;89.58;84.06;93.94;88.85;97.31;99.35;100.59;93.6;86.86;86.77;86.62;88.61;88.9;85.5;82.6;89.3
O3;uur;µg/m³;2023-06-06T19:00:00+01:00;2023-06-06T20:00:00+01:00;72.1;77.2;78.2;82.4;;114.28;102.94;123.78;119;92.04;93.05;103.08;92.16;107.64;78.86;79.63;88.05;85.77;90.46;88.31;90.84;83.59;82.4;85.38;89.59;83.94;84.35;84.75;85.63;89.25;84.14;92.02;83.77;91.11;93.25;93.43;88.71;83.79;86.84;84.47;84.34;82.92;85.8;86;89.5
O3;uur;µg/m³;2023-06-06T20:00:00+01:00;2023-06-06T21:00:00+01:00;70.2;76.5;74.5;78.3;;94.58;88.68;109.37;107.51;80.08;79.08;86;86.18;93.39;74.96;68.97;84.01;82.55;87.08;82.26;87.28;84.6;78.34;76.23;85.22;82.75;74.6;83.28;83.1;85.3;80.26;88.87;79.69;86.17;90.33;88.66;83.28;79.1;77.22;79.35;81.56;73.04;79.2;80.7;84.9
O3;uur;µg/m³;2023-06-06T21:00:00+01:00;2023-06-06T22:00:00+01:00;67.5;74;68.3;72.2;;84.32;83.56;80.06;94.84;74.98;70.63;89.19;79.41;96.01;68.41;62.97;79.4;76.61;82.59;78;84.64;79.8;69.98;69.64;80.35;80.46;64.19;75.76;78.57;80.66;75.88;83.35;75.79;79.24;86.42;79.45;78.56;77.2;70.57;68.67;66.96;67.72;75.8;74.1;79.2
O3;uur;µg/m³;2023-06-06T22:00:00+01:00;2023-06-06T23:00:00+01:00;65.5;62.1;64.2;73.1;;80.43;75.74;62.87;90.74;68.82;65.3;78.86;74.36;85.71;65.5;52.47;77.29;70.76;77.64;73.33;83.35;79.67;69.59;71.29;79;78.98;68.43;75.9;73.49;76.88;76.77;78.07;74.32;76.8;81.15;77.91;75.65;74.01;69.26;65.26;52.41;64.73;73.2;78.2;81
O3;uur;µg/m³;2023-06-06T23:00:00+01:00;2023-06-07T00:00:00+01:00;63.6;65.3;61.4;70.5;;74.39;72.81;70.97;79.51;65.45;68.56;74.54;70.51;79.28;61.38;44.28;77.29;72.24;72.29;70.58;78.15;78.88;63.37;71.14;78.06;72.38;65.36;77.9;68.15;73.13;70.58;73.08;71.68;70.77;75.83;75.1;71.16;71.07;62.55;60.87;63.26;65.34;68.3;74.1;76
O3;uur;µg/m³;2023-06-07T00:00:00+01:00;2023-06-07T01:00:00+01:00;62.6;62.8;63.6;69.8;;70.86;63.87;67.21;71.62;67.11;60.74;71.62;69.35;77.15;62.42;48.76;74.07;71.64;72.81;68.63;70.8;71.03;65.63;70.08;74.33;66.82;64.1;71.7;67.37;72.75;67.15;73.33;66.62;64.96;71.91;72.25;65.58;62.67;62.09;59.45;65.51;69.11;64.9;71.8;74.4
O3;uur;µg/m³;2023-06-07T01:00:00+01:00;2023-06-07T02:00:00+01:00;62.1;61.9;61.3;66;;65.98;57.34;61.58;66.38;63.6;60.96;69.15;66.24;71.82;61.83;52.41;70.32;64.79;69.93;63.94;68.19;65.45;63.7;65.97;77.99;69.9;62.59;67.42;64.33;68.64;65.77;70.09;61.99;63.11;67.93;69.13;58.06;57.6;68.42;45.7;61.5;67.68;65.2;71.2;73.5
O3;uur;µg/m³;2023-06-07T02:00:00+01:00;2023-06-07T03:00:00+01:00;61.7;62.3;61;63.4;;61.85;60.22;55.23;59.96;60;61.46;66.64;64.19;70.5;59.6;46.14;66.63;63.9;64.53;64.9;64.8;67.08;60.33;63.61;78.34;67.29;58.63;65.9;63.11;67.09;62.6;68.59;60.03;60.21;65.11;62.7;49.05;55.66;72.53;18.48;66.17;68.07;64.4;71.5;73.4
O3;uur;µg/m³;2023-06-07T03:00:00+01:00;2023-06-07T04:00:00+01:00;59.2;58.6;57.6;62;;57.15;58.98;47.36;53.08;58.86;59.21;60.7;62.87;65;54.93;48.96;67.91;63.18;65.46;65.12;60.36;66.84;57.78;62.54;77.34;65.98;53.9;67.68;60.74;66.03;63.92;66.54;61.1;56.54;62.98;60.25;49.42;56.54;71.73;21.39;70.09;66.39;66.2;72.8;74.3
O3;uur;µg/m³;2023-06-07T04:00:00+01:00;2023-06-07T05:00:00+01:00;55.5;50.2;52.2;63.8;;52.65;53.26;45.49;49.54;54.55;56.88;57.09;61.31;60.01;54.15;45.24;66.65;58.64;67.24;67.91;65.11;68.49;52.5;54.93;76.88;69.7;47.77;63.95;59.77;65.53;61.53;64.71;60.84;58.23;59.09;57.95;48.01;59.2;70.6;28.46;67.99;65.18;66.3;74.1;75.5
O3;uur;µg/m³;2023-06-07T05:00:00+01:00;2023-06-07T06:00:00+01:00;51.9;56.6;49.3;60.3;;47.87;51.51;46.06;47.89;49.76;55.61;53.01;61.56;56.32;54.91;47.42;66.99;60.91;63.76;63.58;77.09;67.31;49.83;46.9;74.12;69.33;58.61;60.9;55.11;63.1;61;62.06;58.5;63.51;58.38;55.59;53.94;64.39;68.78;48.78;71.89;68.7;67.2;74.1;76.7
O3;uur;µg/m³;2023-06-07T06:00:00+01:00;2023-06-07T07:00:00+01:00;54;58.5;55.6;62.4;;43.73;48.34;46.03;47.24;51.89;55.71;50.45;59.23;54.51;56.17;50.95;66.85;60.75;61.62;62.83;76.93;66.95;56.21;50.69;71.81;59.84;72.12;67.17;60.44;62.46;65.24;65.56;61.49;64.13;64.89;55.83;61.36;65.5;68.06;59.14;74.06;73.38;65.3;70.6;72.4
O3;uur;µg/m³;2023-06-07T07:00:00+01:00;2023-06-07T08:00:00+01:00;53.2;55.9;53;61.1;;45.58;49.84;44.54;46.08;55.23;54.76;48.85;58.51;54.43;53.47;56.76;65.57;59.61;61.47;61.07;75.14;66.48;56.62;51.62;72.47;59.13;70.96;69.52;61.44;61.43;63.27;67.65;64.29;62.67;66.95;53.95;64.1;63.47;68.12;65.54;74.42;71.97;66.2;66.6;70.1
O3;uur;µg/m³;2023-06-07T08:00:00+01:00;2023-06-07T09:00:00+01:00;53.6;59.7;57.5;63.5;;47;50.79;46.5;48.18;55.89;58.05;54.48;61.48;57.26;56.48;62.36;65.87;62.36;65.34;60.66;75.23;68.05;58.68;51.89;73.27;67.43;68.82;69.16;60.8;62.62;68.83;66.58;65.25;63.28;66.35;51.3;66.2;64.91;70.69;69.97;77.4;77.56;67.8;69.4;70.4
O3;uur;µg/m³;2023-06-07T09:00:00+01:00;2023-06-07T10:00:00+01:00;57.1;58.8;57.9;63.5;;47.27;56.86;50.59;52.69;61.26;59.75;60.9;64.62;65.09;60.6;66.03;68.79;69.16;66.77;67.83;77.55;71.49;63.38;50.98;73.96;63.31;70.84;71.43;62.82;64.78;72.02;67.7;66.19;63.03;68.76;53.98;70.3;67.86;72.35;73.79;79.99;78.99;71.7;67.5;73.5
O3;uur;µg/m³;2023-06-07T10:00:00+01:00;2023-06-07T11:00:00+01:00;64;61.3;64.9;67.3;;48.09;58.08;55.47;58.94;66.3;63.97;64.05;68.67;71.71;71.77;66.17;73.05;74.09;71.53;71.2;82.36;73;67.66;47.82;77.96;67.91;74.5;74.64;65.83;68.58;71.96;71.84;70.65;67.68;75.74;68.33;76.48;73.28;77.71;78.4;80.68;82.95;73.8;73.5;76.4
O3;uur;µg/m³;2023-06-07T11:00:00+01:00;2023-06-07T12:00:00+01:00;69.6;67.5;72.7;78;;43.9;58.88;54.53;60.67;74.85;69.12;64.13;76.56;78.58;79.46;70.73;80.36;83.52;79.56;78.77;87.15;79.38;75.17;67.59;82.64;75.75;82.82;79.21;72.79;75.14;75.65;82.51;77.32;75.55;82.96;67.54;84.52;79.93;80.71;83.39;83.89;85.02;77.8;77.5;81.8
O3;uur;µg/m³;2023-06-07T12:00:00+01:00;2023-06-07T13:00:00+01:00;74.1;74.1;83.3;81.6;;39.71;65.25;57.04;59.61;86.83;86;65.4;95.05;75.38;88.17;85.24;84.95;89.17;89.13;88.69;88.24;86.13;82.19;79.49;84.74;79.26;;85.83;82.29;87.09;81.36;91.54;82.56;81.81;92.92;69.38;96.21;82.3;84.9;90.14;85.61;84.71;80.9;79.8;86.4
O3;uur;µg/m³;2023-06-07T13:00:00+01:00;2023-06-07T14:00:00+01:00;78.2;79.5;89.7;78.3;;47.5;73.79;41.08;50.53;94.11;98.65;78.05;107.4;84.2;75.49;101.19;87.88;97.21;92.18;93.25;90.17;87.39;91.2;84.42;86.1;76.55;;89.61;81.09;92.71;86.85;91.56;90.59;95.96;98.77;83.09;102.54;89.96;86.48;95.05;84.8;82.99;85.8;84.2;90.5
O3;uur;µg/m³;2023-06-07T14:00:00+01:00;2023-06-07T15:00:00+01:00;87.3;81.8;94.5;82.5;;63.5;96.85;58.42;68.83;109.88;108.62;94.81;112.83;98.01;78.14;113.06;89.79;102.92;95.47;98.6;92.08;89.7;99.47;86.44;86.18;84.23;;93.98;87.05;94.52;93.01;97.26;95.84;106.17;103.54;90.28;107.56;94.27;87.13;98.77;85.47;86.69;90.6;90.5;94.9
O3;uur;µg/m³;2023-06-07T15:00:00+01:00;2023-06-07T16:00:00+01:00;93.7;84.6;96.4;84.1;;84.21;98;82.19;94.68;113.75;111.02;106.31;116.78;115.62;85.2;94.9;91.55;107.98;105.17;103.1;93.47;91.73;93.52;87.57;86.48;93.93;;96.08;91.58;95.18;90.66;99.73;103.74;115.62;107.84;103.09;113.78;98.6;86.01;95.36;86.4;83.77;90.8;92;95.1
O3;uur;µg/m³;2023-06-07T16:00:00+01:00;2023-06-07T17:00:00+01:00;96.8;94;98.1;85;;98.7;101.08;93.82;99.47;118.09;115.46;106.04;117.63;118.41;84.32;80.53;92.27;111.72;109.16;107.72;93.38;92.88;87.34;88.11;83.78;91.14;93.13;95.68;93.2;100.36;90.31;102.36;99.29;117.22;112.82;106.99;115.2;95.77;85.82;93.39;87.31;87.54;87.7;93.1;95.9
O3;uur;µg/m³;2023-06-07T17:00:00+01:00;2023-06-07T18:00:00+01:00;83.5;92;90.6;83.5;;99.65;106.11;101.2;103.12;112.04;116.63;104.29;108.54;117.6;84.53;83.01;90.93;104.74;104.07;102.8;97.98;91.09;86.77;86.18;86.3;87.47;93.34;96.89;89.97;95.58;86.59;96.59;95.41;115.19;113.89;105.27;114.83;88.6;85.06;88.36;87.28;86.27;85.6;85.2;94.6
O3;uur;µg/m³;2023-06-07T18:00:00+01:00;2023-06-07T19:00:00+01:00;85.9;88.2;87.8;80.7;;102.47;110.66;100.3;100.52;106.43;110.71;101.53;100.67;114.41;79.29;81.94;87.47;101.47;96.34;96.1;94.08;84.76;87.82;82.17;86.03;82.5;88;92.01;86.78;90.6;83.39;93.19;86.27;110.78;114.6;112.08;101.47;83.37;83.36;82.43;86.27;85.27;82.9;81.7;87.7
O3;uur;µg/m³;2023-06-07T19:00:00+01:00;2023-06-07T20:00:00+01:00;86.4;86.6;86.3;76.3;;98.02;107.26;96.74;101.98;98.29;96.46;96.7;94.6;108.4;74.88;78.42;82.74;95.81;99.35;89.75;85.85;79.09;83.74;79.26;83.03;78.46;80.85;83.2;82.63;85.85;81.46;88.42;82.1;103.17;105.9;108.81;89.99;80.31;79.98;76.88;82.65;81.57;79.9;74.9;82.8
O3;uur;µg/m³;2023-06-07T20:00:00+01:00;2023-06-07T21:00:00+01:00;73.2;78.9;70.7;71.5;;94.52;96.5;76.37;95.47;91.99;91.8;85.43;85.46;96.61;69.45;66.5;76.88;83.21;88.06;79.22;82.51;76.26;72.81;71.3;81.05;77.24;75.64;78;78.18;81.23;75.83;83.56;76.47;91.49;90.17;94.24;80.03;76.76;77.03;72.63;81.1;80.28;75.1;77.7;82
O3;uur;µg/m³;2023-06-07T21:00:00+01:00;2023-06-07T22:00:00+01:00;62.5;68.3;64.1;62.6;;82.45;92.7;86.91;100.61;79.92;80.45;77.37;77.37;88.62;58.88;51.8;74.68;74.93;78.14;74.09;77.98;75.02;63.87;65.73;76.58;70.66;70.08;75.88;73.38;77.22;70.03;77.95;70.2;76.64;82.44;81.31;77.05;74.71;72.33;69.8;80.6;78.59;71.8;74.6;77.5
O3;uur;µg/m³;2023-06-07T22:00:00+01:00;2023-06-07T23:00:00+01:00;59.3;63.8;59.8;60.7;;64.7;81.87;63.22;79.83;71.26;68.49;81.85;74.16;83.61;57.77;49.3;72.86;74.14;72.49;69.48;76.56;69.94;59.63;61.53;76.36;70.21;66.1;74.13;67.02;70.94;65.41;71.32;63.38;69.11;75.04;75.43;70.65;68.87;73.32;65.7;79.43;80.24;69.2;73.4;76
O3;uur;µg/m³;2023-06-07T23:00:00+01:00;2023-06-08T00:00:00+01:00;62.3;66.1;59.7;60.1;;57.64;68.29;36.53;60.73;65.68;64.15;77.72;65.6;85.11;53.18;42.45;67.35;71.21;67.67;65.86;73.53;67.35;59.91;62.15;77.45;71.6;61.87;70.97;61.7;66.89;65.3;66.77;63.82;64.09;69.4;69.79;64.89;66.92;74.33;64.58;80.35;82.62;67.7;73.1;74.5
O3;uur;µg/m³;2023-06-08T00:00:00+01:00;2023-06-08T01:00:00+01:00;62.9;64.8;60.8;58.1;;64.96;63.92;25.71;52.12;60.34;61.01;69.67;62.21;77.1;54.69;45.61;65.11;66.56;63.3;63.13;71.92;65.73;62.36;60.86;76.22;67.64;61.51;68.24;61.33;66.42;64.11;67.17;62.76;60.02;67.16;65.31;60.24;67.23;74.44;64.2;77.77;79.26;62.8;71.2;71.8
O3;uur;µg/m³;2023-06-08T01:00:00+01:00;2023-06-08T02:00:00+01:00;62.4;64.8;61.1;57.5;;67.38;57.27;27.64;46.72;58.84;55.08;64.18;60.32;68.2;53.13;63.53;63.91;63.17;56.44;60.7;72.46;67.37;63.5;61.29;70.96;69.36;61.24;65.37;59.88;64.41;61.56;64.76;56.05;55.96;65.79;61.39;56.61;68.47;72.4;67.69;79.9;81.78;64;71.8;72.3
O3;uur;µg/m³;2023-06-08T02:00:00+01:00;2023-06-08T03:00:00+01:00;59.4;61.6;60;55.5;;61.35;55.51;39.34;48.68;53.63;52.07;58.6;58.88;63.08;50.42;59.3;61.29;64.43;57.58;59.76;69.72;65.72;59.3;60.28;75.83;67.56;63.15;62.4;57.48;60.88;59.97;62.65;54.76;55.24;62.02;57.58;56.54;70.49;68.61;68.91;77.6;78.47;62.3;69.3;71.1
O3;uur;µg/m³;2023-06-08T03:00:00+01:00;2023-06-08T04:00:00+01:00;52.4;58.6;57.5;54.9;;54.58;50.1;35.9;48.38;53.65;48.73;54.31;56.76;60.12;52.5;47.69;63.25;62.15;53.95;56.74;72.6;63.77;52.2;59.93;74.12;67.97;66;59.83;55.66;59.8;54.1;61.38;55.18;49.67;60.52;55.18;54.99;70.07;69.18;69.58;75.75;77.12;68.1;70.4;71.8
O3;uur;µg/m³;2023-06-08T04:00:00+01:00;2023-06-08T05:00:00+01:00;51.1;57.9;52.3;53.9;;48.21;46.78;36.67;45.37;52.76;49.68;50.82;53.56;55.97;50.71;44.34;61.15;65.52;58.21;55.46;71.98;63.7;43.89;42.8;72.35;65.22;66.69;58.07;55.75;59.68;53.56;61.76;51.59;40.41;58.39;53.94;54.32;69.65;70.03;68.3;73.07;77.24;68.3;67.8;68.3
O3;uur;µg/m³;2023-06-08T05:00:00+01:00;2023-06-08T06:00:00+01:00;46.8;51.9;44.9;46.3;;46.22;41.88;35.43;38.28;46.6;45.41;47.09;51.42;49.93;48;47.52;59.22;60.9;52.39;50.88;68.83;50.29;33.39;46.51;72.63;57.92;65.66;57.43;54.6;57.81;54.8;60.31;51.37;42.38;58.01;50.01;55.44;66.33;71.48;65.48;69.87;72.24;67;65.3;70.3
O3;uur;µg/m³;2023-06-08T06:00:00+01:00;2023-06-08T07:00:00+01:00;48;50.5;38.7;50.6;;46.08;45.39;41.83;44.96;48.7;44;47.4;49.75;49.1;50.71;52.55;61.19;49.6;50.38;47.1;67.95;53.34;42.58;45.36;73.46;49.75;66.63;57.49;52.51;53.82;55.97;55.61;52.14;45.82;59.93;51.15;61.59;65.49;70.44;65.04;73.15;72.48;67.2;67;69.7
O3;uur;µg/m³;2023-06-08T07:00:00+01:00;2023-06-08T08:00:00+01:00;44.1;53.4;43.4;49.9;;52.49;49.16;47.69;49.99;54.77;49.27;49.6;52.27;53.78;54.62;48.36;58.13;52.18;54.13;50.85;70.05;55.76;46.45;45.2;72.93;59.99;68.38;60.23;55.09;54.47;59.84;56.48;;44.21;61.26;51.03;60.91;64.57;69.01;68.9;73.78;73.76;67.5;70.5;71
O3;uur;µg/m³;2023-06-08T08:00:00+01:00;2023-06-08T09:00:00+01:00;50.2;52.7;54.5;50.9;;59.29;56.14;55.31;60.45;55.32;53.98;52.96;56.59;57.64;56.52;47.97;58.96;61.41;59.29;54.83;73.98;59.72;54.5;49.29;75.26;65.9;67.12;68.26;56.51;59.32;64.08;61.94;;44.42;64.96;52.95;60.36;67;70.02;68.77;78.3;75.71;72.6;69.9;73.8
O3;uur;µg/m³;2023-06-08T09:00:00+01:00;2023-06-08T10:00:00+01:00;55.7;56.6;55.3;57.8;;71.99;64.96;68.59;75.07;57.84;58.56;60.96;63.39;65.72;61.47;53.68;63.24;64.13;63.8;58.56;75.6;65.53;62.52;47.92;74.53;64.4;69.76;72.92;61.31;61.05;70.47;65.55;61.54;50.04;74.74;49.62;61.78;70.7;73.11;73.13;81.09;80.74;74.6;70.3;75.5
O3;uur;µg/m³;2023-06-08T10:00:00+01:00;2023-06-08T11:00:00+01:00;61.8;62.9;65.9;65.8;;88.14;61.83;90.35;87.73;73.02;66.07;79.93;71.93;85.7;67.55;62.19;71.78;70.83;70.47;66;82.08;74.85;69.6;57.27;78.21;66.31;76.66;77.77;67.61;71.59;73.39;74.8;72.05;58.02;78.17;57.09;69.17;73.66;78.07;75.28;82.45;83.15;76.5;76;78.1
O3;uur;µg/m³;2023-06-08T11:00:00+01:00;2023-06-08T12:00:00+01:00;67.1;71.2;73.9;75.4;;93.94;68.63;99.13;101.83;92.48;73.51;91.09;91.49;104.7;77.6;73.08;82.33;81.89;74.22;81.77;88.15;92.74;82.33;63.78;83.15;68.71;85.92;79.83;77.55;82.1;74.8;85.94;83.12;70.52;92.96;65.62;82.83;80.41;82.41;80.45;80.78;84.84;81.5;78.5;83.7
O3;uur;µg/m³;2023-06-08T12:00:00+01:00;2023-06-08T13:00:00+01:00;71.6;78.5;82.5;88.6;;100.58;95.77;107.74;111.13;104.54;97.2;87.37;111.45;108.57;94.33;87.97;92.36;86.33;87.8;99.47;94.92;100.62;90.02;72.38;85.47;79.32;94.04;82.55;86.48;91.46;79.05;94.1;92.91;84.44;109.47;83.31;97.4;88.26;86.2;87.01;82.88;87.44;88.7;84.9;90.8
O3;uur;µg/m³;2023-06-08T13:00:00+01:00;2023-06-08T14:00:00+01:00;80.4;84.4;90.9;99.8;;113.1;103.57;128.5;134.24;109.83;113.89;98.38;117.71;109.81;108.04;104.13;91.11;95.15;93.84;110.41;102.42;110.98;95.47;83.19;86.53;84.46;104.49;90.96;96.05;101.89;85.77;104.67;;102.22;112.29;96.78;107.37;96.15;82.59;90.62;77.68;85.17;92.1;94.4;100
O3;uur;µg/m³;2023-06-08T14:00:00+01:00;2023-06-08T15:00:00+01:00;90;87.1;95.2;104.3;;124.39;112.81;133.04;135.42;121.26;122.15;109.92;122.22;120.36;115.87;114.54;93.1;103.56;99.33;106.56;104.53;118.21;104.96;95.64;87.18;88.4;110.62;95.48;100.62;110.89;90.58;109.65;;114.82;118.12;100.1;110.67;99.32;87.05;92.58;83.48;83.91;95.5;98.1;100.5
O3;uur;µg/m³;2023-06-08T15:00:00+01:00;2023-06-08T16:00:00+01:00;95.3;89.4;94.9;109.9;;133.39;116.62;138.29;142.8;126.84;122.19;116.49;128.92;126.85;96.37;125.69;96.38;105.83;106.92;98.9;106.65;119.37;108.7;96.71;84.92;92.89;107.63;98.46;101.28;106.62;93.61;109.29;;120.31;120.33;112.89;114.09;97.67;81.94;93.43;82.94;83.72;96.7;97.7;101.4
O3;uur;µg/m³;2023-06-08T16:00:00+01:00;2023-06-08T17:00:00+01:00;97.5;94.6;99.6;106.3;;118.17;118.31;128.14;122.96;127.6;122.94;116.52;130.5;128.21;102.56;126.7;93.52;107.89;107.17;105.4;106.22;117.43;107.37;94.33;83.27;92.49;101.34;98.09;99.12;105.22;94.85;107.21;;124.04;122.61;116.7;115.54;95.18;81.72;92.56;86.71;86.55;97.8;100.4;101
O3;uur;µg/m³;2023-06-08T17:00:00+01:00;2023-06-08T18:00:00+01:00;97.4;96.8;98.8;102.1;;111.53;120.29;120.36;113.84;125.87;116.11;117.02;129.53;128.23;92.54;120.48;89.72;106.49;107.44;99.74;101.59;114.32;109.69;92.8;83.71;87.19;97.44;97.32;94.33;99.19;91.11;102.67;;126.31;119.53;118.01;107.13;91.79;83.35;87.28;86.66;86.92;92.7;91.1;98.1
O3;uur;µg/m³;2023-06-08T18:00:00+01:00;2023-06-08T19:00:00+01:00;96.3;91.4;95;97.7;;120.14;119.73;120.21;118.76;124.15;107.87;114.76;115.52;128.06;84.84;116.57;91.25;101.51;101.33;96.49;93.09;103.31;99.86;85.89;86;81.08;;89.3;91.12;95.87;82.86;97.48;;127.76;115.39;115.11;99.66;84.75;81.85;82.19;84.4;84.64;86.6;85.3;88.4
O3;uur;µg/m³;2023-06-08T19:00:00+01:00;2023-06-08T20:00:00+01:00;87.3;89.2;89.8;88.6;;114.92;115.65;115.56;114.82;119.72;98.62;113.88;97.2;126.72;80.72;105.04;90.48;93.25;92.26;87.5;85.42;98.13;95.11;77.12;78.67;78.51;;82.63;81.61;89.7;79.34;89.5;;117.17;107.43;107.15;91.72;82.41;78.15;81.28;78.72;79.7;82.4;81.8;84.5
O3;uur;µg/m³;2023-06-08T20:00:00+01:00;2023-06-08T21:00:00+01:00;77.1;76.7;79.3;82.6;;106.98;85.42;103.83;102.7;111.84;88.66;103.77;83.3;121.58;89;85.23;84.34;80.18;83.6;75.93;82.62;82.74;77.42;68.35;76.03;74.06;;78.46;78.73;83.92;69.24;85.84;;102.36;94.18;87.9;80.35;79.22;70.41;77.41;78.34;72.41;79.2;77.6;80.7
O3;uur;µg/m³;2023-06-08T21:00:00+01:00;2023-06-08T22:00:00+01:00;68.1;69.3;70.2;74.7;;86.52;83.58;91.34;89.41;97.98;72.17;98.25;78.08;107.83;78.09;71.39;72.15;74.38;74.04;68.54;78.76;75.69;74.38;58.42;72.64;71.02;;75.18;69.99;73.96;70.86;74.76;;86.01;84.14;78.97;75.55;75.17;64.16;70.23;78.45;72.89;77;77.3;79.5
O3;uur;µg/m³;2023-06-08T22:00:00+01:00;2023-06-08T23:00:00+01:00;63.6;67.5;66.9;70.2;;78.95;78.38;66.07;89.49;89.27;69.08;86.71;87.38;96;63.17;70.84;69.01;70.2;70.86;60.59;75.02;71.31;71.66;60.07;71.54;68.46;;75.11;65.51;68.44;66.53;70.46;;78.56;77.24;76.17;72.46;70.33;69.75;68.12;76.02;66.59;73.4;72.5;75.2
O3;uur;µg/m³;2023-06-08T23:00:00+01:00;2023-06-09T00:00:00+01:00;64.2;67.3;68.5;67.5;;52.54;73.14;38.76;79.58;79.93;64.8;77.55;80.9;85.32;57.66;64.32;69.41;71.53;68.96;58.94;71.67;73.62;73;62.76;72.91;65.84;62.11;70.5;62.1;67.05;62.93;67.82;;70.41;73.77;68.67;68.04;66.16;71.42;63.88;73.95;60.59;70.6;71.4;73
O3;uur;µg/m³;2023-06-09T00:00:00+01:00;2023-06-09T01:00:00+01:00;64.5;67.3;66.4;63.3;;48.77;71.24;22.76;70.11;72.05;61.3;72.9;73.45;79.59;58.02;58.79;69.38;70.28;63.49;60.98;66.96;72.61;70.69;63.49;74.44;62.6;61.64;64.78;58.95;66.85;58.87;64.69;;67.15;72.69;65.69;65.57;64.95;70.51;57.91;76.23;56.17;68.6;68.5;69.6
O3;uur;µg/m³;2023-06-09T01:00:00+01:00;2023-06-09T02:00:00+01:00;59.8;62.3;63.3;61.5;;44.74;68.77;19.94;74.91;65.54;54.58;68.87;68.16;74.85;63.07;28.82;67.03;66.37;59.18;57.36;67.61;70.54;66.35;64.06;73.67;65.16;59.72;62.44;56.49;64.66;55.35;62.93;;65.84;70.21;62.16;63.98;62.52;66.75;55.12;75.68;54.39;71.8;73.1;73.7
O3;uur;µg/m³;2023-06-09T02:00:00+01:00;2023-06-09T03:00:00+01:00;56.9;60.6;60.9;58.6;;;;;;;;;;;;;;;;;;;;;;;;;;;;;;;;;;;;;;;72.2;71.8;74.8
O3;uur;µg/m³;2023-06-09T03:00:00+01:00;2023-06-09T04:00:00+01:00;53;59.3;60.6;55.3;;44.49;54.07;15.81;63;56.58;47.45;58.52;60.7;67.02;57.99;56.12;68.09;61.56;54.3;;67.01;70.84;61.08;62.44;71.64;63.32;54.1;61.54;56.18;60.77;58.11;60.6;;57.7;66.9;57.69;58.39;59.31;69.59;52.69;72.22;54.25;71.3;73.8;73.5
O3;uur;µg/m³;2023-06-09T04:00:00+01:00;2023-06-09T05:00:00+01:00;47.8;57;56.9;56.3;;44.48;49.67;21.15;59.16;50.3;43.23;53.54;58.69;60.94;55.62;57.61;69.5;59.9;49.68;;63.95;68.46;55.32;50.52;68.75;63.35;52.89;60.26;56.83;63.33;54.93;61.73;;50.53;63.91;53.08;53.62;62.48;63.63;50.1;73.35;55.11;67.9;71.4;70.7
O3;uur;µg/m³;2023-06-09T05:00:00+01:00;2023-06-09T06:00:00+01:00;39.8;50.3;50.9;57.7;;46.95;46.92;18.61;53.46;46.32;41.68;47.82;54.88;56.04;51.77;50.09;67.35;57.47;48.79;;62.82;65.37;50.68;42.42;67.04;51.31;53.9;54.29;55.31;57.29;52.63;59.16;;45.28;57.63;48.7;49.92;57.28;61.01;47.48;73;66.97;63.3;63.6;64.7
O3;uur;µg/m³;2023-06-09T06:00:00+01:00;2023-06-09T07:00:00+01:00;28.9;45.6;41.5;53;;50.12;44.75;48.41;63.86;50.84;46.86;50.35;50.49;52.43;50.55;47.28;62.42;56.49;50.54;;62.55;63.96;48.27;43.08;64.77;45.4;;51.23;50.45;50.49;49.02;55.04;;48.6;58.08;48.35;47.46;52.54;56.7;43.54;76.89;67.23;57.3;58.2;61.9
O3;uur;µg/m³;2023-06-09T07:00:00+01:00;2023-06-09T08:00:00+01:00;34;45.9;45;49.4;;59.43;50.09;67.42;74.13;54.9;51.05;53.59;55.18;56.7;51.43;53.63;60.06;53.25;51.78;;61.65;58.82;47.02;41.17;62.76;43.13;;53.4;50.43;52.92;51.86;56.31;;56.03;62.84;48.97;50.81;54.13;59.04;47.65;75.77;64.84;56.5;55.7;59.4
O3;uur;µg/m³;2023-06-09T08:00:00+01:00;2023-06-09T09:00:00+01:00;33.2;44.2;48;50.4;;83.85;61.08;89.26;86.99;65.61;60.33;63.66;63.14;70.8;55.76;59.28;61.07;56.1;54.66;;64.41;62.64;51.99;38.84;64.26;45.42;;57.87;57.11;56.83;58.27;63.56;;69.18;74.12;55.54;64.63;63.76;55.34;51.83;76.68;64.81;58.2;55.4;59.2
O3;uur;µg/m³;2023-06-09T09:00:00+01:00;2023-06-09T10:00:00+01:00;40.8;49.8;57.6;53.9;;101.04;85.66;95.51;96.52;83.1;78.06;82.79;84.09;92.4;62.54;74;68.27;62.22;61.88;;68.98;67.3;69.21;41.62;67.49;51.05;;68.69;74.25;76.57;69.31;82.42;;90.34;95.29;67.57;83.53;74.04;65.7;68.67;76.2;69.72;61.4;60.3;63.3
O3;uur;µg/m³;2023-06-09T10:00:00+01:00;2023-06-09T11:00:00+01:00;54.6;58.8;71.9;64.1;;114.01;106.21;107.66;107.62;103.51;100.93;101.01;108;108.85;72.05;76.81;77.17;75.64;78.83;;75.16;76.28;85.47;52.94;75.59;59.31;;81.24;94.87;91.16;76.35;102.63;;110.94;100.14;90.3;98.71;86.81;73.28;90.6;75.78;76.47;71;67.8;70.7
O3;uur;µg/m³;2023-06-09T11:00:00+01:00;2023-06-09T12:00:00+01:00;76.1;78.8;87.4;81.8;;120.18;122.69;114.81;115.8;122.2;123.02;121.27;124.55;126.41;94.66;92.32;96.19;99.5;98.5;101.43;87.7;97.94;96.75;68.62;83.14;71.19;;84.52;111.08;114.85;77.21;123.62;;127.05;122.72;111.32;118.56;103.44;88.32;112.95;78;84.08;84.8;81.9;84.7
O3;uur;µg/m³;2023-06-09T12:00:00+01:00;2023-06-09T13:00:00+01:00;95.4;98.6;107.1;99.3;;128.72;132.72;119.32;120.54;138.53;136.34;131.51;139.81;140.24;120.06;124.59;113.99;125.29;119.23;125.93;106.65;117.34;119.23;83.53;94.8;85.96;127.96;101.4;120.87;128.37;92.23;133.59;;130.61;134.01;128.59;128.37;118.86;106.32;126.54;80.29;102.73;105.7;105.9;108.5
O3;uur;µg/m³;2023-06-09T13:00:00+01:00;2023-06-09T14:00:00+01:00;112.2;106.9;123.4;116.1;;129.64;150.21;123.93;124.57;149.5;141.45;139.79;146.91;142.74;137.5;148.77;126.62;131.09;132.58;133.69;127.63;133.74;138.2;94.51;105;108.81;136.81;120.53;123.03;122.53;111.17;136.26;133.77;132.93;136.76;137.62;132.08;127.61;114.18;131.91;83.79;117.03;123.1;121.6;126.4
O3;uur;µg/m³;2023-06-09T14:00:00+01:00;2023-06-09T15:00:00+01:00;119.1;103.7;123.7;120;;129.28;148.32;126.25;127.07;154.12;148.23;140.08;155.76;144.21;147.75;159.11;136.83;134.06;138.91;141.38;143.47;142.5;138.51;106.47;104.09;121.18;138.65;131.2;124.9;123.61;128.03;137.05;140.39;133.95;136.59;144;135.74;131.73;118.51;132.98;83.17;105.09;132.6;133.1;137.4
O3;uur;µg/m³;2023-06-09T15:00:00+01:00;2023-06-09T16:00:00+01:00;133.7;111.8;133.9;128.9;;128.22;138.76;128.51;129.79;150.49;149.44;138.94;167.76;142.76;147.82;155.8;141.44;142.67;146.1;151.24;148.64;147.14;148.83;107.19;102.35;127.36;141.58;132.19;124.8;129.4;128.07;140.05;145.42;134.43;137.59;144.63;137.09;133.26;108.91;137.58;95.65;97.43;138.2;139.2;143.1
O3;uur;µg/m³;2023-06-09T16:00:00+01:00;2023-06-09T17:00:00+01:00;143.9;122;138.4;136.7;;129.61;142.55;130.27;131.74;147.38;146.32;134.01;161.2;139.02;150.16;152.58;144.21;150.69;157.98;167.57;150.53;150.06;157.12;109.31;98.98;130.11;141.25;134.84;125.01;132.11;128.12;143.4;151.92;136.44;139.26;138.73;137.35;131.05;107.61;141.44;100.57;104.73;140.3;142.8;145.5
O3;uur;µg/m³;2023-06-09T17:00:00+01:00;2023-06-09T18:00:00+01:00;157.9;131.4;156.9;152.2;;128.07;135.4;130.46;132.23;141.04;144.3;135.65;156.49;140.36;160.88;149.77;146.22;161.12;162.62;165.19;149.78;159.79;173.09;113.39;106.75;129.17;139.86;130.55;130.52;132.03;127.4;142.03;152.81;139.29;140.08;131.19;136.42;129.77;107.01;137.37;101.82;101.6;137.1;136.9;142.4
O3;uur;µg/m³;2023-06-09T18:00:00+01:00;2023-06-09T19:00:00+01:00;149.1;131;148.4;147.1;;117.62;127.57;130.81;131.45;139.95;138.62;135.7;151.72;146.56;157.76;143.8;153.12;150.23;157.03;154.24;143.12;162.55;166.87;118.65;105.29;120.92;137.01;125.48;128.09;132.23;125.47;138.98;141.18;140.18;140.42;127.1;133.17;126.89;103.51;129.86;99.15;98.77;128.7;130.8;133.9
O3;uur;µg/m³;2023-06-09T19:00:00+01:00;2023-06-09T20:00:00+01:00;138.2;111.5;131.4;132.8;;115.03;117.82;125.63;122.95;130.62;130.98;125.02;143.58;136.42;140.23;135.24;147.02;133.18;139.99;133.47;128.89;150.21;151.35;106.37;100.86;111.38;128.44;117.79;127.38;126.82;125.89;135.76;130.36;136.09;142.8;122.04;128.26;128.76;95.34;114.85;97.81;91.34;120.5;121.8;126.1
O3;uur;µg/m³;2023-06-09T20:00:00+01:00;2023-06-09T21:00:00+01:00;122.3;97.6;116.3;117.3;;111.11;105.21;112.99;111.82;117.51;125.38;112.99;131.41;125.2;124.16;118.07;129.48;118.78;118.66;118.76;118.7;132.71;136.15;85.37;93.23;97.97;111.97;106.44;124.18;129.39;122.71;134.07;121.02;127.57;134.47;115.09;123.33;120.59;85.19;94.02;94.86;89.15;114;110.5;115.3
O3;uur;µg/m³;2023-06-09T21:00:00+01:00;2023-06-09T22:00:00+01:00;112.3;95.7;107.9;104.7;;97.14;93.51;105.42;107.2;106.45;116.17;106.16;120.91;115.5;102.79;103.04;115.7;114.05;95.21;104.37;105.03;119.07;126.36;81.68;86.96;93.29;110.32;103.31;121.84;125.13;113.23;128.54;114.99;118.9;123.34;119.24;116.1;107.15;78.27;80.66;90.23;86.66;106;105.8;106.8
O3;uur;µg/m³;2023-06-09T22:00:00+01:00;2023-06-09T23:00:00+01:00;113.5;92.8;112;95.4;;87.74;100.9;95.98;85.87;103.56;99.66;104.63;117.18;107.57;91.26;104;114.88;110.77;101.96;110.7;106.02;123.81;122.69;84.88;79.69;92.07;103.2;94.49;113.55;121.72;105.39;120.83;119.45;112.4;110.57;112.27;106.05;94.41;68.42;64.63;84.73;81.08;104.2;104;108
O3;uur;µg/m³;2023-06-09T23:00:00+01:00;2023-06-10T00:00:00+01:00;110.2;93.6;112.4;100.8;;82.47;94.1;63.82;81.54;107.23;91.89;103.84;112.31;107.09;89.06;98.91;98.35;112.9;109.72;110.17;111.78;106.77;123.41;83.61;77.04;86.9;87.07;86.54;102.44;113.02;94.93;108.8;115.51;102.76;98.4;105.35;94.31;88.63;60.87;65.42;80.98;73.07;100.9;95.6;106.1
O3;uur;µg/m³;2023-06-10T00:00:00+01:00;2023-06-10T01:00:00+01:00;107.8;90.1;106.7;92.7;;72.63;79.05;53.3;77.83;100.42;88;94.25;106.34;99.72;93.71;88.44;98.11;107.49;103.2;103.69;102.89;96.51;115.99;81.46;74.23;83.28;80.25;86.98;93.94;103.81;101.97;103.13;104.85;100.45;99.24;98.2;91.82;85.26;60.52;83.67;78.07;85.01;91.2;87.8;91.5
O3;uur;µg/m³;2023-06-10T01:00:00+01:00;2023-06-10T02:00:00+01:00;101.3;93.8;99.5;80.7;;70.95;60.4;42.81;73.98;87.69;86.8;84.74;100.64;91.44;92.49;79.34;104.74;101.99;97.31;100.49;93.49;99.83;97.83;90.02;79.41;76.88;80.41;85.82;94.71;102.88;90.48;103.64;95.09;96.28;101.29;94.74;91.83;83.91;62.93;76.32;75.43;81.27;84.3;82.7;81.4
O3;uur;µg/m³;2023-06-10T02:00:00+01:00;2023-06-10T03:00:00+01:00;89;89.4;96.5;72.3;;57.16;57.28;34.64;75.89;81.55;80.75;79.17;96.73;82.94;80.22;71.93;102.2;96.5;80.2;92.56;89.79;98.64;90.8;86.95;80.47;63.63;78.03;78.79;92.5;98.11;88.77;99.1;96;95.25;100.58;87.29;89.97;82.96;64.7;58.22;74.92;73.79;84.1;83.7;78.8
O3;uur;µg/m³;2023-06-10T03:00:00+01:00;2023-06-10T04:00:00+01:00;92.6;83.9;94.2;69.7;;58.18;46.32;27.13;76.73;79.89;58.04;79.05;95.88;77.97;68.38;62.11;96.55;93.06;70.78;94.34;87.58;93.32;99.12;83.79;81.65;65.41;77.59;78.22;88.86;96.01;89.06;97.24;89.8;91.25;99.7;77.69;83.95;81.91;61.81;46.81;71.33;64.99;81.8;80.9;77.6
O3;uur;µg/m³;2023-06-10T04:00:00+01:00;2023-06-10T05:00:00+01:00;88;78.9;88.3;67.3;;62.4;37.79;19.79;77.93;78.97;60.87;77.36;90.92;76.14;67.31;62.74;92.72;86.54;63.04;85.03;86.48;89.27;92.98;73.37;79.63;63.33;73.92;81.47;86.62;93.19;90.9;96.11;86.25;86.78;95.77;76.3;79.26;79.55;61.53;45.55;61.46;51.26;78;78.5;77.4
O3;uur;µg/m³;2023-06-10T05:00:00+01:00;2023-06-10T06:00:00+01:00;80.9;74.2;82.5;62.9;;60.02;51.48;20.33;82.41;75.49;65.71;76.81;87.61;76;63.01;66.05;90.13;82.99;64.05;77.22;82.92;87.29;88.62;71.58;77.66;57.85;74.02;82.02;85.2;91.35;86.81;93.05;84.72;80.38;89.32;75.29;72.76;72.27;63.3;50.87;55.68;46.08;73.7;76.3;74.3
O3;uur;µg/m³;2023-06-10T06:00:00+01:00;2023-06-10T07:00:00+01:00;76.8;74.5;80.7;64.8;;71.8;68.81;56.69;79.69;73.53;70.14;74.34;86.56;78.79;74.87;62.62;90.09;82.08;66.23;75.79;80.08;87.84;87.1;71.32;74.39;65.62;72.55;79.8;82.53;88.06;81.89;89.27;85.46;76.5;87.08;73.38;72.27;67.32;67.01;53.62;55.74;55.29;71.7;69.9;71.7
O3;uur;µg/m³;2023-06-10T07:00:00+01:00;2023-06-10T08:00:00+01:00;77.4;74.3;80.8;74.4;;85.25;77.04;82.03;94.55;81.44;80.05;75.64;89.38;83.89;83.12;68.37;91.33;83.87;74.36;79.03;84.55;88.99;89.89;68.68;73.22;69.01;78.22;80.27;82.73;87.5;81.46;90.85;89.13;79.99;88.94;76.26;75.98;68.89;67.75;56.25;60.93;60.72;72.5;72.1;77.1
O3;uur;µg/m³;2023-06-10T08:00:00+01:00;2023-06-10T09:00:00+01:00;76.9;79.7;84.7;77.1;;97.4;93.22;101.59;102.22;89.59;93.87;85.69;98.21;93.3;87.44;95.7;95.08;92.26;82.51;86.42;92.2;97.77;95.17;63.52;76.1;68.34;83.96;86.05;88.45;89.74;86.13;97.16;92.92;90.44;94.87;82.77;83.22;75.44;71.71;61.53;72.69;66.51;79.9;77.2;81.1
O3;uur;µg/m³;2023-06-10T09:00:00+01:00;2023-06-10T10:00:00+01:00;91.2;86.4;96.4;87.5;;107.99;104.94;110.11;111.65;105.55;108.47;99.95;111.84;108.26;96.78;113.59;103.78;100.8;96.16;99.08;99.16;110.51;111.83;67.05;85;74.45;93.75;93.88;97.36;101.23;92.66;108.41;103.34;99.5;104.67;91.33;94.77;85.75;83.45;77.64;79.57;72.48;86;84.2;89.1
O3;uur;µg/m³;2023-06-10T10:00:00+01:00;2023-06-10T11:00:00+01:00;106.6;93.5;108.2;99.2;;120.31;115.26;123.98;129.88;122.3;126.67;117.47;129.64;123.62;111.43;126.45;115.83;113.26;112.93;116.19;99.06;120.76;126.24;86.34;93.08;87.45;107.39;105.85;110.55;111.81;102.35;118.95;114.5;110.31;115.36;102.72;109.42;100.37;92.76;92.49;88.74;85.55;91.2;92.8;96.4
O3;uur;µg/m³;2023-06-10T11:00:00+01:00;2023-06-10T12:00:00+01:00;116.2;101.3;115.1;112;;134.28;122.73;138.7;141.26;132.91;141.81;121.17;141.74;138.4;127.25;137.51;126.39;122.62;127.01;127.98;118.35;132.2;135.04;91.69;103.6;102.36;119.76;118.13;117.79;120.65;111.69;128.46;126.24;121.79;125.94;116.74;119.29;109.87;101.1;104.58;95.93;96.86;104.9;107.4;108.7
O3;uur;µg/m³;2023-06-10T12:00:00+01:00;2023-06-10T13:00:00+01:00;112.3;108.7;119.5;120.6;;139.06;126.12;141.92;147.51;139.2;145.15;127.1;147.01;142.19;143.78;152.38;135;130.24;133.41;133.96;129.75;142.1;139.99;103.67;106.7;115.07;130.47;123.63;120.89;123.61;120.09;133.72;132.45;129.3;134.39;123.3;126.13;116.06;112.71;111.24;85.05;105.17;118.5;120.3;123.2
O3;uur;µg/m³;2023-06-10T13:00:00+01:00;2023-06-10T14:00:00+01:00;115.7;111.8;126.8;124.4;;139.37;132.75;152.34;155.72;141.49;148.34;130.64;147.5;141.16;147.53;154.51;137.93;130.55;134.96;139.73;140.15;143.58;142.82;100.79;114.33;124.42;134.96;130.3;124.41;125.95;124.01;137.36;134.74;133.08;138.57;131.15;129.9;123.55;116.56;117.62;88.11;99.99;126.7;126.9;131.5
O3;uur;µg/m³;2023-06-10T14:00:00+01:00;2023-06-10T15:00:00+01:00;122.9;102;129.4;127.6;;142.61;135.87;152.02;154.87;142.08;148.16;133.76;148.8;144.63;147.42;154.82;141.21;132.44;138.95;142.34;145.1;145.76;142.26;109.68;116;123.22;136.4;131.23;126.1;130.48;127.11;139.21;135.03;136.72;141.43;134.33;133.04;126.44;116.32;122.94;88.01;105.53;130;130.7;135.4
O3;uur;µg/m³;2023-06-10T15:00:00+01:00;2023-06-10T16:00:00+01:00;122.6;106.2;129.8;131.7;;129.3;137.95;155.24;158.21;143.27;149.8;137.48;150.41;150.51;148.71;152.73;142.61;133.34;142.03;145.59;145.18;148.12;143.98;113.98;109.58;123.79;138.62;131.93;131.49;136.46;124.74;141.7;136.61;137.59;140.55;136.42;134.93;127.99;115.91;124.42;89.78;111.69;128.4;134.3;136.4
O3;uur;µg/m³;2023-06-10T16:00:00+01:00;2023-06-10T17:00:00+01:00;128.5;117.9;132.8;131.1;;130.49;142.36;153.21;153.22;142.87;150.02;142.82;150.81;156.1;146.57;149.81;144.11;136.29;141.12;147.56;143.88;147.67;144.72;115.04;106.61;125.05;139.94;130.79;133.69;135.13;124.26;143.74;136.61;138.81;140.07;137.35;136.21;132.24;101.94;128.22;90.79;114.52;130.2;133.4;135.6
O3;uur;µg/m³;2023-06-10T17:00:00+01:00;2023-06-10T18:00:00+01:00;133.1;123.1;132;126.3;;129.61;140.95;145.27;145.46;141.91;152.33;146.37;150.06;155.34;145.9;153.97;141.8;136.96;140;145.94;140;144.94;141.95;115.35;97.31;121.61;140.46;128.69;133.77;136.68;122.32;144.41;138.02;138.53;144.88;134.85;135.89;132.25;100.79;130.14;92.34;116.32;130.6;126.8;135.8
O3;uur;µg/m³;2023-06-10T18:00:00+01:00;2023-06-10T19:00:00+01:00;122.4;121.1;125.6;119.5;;122.3;135.16;133.06;133.7;141.8;143.84;142.1;146.91;149.94;139.81;148.62;136.51;131.79;133.48;142.27;139.58;139.82;132.98;113.23;91.42;122.49;;125.47;132.92;135.83;113.82;142.83;139.13;137.74;144.81;131.81;135.15;128.13;91.33;130.25;91.74;91.89;128.6;125.3;131.9
O3;uur;µg/m³;2023-06-10T19:00:00+01:00;2023-06-10T20:00:00+01:00;117.8;118.7;121;117.3;;114.45;126.06;113.26;127.52;132.22;135.3;128.81;142.33;142.41;124.12;122.25;130.19;126.55;117.07;134.87;134.75;135.21;128.92;101.99;88.42;117.42;;119.52;127.7;133.88;100.28;138.36;130.85;133.59;142.87;126.48;126.13;123.95;75.96;114.39;87.01;79.13;121.2;118.4;129.1
O3;uur;µg/m³;2023-06-10T20:00:00+01:00;2023-06-10T21:00:00+01:00;106.7;113.8;110.1;112.3;;114.77;113.39;106.67;116.53;119.43;121.09;118.68;135.27;132.87;111.21;108.56;122.2;118.91;99.63;129.41;121.68;128.18;117.6;92.06;77.7;101.09;;109.88;122.24;125.86;101.48;132.1;108.35;124.85;127.67;114.1;115.84;113.61;61.03;92.93;81.44;75.46;107.1;106.8;120.7
O3;uur;µg/m³;2023-06-10T21:00:00+01:00;2023-06-10T22:00:00+01:00;85.9;101.6;105.1;101.9;;101.6;102.59;102.65;106.99;107.32;105.1;107.26;125.51;124.6;92.96;105.19;118.75;111.05;83.82;119;107.38;119.37;102.53;88.54;72.05;81.79;;97.89;116;116.94;95.82;124.24;101.3;118.78;109.35;103.19;106.77;104.5;51.22;91.13;79.02;58.51;87.7;89.3;98.5
O3;uur;µg/m³;2023-06-10T22:00:00+01:00;2023-06-10T23:00:00+01:00;68.1;94.1;95.8;100.2;;93.75;79.83;79.96;89.85;102.74;99.38;104.93;114.65;115.85;86.9;103;117.28;110.79;72.05;101.13;90.93;112.02;86.71;88.54;69.4;66.46;;92.92;106.19;104.35;83.02;114.23;100.58;112.8;91.73;98.93;100.95;88.88;49.46;66.13;72.45;59.16;82.4;82.8;87
O3;uur;µg/m³;2023-06-10T23:00:00+01:00;2023-06-11T00:00:00+01:00;60.8;82.3;88.1;96.4;;83.83;67.93;45.16;87.06;98.5;89.94;97.01;109.93;106.77;83.81;96.46;111.16;109.46;71.61;101.97;80.94;103.22;81.17;90.33;62.84;70.86;;85.12;97.28;98.2;73.37;105.26;102.36;106.5;64.14;95.25;94.8;74.92;50.67;42.04;63.89;56.69;76.6;77.7;82.2
O3;uur;µg/m³;2023-06-11T00:00:00+01:00;2023-06-11T01:00:00+01:00;94.3;80.5;81.2;90.5;;62.9;54.22;33.21;78.3;92.29;84.78;89.45;103.08;96.29;80.41;95.93;105.44;106.59;68.35;96.89;83.29;97.66;84.45;87.78;58.1;64.98;;78.48;89.71;94.2;73.29;96.77;99.75;98.87;44.35;82.4;89.27;69.55;44.38;71.93;61.86;54.61;69.3;67.8;75.7
O3;uur;µg/m³;2023-06-11T01:00:00+01:00;2023-06-11T02:00:00+01:00;99;88.3;75.4;85.1;;61.45;45.75;26.37;64.73;84.38;82.31;80.42;98.08;83.93;79.22;84.79;100.88;104.62;78.87;90.6;76.87;92.03;74;84.33;60.52;56.35;;66.48;86.36;95.13;77.7;91.36;97.41;93.42;48.52;74.92;86.07;67.79;45.83;83.74;57.16;60.43;78.8;72.8;72.3
O3;uur;µg/m³;2023-06-11T02:00:00+01:00;2023-06-11T03:00:00+01:00;95.1;86.3;71.9;77.6;;57.63;30.02;19.69;74.74;74.8;70.67;73.25;90.4;75.66;72.05;67.96;101.13;97.64;80.12;83.74;69.09;88.92;65.27;78.33;56.54;48.1;;70.48;82.99;93.45;76.67;89.78;95.49;86.93;63.76;82.99;83.25;62.78;46.32;84.59;55.94;55.46;73.4;71.1;67.9
O3;uur;µg/m³;2023-06-11T03:00:00+01:00;2023-06-11T04:00:00+01:00;86.5;78.8;77.6;69.9;;57.49;33.34;19.74;78.43;67.55;63.46;67.46;83.16;73.45;63.47;64.14;89.53;89.78;71.04;79.82;65.57;80.2;65.44;76.6;60.99;40.24;;72.11;84.29;90.85;79.67;89.92;87.19;82.28;82.48;82.89;84.11;60.49;55.07;81.96;57.38;67.22;67.1;64.5;68.5
O3;uur;µg/m³;2023-06-11T04:00:00+01:00;2023-06-11T05:00:00+01:00;78.2;75.6;79.1;61.1;;61.66;27.02;35.08;77.3;58.71;56.31;60.61;75.23;67.3;59.81;57.8;82.73;85.39;67.8;70.79;71.02;71.73;66.87;70.76;64.89;64.85;;68.34;79.87;83.43;79.23;85.14;82.38;83.06;76.44;73.6;80.31;65.83;56.53;79.57;60.49;64.29;69.2;64.5;79.1
O3;uur;µg/m³;2023-06-11T05:00:00+01:00;2023-06-11T06:00:00+01:00;65.4;67.2;65.4;52;;54.75;34.99;65.28;66.6;52.58;53.83;60.24;69.34;65.86;63.21;50.39;78.32;75.19;64.23;66.19;79.64;71.69;53.17;63.74;69.39;74.13;;60;75.52;79.43;75.95;84.38;77.58;82.65;88.1;71.63;79.95;67.92;66.34;74.49;60.8;61.64;80.1;54;86.9
O3;uur;µg/m³;2023-06-11T06:00:00+01:00;2023-06-11T07:00:00+01:00;62.1;63.5;61.2;49.8;;64.55;64.45;75.91;79.57;60.79;51.99;68.16;74.79;70.81;64.65;56.53;71.65;71.48;65.11;68.57;81.14;73.89;71.03;58.96;75.56;79.45;;58.98;76.31;76.19;75.87;84.92;75.43;78.88;90.13;69.95;82.9;72.79;71.63;71.88;65.71;62.18;82.3;20.6;86.1
O3;uur;µg/m³;2023-06-11T07:00:00+01:00;2023-06-11T08:00:00+01:00;69.7;61;60.7;46.9;;77.36;79.21;83.14;84.99;79.38;68.1;81.62;88.04;82.02;69.59;70.51;72.71;72.82;74.04;73.28;88.85;79.6;49.48;66.41;82.78;79.85;;77.79;79.5;79.38;80.06;89.64;76.52;88.78;95.47;80.19;90.76;82.79;80.52;79.6;70.29;69;89;26;90.3
O3;uur;µg/m³;2023-06-11T08:00:00+01:00;2023-06-11T09:00:00+01:00;82.5;70.8;72.1;57.5;;86.98;93.72;89.52;89;94.23;85.63;91.88;98.74;95.3;81.28;94.75;78.28;81.39;84.57;85.49;95.92;87.71;77.03;71.54;87.74;83.19;;88.23;86.38;84.88;88.05;95.43;86.11;100.43;100.9;91.91;99.52;92.15;88.09;92.06;81.07;80.18;94.9;65.3;98.9
O3;uur;µg/m³;2023-06-11T09:00:00+01:00;2023-06-11T10:00:00+01:00;92.4;78.8;85.1;64.7;;94.88;103.8;95.23;95.37;106.01;105.47;101.16;112.7;105.97;98.07;108.69;94.36;96.68;98.51;98.37;107.03;102.37;93.45;82.41;97.76;94.02;;98.86;95.15;94.77;99.39;105.71;101.06;110.38;110.68;106.27;109.32;103.45;97.78;103.01;96.17;92.4;105.7;95.5;109.7
O3;uur;µg/m³;2023-06-11T10:00:00+01:00;2023-06-11T11:00:00+01:00;102.7;88.3;100.8;78.4;;101.27;111.74;101.39;102.06;115.95;119.6;109.27;123.73;113.59;111.69;121.6;110.48;110.07;109.68;113.56;112.27;117.72;114.85;92.8;109.76;107.57;;113.26;107.74;109.85;109.69;118.31;117.13;120.18;121.44;115.64;117.83;113.58;104.94;113.81;110.26;107.02;117.3;110.2;124
O3;uur;µg/m³;2023-06-11T11:00:00+01:00;2023-06-11T12:00:00+01:00;106.5;94.1;107.8;89.1;;104.18;115.86;105.71;109.7;119.44;127.34;116.42;127.32;119.23;127.41;139.33;120.74;125.65;121.22;122.93;125.79;129.66;124.65;100;119.89;116.6;;121.27;109.81;116.29;116.22;123.16;127.75;125.71;126.95;124.76;123.53;119.08;112.85;124.85;117.59;115.53;122.3;119.1;131.6
O3;uur;µg/m³;2023-06-11T12:00:00+01:00;2023-06-11T13:00:00+01:00;104.3;106.6;119.1;99.7;;110.19;120.75;111.51;115.18;120.94;129.86;120.21;130;119.94;136.98;139.14;126.21;130.47;123.57;124.19;131.77;132.44;139.86;103.87;128.38;118.65;;123.94;112.18;120.62;114.69;125.14;127.32;129.22;141.29;129.18;130.38;125.58;113.97;131.33;124.91;127.88;126.9;124.5;132.4
O3;uur;µg/m³;2023-06-11T13:00:00+01:00;2023-06-11T14:00:00+01:00;106.9;101.4;122.2;106.1;;116.39;126.88;113.92;117.15;120.87;127.62;114.97;131.91;118.57;138.87;135.39;128.93;127.73;124.29;124.95;133.26;137.95;137.1;106.99;128.76;119.36;;127.25;121.03;126.54;115.98;135.13;128.2;131.58;145.1;131.26;131.65;131.27;119.98;131.43;130.19;132.96;125.9;120.9;132.3
O3;uur;µg/m³;2023-06-11T14:00:00+01:00;2023-06-11T15:00:00+01:00;111.9;99.9;123.1;108;;122.54;131.78;121.83;128.38;121.88;121.82;122.68;130.5;121.03;139.28;133.96;128.79;125.07;125.02;129.86;136.24;137.68;136.91;106.4;129.09;116.98;;128.38;122.04;126.23;123.88;134.4;133.19;132.19;;135.54;131.9;133.14;127.57;132.03;131.14;135.17;134.8;121.7;141.5
O3;uur;µg/m³;2023-06-11T15:00:00+01:00;2023-06-11T16:00:00+01:00;117.2;100.6;124.4;109.2;;127.69;136.2;133.05;138.36;123.83;111.82;123.8;129.34;124.66;132.57;133.81;131.6;130.54;131.89;134.93;142.64;141.16;138.59;102.03;131.45;130.22;;129.26;123.74;126.52;125.61;136.62;132.2;133.82;;141.51;133.25;133.64;130.62;132.98;132.55;135.31;140.6;125;142.9
O3;uur;µg/m³;2023-06-11T16:00:00+01:00;2023-06-11T17:00:00+01:00;119.3;108.7;131.5;112.5;;133.98;137.56;138.16;139.95;127.63;122.22;134.42;130.69;131.01;127.57;144.48;130.68;137.28;125.71;131.28;142;141.38;142.39;107.93;133.77;125.9;;129.15;127.85;132.81;127.69;140.66;134.78;133.37;;145.93;134.63;132.12;130.62;134.5;134.56;134.77;132.5;115.3;141.8
O3;uur;µg/m³;2023-06-11T17:00:00+01:00;2023-06-11T18:00:00+01:00;115.3;106.8;126.7;116.1;;133.75;139.46;137.17;137.45;135.11;121.62;135.2;133.77;140.28;125;146.94;133.99;132.35;126.6;140.63;141.25;145.64;133.94;109.82;133.07;126.92;;127.58;132.65;131.32;127.53;147.19;137.87;133.57;;143.65;135.49;127.99;127.86;133.52;135.13;133.49;138.6;116;147.3
O3;uur;µg/m³;2023-06-11T18:00:00+01:00;2023-06-11T19:00:00+01:00;122.5;115.1;131.1;119.4;;127.64;135.73;135.02;135.28;139.23;117.8;133.4;136.44;143.01;120.39;133.73;131.57;133.57;128.33;136.41;143.76;144.16;131.96;107.75;127.89;133.75;;122.99;136.35;136.33;125.57;150.35;137.3;130.67;;140.39;133.32;118.68;122.84;128.09;127.01;131.88;139.5;117.2;148.4
O3;uur;µg/m³;2023-06-11T19:00:00+01:00;2023-06-11T20:00:00+01:00;124.9;106.5;122.7;122.5;;112.79;123.29;130.26;126.7;135.28;115.17;130.77;138.95;138.66;113.31;116.14;128.59;127.54;127.89;130.52;135;140.05;133.16;106.36;117.02;120.65;;108.87;130.44;130.12;116.77;147.38;132.93;126.13;;126.27;127.21;106.5;111.35;122.25;116.71;111.34;132.3;116;142.2
O3;uur;µg/m³;2023-06-11T20:00:00+01:00;2023-06-11T21:00:00+01:00;116.4;92.9;115.9;114.6;;94.73;112.63;114.62;112.58;126.2;112.29;122.13;133.24;127.4;107.95;109.36;119.33;109.8;104.89;122.08;126.03;126.07;110.47;82.21;109.52;111;;112.67;121.43;117.64;110.06;133.42;128.72;120.31;;115.97;120.89;97.3;95.45;111.03;106.73;107.39;123.8;104.7;128.4
O3;uur;µg/m³;2023-06-11T21:00:00+01:00;2023-06-11T22:00:00+01:00;102.1;84.6;107;96.9;;81.78;95.08;59.1;92.67;98.69;106.9;106.12;122.01;114.06;99.83;107.7;111.52;109.96;102.53;112.27;120.05;115.71;87.04;79.46;106.27;99.87;;108.79;109.02;109.91;111.14;120.38;115.27;115.51;120.63;105.52;114.44;101.01;94.8;102.68;100.6;107.61;117.2;98.2;119.9
O3;uur;µg/m³;2023-06-11T22:00:00+01:00;2023-06-11T23:00:00+01:00;102.4;99.2;110.9;85.9;;80.59;80.87;41.63;93.7;98.55;99.62;96.11;;103;110.52;79.47;111.01;111.19;100.48;110.85;116.43;114.49;109.29;80;101.04;104.66;;102.41;104.92;105.41;106.6;112.85;102.99;110.9;116.27;100.55;107.14;95.67;94.67;94.87;89.6;98.46;113.9;96.2;118.7
O3;uur;µg/m³;2023-06-11T23:00:00+01:00;2023-06-12T00:00:00+01:00;104.2;96.5;105.3;102.6;;71.14;64.31;29.26;87.47;90.26;88.33;90.73;;93.83;97.03;65.9;103.12;106.11;101.27;102.64;110.44;110.79;112.01;88.46;96.97;106.41;;97.11;103.01;106;103;112.24;98.44;108.41;114.3;97.38;104.45;91.75;86.49;93.12;82.06;87.48;112.6;97.7;112.7
O3;uur;µg/m³;2023-06-12T00:00:00+01:00;2023-06-12T01:00:00+01:00;94.9;92.2;100.7;92.7;;59.22;51.11;34.28;71.98;81.14;81.91;83.43;95.9;83.27;83.81;40.17;99.3;99.78;93.8;98.55;105.67;103.62;100.4;90.28;93.56;107.14;;97.34;101.99;106.19;97.26;111.08;99.4;104.4;110.03;97.21;100.6;92.5;75.92;82.2;71.19;74.49;111.1;94.9;112.9
O3;uur;µg/m³;2023-06-12T01:00:00+01:00;2023-06-12T02:00:00+01:00;88.9;82.2;89.3;95.1;;59.13;38.96;32.9;77.23;73.08;67.38;77.05;88.04;78.7;71.68;30.97;94.14;86.04;85.33;89.64;103.2;101.19;91.25;89.42;94.55;105.1;;93.86;100.4;102.4;101.76;108.67;97.27;97.28;104.97;92.54;97.48;87.52;84.22;69.52;61.71;68.84;107.3;95.9;112.1
O3;uur;µg/m³;2023-06-12T02:00:00+01:00;2023-06-12T03:00:00+01:00;82.4;80.2;84.5;77.5;;41.47;20.12;31.89;92.39;65.6;64.73;72.18;83.58;73.3;69.35;35;88.82;84.96;76.54;81.82;98.97;95.12;68.58;86.14;84.29;102.25;;85.77;97.48;95.73;92.94;105.28;93.72;88.69;97.39;88.75;88.65;72.55;77.77;56.58;59.6;58.18;104;94.7;108.5
O3;uur;µg/m³;2023-06-12T03:00:00+01:00;2023-06-12T04:00:00+01:00;77.7;71.9;79.8;67.6;;50.02;17.3;29.01;83.11;59.77;59.13;66.76;76.7;77.25;59.89;28.04;84.42;77.21;73.85;71.67;95.3;87.61;71.24;71.64;79.75;96.89;;76.78;92.39;89.04;90.94;99.45;85.88;85.29;91.83;86.75;74.01;66.63;68.91;49.84;52.59;60.06;99.1;94;105.5
O3;uur;µg/m³;2023-06-12T04:00:00+01:00;2023-06-12T05:00:00+01:00;67.6;61.7;77.4;61.7;;58.63;21.18;27.28;80.2;55.19;57.43;58.35;67.86;77.12;59.29;25.56;80.44;75.09;60.88;70.16;91.1;82.59;54.66;46.28;75.48;89.7;;69.6;87.94;90.36;89.17;94.09;82.42;77.34;56.76;77.1;64.7;61.77;63.92;33.81;49.84;51.6;93.8;81.8;99.3
O3;uur;µg/m³;2023-06-12T05:00:00+01:00;2023-06-12T06:00:00+01:00;47.3;45.1;65.4;54.4;;47.58;30.95;15.53;73.49;43.92;50.24;53.54;66.42;67.8;57.59;18.59;69.23;64.94;55.69;68.35;86.68;72;52.99;24.53;68.01;66.71;;72.19;79.98;80.83;83.39;88.49;73.43;68.39;25.5;75.38;64.97;54.88;60.33;38.65;49.04;42.81;83.1;68.4;93.7
O3;uur;µg/m³;2023-06-12T06:00:00+01:00;2023-06-12T07:00:00+01:00;41.3;52.1;53.7;47.5;;68.39;56.03;46.03;79.59;56.83;55.12;61.04;66.5;66.46;53.87;17.99;66.19;64.16;61.95;63.25;84.72;65.39;59.94;30.14;68.27;44.77;;64.19;74.02;67.18;78.64;85.52;81.68;69;73.06;69.89;65.69;56.66;58.64;42.49;50.62;44.9;77.6;65;84.9
O3;uur;µg/m³;2023-06-12T07:00:00+01:00;2023-06-12T08:00:00+01:00;50.2;57.3;65.4;48.2;;84.88;69;72.57;85.62;72.15;74.06;72.19;78.51;77.82;70.89;61.33;72.1;61.12;74.81;75.75;88.76;78.26;56.73;43.99;71.05;51.82;;;84.17;76.58;82.86;92.39;87.81;80.32;95.59;76.77;70.97;62.5;62.5;54.15;55.52;48.03;86.3;57.6;84.5
O3;uur;µg/m³;2023-06-12T08:00:00+01:00;2023-06-12T09:00:00+01:00;71.9;67.7;78.3;69.3;;95.87;87.29;91.07;89.32;91.11;93.35;89.64;99.61;96.3;83.86;80.41;89.35;71.13;89.94;80.29;101.52;93.61;80.73;65.95;77.16;76.45;;;100.05;34.44;93.31;111.58;101.09;99.28;108.97;87.32;89.25;69.19;74.41;63.68;64.85;62.4;90.2;65;96.2
O3;uur;µg/m³;2023-06-12T09:00:00+01:00;2023-06-12T10:00:00+01:00;99.4;79.7;97.9;101.1;;100.96;103.62;102.96;106.98;106.45;119.77;107.72;107.92;114.55;102.79;104.94;110.42;97.92;104.47;105.63;122.89;119.14;114.13;85.03;88.56;90.9;;;115.02;52.5;106.45;126.37;115.59;115.59;122.6;106.35;111.16;93.37;88.04;78.55;78.17;75;90.4;85.5;109.8
O3;uur;µg/m³;2023-06-12T10:00:00+01:00;2023-06-12T11:00:00+01:00;116.6;102.5;113.7;125.7;;99.96;116.96;121.12;116.62;124.76;130.49;120.5;131.03;127.12;120.21;130.35;128.19;118.39;119.59;122.91;133.14;133.33;129.12;103.73;105.2;104.35;;;121.44;57.77;122.27;128.45;129.44;123.44;130.89;123.7;124.06;115.51;93.06;97.39;90.22;86.29;103.8;102;119.7
O3;uur;µg/m³;2023-06-12T11:00:00+01:00;2023-06-12T12:00:00+01:00;117.8;105.7;118.9;133.4;;104.11;130.53;126.42;127.32;132.14;136.99;128.78;139.74;139.07;133.45;143.24;135.91;125.93;129.55;133.18;136.62;140.65;137.14;108.54;110.17;110.33;;;124.19;120.56;124.86;130.43;132.89;128.88;136.31;129.46;130.96;129.17;111.09;123.98;105.15;102.61;126.3;120;132.4
O3;uur;µg/m³;2023-06-12T12:00:00+01:00;2023-06-12T13:00:00+01:00;111.4;108.9;120.4;137.4;;130.89;144.97;141.19;138.32;142.14;143.04;141.23;141.71;147.21;139.46;152.69;137.11;131.59;133.87;135.57;142.13;143.72;137.99;108.42;117.43;120;136.35;;128.81;132.52;126.14;134.56;133.58;128.25;140.59;131.6;131.57;133.96;118.81;129.71;121.1;119.5;135.6;131.8;138.8
O3;uur;µg/m³;2023-06-12T13:00:00+01:00;2023-06-12T14:00:00+01:00;113.5;104.9;129.4;143.1;;137.99;149.85;137.12;135.39;152.22;144.41;145.34;144.93;149.52;138.58;152.48;140.83;132.84;133.45;137.43;146.66;144.82;136.34;107.79;120.04;122.02;140.22;;131.35;133.15;130.04;141.16;137.86;129.84;136.55;138.39;131.53;135.1;127.89;129.79;124.51;131.21;136.7;130.9;140.7
O3;uur;µg/m³;2023-06-12T14:00:00+01:00;2023-06-12T15:00:00+01:00;117.9;115;130;146.2;;135.14;145.82;134.53;136.7;162.36;143.23;144.28;147.01;149.31;142.46;157.81;140.62;137.86;138.07;143.48;149.48;147.5;142.48;114.28;118.18;124.13;143.51;136.55;132.28;136.49;135.3;144.87;142.1;131.51;140.22;147.25;133.15;133.16;133.4;130.8;130.96;141.25;136.4;131.3;140.6
O3;uur;µg/m³;2023-06-12T15:00:00+01:00;2023-06-12T16:00:00+01:00;125.2;118.4;132.8;145.4;;139.91;145.12;136.47;139.05;159.72;147.42;144.21;153.5;158.64;143.57;156.49;142.33;140.51;138.92;147.26;150.77;149.21;141.04;110.86;110.57;133.01;138.64;138.54;127.75;133.2;137.06;144.47;142.92;132.63;141.8;153.33;135.28;130.43;135.74;128.94;145.62;139.24;138.8;133.6;145.7
O3;uur;µg/m³;2023-06-12T16:00:00+01:00;2023-06-12T17:00:00+01:00;129.1;128.3;131.2;146.7;;142.91;143.19;;141.03;156.49;154.53;138.83;171.7;155.49;147.12;150.85;137.11;143.92;140.41;148.95;146.32;152.51;141.11;124.2;111.6;136.54;135.34;141.39;133.96;134.16;137.19;145.83;142.57;133.07;141.57;152.24;134.14;131.15;113.62;126.88;139.21;131.06;138.2;136.2;147.1
O3;uur;µg/m³;2023-06-12T17:00:00+01:00;2023-06-12T18:00:00+01:00;135.7;133;135.3;142.6;;138.59;144.18;;143.29;155.06;164.04;144.69;170.49;154.42;135.04;147.79;129.96;144.74;141.76;145.8;127.4;150.64;143.72;133.76;114.72;133.79;132.88;138.96;136.53;139.99;133.17;146.41;138.42;132.18;138.36;135.82;132.48;127.85;114.49;131.47;129.61;126.46;132.3;124.4;137.1
O3;uur;µg/m³;2023-06-12T18:00:00+01:00;2023-06-12T19:00:00+01:00;134.6;132.6;136.1;129.6;;124.54;138.17;;144.15;148.09;159.83;141.9;169.74;145.63;123.81;149.23;125.08;144.58;139.95;139.32;118.27;137.09;139.89;126.84;118.11;119.78;134.87;130.89;126.69;133.53;119.25;136.73;130.57;130.08;135.44;129.53;130.6;118.42;117.86;129.01;121.28;124.27;124.3;114.6;125.4
O3;uur;µg/m³;2023-06-12T19:00:00+01:00;2023-06-12T20:00:00+01:00;128.6;126.6;128;118.9;;119.36;127.79;;131.01;139.41;135.18;135.65;156.17;141.55;114.15;123.1;114.07;136.21;130.5;125.74;130.06;125.87;118.23;111.17;121.32;120.63;130.35;122.39;116.16;124.88;116.06;129.65;114.52;125.47;134.24;118.87;126.55;108.93;113.83;118.41;115.54;115.29;123.4;122.7;132
O3;uur;µg/m³;2023-06-12T20:00:00+01:00;2023-06-12T21:00:00+01:00;108.9;112;105.9;101.2;;113.1;109.21;;115.13;126.49;120.77;125.5;140.38;133.26;107.58;103.08;112.93;123.44;116.58;110.06;127.64;115.87;112.43;104.24;108.33;118.18;117.36;115.4;118.5;117.31;103.15;127.22;95.71;117.77;126.22;111.18;116.75;107.01;99.71;108.44;104.74;102.85;113.5;115;125
O3;uur;µg/m³;2023-06-12T21:00:00+01:00;2023-06-12T22:00:00+01:00;91.8;104.9;97.4;90.8;;102.84;89.65;;73.21;111.73;105.57;115.04;123.27;119.73;96.89;77.52;100.43;112.04;94.29;91.17;120.44;113.65;96.89;81.54;91.2;99.15;109.75;98.18;113.2;114.96;82.86;118.87;100.27;110.11;114.88;104.43;109.43;105.26;101.43;100.39;94.75;91.83;103.4;96.8;111
O3;uur;µg/m³;2023-06-12T22:00:00+01:00;2023-06-12T23:00:00+01:00;82.5;87.4;98.6;84.8;;90.88;95.82;;76.25;102.35;106.91;106.31;113.75;108.72;84.37;93.01;97.34;106.21;75.48;91.65;96.39;104.72;93.57;76.9;74.77;75.59;110;91.41;108.54;110.63;103.5;117.03;108.13;110.41;110.99;97.83;106.67;99.18;97.94;83.26;79.18;85.17;111;97.9;117
O3;uur;µg/m³;2023-06-12T23:00:00+01:00;2023-06-13T00:00:00+01:00;98;90.6;103.5;77.7;;77.77;94.77;;75.75;96.61;98.86;97.98;107.42;100.92;78.56;83.13;104.32;100.16;74.68;97.15;110.24;106.31;108.82;87.74;70.44;98.15;103.81;90.77;106.18;109.58;106.06;113.96;104.92;107.77;102.69;94.39;103.1;98.23;92.52;79.99;82.75;84.39;110.2;97.6;116
O3;uur;µg/m³;2023-06-13T00:00:00+01:00;2023-06-13T01:00:00+01:00;98.8;89.9;99.5;89.7;;67.96;81.5;;82.05;93.75;90.19;93.49;103.03;94.88;81.16;82.58;102.26;99.34;91.61;95.24;111.52;105.61;106.59;93.92;67.81;100.88;101.38;88.05;105.26;110.03;103.27;113.1;102.74;103.26;103.98;95.96;99.61;93.46;83.91;80.75;75.21;82.78;106.7;100.1;117.9
O3;uur;µg/m³;2023-06-13T01:00:00+01:00;2023-06-13T02:00:00+01:00;96.8;91.1;98.1;93.3;;66.33;66.22;;85.63;88.52;81.11;88.27;100.63;90.32;86.22;83.26;103.91;98.52;85.68;97.01;114.74;104.73;105.21;91.72;82.76;104.17;85.31;88.48;102.77;108.91;105.91;109.14;102.53;92.04;90.71;97.31;96.32;93.23;74.48;79.12;70.51;72.62;98.1;98;112.3
O3;uur;µg/m³;2023-06-13T02:00:00+01:00;2023-06-13T03:00:00+01:00;94.9;89.4;96;93.7;;;;;;;;;;;;;;;;;;;;;;;;;;;;;;;;;;;;;;;98.3;99.2;99.9
O3;uur;µg/m³;2023-06-13T03:00:00+01:00;2023-06-13T04:00:00+01:00;86.6;85.2;89.4;92.6;;70.03;46.07;;79.09;76.78;69.14;76.19;86.66;;70.79;63.76;102.45;92.21;56.26;84.11;100.01;94.8;88.1;85.05;84.4;76.05;70.67;81.87;92.28;99.59;93.27;97.71;92.56;92.07;51.83;84.74;81.75;81.07;85.31;56.92;66.01;67.91;97.7;98.2;102.1
O3;uur;µg/m³;2023-06-13T04:00:00+01:00;2023-06-13T05:00:00+01:00;76.5;68.9;79.6;86.3;;69.59;40.51;;81.18;74.1;70.5;72.51;79.93;81.56;63.07;59.03;96.54;84.83;52.46;78.67;97.75;90.87;63.32;60.23;85.99;79.21;71.17;71.89;83.38;93.21;88.34;89.74;85.17;90.16;73.93;76.03;79.88;76.88;76.96;30.26;68.62;68.16;86.4;84.8;92.1
O3;uur;µg/m³;2023-06-13T05:00:00+01:00;2023-06-13T06:00:00+01:00;73;64.2;62.9;72.2;;71.15;49.77;;79.72;70.92;58.97;73.26;81.51;81.67;61.49;49.85;90.83;78.5;51.23;70.52;90.84;85.36;58.63;45.12;84.32;55.77;67.43;73.21;81.14;83.39;87.05;85.99;71.52;85.83;87.18;79.13;79.39;70.99;68.77;54.46;70.76;60.66;77.8;69.3;80.1
O3;uur;µg/m³;2023-06-13T06:00:00+01:00;2023-06-13T07:00:00+01:00;68.6;60.2;74.2;64.3;;77.04;73.39;;81.74;80.4;70.41;82.73;85.93;81.47;76.15;54.55;87.57;80.87;63.18;70.74;81.44;83.63;71.48;54.98;84.27;32.92;73.1;81.11;80.13;83.99;83.95;87.15;80.9;86.77;92.11;73.95;79.19;71.76;74.84;60.57;72.8;59.75;76.6;65.1;83.1
O3;uur;µg/m³;2023-06-13T07:00:00+01:00;2023-06-13T08:00:00+01:00;74.4;65.7;76.6;65;;83.4;83.05;;80.32;87.98;89.96;85.77;91.67;90.37;88.91;69.44;94.3;81.37;76.77;89.09;88.89;90.39;84.43;64.16;80.71;55.8;81.91;85.35;86.94;87.23;93.15;92.99;94.68;89.93;97.21;82.47;86.28;74.8;77.69;70.03;77.84;73.23;79.8;63.4;96.5
O3;uur;µg/m³;2023-06-13T08:00:00+01:00;2023-06-13T09:00:00+01:00;88.5;81.3;87.1;90.7;;98.14;93.33;;88.83;98.99;100.81;93.8;104.4;98.65;94.4;90.13;101.8;94.12;87.55;101.31;111.17;100.66;98.04;68.93;86.39;77.22;87.81;96.13;102.8;101.22;99.78;110.02;103.93;101.85;109.82;100.03;96.54;79.78;78.66;83.68;85.87;85.34;91.3;76.7;105.8
O3;uur;µg/m³;2023-06-13T09:00:00+01:00;2023-06-13T10:00:00+01:00;105.1;93.3;102.3;106.8;;108.83;99.76;;99.31;110.53;117.74;104.06;116.24;110.95;110.3;113.82;114.43;112.28;111.98;117.03;125.71;120.48;116.83;90.42;87.37;90.03;96.88;113.78;112.32;117.17;113.15;121.03;115.85;117.25;120.03;112.53;104.8;89.72;93.33;94.27;89.8;97.4;94.7;91.9;103.6
O3;uur;µg/m³;2023-06-13T10:00:00+01:00;2023-06-13T11:00:00+01:00;112.3;104.6;114.3;122.2;;118.96;113.51;;114.61;123.76;127.38;115.08;128.89;120.76;120.95;125.14;127.3;120.9;120.68;124.41;131.38;131.31;127.13;105.03;101.54;95.14;111.35;124.2;117.58;122.84;123.76;126.63;123.47;123.14;126.57;120.07;115.31;104.74;105.09;104.36;75.71;100.41;104;99.6;109.2
O3;uur;µg/m³;2023-06-13T11:00:00+01:00;2023-06-13T12:00:00+01:00;116.7;106.6;116.4;124.4;;123.3;127.08;122.58;125.79;135.1;137.4;123.8;137.45;131.24;126.92;129.99;132.67;123.34;128;133.88;134.31;136.2;127.49;104.73;108.22;98.73;124.86;127.75;122.8;126.36;128;130.56;127.97;128.29;132.13;126.73;126.31;119.01;111.99;114.49;86.06;99.49;114.9;109.6;116.8
O3;uur;µg/m³;2023-06-13T12:00:00+01:00;2023-06-13T13:00:00+01:00;115.5;109.9;120.8;127.6;;127.93;133.33;132.84;139.05;139.57;145.65;131.71;144.1;137.98;135.44;142.25;134.58;128.68;136.34;140.31;138.78;138.8;135.22;112.18;113.73;111.42;128.58;131.5;126.18;126.1;129.94;135.1;131.24;133.22;138.82;128.13;131.27;121.79;115.88;119.5;90.11;97.41;124.2;121.3;129.6
O3;uur;µg/m³;2023-06-13T13:00:00+01:00;2023-06-13T14:00:00+01:00;120.8;114.2;127.1;134.5;;134.33;130.17;135.11;137.51;147.49;153.71;142.13;147.13;148.14;146.08;144.17;137.89;134.01;142.3;140.42;142.48;142.18;139.95;110.33;111.54;111.27;131.91;134.61;132.07;128.26;129.8;140.76;133.61;135.47;143.96;129.98;134.78;122.99;109.76;121.88;93.8;99.49;129.3;125.9;132.8
O3;uur;µg/m³;2023-06-13T14:00:00+01:00;2023-06-13T15:00:00+01:00;120.1;104.9;127.8;141;;141.63;133.9;138.94;141.77;151.36;150.06;132.58;151.85;149.71;157.65;153.76;139.85;132.84;140.02;144.1;142.44;145.61;138.53;111.34;100.39;114.13;135.69;131.47;134.92;137.26;129.13;143.32;137.32;138.1;145.49;135.63;136.4;126.64;106.73;121.07;97.34;102.21;128.6;122.8;132.7
O3;uur;µg/m³;2023-06-13T15:00:00+01:00;2023-06-13T16:00:00+01:00;126.7;109.2;131.8;142.8;;145.49;134.82;143.67;145.28;143.21;152.63;134.1;144.6;146.99;153.31;162.87;140.87;136.21;139.93;147.48;143.35;145.63;143.76;110.18;98.66;122.35;138.39;132.63;135.55;142.37;126.5;144.57;143.81;140.63;147.48;135.25;137.71;130.25;105.28;118.52;102.11;106.46;125.3;124.1;133.2
O3;uur;µg/m³;2023-06-13T16:00:00+01:00;2023-06-13T17:00:00+01:00;129.2;125.7;130.3;141.7;;147.13;137.91;146.07;146.66;142.42;157.22;135.57;148.35;148.25;147.95;167.25;141.27;137.35;142.15;150.02;136.4;146.53;140.18;112.14;98.98;114.74;140.83;127.71;137.55;143.9;119.71;145.91;147.92;143.56;148.56;136.9;140.35;128.86;106.39;119.11;103.47;109.83;111.1;111.5;122.8
O3;uur;µg/m³;2023-06-13T17:00:00+01:00;2023-06-13T18:00:00+01:00;129.5;128.7;132.8;147.1;;147.12;136.93;146.34;146.78;145.76;150.32;137.08;149.93;148.03;145.83;154.37;126.56;137.3;139.02;150.58;127.6;143.04;138.88;118.48;103.2;110.28;141.22;119.2;132.08;142.45;112.5;140.08;125.56;142.48;148.81;139.43;140.77;120.89;107.15;120.16;107.71;113.84;110.9;108.9;117
O3;uur;µg/m³;2023-06-13T18:00:00+01:00;2023-06-13T19:00:00+01:00;123.6;118.5;120;135.3;;141.98;133.35;146.19;148.72;141.88;143.33;134.67;148.06;145.9;144.71;135.15;108.59;123.46;127.35;120.98;120.85;126.08;126.85;108.61;100.32;104.32;129.51;113.43;114.5;122.26;109.63;122.01;111.83;141.15;146.57;137.47;137.63;117.55;103.02;119.83;104;108.24;108.9;104.3;114.8
O3;uur;µg/m³;2023-06-13T19:00:00+01:00;2023-06-13T20:00:00+01:00;111.6;108.3;106.9;111.2;;131.62;127.6;139.45;139.93;133.58;135.76;129.39;146;141.85;119.35;124.83;109.39;108.51;112.87;112.32;113.28;114.96;115.27;96.83;98.91;99.39;115.39;110.2;109.64;114.2;104.92;116.01;108.13;136.26;141.4;132.62;122.07;114.85;101.06;110.48;100.59;104.3;107.1;103.9;111.8
O3;uur;µg/m³;2023-06-13T20:00:00+01:00;2023-06-13T21:00:00+01:00;101.3;104.4;98.7;95.8;;109.34;94.94;126.73;126.31;107.57;110.24;125.57;130.3;133.95;107.19;112.28;103.81;102.46;104.49;101.87;107.07;106.92;105.8;87.06;97.21;92.3;106.54;106.21;109.01;115.93;101.95;115.3;98.94;128.75;124.36;125.18;117.81;111.73;89.29;102.45;91.39;95.22;103.9;98.1;104.9
O3;uur;µg/m³;2023-06-13T21:00:00+01:00;2023-06-13T22:00:00+01:00;97.6;96;95.2;95;;89.07;73.89;98.18;116.43;100.01;91.93;115.42;96.21;124.33;96.27;102.19;100.51;102.37;97.28;93.72;102.83;102.29;98.07;85.05;91.29;88.77;101.89;101.03;107.54;112.19;97.22;113.68;97.03;122.47;116.67;96.81;114.42;101.57;77.32;87;80.25;86.63;101.6;94.7;101.3
O3;uur;µg/m³;2023-06-13T22:00:00+01:00;2023-06-13T23:00:00+01:00;92.3;95.8;94.1;95.9;;88.83;82.95;59.56;107.5;97.43;80.88;110.6;88.3;124.05;86.49;92.87;97.8;101.08;96.06;95.07;99;101.68;100.09;81.11;88.65;83.16;87.05;94.8;99.58;109.38;89.84;107.33;95.39;116.58;111.46;95.93;103.59;93.28;76.07;80.39;74.57;79.4;93.4;89.4;96.7
O3;uur;µg/m³;2023-06-13T23:00:00+01:00;2023-06-14T00:00:00+01:00;90.9;94.5;91.6;96.3;;97.4;86.68;50.36;95.87;93.54;67.25;109.75;101.55;121.94;81.23;87.11;97.44;99.17;90.58;94.97;91.57;98.39;97.99;84.96;81.29;77.33;80.69;92.12;97.18;105.46;89.12;104.01;91.41;111.41;106.27;99.24;91.24;87.08;72.87;66.77;70.14;75.53;92.1;80.9;91.8
O3;uur;µg/m³;2023-06-14T00:00:00+01:00;2023-06-14T01:00:00+01:00;87.2;88.1;91.2;95.8;;86.17;67.2;46.89;88.39;88.81;71.62;97.63;98.77;113.23;84.93;74.21;93.81;96.86;88.51;96.48;84.4;96.64;97.84;88.31;77.51;70.43;76.85;;93.34;100.38;81.39;99.39;90.69;93.16;98.1;99.74;83.13;80.96;66.08;56.65;66.68;71.02;85.3;82.2;88.7
O3;uur;µg/m³;2023-06-14T01:00:00+01:00;2023-06-14T02:00:00+01:00;86.4;87.5;87;88.1;;73.89;65.29;42.21;72.12;85.33;80.16;89.43;96.78;99.71;87.16;64.69;88.67;93.39;78.55;98.11;74.92;91.51;90.07;85.4;74.63;68.14;70.42;;85.57;93.7;83.12;90.61;89.37;83.59;87.83;91.57;76.45;75.56;62.62;50.89;64.11;67.77;79.8;77.2;81.8
O3;uur;µg/m³;2023-06-14T02:00:00+01:00;2023-06-14T03:00:00+01:00;77.5;82.5;81.6;79.6;;54.36;58.44;35.48;70.13;82.83;75.88;90.43;94.08;96.47;82.77;36.72;87.44;91.18;72.28;91.17;73.92;85.6;81.74;82.06;71.08;60.12;60.66;;78.01;85.44;81.29;83.24;82.36;77.79;78.21;83.03;71.28;70.94;60.62;56.37;61.14;64.06;73.3;74.7;73.6
O3;uur;µg/m³;2023-06-14T03:00:00+01:00;2023-06-14T04:00:00+01:00;71;79.3;70.8;73.5;;42.67;59.89;33;65.68;76.04;76.97;83.9;87.03;90.71;76;85.47;83.01;86.54;62.39;82.08;70.5;78.43;68.05;71.02;68.29;61.92;60.67;;71.34;79.94;66.36;79.42;73.65;74.23;72.52;74.44;66.16;67.87;57.13;55.89;60.94;61.42;70.6;70.5;72.9
O3;uur;µg/m³;2023-06-14T04:00:00+01:00;2023-06-14T05:00:00+01:00;54.9;66.2;51.4;69.3;;47.64;42.81;26.55;66.37;69.08;73.98;74.63;79.47;83.76;65.87;83.12;79.07;79.94;49.44;71.34;71.09;73.33;36.04;48.51;67.38;53.56;56.78;;65.92;72.9;56.05;71.07;65.2;70.34;58.5;67.27;61.44;64.79;54.52;53.67;64.92;56.48;68.1;66.5;72.4
O3;uur;µg/m³;2023-06-14T05:00:00+01:00;2023-06-14T06:00:00+01:00;39.6;53.9;41.7;61.2;;48.64;49.1;28.17;62.05;59.1;65.03;65.31;73.53;75.26;58.77;76.34;75;68.76;49.21;60.98;72.41;67.31;38.19;39.71;63.67;44.48;55.84;;59.98;63.48;52.05;62.32;54.93;65.83;63.96;56.99;59.29;62.11;57.86;54.86;63.99;59.46;63;;66.3
O3;uur;µg/m³;2023-06-14T06:00:00+01:00;2023-06-14T07:00:00+01:00;42.8;49.9;43.5;55.5;;63.56;59.49;54.4;77.79;64.44;58.93;62.46;68.13;67.63;62.93;68.8;70.84;60.64;55.11;63.59;68.62;64.24;47.4;41.8;66.8;34.1;59.13;;58.68;60.61;57.6;63.17;61.87;67.42;71.34;57.06;63.9;61.18;64.76;57.38;63.42;63.54;59.2;58.4;61.1
O3;uur;µg/m³;2023-06-14T07:00:00+01:00;2023-06-14T08:00:00+01:00;51.1;50.6;55.8;55.5;;74.89;72.07;81.54;86.66;68.51;67.88;63.11;67.33;67.81;65.51;66.3;67.49;61.07;60.78;63.53;68.08;68.34;59.53;43.24;70.06;42.34;70.77;;64.47;70.32;68.88;71.51;70.61;79.07;79.06;70.49;76.1;68.32;69.45;71.82;68.64;66.85;60.6;54.7;64.3
O3;uur;µg/m³;2023-06-14T08:00:00+01:00;2023-06-14T09:00:00+01:00;50.8;58.9;64.8;64.6;75.4;82.28;85.66;89.34;88.82;82.48;78.35;81.87;76.8;80.24;67.43;71.41;73.98;67.5;68.19;71.73;73.74;77.19;72.94;52.7;78.46;51.97;83.84;;77.58;80.46;76.47;85.41;80.75;85.78;89.66;83.85;84.62;79;78.6;82.15;76.92;73.55;74.1;63.8;75.1
O3;uur;µg/m³;2023-06-14T09:00:00+01:00;2023-06-14T10:00:00+01:00;68.2;66.6;72.7;74.4;86.3;94.82;96.57;98.97;102.98;97.52;90.62;89.22;95.25;91.25;74.25;68.1;84.34;79.69;75.85;86.76;88.96;87.96;84.18;55.04;86.57;69.27;92.49;92.23;88.57;95.3;90.95;97.15;94.85;96.14;98.59;93.4;94.12;87.07;87.62;90.08;82.68;83.29;91.5;77.4;95.5
O3;uur;µg/m³;2023-06-14T10:00:00+01:00;2023-06-14T11:00:00+01:00;88.3;81.5;87.2;90.8;104.8;101.13;100.73;103.37;105.84;107.33;108.1;100.48;107.56;104.47;90.98;88.47;98.08;95.43;96.6;102.78;107.89;106.39;102.61;76.16;94.29;84.49;97.19;100.38;96.29;98.8;98.67;102.5;102.32;102.97;102.81;99.92;101.27;95.23;93.42;94.43;89.14;90.5;97.8;89.5;101.9
O3;uur;µg/m³;2023-06-14T11:00:00+01:00;2023-06-14T12:00:00+01:00;94.7;88.3;94.4;101.6;115.9;105.4;102.8;115.29;116.93;107.76;116.18;100.97;111.31;110.84;111.92;111.72;111.11;100.26;107.17;110.08;112.32;115.47;110.4;86.42;99.37;91.06;103.34;103.27;98.14;101.69;101.72;106.12;105.53;101.43;108;103.38;103.75;98.98;97.16;98.6;95.08;94.83;100.4;96.7;104.4
O3;uur;µg/m³;2023-06-14T12:00:00+01:00;2023-06-14T13:00:00+01:00;89.7;87.9;94.8;110;116.1;114;105.38;115.43;117.35;111.07;120.32;102.66;111.68;110.76;120.84;131.09;110.09;107.31;109.2;111.8;114.35;115.82;112.36;86.79;100.69;92.48;106.26;104.02;100.24;105.12;100.46;108.88;106.57;102.2;111.77;109.67;101.63;101.88;101.14;100.47;96.33;97.54;105.3;102;107.4
O3;uur;µg/m³;2023-06-14T13:00:00+01:00;2023-06-14T14:00:00+01:00;90.9;82.4;98.9;112.9;118;119.46;108.57;124.96;125.06;114.19;120.05;107.52;114.99;115.02;119.94;132.63;108.45;104.19;110.04;114.39;116.56;115.62;111.95;85.26;104.1;93.07;108.85;105.02;105.5;109.37;103.9;113.02;111.5;104.39;112.14;108.83;102.27;103.94;104.85;99.13;99.45;102.22;106.9;107.2;110.6
O3;uur;µg/m³;2023-06-14T14:00:00+01:00;2023-06-14T15:00:00+01:00;97.5;81.8;100.5;116.5;121.4;119.32;105.06;127.99;125.87;119.26;118.33;110.43;119.77;116.94;117.23;133.44;110.88;113.05;112.64;119.2;119.2;116.22;108.69;88.7;106.45;87.8;110.09;109.08;106.51;111.73;107.03;116.37;115.38;107.22;113.26;104.55;106.01;103.08;108.1;98.51;99.86;102.56;108.6;107.6;111.8
O3;uur;µg/m³;2023-06-14T15:00:00+01:00;2023-06-14T16:00:00+01:00;103.7;94.2;101.5;118.6;122;118.71;107.7;131.16;135;119.42;121.96;106.9;127.57;116.15;118.78;125.58;115.59;116.09;118.13;124.22;120.82;119.82;113.57;88.04;108.63;102.56;109.42;111.12;107.67;111.58;107.48;117.14;116.17;110.12;114.65;104.35;108.63;102.99;109.75;98.97;103.29;103.53;111.3;111.3;115
O3;uur;µg/m³;2023-06-14T16:00:00+01:00;2023-06-14T17:00:00+01:00;111.5;96.7;108.4;121.9;126.8;116.17;110.36;130.25;128.48;116.45;128.59;108.08;125.76;116.79;122.35;125.07;119.02;119.41;120.47;123.42;122.03;124.81;116.82;95.6;109.07;101.56;108.83;110.67;110.24;113.87;107.41;118.56;116.11;110.33;118.85;105.53;109.05;103.21;107.54;100.44;103.01;102.75;111;110.3;115.9
O3;uur;µg/m³;2023-06-14T17:00:00+01:00;2023-06-14T18:00:00+01:00;113.8;100.4;112.5;124.4;125;115.3;114.49;123.04;122.73;114.71;130.17;110.96;121.28;120.93;125.52;122.49;117.65;118.86;118.22;123.17;121.23;124.4;123.06;95.23;108.19;101.96;108.94;112.28;110.82;114.89;110.74;120.35;114.94;110.07;120.27;107.61;108.66;102.9;102.49;100.25;103.23;100.01;113.5;113.2;117.3
O3;uur;µg/m³;2023-06-14T18:00:00+01:00;2023-06-14T19:00:00+01:00;111.9;96.7;110.6;124.6;128.2;112.42;112.23;117;117.03;114.23;122.25;113.18;116.84;123.66;122.05;125.95;118.4;109.79;115.57;118.54;119.76;124.4;122.82;91.78;104.45;102.98;110.28;111.63;112.92;116.11;109.71;121.97;112.64;106.92;116.55;109.09;106.99;99;100.29;93.27;106.62;103.49;108.9;108.7;112.6
O3;uur;µg/m³;2023-06-14T19:00:00+01:00;2023-06-14T20:00:00+01:00;108.3;93.2;107.8;117.7;124.5;105.19;103.67;111.87;112.6;111.8;112.97;109.83;113.88;122.1;115.39;98.09;115.13;110.34;109.61;112.78;113.15;123.15;117.64;92.3;101.09;97.32;106.29;102.66;110.25;114.71;112.25;118.62;106.81;101.12;113.77;105.42;105.16;89.62;99.37;94.59;105.76;102.93;104.4;101;112.4
O3;uur;µg/m³;2023-06-14T20:00:00+01:00;2023-06-14T21:00:00+01:00;105.7;84.5;102.9;112.8;116.7;99.97;85.18;99.56;104.02;101.4;106.14;104.33;108.92;115.76;99.03;89.65;109.86;105.01;100.02;107;111.87;115.31;113.66;81.23;97.35;85.93;93.6;92.96;102.29;106.54;96.55;108.9;99.72;96.22;102.49;93.94;94.47;87.67;95.01;95.93;101.96;97.1;101.2;95.6;111.9
O3;uur;µg/m³;2023-06-14T21:00:00+01:00;2023-06-14T22:00:00+01:00;98.3;77.7;95.5;97.1;102.7;88.05;56.07;61.83;88.4;85.23;98.48;94.79;100.36;106.8;84.07;72.67;100.96;100.1;91.05;99.49;101.58;103.61;105.15;69.91;94.79;75.03;58.65;84.89;98.05;91.43;85.65;96.16;86.8;83.83;86.55;77.58;70.45;93.18;91.7;88.57;99.67;94.83;92.4;88.1;104.8
O3;uur;µg/m³;2023-06-14T22:00:00+01:00;2023-06-14T23:00:00+01:00;89.9;66.2;88.8;86.2;85;78.87;57.02;36.31;86.14;79.77;84.83;87.63;91.47;98.47;79.99;63.8;94.13;92.93;61.1;94.66;84.29;86.04;82.22;60.18;92.14;77.63;58.77;83.99;83.74;87.23;79.84;88.21;79.23;77;60.88;71.94;65.49;95.59;90.3;80.7;94.96;93.27;85;81.3;93.5
O3;uur;µg/m³;2023-06-14T23:00:00+01:00;2023-06-15T00:00:00+01:00;85.6;73.1;80.2;80.9;83.1;70.44;63.2;37.33;74.86;75.83;83.86;83.23;85.26;89.47;77.89;48.52;90.46;91.18;55.57;85.37;79.86;69.45;66.14;65.82;91.83;76.1;76.72;77.47;77.02;81.95;66.12;77.05;72.6;66.45;50.33;66.64;80.96;89.93;82.95;77.11;93.37;89.85;88.3;86.3;88.9
O3;uur;µg/m³;2023-06-15T00:00:00+01:00;2023-06-15T01:00:00+01:00;79.7;62.6;73.3;71;55.3;59.52;48.89;33.26;59.47;71.52;75.82;73.23;77.33;83.66;73.52;51.48;81.69;88.76;53.54;79.59;72.36;82.24;65.2;71.38;91.6;70.39;80.58;69.08;72.1;79.9;67.28;77.78;68.78;65.26;55.29;64.79;85.63;88.85;77.17;70.67;90.72;87.54;91.8;90.2;94.8
O3;uur;µg/m³;2023-06-15T01:00:00+01:00;2023-06-15T02:00:00+01:00;68.6;61.2;61.3;61.2;52.7;49.44;44.02;23.89;47.07;66.69;68.67;64.7;68.42;79.6;66.31;48.71;73.88;84.52;56.77;70.66;75.88;77.88;56.26;68.71;88.97;62.38;75.56;62.99;71.17;78.88;62.68;77.01;60.56;67.41;77.09;68.08;80.45;80.89;70.11;45.49;86.69;80.07;89;87.9;91
O3;uur;µg/m³;2023-06-15T02:00:00+01:00;2023-06-15T03:00:00+01:00;56.4;65.7;62.4;59.3;63.6;42.96;16.65;24.67;47.12;56.42;63.1;58.55;62;74.27;59.94;55.41;75.45;78.19;47.44;72.05;85.91;74.37;60.14;70.38;84.44;62.9;61.01;63.58;69.78;78.19;67.86;76.54;67.86;66.97;77.98;66;72.56;75.22;63.23;25.63;72.54;75.81;82.9;84.5;87
O3;uur;µg/m³;2023-06-15T03:00:00+01:00;2023-06-15T04:00:00+01:00;57.2;70.6;64.5;55.7;75.3;37.91;6.21;18.05;45.1;51.58;58.62;54.15;58.07;57.41;57.53;65.13;75.94;78;45.31;69.53;85.06;71.22;51.74;60.99;77.02;50.49;48.94;63.16;65.39;73.66;68.52;73.49;68.99;55.61;44.91;63.75;59.58;70.84;62.13;14.87;62.53;68.9;76.3;81.8;78.8
O3;uur;µg/m³;2023-06-15T04:00:00+01:00;2023-06-15T05:00:00+01:00;38.7;60.5;51.3;53.4;74.1;13.13;13.76;17.34;33.54;47.66;50.97;52.51;60.31;57.76;53.05;55.81;74.63;76.09;48.73;61.1;79.89;62.18;27.61;31.52;74.04;44.44;49.1;54.08;61.05;70.66;64.28;67.22;61.26;50.94;29.65;57.77;59.93;65.31;58.05;22.79;54.2;43.02;73.1;77.2;68.9
O3;uur;µg/m³;2023-06-15T05:00:00+01:00;2023-06-15T06:00:00+01:00;18.4;57.3;30.9;51.4;65.3;27.75;22.17;13.67;32.54;42.77;45.05;54.01;58.33;59.86;46.91;48.13;71.79;73.51;44.43;57.66;66.16;61.36;19.64;23.99;66.01;44.32;47.73;57.95;53.57;61.58;52.92;56.02;53.46;49.89;20.37;55.16;57.89;63.63;51.62;36.09;46.67;43.14;69.6;66;63.3
O3;uur;µg/m³;2023-06-15T06:00:00+01:00;2023-06-15T07:00:00+01:00;24;47.7;30.1;48.2;62.2;44.28;41.37;28.08;49.81;53.25;42.47;58.69;58.83;59.28;54.06;42.71;70.73;68.7;47.39;57.61;66.35;68.89;38.11;30.13;71.49;35.99;61.06;62.47;56.82;54.31;53.78;61.95;52.27;59.72;45.67;54.67;58.88;62.11;60.54;46.04;65.32;51.06;68.4;57.2;65.8
O3;uur;µg/m³;2023-06-15T07:00:00+01:00;2023-06-15T08:00:00+01:00;43.7;45.1;39.6;46.1;72;58.28;54.07;51.4;65.05;64.77;61.03;61.66;65.49;64.76;62.42;51.46;72.92;69.97;59.4;61.45;71.53;71.01;40.91;33.07;74.41;33.19;69.08;67.23;61.85;52.84;66.16;69.96;64.3;68.37;68.14;50.55;66.1;67.22;67.39;58.59;75.78;65.38;68.9;57.7;70.3
O3;uur;µg/m³;2023-06-15T08:00:00+01:00;2023-06-15T09:00:00+01:00;58.2;62.9;68.5;54.1;81.1;78.33;73.81;79.18;89.93;82.86;80.61;75.21;82.69;81.6;72.17;67.17;82.32;75.94;67.36;68.07;76.3;78.38;67.92;40.68;82.54;47.85;77.8;69.36;69.03;64.6;67.21;78.71;;75.37;85.92;60.92;74.88;75.48;75.84;66.62;82.36;74.61;75.9;70.2;73.4
O3;uur;µg/m³;2023-06-15T09:00:00+01:00;2023-06-15T10:00:00+01:00;79.9;67.8;81.8;69.9;99.4;89.61;93.96;96.23;97.88;95.55;99.43;95.42;102.71;96.88;89.51;93.78;97.33;88.46;81.95;84.54;89.27;99.21;91.13;58.61;91.9;65.16;90.65;82.86;84.62;88.98;79.47;91.34;;84.68;98.04;86.91;96.01;93.93;88.01;80.46;99.36;91.54;84.6;82.7;84.6
O3;uur;µg/m³;2023-06-15T10:00:00+01:00;2023-06-15T11:00:00+01:00;86.5;78.2;90.6;89.9;98.7;98.31;104.5;105.2;107.4;106.87;107.59;100.02;107.29;104.76;102.02;97.36;104.1;99.15;97.2;106.35;100.79;106.23;102.16;70.26;97.64;83.22;109.13;96.91;94.6;105.51;93.15;103.42;;105.15;109.44;100.3;109.06;105.88;106.53;91.38;104;103;93.8;91.7;99.7
O3;uur;µg/m³;2023-06-15T11:00:00+01:00;2023-06-15T12:00:00+01:00;90;82.3;93.5;98.9;98.4;105.29;108.06;109.44;111.49;111.4;112.23;;113.58;110.55;108.58;113.59;101.43;102.38;106.37;112.24;116.99;113.09;104.14;100.43;107.41;;116.73;109.79;105.13;109.56;103.98;113.52;;114.23;115.28;110.96;112.71;109.65;112.27;98.13;101.5;110.15;103.8;99;109.4
O3;uur;µg/m³;2023-06-15T12:00:00+01:00;2023-06-15T13:00:00+01:00;87.7;;98.9;104;111.3;113.85;112.46;116.02;123.47;118.8;116.26;;116.03;115.83;113.94;126.45;110.05;110.71;110.31;117.78;119.65;111.73;108.2;106.08;113.47;;118.37;112.44;106.53;110.87;111.83;114.18;115.34;116.99;118.75;114.26;116.03;112.49;114.33;104.79;103.05;110.29;112.4;103.8;116.7
O3;uur;µg/m³;2023-06-15T13:00:00+01:00;2023-06-15T14:00:00+01:00;98.8;;107.2;106.9;125.1;128.75;113.69;127.29;133.44;124.54;119.49;;122.67;122.84;122.59;128.61;123.74;113.95;116.45;122.93;124.18;127.13;111.55;122.39;112.38;;118.98;117.1;112.55;115.92;114.88;120.2;115.31;121.75;122.58;119.74;119.2;114.8;111.62;107.99;108.16;107.67;114;108.4;118.6
O3;uur;µg/m³;2023-06-15T14:00:00+01:00;2023-06-15T15:00:00+01:00;105.8;89.4;118;119.5;129.6;132.11;120.24;133.9;138.41;127.1;122.72;;129.89;123.05;135.05;129.16;120.28;120.9;119.24;120.7;124.81;128.31;121.3;120.4;110.25;;121.45;114.96;114.61;118.78;113.2;123.15;120.02;127.67;123.86;121.96;121.64;117.1;111.63;109.09;106.93;109.16;115.5;113.4;119.6
O3;uur;µg/m³;2023-06-15T15:00:00+01:00;2023-06-15T16:00:00+01:00;111.6;94;122;120.3;126.7;124.8;122.68;141.61;147.05;132.38;125.62;;132.85;126.13;130.33;141.29;119.58;124.51;121.41;124.87;113.75;124.53;124.28;118.47;109.79;103.12;117.95;116.25;114.87;119.87;116.93;122.72;118.66;129.33;124.38;123.36;123.28;118.47;110.96;109.12;107.63;110.25;117;114;123.8
O3;uur;µg/m³;2023-06-15T16:00:00+01:00;2023-06-15T17:00:00+01:00;112.3;101.1;120.6;114.9;115.2;122.02;123.02;147.46;149.8;129.68;132.51;;132.94;131.2;122.44;140.59;103.77;123.49;125.11;127.93;110.27;120.38;121.7;108.79;109.78;103.25;112.6;117.91;117.59;120.91;118.83;125.13;114.89;131.19;124.11;123.83;123.33;117.03;110.71;109.07;106.58;111.41;117.9;115.9;123.7
O3;uur;µg/m³;2023-06-15T17:00:00+01:00;2023-06-15T18:00:00+01:00;107.9;101;112.9;110.9;104.6;122.56;122.55;137.02;140.82;127.37;135.7;122.06;130.79;130.15;115.73;128.55;104.76;118.99;122.76;128.65;118.68;114.02;113.44;105.46;114.29;110.78;110.37;118.99;117.83;122.98;114.98;124.85;117.83;124.02;123.26;124.48;118.4;114;113.62;104.78;106.87;108.87;118.4;102.8;123.9
O3;uur;µg/m³;2023-06-15T18:00:00+01:00;2023-06-15T19:00:00+01:00;99.1;92.3;107.9;109.4;111.6;120.86;123.43;128.86;132.12;127.8;128.47;122.06;127.4;127.54;108.24;115.89;112.96;111.85;114.48;127.22;119.99;112.5;107.98;108.13;115.4;109.08;107.75;116.08;112.96;116.77;108.45;118.95;114.6;115.23;119.68;120.56;111.14;110.04;108.1;102.5;103.11;102.4;111.4;102.5;114.4
O3;uur;µg/m³;2023-06-15T19:00:00+01:00;2023-06-15T20:00:00+01:00;89;84.9;101;106;116.8;114.63;113.27;86.87;122.27;121.82;118.56;115.46;122.81;123.95;100.35;104.09;113.97;104.22;104.69;116.64;114.75;110.31;99.69;109.32;100.21;91.76;104.86;107.89;108.64;113.68;104.45;114.47;110.72;108.95;113.07;116.09;109.82;104.32;96.92;97.79;97.31;93.77;100.9;102.9;111.1
O3;uur;µg/m³;2023-06-15T20:00:00+01:00;2023-06-15T21:00:00+01:00;77.4;75.2;93.6;99.2;108.4;105.12;95.5;100.33;110.4;109.26;100.1;103.42;111.19;117.75;85.36;91.31;106.24;97.13;85.17;109.78;100.51;104.91;89.99;101.88;91.11;77.93;90.26;102.46;100.77;107.21;97.09;108.35;97.06;103.01;107.13;104.45;102.24;98.12;82.81;91.03;87.76;87.8;95.6;95.9;102.1
O3;uur;µg/m³;2023-06-15T21:00:00+01:00;2023-06-15T22:00:00+01:00;78.5;66;86.3;84;102.1;69.24;92.16;73.41;94.25;103.09;94.15;96.48;99.75;105.06;85.71;73.72;97.36;87.91;66.09;98.26;85.87;99.25;78.09;92.66;81.56;87.3;72.05;92.49;96.69;102.77;88.34;103.91;79.12;93.28;97.64;92.49;94.42;90.5;83.77;75.11;86.08;81.04;87.7;84.6;97.9
O3;uur;µg/m³;2023-06-15T22:00:00+01:00;2023-06-15T23:00:00+01:00;64.2;55.9;81.9;62.7;93.5;51.67;72.08;45.85;57.17;95.33;78.53;95.11;94.01;99.3;75.28;49.68;91.75;78.25;59.51;83.53;66.24;86.33;63.86;85.02;66.42;88.34;52.41;89.82;93.61;101.25;82.39;98;65.99;83.41;90.72;81.47;71.84;85.59;74.1;73.38;75.03;68.69;87.7;83.1;95.5
O3;uur;µg/m³;2023-06-15T23:00:00+01:00;2023-06-16T00:00:00+01:00;46.2;53.4;75.9;51.9;86;67.67;59.7;56.75;54.66;87.34;70.23;88.54;90.09;97.02;49.91;39.03;76.25;72.76;37.1;82.16;49.3;72.93;56.74;74.53;68.48;73.3;46.1;87.39;81.11;89.46;67.09;85.35;59.63;69.76;61.29;81.95;56.68;82;74.79;63.7;75.84;54.92;80.4;82;90.6
O3;uur;µg/m³;2023-06-16T00:00:00+01:00;2023-06-16T01:00:00+01:00;48.5;46.6;65.5;42.9;75;62;42.68;46.42;55.23;80.88;61.97;79.18;78.76;85.44;42.74;35.04;70.15;69.28;31.25;72.65;39.77;63.69;44.04;65.03;70.77;64.62;33.88;80.38;71.75;80.97;46.7;76.07;57.37;62.67;45.74;75.25;55.75;75.99;69.3;48.23;88.15;51.73;77.9;77.6;77.8
O3;uur;µg/m³;2023-06-16T01:00:00+01:00;2023-06-16T02:00:00+01:00;47.9;38.3;52.7;38.6;60.2;50.08;50.92;33.34;51.19;68.93;53.89;74.19;69.49;75.52;33.59;36.18;64.75;65.42;38.54;63.6;36.53;49.61;36.63;66.97;83.55;65.21;27.06;76.94;67.57;75.75;58.61;69.72;58.22;54.44;40.48;73.59;44.03;65.9;68.6;44.06;82.86;50.32;68.1;74.1;73.1
O3;uur;µg/m³;2023-06-16T02:00:00+01:00;2023-06-16T03:00:00+01:00;44.7;43.2;44.1;32.9;38.8;27.17;44.99;29.65;49.82;64.46;40.51;71.01;71.9;78.86;24.85;39.49;56.58;66.33;38.18;54.43;36.58;46.07;23.24;59.64;82.06;62.05;26.73;70.33;61.66;71.45;55.32;62.54;58.79;37.19;31.91;69.41;47.8;64.95;70.22;46.29;87.98;64.92;65.7;61.9;66.2
O3;uur;µg/m³;2023-06-16T03:00:00+01:00;2023-06-16T04:00:00+01:00;31;40.9;38.2;28;36.1;20.87;19.92;24.32;46.1;57.93;41.8;66.21;65.39;77.24;14.17;37.96;47.75;70.17;40.78;58.52;38.51;37.76;17.72;41.57;72.84;59.66;28.45;63.56;56.64;66.04;53.32;61.17;55.44;38.14;23.83;69.2;38.82;66.35;73.46;31.41;89.14;67.31;62.8;59.8;57.1
O3;uur;µg/m³;2023-06-16T04:00:00+01:00;2023-06-16T05:00:00+01:00;17.1;38.7;36.2;28.1;28.8;10.29;25.66;21.84;41.08;53.63;37.75;57.67;61.57;75.08;20.27;34.51;44.46;72.17;41.64;56.65;40.61;32.34;8.78;19.66;81.84;55.96;29.86;51.55;47;60.62;48.13;52.07;55.29;36.44;14.94;64.35;29.34;65.62;75.08;30.6;88.3;67.5;65.1;61.7;54.8
O3;uur;µg/m³;2023-06-16T05:00:00+01:00;2023-06-16T06:00:00+01:00;14.2;31.7;28.6;40.1;39;13.36;13.57;10.18;34.28;50.86;35.42;50.87;61.62;66.12;26.89;34.67;41.89;70.95;36.51;54.44;42.38;37.21;10.39;13.26;72.21;52.93;40.3;53.39;39.24;53.29;47.76;45.13;48.05;26.54;9.29;56.65;26.39;65.63;60.78;29.86;75.97;75.92;60.3;41.3;55
O3;uur;µg/m³;2023-06-16T06:00:00+01:00;2023-06-16T07:00:00+01:00;33.1;40.1;28.6;42;36.9;49.62;36.89;26.63;43.44;45.67;39.15;57.04;63.45;63.7;45.78;34.44;49.03;62.91;38.84;63.35;47.54;59.59;24.88;22.17;69.68;58.37;57.09;58.7;40.94;52.04;45.14;52.29;47.3;51.67;40.46;62.75;53.28;76.71;78.71;67.79;96.12;84.21;54.8;21.5;61.7
O3;uur;µg/m³;2023-06-16T07:00:00+01:00;2023-06-16T08:00:00+01:00;60.1;40.4;38.8;46;56.3;68.28;59.77;47.55;69.45;70.72;58.32;68.8;76;79.55;64.94;49.93;56.06;66.83;60.15;61.71;76.85;77.97;33.4;35.36;93.23;57.35;84.38;70.09;52.61;61.21;66.27;69.66;51.32;77.64;67.68;67.99;78.53;93.72;99.93;89.29;106.86;93.04;76.5;67.9;76.8
O3;uur;µg/m³;2023-06-16T08:00:00+01:00;2023-06-16T09:00:00+01:00;80.3;43.6;53.7;54.4;79;90.29;79.96;65.3;84.48;88.42;79.24;79.23;89.54;85.57;79.18;72.43;74.86;73.22;73.92;74.21;98.17;84.97;55.59;48.73;103.1;72.53;95.35;84.43;77.47;81.65;89.42;89.2;69.74;94.02;89.03;88.58;90.86;95.59;108.36;97.43;109.43;112.2;96.9;79.3;90.3
O3;uur;µg/m³;2023-06-16T09:00:00+01:00;2023-06-16T10:00:00+01:00;85.8;65.3;78.6;67.9;84.7;100.12;97.23;97.43;104.99;100.55;94.55;94.67;104.69;98.94;83.94;97.83;92.08;89.18;95.15;99.65;107.14;98.92;79.58;57.4;108.78;92.48;105.04;102.86;94.51;102.55;95.12;103.21;95.42;102.61;109.15;89.52;101.18;99.69;113.3;103.73;113.94;113.15;103;79.4;96.5
O3;uur;µg/m³;2023-06-16T10:00:00+01:00;2023-06-16T11:00:00+01:00;89.9;74.8;89.7;82.1;100.4;110.33;108.34;110.22;112.06;108.44;107.82;105.42;111.8;112.23;91.17;124.57;106.62;94.86;;101.89;111.07;111.9;96.59;66;113.02;90.12;111.81;108.98;100.97;108.64;;111.61;107.98;110.7;114.99;105.41;109.53;110.46;113.74;111.31;115.32;113.54;105.2;92.6;87.6
O3;uur;µg/m³;2023-06-16T11:00:00+01:00;2023-06-16T12:00:00+01:00;90.8;83;99;93.9;109.5;117.3;115.02;115.38;117.54;117.38;117.49;111;119.77;117.99;106.81;131.23;115.08;110.76;;102.39;111.31;114.41;103.47;103.45;116.1;98.86;114;112.77;104.39;109.7;;113.44;113.95;113.03;117.16;114.95;113.55;116.57;115.4;111.48;118.88;114.47;112.3;98.5;107.6
O3;uur;µg/m³;2023-06-16T12:00:00+01:00;2023-06-16T13:00:00+01:00;98.8;85.6;107.7;101.2;116.9;120.68;116.91;120.86;122.66;122.83;124.82;110.92;124.82;124.22;118.47;151.43;109.71;119.35;;118.64;115.46;119.76;111.77;112.57;115.91;104.1;120.1;118.98;106.4;114.62;;114.87;114.26;114.73;119.25;121.48;115.7;117.56;115.64;114.88;118.31;115.71;115.9;104.9;117.5
O3;uur;µg/m³;2023-06-16T13:00:00+01:00;2023-06-16T14:00:00+01:00;106.7;88;112.1;113.6;113.4;125.35;124.26;121.73;123.38;127.53;129.46;114.77;129.01;128.15;124.49;151.68;109.8;124.7;;122.22;120.22;110.85;116.07;106.69;119;102.71;119.42;126.24;110.01;116.95;;118.55;119.8;118.33;118.4;123.88;118.11;117.16;119.55;114.04;116.54;114.23;120.4;110.3;121.3
O3;uur;µg/m³;2023-06-16T14:00:00+01:00;2023-06-16T15:00:00+01:00;106.6;89.4;113.9;114.3;113;129.2;128.74;121.94;129.35;133.71;138.04;119.83;131.73;132.53;129.39;152.48;109.3;123.83;;125.66;122.71;111.42;111.66;106.17;116.48;105.78;120.42;123.97;115.77;123.34;;123.88;128.97;118.28;119.81;122.41;119.62;117.74;119.63;112.82;123.25;118.01;120.8;110.2;119.8
O3;uur;µg/m³;2023-06-16T15:00:00+01:00;2023-06-16T16:00:00+01:00;110.7;84.7;114.2;120.4;112.2;126.62;127.55;130.97;129.87;134.32;145.3;124.35;135.55;131.96;120.03;152.79;118.86;122.09;125.27;126.77;122.34;118.85;116.08;111.59;114.68;107.96;121.36;124.16;123.09;129.64;;132.07;132.52;119.23;119.22;123.63;121.31;117.3;118.18;109.64;123.74;127;121;110.2;121.7
O3;uur;µg/m³;2023-06-16T16:00:00+01:00;2023-06-16T17:00:00+01:00;116;95.9;108.1;121.7;114.7;126;125.67;134.68;134.2;134.44;147.26;125.66;139.54;134.53;113.01;148.26;117.72;121.01;125.09;139.65;123.42;119.21;117.67;112.68;109.79;107.08;114.97;124.54;122.23;128.4;;129.98;131.18;119.83;120.76;120.89;119.81;117.77;121.68;110.32;124.47;125.51;119.3;112.2;121.5
O3;uur;µg/m³;2023-06-16T17:00:00+01:00;2023-06-16T18:00:00+01:00;111.6;98;110.7;124.5;117.1;125.94;128.37;136.32;140.7;136.94;144.93;125.34;137.93;135.99;108.91;143.99;114.05;121.07;119.28;137.66;119.12;119.89;115.17;114.12;113.8;105.46;113.68;123.84;120.16;124.73;;126.64;125.38;120.2;123.88;118.27;116.88;117.67;116.6;108.84;122.95;126.93;116.3;108.2;118.6
O3;uur;µg/m³;2023-06-16T18:00:00+01:00;2023-06-16T19:00:00+01:00;108.5;100.2;108.7;122.2;117.8;126.87;129.19;126.14;140.95;134.61;136.74;120.87;140.94;135.89;108.66;134.81;114.16;118.73;117.44;130.92;118.52;119.87;111.3;111.59;112.75;107.8;112.19;118.72;116.63;121.13;;123.6;119.83;119.84;120.29;118.81;116.26;112.87;125.52;116.86;121.62;121.74;110.1;101.6;112.6
O3;uur;µg/m³;2023-06-16T19:00:00+01:00;2023-06-16T20:00:00+01:00;99.9;99.1;101.9;119.1;111.8;123.2;119.37;114.2;133.98;130.27;124.46;118.56;130.49;131.08;104.67;118.98;111.75;111.23;109.37;120.61;119.72;113.88;107.24;100.25;118.18;103.36;111.97;108.91;110.44;116.44;;116;109.9;114.46;116.65;114.07;114.72;106.52;118;114.01;115.92;114.32;103.9;99.1;105.5
O3;uur;µg/m³;2023-06-16T20:00:00+01:00;2023-06-16T21:00:00+01:00;91.5;89.9;95.3;115.5;116.1;111.38;105.02;83.36;109.79;116.96;111.87;108.86;119.79;122.73;90.51;76.31;112.21;99.02;95.27;105.33;116.02;107.49;91.61;101.36;109.56;107.57;90.85;100.18;101.08;105.51;;105.73;93.35;107.75;110.79;107.19;103.46;111.23;104.54;97.86;108.57;105.32;96.8;91.4;103.3
O3;uur;µg/m³;2023-06-16T21:00:00+01:00;2023-06-16T22:00:00+01:00;81.1;77.3;82.7;107.6;112.5;92.98;87.09;53.12;68.28;95.75;99.35;104.56;105.81;109.86;80.11;66.75;108.07;86.78;72.54;92.63;108.02;100.17;74.12;102.85;97.07;97.94;87.07;87.88;88.3;102.42;;93.64;77.93;98.88;97.98;96.66;84.27;100.1;98.55;79.06;111.59;98.3;94;78;89.9
O3;uur;µg/m³;2023-06-16T22:00:00+01:00;2023-06-16T23:00:00+01:00;67.7;63;77.2;100.5;107.3;85.94;68.16;61.17;102.24;85.72;89.85;97.2;97.25;103.27;79.7;54.35;99.85;82.94;52.08;78.01;96.48;88.09;58.72;90.76;78.19;98.77;81.67;72.73;78.85;97.55;;89.95;62.16;98.81;65.55;97.08;70.09;94.23;96.2;58.74;111.31;94.18;82.7;67.5;85.3
O3;uur;µg/m³;2023-06-16T23:00:00+01:00;2023-06-17T00:00:00+01:00;70.8;44.5;68.1;86.7;97.4;71.83;67.11;54.64;86.56;81.88;78.8;88.81;84.23;92.12;73.69;64.25;91.78;79.53;37.2;65.97;82.26;70.05;53.37;76.72;61.74;98.77;61.33;63.41;68.14;95.73;;77.11;54.37;84.21;48.48;94.24;58.98;84.91;92.01;60.66;103.25;93.62;74.4;83.8;72.7
O3;uur;µg/m³;2023-06-17T00:00:00+01:00;2023-06-17T01:00:00+01:00;64.9;21.1;54.7;66.8;100.9;54.34;55.14;40.55;50.85;67.35;73;77.79;73.04;67.94;61.5;47.85;83.52;77.11;45.95;51.53;71.53;31.02;38.96;79.56;53.98;76.13;50.57;45.01;70.66;75.44;;70.79;54.67;75.59;55.9;92.66;52.76;78.72;91.39;48.89;105.57;95.99;75.1;88.2;79.6
O3;uur;µg/m³;2023-06-17T01:00:00+01:00;2023-06-17T02:00:00+01:00;51.6;27.6;55.6;43.8;94;49.15;38.31;37.05;35.06;53.22;65.61;72.7;57.36;59.8;52.85;52.72;90.42;71.99;26.73;37.03;62.87;66.57;51.51;89.45;56.61;64.07;48.53;50.1;68.1;59.18;;73.37;38.4;71.06;49.55;87.04;46.93;74.54;78.74;46.38;106.82;95.24;78.4;35.8;59.7
O3;uur;µg/m³;2023-06-17T02:00:00+01:00;2023-06-17T03:00:00+01:00;27.5;16.2;50;47.3;91.9;;;;;;;;;;;;;;;;;;;;;;;;;;;;;;;;;;;;;;69.4;16.2;49.6
O3;uur;µg/m³;2023-06-17T03:00:00+01:00;2023-06-17T04:00:00+01:00;57.5;12.8;50.8;38.7;82.2;31.65;28.21;25.38;35.98;45.81;58.44;65.8;46.96;44.59;40.89;45.99;77.16;83.39;10.96;32.92;44.9;61.98;29.68;80.29;49.4;;37.91;36.72;49.79;27.64;;47.45;16.35;52.01;39.56;59.96;28.81;59.53;72.12;92.1;101.07;100.29;56.3;26.6;51
O3;uur;µg/m³;2023-06-17T04:00:00+01:00;2023-06-17T05:00:00+01:00;39.4;13.6;52.4;35.9;46.6;24.96;20.04;20.7;29.51;41.09;40.57;57.09;44.07;35.44;32.88;36.03;72.34;87.42;11.13;22.28;50.05;37.96;19.65;69.67;58.7;36.03;33.2;40.44;37.49;10.22;;33.43;17.67;43.88;22.64;63.91;19.7;62.58;69.38;89.44;97.05;95.38;51.1;20.6;45.8
O3;uur;µg/m³;2023-06-17T05:00:00+01:00;2023-06-17T06:00:00+01:00;28.6;9.5;55.7;29.8;49.5;17.42;17.19;24.39;31.18;25.81;32.16;60.76;40.21;29.66;26.69;49.86;75.11;87.82;14.99;25.14;46.49;56.41;19.06;81.58;50.49;32.68;39.34;32.88;26.21;23.31;;32.05;25.38;35.77;19.47;37.15;23.38;63.87;63.95;87.13;97.68;92.68;57.9;24;43.7
O3;uur;µg/m³;2023-06-17T06:00:00+01:00;2023-06-17T07:00:00+01:00;58.9;56.5;72.6;39;67.2;54.82;37.39;32.26;55.69;32.5;38.9;86.76;57.91;49.35;38.81;61.73;78.9;83.65;35.27;55.55;72.77;79.93;45.39;81.27;63.81;71.73;56.62;;45.82;62.33;;57.53;46.48;51.61;41.5;69.64;49.67;72.27;88.69;83.33;96.38;89.29;81.7;47.3;77.4
O3;uur;µg/m³;2023-06-17T07:00:00+01:00;2023-06-17T08:00:00+01:00;71.8;82.3;74.6;45;87.5;69.71;85.84;60.31;82.08;74.95;70.44;102.68;79.81;109.55;59.66;74.22;100.94;93.21;71.83;79.71;101.37;104.32;85.1;95.25;86.18;86.21;91.6;;75.47;82.06;;88.16;64.4;85.35;70.44;86.02;84.17;85.43;91.64;84.33;97.46;90.84;92.6;79.4;86.7
O3;uur;µg/m³;2023-06-17T08:00:00+01:00;2023-06-17T09:00:00+01:00;88.4;71.5;92.3;86.1;100.3;84.59;103.64;78.4;92.78;97.9;95.77;108.71;91.62;110.79;84.08;100.35;113.14;105.32;92.17;98.93;110.75;111.75;102.64;93.78;93.09;101.42;110.13;;93.16;90.41;;102.16;88.26;99.9;103.22;105.25;90.09;86.43;96.1;83.1;98.62;91.73;101.4;128.1;111.6
O3;uur;µg/m³;2023-06-17T09:00:00+01:00;2023-06-17T10:00:00+01:00;88.6;72.4;103.5;94.7;113.5;103.61;111.86;107.99;114.58;114.05;105.64;113.31;109.29;121.37;97.83;106.06;118.26;106.19;101.75;105.16;113.14;115.09;112.7;89.86;104.47;102.7;119.55;110.21;102.17;106.55;;110.93;110.79;108.9;113.58;117.72;98.2;94.12;99.31;85.5;99.32;93.22;109.2;93.9;92.6
O3;uur;µg/m³;2023-06-17T10:00:00+01:00;2023-06-17T11:00:00+01:00;95.6;92.2;114.4;111;121.4;128.91;128.39;131.88;138;132.15;120.05;124.83;130.26;138.11;112.63;131.84;117.67;120.32;115.61;117.76;120.23;125.83;119.05;111.4;116.16;109.66;127.83;;107;119.14;;116.26;117.98;117.47;129.24;125.94;102.61;99.41;102.21;89.17;98.89;95.98;117;95.9;111.5
O3;uur;µg/m³;2023-06-17T11:00:00+01:00;2023-06-17T12:00:00+01:00;105.4;105.3;121.6;113.8;120.4;138.41;138.73;147.28;150.52;139.75;132.75;137.22;140.85;146.73;118.7;144.81;118.26;134.93;129.08;134.27;117.4;134.41;131.92;119.17;116.5;115.44;128.31;;112.93;131.61;;123.12;127.73;119.58;131.89;137.82;109.53;103.6;104.63;94.72;96.9;98.04;129.5;101.8;105.3
O3;uur;µg/m³;2023-06-17T12:00:00+01:00;2023-06-17T13:00:00+01:00;117.1;105.8;131.8;110.3;119.1;138.22;140.03;149.83;149.49;147.94;146.57;136.81;151.5;152.79;129.74;156.05;118.36;140.01;136.85;141.29;122.64;135.73;142.73;120.44;118.99;115.22;129.88;;121.43;133.7;;133.34;135.45;121.08;130.78;136.9;112.84;108;105.06;100.98;94.12;88.58;134.2;113.4;117.5
O3;uur;µg/m³;2023-06-17T13:00:00+01:00;2023-06-17T14:00:00+01:00;134.2;113.2;142.4;125.3;122.4;137.09;142.59;151.65;153.83;157.83;165.65;140.55;158.58;153.78;134.48;164.43;128.28;151.59;150.81;148.28;123.79;139.2;152.21;125.53;117.08;116.26;129.85;;128.29;136.54;;139.81;137.52;121.7;131.64;136.2;116.9;108.42;108.34;107.15;89.93;85.63;135.6;122.2;132.1
O3;uur;µg/m³;2023-06-17T14:00:00+01:00;2023-06-17T15:00:00+01:00;149.7;120.1;145;131.1;121;136.15;141.05;156.71;156.92;161.94;182.62;141.76;160.98;155.86;151.77;169.51;134.15;158.37;159.95;156.13;125.53;141.63;161.43;130.9;108.3;115.55;130.83;;131.63;136.89;;143.55;140.43;122.03;133.88;137.18;118.75;109.76;107.22;110.75;90.9;88.76;135.9;124.3;139.1
O3;uur;µg/m³;2023-06-17T15:00:00+01:00;2023-06-17T16:00:00+01:00;160.6;119.9;142.9;123.7;124.3;144.8;139.64;155.49;159.59;161.79;184.76;145.55;161.77;156.11;162.63;164.45;127.19;157.31;162.79;161.55;126.35;139.76;162.31;128.4;103.37;118.47;126.48;;135.19;137.38;;146.5;138.92;119.74;137.07;139.31;116.78;111.48;106.77;111.55;87.89;87.13;133.9;122.9;139.3
O3;uur;µg/m³;2023-06-17T16:00:00+01:00;2023-06-17T17:00:00+01:00;162.2;128.1;147.9;131.1;129.4;147.12;142.62;145.05;160.13;158.78;174.94;143.57;168.34;157.7;162.29;155.41;129.75;149.54;162.89;161.97;130.59;137.74;160.08;118.54;105.01;114.24;125.29;;136.7;131.37;;148.59;138.52;118.65;145.85;131.76;115.52;111.62;107.3;106.59;88.58;83.43;126.1;118.3;133.4
O3;uur;µg/m³;2023-06-17T17:00:00+01:00;2023-06-17T18:00:00+01:00;159.4;122.2;135.9;133.9;121.7;149.01;141.61;146.16;157.08;159.18;158.72;146.16;166.3;161.35;158.96;126.27;128.06;152.3;148.68;159.56;127.29;131.51;138.73;110.83;102.29;111.98;126;;137.76;134.26;;150.55;136.58;119.54;144.42;140.25;114.02;112.4;102.91;93.21;88.43;81.69;118.4;112.6;123.3
O3;uur;µg/m³;2023-06-17T18:00:00+01:00;2023-06-17T19:00:00+01:00;156.1;112.4;132.9;120.2;120.3;144.79;139.5;119.12;152.08;148.48;145.76;147.14;159.43;156.64;153.22;126.11;120.01;145.35;136.57;150.83;120.37;127.6;116.56;92.05;103.59;99.2;118.36;;142.16;134.74;;154.44;119.5;114.25;133.34;141.89;108.57;107.9;92.1;88.65;91.19;81.63;112.5;108.2;118.3
O3;uur;µg/m³;2023-06-17T19:00:00+01:00;2023-06-17T20:00:00+01:00;142.2;111;135.1;112.2;114;120.49;118.1;103.39;133.51;136.47;135.16;140.32;149.65;157.19;144.54;108.22;114.04;125.72;119.99;136.56;113.63;125.76;131.08;75.53;95.47;96.39;94.79;;131.19;142.12;;141.94;99.85;98.75;121.56;134.26;89.98;100.97;83.13;87.04;84.36;77.42;106.8;100.3;109.6
O3;uur;µg/m³;2023-06-17T20:00:00+01:00;2023-06-17T21:00:00+01:00;130.5;90.5;116.4;103.5;116.5;87.14;96.23;81.67;89.65;117.69;136.84;126.61;136.98;148.07;126.88;95.33;110.26;117.85;111.89;128.17;104.43;114.83;122.83;75.06;79;82.91;83.66;93.24;113.33;122.31;;121.75;96.93;86.28;109.76;117.36;74.43;81.03;66.02;66.37;68.05;74.57;101.6;98.6;104.8
O3;uur;µg/m³;2023-06-17T21:00:00+01:00;2023-06-17T22:00:00+01:00;116.8;79.9;94.7;96.9;91;65.4;68.93;75.36;69.44;105.18;115.78;121.57;127.55;129.05;122.46;62.19;111.87;115.32;90.69;112.72;99.16;117.41;91.87;73.6;64.9;79.57;63.07;83.49;100.29;110.94;;106.99;114.84;81.31;82.59;90.47;85.11;72.8;63.01;49.11;70.9;61.6;101.4;95.4;107.7
O3;uur;µg/m³;2023-06-17T22:00:00+01:00;2023-06-17T23:00:00+01:00;107.9;84.6;103.5;80.2;97.7;65.89;70.94;68.37;67.67;94.49;93.74;112.23;114.99;116.78;93.06;73.37;105.78;108.73;84.61;97.06;87.49;110.54;74.53;72.57;68.05;73.13;43.12;82.02;93.75;96.04;;101.11;106.78;76.17;57.25;93.15;75.95;64.64;49.35;45.3;69.38;49.27;95.9;87.6;100.2
O3;uur;µg/m³;2023-06-17T23:00:00+01:00;2023-06-18T00:00:00+01:00;106.7;76.1;95.4;69.4;98.5;39.01;66.93;58.98;72.75;82.05;93.81;110.11;105.67;110.24;87.48;56.33;93.13;95.13;87.2;103.74;89.52;96.43;106.21;66.34;62.45;54.73;44.63;71.42;86.51;96.65;;94.2;103.54;73.03;45.8;92.92;68.08;59.9;48.21;32.97;72.66;47.17;81;71.4;90.3
O3;uur;µg/m³;2023-06-18T00:00:00+01:00;2023-06-18T01:00:00+01:00;98.5;77.5;91;63.4;97.2;39.66;56.95;54.48;50.7;86.7;91.14;100.26;99.4;101.14;80.23;49.6;84.83;99.45;83.08;82.87;85.54;87.89;97.08;64.53;58.48;47.35;46.1;67.64;84.31;97.87;;91.64;91.4;61.23;55;83.93;46.21;53.24;49.8;24.2;72.8;48.04;73.9;67.7;82.6
O3;uur;µg/m³;2023-06-18T01:00:00+01:00;2023-06-18T02:00:00+01:00;89.3;73.8;85.9;64.7;97;33.53;44.93;55.4;55.68;80.78;75.55;94.4;97.29;91.45;94.71;67.77;81.59;91.32;75.12;72.97;82.42;76.6;94.83;60.74;62.37;60.78;48.58;66.19;83.39;90.53;;90.32;84.01;58.8;83.21;72.34;52.42;46.13;43.61;10.27;62.26;51.42;68.8;59.9;78.6
O3;uur;µg/m³;2023-06-18T02:00:00+01:00;2023-06-18T03:00:00+01:00;76.1;72;80.9;60.7;89.6;32.07;42.41;47.98;68.05;72.16;70.05;87.24;93.23;83.02;94.56;75.01;80.16;80.68;72.68;68.38;80.22;77.37;83.39;58.99;58.45;63.52;44.17;57.85;77.7;78;;83.23;80.61;57.07;78.07;60.58;49.51;42.95;41.99;1.87;59.61;36.23;76.5;64.9;75.9
O3;uur;µg/m³;2023-06-18T03:00:00+01:00;2023-06-18T04:00:00+01:00;64.5;65.1;79;55.7;77.9;25.23;18.67;41.36;71.96;61.34;72;74.36;90.81;77.59;94.18;83.63;76.13;73.01;67.27;67.3;71.18;79.81;60.71;61.56;55.11;70.14;41.79;55.32;70.21;71.12;;75.09;71.21;50.01;72.38;50.29;44.92;39.84;50.31;2.02;50.98;34.81;80.7;68.9;82
O3;uur;µg/m³;2023-06-18T04:00:00+01:00;2023-06-18T05:00:00+01:00;62.1;67.1;62.8;47.9;72.9;33.51;23.08;36.96;76.74;52.89;71.42;69.46;84.55;72.48;88.59;83.29;67.28;70.47;64.49;62.08;68.32;76.3;48.26;59.06;51.02;72.48;39.82;51.99;66.27;67.07;;72.56;62.56;47.96;55.26;60.96;51.29;37.25;42.82;2.8;49.45;48.85;78.6;65.7;78.8
O3;uur;µg/m³;2023-06-18T05:00:00+01:00;2023-06-18T06:00:00+01:00;63.8;70.5;51.3;44.4;60.5;21.77;17.25;36.98;99.56;58.85;65.58;71.55;79.56;69.14;87.36;85.62;62.45;71.57;61.86;64.39;67.79;67.8;67.01;59.02;45.17;68.06;35.5;51.74;64.84;62.84;;72.97;57.82;36.14;55.58;65.43;50.73;37.74;42.16;6.87;50.77;52.37;71.4;58.1;74.6
O3;uur;µg/m³;2023-06-18T06:00:00+01:00;2023-06-18T07:00:00+01:00;68.3;73;67;52.4;55.1;33.92;30.19;55.79;98.69;66.18;78;79.2;85.15;76.38;87.45;70.01;62.51;74.34;64.82;69.3;68.06;64.32;71.2;53.02;51.62;65.36;43.5;56.07;64.61;64.88;;73.37;57.75;44.72;58.91;65.26;57.64;42.42;42.1;27.57;54.4;54.2;73.8;50.5;75.1
O3;uur;µg/m³;2023-06-18T07:00:00+01:00;2023-06-18T08:00:00+01:00;63.8;67.4;72.9;62.6;47.5;61.6;78.22;84.94;98.01;69.65;64.65;93.35;97.28;81.7;88.64;65.54;67.91;73.72;63.3;79.72;72.85;63.46;68.41;56.86;58.21;68.97;65.28;63;67.47;64.91;;76.11;64.74;65.63;75.98;89.13;61.78;48.74;47.8;49.46;62.31;53.17;73.8;55.5;80.1
O3;uur;µg/m³;2023-06-18T08:00:00+01:00;2023-06-18T09:00:00+01:00;78.7;64.6;72.4;46.7;63.4;76.43;86.96;108.4;115.8;97.37;47.18;99.55;105.99;97.76;82.77;68.06;82.93;90.58;83.12;85.07;81.84;83.44;79.61;60.55;63.23;82.08;85.16;75.73;70.52;73.94;;81.32;81.69;87.12;98.02;103.73;84;62.43;55.86;70.21;71.59;59.07;80.1;71.3;80.3
O3;uur;µg/m³;2023-06-18T09:00:00+01:00;2023-06-18T10:00:00+01:00;89.7;80.1;91.1;57;79.1;105.86;104.62;120.67;129.95;114.69;43.36;110;115.92;114.44;84.69;80.74;104.16;96.19;97.23;105.24;98.88;102.5;95.7;69.32;68.12;94.1;100.03;91.97;88.32;96.53;;104.38;105.11;96.7;112.61;103.79;106.27;75.63;71.59;95.85;77.78;69.09;92.4;86.5;95
O3;uur;µg/m³;2023-06-18T10:00:00+01:00;2023-06-18T11:00:00+01:00;89.2;87.5;96.8;65.2;66.3;122.82;108.19;125.67;142.41;110.97;64.09;109.89;115.99;106.54;96.51;82.46;109.68;86.1;100.39;112.11;120.11;119.78;97.47;72.86;91.2;110.47;123.37;106.42;104.59;106.38;;119.62;120.15;116.34;129.84;125.58;116.07;94.88;91;110.28;91.1;84.46;115.4;100.1;116.5
O3;uur;µg/m³;2023-06-18T11:00:00+01:00;2023-06-18T12:00:00+01:00;99.5;83.6;107.6;70.6;88.9;125.22;103.2;112.73;143.48;104.9;85.67;101.95;114.03;108.24;96.31;84.67;106.36;85.08;106.05;115.48;130.11;114.51;117.56;76.73;92.31;125.64;144.87;119.15;113.95;120.67;;131.95;119.15;128.83;149.29;132.8;125.84;113.08;110.05;118.56;107.5;107.47;119.7;105;122.7
O3;uur;µg/m³;2023-06-18T12:00:00+01:00;2023-06-18T13:00:00+01:00;101.6;94.9;107;74.8;90.2;126.25;117.39;101.27;142.26;102.19;103.39;109.54;118.38;110.19;107.06;94.53;111.8;116.04;113.89;119.79;133.16;118.43;116.5;78.61;112.7;123.04;157.27;126.68;121.86;118.97;;138.97;120.23;154.92;146.23;129.99;147.84;144.32;124.13;124.43;117.26;119.73;129.1;99.3;134.8
O3;uur;µg/m³;2023-06-18T13:00:00+01:00;2023-06-18T14:00:00+01:00;105.5;93.9;110.7;82.5;91.5;128.62;109.06;135.01;143.81;116.79;112.65;117.64;120.97;118.21;112.14;112.66;114.16;118.46;109.63;114.88;134.66;127.42;123.11;87.94;133.75;120.8;151.16;114.34;113.15;113.69;;133.45;119.33;159.85;145.97;135.8;153.29;153.1;128.09;126.94;123.47;123.89;130.1;106.7;141.7
O3;uur;µg/m³;2023-06-18T14:00:00+01:00;2023-06-18T15:00:00+01:00;102.4;92.6;107.9;88.6;106.7;138.64;124.8;140.48;146.76;119.41;106.08;125.17;122.16;119.65;130.57;120.37;120.26;112.37;114.27;121.65;135.85;129.58;121.19;93.67;137.69;120.44;144.94;112.96;115.57;111.04;;130.83;118.77;154.79;151.26;131.5;160.93;150.17;133.7;127.35;129.55;125.09;140.1;127;145.4
O3;uur;µg/m³;2023-06-18T15:00:00+01:00;2023-06-18T16:00:00+01:00;104.2;97;113.5;96;97.8;143.98;111.57;141.91;146.45;114.25;102.35;127.25;118.56;122.35;125.25;118.87;118.79;122.46;115.5;115.62;135.94;127.27;122.91;98.23;147.46;121.37;145.89;121.63;121.78;123.45;;138.8;123.25;154.37;151.7;126.33;153.59;144.65;147.01;127.02;116.82;120.5;135.8;116.8;143.5
O3;uur;µg/m³;2023-06-18T16:00:00+01:00;2023-06-18T17:00:00+01:00;106.1;91.8;103.8;97.8;112.2;141.94;93.17;136.16;146.85;116.37;98.88;128.56;116.34;137.11;118.58;123.19;122.79;116.06;108.31;112.19;141.9;131.11;124.25;102.97;141.88;133.15;146.29;125.88;127.53;127.44;;145.08;123.92;127.74;153.82;128.22;140.61;144.24;150.69;119.72;111.8;116.4;140.2;120.7;144.3
O3;uur;µg/m³;2023-06-18T17:00:00+01:00;2023-06-18T18:00:00+01:00;101.7;96.2;105.1;90.9;81.1;128.56;89.8;131.3;143.31;121.91;102.93;125.8;123.5;134.42;108.11;106.22;114.49;109.06;102.94;117.65;141.48;123.9;108.31;91.2;134.97;131.01;140.35;122.6;126.84;122.62;;139.48;122.57;121.89;146.47;129.18;126.59;136.74;144.94;123.54;111.58;110.46;142.3;120.3;143.2
O3;uur;µg/m³;2023-06-18T18:00:00+01:00;2023-06-18T19:00:00+01:00;111.8;95.5;110.7;91.6;115;125.68;102.17;127.73;134.48;123.01;102.99;120.21;129.25;130.6;102.05;106.31;114.15;112.63;117;123.32;127.28;125.33;114.78;95.81;131.18;116.96;139.32;;125.97;119.95;;136.51;122.52;136.4;146.57;122.67;129.83;129.72;122.49;125.83;106.13;104.83;130.8;103.9;131.1
O3;uur;µg/m³;2023-06-18T19:00:00+01:00;2023-06-18T20:00:00+01:00;123.6;104.4;122.7;107.5;120.1;119.89;97.05;125.47;137.12;123;90.25;131.99;123.9;141.57;106.12;104.67;105.47;124.65;124.99;125.81;119.13;121.9;129.99;80.71;120.93;100.51;126.5;;132.02;134.88;125.52;138.16;132.99;130.92;145.05;132.75;128.16;128.17;118.07;94.18;107.81;126.14;125;108;128.1
O3;uur;µg/m³;2023-06-18T20:00:00+01:00;2023-06-18T21:00:00+01:00;122.4;114.7;122;113.5;117.7;112.49;85.97;81.89;119.75;117.15;82.42;127.22;115.69;135.45;101.29;105.39;112.21;127;113.43;123.44;126.92;125.92;128.4;76.22;126.63;109.78;123.2;;134.94;138.17;135.91;143.01;132.93;121.97;143.34;127.44;118.52;125.84;119.38;87.56;109.19;120.98;128.4;117.6;132
O3;uur;µg/m³;2023-06-18T21:00:00+01:00;2023-06-18T22:00:00+01:00;119.1;107.3;119.2;108.9;126.4;102.57;88.69;93.66;117.9;114.31;95.14;113.73;109.51;119.18;100.58;114.23;123.76;125.83;111.57;114.32;136.86;128.82;127.05;80.88;123.93;120.52;105.6;;128.58;131.21;137.02;135.52;126.64;115.3;133.49;120.68;109.61;117.65;112.46;62.05;89.81;112.13;133.8;116.8;143.1
O3;uur;µg/m³;2023-06-18T22:00:00+01:00;2023-06-18T23:00:00+01:00;117.6;102.4;116.1;114.3;127.9;97.33;88.8;100.83;105.58;107.44;114.05;106.55;118.79;105.95;103.36;102.36;126;120.96;104.52;111.2;139.08;127.87;122.97;101.1;122.44;128.94;97.48;119.89;115.15;117.63;125.36;127.34;122.71;107.09;120.01;112.6;104.32;114.37;111.82;83.35;106.89;113.82;131.4;120.8;139.1
O3;uur;µg/m³;2023-06-18T23:00:00+01:00;2023-06-19T00:00:00+01:00;107.9;93.4;108.9;99.3;118.1;91.94;83.88;95.06;98.77;95.53;98.69;97.38;110.4;99.59;95.3;85.94;116.8;110.5;103.14;102.81;130.81;123.69;106.66;101.5;111.14;118.01;101.18;104.04;110.66;113.41;112.56;121.24;113.56;100.01;108.52;106.8;100;105.68;114.35;85.12;99.63;85.49;122.8;111.7;126
O3;uur;µg/m³;2023-06-19T00:00:00+01:00;2023-06-19T01:00:00+01:00;102.3;94;97.5;73.8;92;80.71;85.83;84.37;87.77;94.86;91.83;90.81;106.65;93.09;80.7;78.57;101.66;104.57;99.16;103.85;120.3;107.69;100.01;96.62;110.09;111.95;92.98;99;102.19;104.76;107.74;112.29;98.27;90.79;103.36;94.73;96.67;92.33;112.06;85.95;87.37;79.54;114.3;103;117.7
O3;uur;µg/m³;2023-06-19T01:00:00+01:00;2023-06-19T02:00:00+01:00;87.4;86.7;86.2;64.9;81.7;68.31;88.99;65.65;87.68;95.04;78.03;88.08;97.69;85.14;69.75;72.73;90.59;94.03;87.83;91.49;103.02;94.38;89.22;84.53;101.69;104.14;96.27;;93.21;99.96;96.5;102.9;94.45;87.15;95.78;84.33;91.47;82.02;100.5;94;81.63;82.15;106.4;95.4;107.7
O3;uur;µg/m³;2023-06-19T02:00:00+01:00;2023-06-19T03:00:00+01:00;71.8;71.1;71.5;46.4;64.8;70.36;88.66;77.31;89.97;86.29;71.71;86.21;84.8;86.05;60.06;72.62;76.42;77.11;74.71;75.81;89.09;76.37;73.36;70.71;90.11;89.54;96.16;;86.83;91.67;85.57;93.59;82.22;90.38;100.31;91.33;91.62;81.89;88.27;95.22;72.29;83.07;97.5;90.1;96.9
O3;uur;µg/m³;2023-06-19T03:00:00+01:00;2023-06-19T04:00:00+01:00;69.9;67.1;63.7;45.9;67.3;82.02;84.79;89.2;92.21;80.83;68.54;83.8;76.31;84.81;66.86;87.27;65.93;67.59;65.37;68.18;72.2;68.69;71.79;60.88;86.48;73.35;93.7;;74.15;77.74;73.28;79.58;72.48;86.49;96.85;90.38;89.11;88.14;92.09;87.23;70.01;81.12;84.2;76.2;81.5
O3;uur;µg/m³;2023-06-19T04:00:00+01:00;2023-06-19T05:00:00+01:00;72.2;61.9;59.5;42.1;67.8;76.16;79.22;84.5;86.02;69.95;79.28;73.81;64.06;74.14;66.82;67.88;68.08;71.97;77.61;75.79;86.01;69.38;68.05;55;76.04;75.45;82.88;;66.3;68.3;66.56;71.15;65.16;72.4;86.46;84.02;92.79;88.97;89.78;82.57;75.78;81.67;72.5;65.2;69.2
O3;uur;µg/m³;2023-06-19T05:00:00+01:00;2023-06-19T06:00:00+01:00;71.2;66.7;57;42.5;57.7;70.09;72.73;77.29;81.41;60.5;77.08;65.07;74.29;66.22;52.58;54.93;59.48;75.99;74.27;74.13;71.01;64.8;63.59;48.36;76.14;69.32;73.52;;67.71;74.57;62.11;74.23;83.06;74.18;77.93;75.63;85.58;78.58;75.93;86.06;76.91;88.36;76.1;72.5;70.4
O3;uur;µg/m³;2023-06-19T06:00:00+01:00;2023-06-19T07:00:00+01:00;61.5;46.1;51.2;34.7;50.1;68.29;67.9;70.11;76.7;71.2;63.81;59.94;70.71;60.33;48.84;55.17;59.74;61.26;61.61;68.45;66.3;62.42;55.1;47.89;91.69;59.9;69.41;;77.34;79.35;68.6;86.84;79.91;77.78;68.56;67.23;78.65;71.04;87.61;86.84;75.81;87.62;61.9;58.5;56.8
O3;uur;µg/m³;2023-06-19T07:00:00+01:00;2023-06-19T08:00:00+01:00;58.4;47.3;55.6;35.5;47.5;60.65;67.18;63.87;68.44;77.74;56.54;66.65;64.65;69.89;48.69;55.39;62.04;58.35;57.27;61.39;68.03;63.91;59.65;45.9;64.98;56.67;76.41;;65.08;67.43;61.59;74.25;68.82;71.94;72.82;63.12;72.59;74.02;77.65;80.97;73.89;79.2;61.7;57.5;61.4
O3;uur;µg/m³;2023-06-19T08:00:00+01:00;2023-06-19T09:00:00+01:00;58.8;48.9;58.7;37.3;52.9;71.61;78.59;66.87;67.03;77.05;55.83;75.5;59.57;79.98;50.26;56.81;59.03;48.77;55.61;60.4;68.78;61.46;59.58;47.71;60.96;64.82;76.01;;59.54;63.84;58.8;68.05;61.2;71.09;77.68;77.1;72.69;81.49;68.33;75.66;93.75;81.06;65.2;59.4;60.9
O3;uur;µg/m³;2023-06-19T09:00:00+01:00;2023-06-19T10:00:00+01:00;55.7;45.4;56.4;41.4;64.1;80.75;87.08;76.49;73.99;76.59;56.09;77.83;55.68;81.16;55.16;58.43;62.82;52.32;57.99;60.5;66.84;67.02;59.59;48.87;64.73;58.82;70.36;;58.12;61.02;70.98;66.23;61.81;71.25;76.45;79.6;79.85;72.07;66.72;80.06;71.29;81.52;66.2;59.2;65.6
O3;uur;µg/m³;2023-06-19T10:00:00+01:00;2023-06-19T11:00:00+01:00;56.6;44.4;49.4;47.5;68.5;84.49;91.42;84.73;84.77;75.91;64.1;80.99;67.35;81.43;62.4;64.65;68.92;54.55;62.16;63.16;72.18;67.42;62.11;57.34;62.84;60.01;79.99;;58.4;61.38;68.79;68.04;64.23;88.27;80.03;87.95;88.36;75.4;71.75;85.8;68.8;83.92;70;59.8;68.2
O3;uur;µg/m³;2023-06-19T11:00:00+01:00;2023-06-19T12:00:00+01:00;61.4;45.3;53.8;;74.4;90.37;94.63;91.36;93.45;83.31;74.89;83.63;80.75;83.6;72.25;75.4;76.74;62.47;70.56;74.02;79.32;73;66.12;65.22;70.24;73.34;84.11;;66.27;69.38;63.91;74.73;74.39;95.1;83.79;100.71;88.27;82.01;70.13;88.32;78.15;82.87;77.9;70.1;76.2
O3;uur;µg/m³;2023-06-19T12:00:00+01:00;2023-06-19T13:00:00+01:00;68.2;43.1;60.8;;64.2;94.72;99.14;94.79;101.74;91.34;82.04;88.59;93.49;94.24;79.48;89.18;84.71;74.33;78.05;81.47;89.04;86.99;77.86;71.42;83.22;81.32;88.96;;73.59;78.9;73.03;83.55;81.69;101.71;90.41;104.97;93.57;84.11;84.55;95.26;88.15;86.92;86.8;79;85.5
O3;uur;µg/m³;2023-06-19T13:00:00+01:00;2023-06-19T14:00:00+01:00;75.8;58.1;73.8;61.8;76;100.72;105.97;100.02;104.48;99.84;90.78;99.81;104.66;103.52;90.22;96.39;91.94;86.22;84.48;90.96;93.58;93.49;84.99;72.24;88.64;82.8;97.1;;79.94;85.82;82.73;92.33;91.28;109.25;98.64;114.5;99.08;91.61;93.74;97.57;95.15;91.97;94.8;85.2;92.2
O3;uur;µg/m³;2023-06-19T14:00:00+01:00;2023-06-19T15:00:00+01:00;81.7;50.7;86.6;66.5;65;107.54;109.04;102.99;108.41;105.13;102.24;105.15;118.08;110.79;92.91;107.21;92.55;89.31;90.63;99.78;90.63;95.06;93.54;77.02;85.8;86.97;103.62;;89.49;94.74;89.82;102.04;98.44;118.18;105.65;118.17;104.48;103.65;102.87;100.5;110.28;103.54;93.3;79.7;92.1
O3;uur;µg/m³;2023-06-19T15:00:00+01:00;2023-06-19T16:00:00+01:00;77.8;60.1;91;61.8;95.1;106.22;113.44;107.18;113.77;110.07;110.06;106.32;127.81;115.52;99.62;110.79;90.98;97.94;98.77;106.74;88.76;92.62;96.1;82.86;86.29;84.77;109.89;103.44;95.52;101.07;98.16;108.36;103.75;118.8;109.51;124.52;108.4;105.75;101.25;106.24;110.18;112.39;102.3;92.5;98.8
O3;uur;µg/m³;2023-06-19T16:00:00+01:00;2023-06-19T17:00:00+01:00;90.6;65.2;94.6;57.9;87.4;109.75;117.01;113.36;118;111.25;112.52;111.07;134.17;117.23;102.49;107.1;86.05;100.85;103.38;110.4;92.95;95.77;95.96;87.18;91.66;84.73;114.39;97.84;97.57;105.28;94.87;112.18;108.96;118.18;113.9;127.8;111.38;110.58;95.17;109.24;105.83;110.62;103.3;87.9;92.9
O3;uur;µg/m³;2023-06-19T17:00:00+01:00;2023-06-19T18:00:00+01:00;96.3;65.9;87.9;57.2;91.6;112.89;115.3;115.7;119.55;114.87;112.71;110.92;135.75;118.55;99.59;94.57;91.56;99.2;112.99;114.98;94.34;97.65;86.66;90.47;94;78.86;114.33;94.18;99.51;107.83;90.47;112.67;111.16;118.02;119.93;127.17;114.02;108.59;93.51;109.31;104.81;108.72;97.1;81.9;92.5
O3;uur;µg/m³;2023-06-19T18:00:00+01:00;2023-06-19T19:00:00+01:00;65.9;64.5;87.3;82.4;90.6;112.07;117.52;101.69;117.92;118.83;106.74;110.28;117.54;115.77;98.23;68.78;88.49;96.33;110.42;114.37;92.09;93.38;85.03;90.51;91.55;79.69;110.03;87.86;104.14;106.83;83.77;112.56;100.51;118.1;122.19;124.06;113.95;106.62;96.17;106.61;101.94;106.28;90;82.5;86.7
O3;uur;µg/m³;2023-06-19T19:00:00+01:00;2023-06-19T20:00:00+01:00;45.3;70.2;80.1;78.8;87.1;103.94;115.44;92.35;110.71;100.61;93.81;103.88;117.17;113.01;95.81;83.89;84.15;87.66;81.06;109.62;88.55;86.83;78.86;86.79;89.01;84.49;93.3;77.4;98.92;103.84;67.36;108.17;84.31;96.95;115.48;119.08;105.84;99.22;83.26;91.34;91.67;99.96;79.4;63.2;83.4
O3;uur;µg/m³;2023-06-19T20:00:00+01:00;2023-06-19T21:00:00+01:00;62.8;73.9;73.9;72.1;81.4;77.85;103.43;65.98;102.54;97.31;82.91;100.64;112.15;104.8;74.44;80.08;79.02;86.82;73.21;87.66;72.15;78.9;70.26;61.34;60.22;74.75;57.93;77.32;89.46;100.63;49.93;95.62;72.18;87.48;104.66;109.4;99.55;84.46;78.67;79.94;64.01;85.46;71.6;55.7;61.4
O3;uur;µg/m³;2023-06-19T21:00:00+01:00;2023-06-19T22:00:00+01:00;60.4;69.8;74.1;64.3;70.3;72.71;71.33;55.26;69.3;90.59;75.25;98.57;105.56;105.4;45.94;63.95;75.78;79.19;71.18;79.9;59.4;76.28;62.68;50.79;48.88;55.95;36.8;62.91;83.75;87.86;56.19;89.59;68.79;85.56;98.44;98.71;94.06;79.35;68.62;47.68;64.97;55.74;61.3;59.7;57.6
O3;uur;µg/m³;2023-06-19T22:00:00+01:00;2023-06-19T23:00:00+01:00;55;68.4;64.7;64.5;55.9;69.96;55.67;53.81;66.55;91.85;79.92;98.07;97.58;115.66;42.65;54.8;73.13;82.32;69.7;80.57;48.86;76.05;66.1;51.55;53.54;28.95;39.85;55.94;83.93;90.02;58.9;89.77;77.63;88.61;96.8;88.8;73.57;70.94;60.18;42.93;54.57;58.49;65.1;51.9;68.7
O3;uur;µg/m³;2023-06-19T23:00:00+01:00;2023-06-20T00:00:00+01:00;59.5;68;66.4;57.5;62.3;65.17;57.4;48.17;57.5;84.86;77.79;96.16;87.93;112.97;55.14;47.12;70.04;76.29;67.36;88.21;38.39;72.08;68.4;52.9;65.31;21.46;43.91;60.31;86.07;91.87;70.54;92.15;87;84.72;92.17;89.89;84.96;77.98;51.73;47.83;49.59;60.01;76.1;68.1;83.6
O3;uur;µg/m³;2023-06-20T00:00:00+01:00;2023-06-20T01:00:00+01:00;79.6;74.6;80.9;51.4;70.1;56.38;68.5;41.66;53.99;71.04;65.49;86.1;87.39;101.45;63.9;8.08;72.36;80.15;78.84;84.53;47.2;82.36;84.09;59.36;69.98;40.58;47.73;59.92;82.21;90.63;78.83;88.89;87.51;85.87;90.41;88.76;80.8;77.02;59.48;46.5;55.64;59.63;86.8;79.8;93.3
O3;uur;µg/m³;2023-06-20T01:00:00+01:00;2023-06-20T02:00:00+01:00;83.1;76.5;83.4;62.5;75.7;47.55;65.5;45.24;77.03;70.57;63.85;75.86;90.76;88.56;60.89;23.18;78.35;80.35;82.2;86.42;63.33;90.58;90.34;69.65;77.01;73.73;63.53;72.74;83.28;92.62;76.57;90.69;86.27;89.32;91.64;83.25;73.87;74.34;65.67;43.4;56.91;59.62;91.7;88.5;95.4
O3;uur;µg/m³;2023-06-20T02:00:00+01:00;2023-06-20T03:00:00+01:00;85.9;78.3;81.7;75.7;81.4;36.17;65.35;48.88;72.5;70.8;58.52;76;88.16;85.38;63.04;25.89;74.53;84.73;76.33;82.59;90.1;80.79;87.9;70.68;80.71;82;63.79;74.95;85.01;89.2;84.73;91.86;83.64;89.87;94.7;81.55;75.28;72.81;71.83;50.94;57.18;64.44;83.4;83.1;92.7
O3;uur;µg/m³;2023-06-20T03:00:00+01:00;2023-06-20T04:00:00+01:00;83.6;76.4;82.5;70.1;83.5;46.74;66.14;52.37;75.68;68.7;57.37;76.02;83.75;81.93;66.08;15.21;73.88;84.76;65.83;77;86.08;76.02;88;62.84;82.79;79.05;60.87;72.9;84.46;86;84.75;90.3;79.64;84.02;91.28;79.56;74.49;73.11;71.19;38.89;61.23;61.77;81.6;80.7;89.5
O3;uur;µg/m³;2023-06-20T04:00:00+01:00;2023-06-20T05:00:00+01:00;77.2;69.3;76.3;63.6;82.3;59.17;60.07;64.79;85.71;61.53;47.63;73.17;79.44;71.11;65.64;27.13;71.71;74.28;45.03;70.39;85.96;73.28;80.96;31.3;83.61;74.91;63.85;70.54;82.59;86.79;83.14;88.42;74.68;80.5;88.27;74.44;73.98;71.67;70.22;35.56;62.42;60.45;81.5;79.1;89.8
O3;uur;µg/m³;2023-06-20T05:00:00+01:00;2023-06-20T06:00:00+01:00;63.2;52.9;64.6;55.1;74.4;79.35;53.9;60.02;74.56;55.34;50.24;61.89;71.58;61.11;64.95;46.45;69.89;65.99;47.67;65.55;83.03;68.17;67.21;19.44;88.45;51.5;63.32;63.11;76.27;72.02;78.62;81.92;73.32;80.78;84.65;70.28;75.96;68.27;75.05;50;64.41;61.82;75.2;66.7;86.9
O3;uur;µg/m³;2023-06-20T06:00:00+01:00;2023-06-20T07:00:00+01:00;53.5;38.2;53;46.4;64;82.08;46.21;69.54;78.11;62.3;52.99;64.64;64.86;62.22;60.93;39.72;60.98;38.99;58.32;63.54;80.8;64.05;59.49;28.92;85.38;39;65.36;62.46;67.85;63.53;69.53;75.58;70.23;76.69;81.54;64.93;73.74;68.39;76.96;55.22;70.17;71.07;76.5;65.6;81.5
O3;uur;µg/m³;2023-06-20T07:00:00+01:00;2023-06-20T08:00:00+01:00;49.1;32.7;54.1;33.6;56.5;84.23;75.09;81.22;85.24;74.77;60.76;73.81;74.13;74.04;60.13;39.07;54.86;47.85;58.28;62.55;80.86;69.76;30.23;34.38;82.47;57.33;75.04;68.31;68.77;70.03;71.11;82.39;69.83;73.84;82.53;74.99;72.56;72.07;77.07;73.32;75.22;69.94;79.3;51.4;81.4
O3;uur;µg/m³;2023-06-20T08:00:00+01:00;2023-06-20T09:00:00+01:00;58.9;47.1;57.1;37.6;43.9;88.44;98.53;86.36;95.56;87.07;69.29;85.31;88.64;87.33;64.62;54.68;42.44;55.6;67.52;82.32;87.93;75.69;59.68;39.88;79.91;67.98;80.19;78.5;76.76;76.31;76.65;90.28;77.94;78.45;91.32;85.5;85.2;75.54;77.9;71.1;78.36;74.31;83.9;55.6;84.1
O3;uur;µg/m³;2023-06-20T09:00:00+01:00;2023-06-20T10:00:00+01:00;75.7;54.3;60.4;;46.9;91.01;106.71;92.7;101.2;97.97;94.69;94.46;100.02;97.12;81.07;79.11;65.42;74.13;80.76;89.81;100.04;89.16;74.25;48.98;84.54;80.97;91.29;93.5;89.95;87.65;95.72;101.9;94.72;84.88;104.43;99.99;101.83;79.21;85.31;73.65;81.94;90.09;94.3;67.4;95.3
O3;uur;µg/m³;2023-06-20T10:00:00+01:00;2023-06-20T11:00:00+01:00;88.2;75.7;87.2;;76.1;101.13;108.26;94.81;103.13;105.43;105.1;99.48;107.77;104.41;134.23;94.77;78;105.93;104.75;114.42;113.48;106.07;99.91;70.06;100.31;94.5;115.45;108.03;99.68;104.35;107.91;113.58;111.26;;117.88;112.46;109.28;105.16;95.51;88.99;89.74;89.29;113.8;94.5;115.2
O3;uur;µg/m³;2023-06-20T11:00:00+01:00;2023-06-20T12:00:00+01:00;106.1;96.1;102.8;;114.7;101.72;117.1;101.36;104.17;109.1;111.36;107.52;114.08;107.68;121.67;95.84;93.04;125.4;113.95;120.75;123.31;127.54;125.98;88.78;114.75;116.26;119.82;119.45;112.31;119.75;116.45;129;126.3;;130.26;112.84;115;122.78;114.05;106.86;98;102.85;132.4;109.2;132.5
O3;uur;µg/m³;2023-06-20T12:00:00+01:00;2023-06-20T13:00:00+01:00;99.6;91.8;102.3;;111.7;103.84;125;105.26;109.24;115.79;120.91;109.37;118.15;113.37;119.42;101.64;111.72;121.29;113.18;121.22;134.27;135.03;125.33;98.45;136.1;124.87;127.47;130.08;117.78;116.86;126.08;133.94;127.28;;133.03;115.52;121.64;122.07;128.54;113.06;111.76;115.45;129.4;114;134.7
O3;uur;µg/m³;2023-06-20T13:00:00+01:00;2023-06-20T14:00:00+01:00;108.2;93.4;109.3;;103.9;105.35;124.4;102.87;108.42;115.25;121.72;108.49;111.43;112.95;104.16;99.36;117.49;121.97;112.81;121.7;143.25;127.62;122.35;88.37;146.46;128.81;137.05;127.52;113.66;118.69;125.36;130.61;127.02;;134.47;122.35;130.24;117.67;128.46;113.49;118.26;120.51;137.8;114.7;140.1
O3;uur;µg/m³;2023-06-20T14:00:00+01:00;2023-06-20T15:00:00+01:00;125.7;87.7;110.4;75.7;118.1;106.2;120.57;101.14;109.33;111.69;110.21;105.61;111.02;108.33;91.77;90.11;118.55;117.65;122.01;114.46;138.38;124.77;123.07;84.78;140.76;123.54;138.72;123.48;114.62;118.72;116.36;131.8;122.71;;135.31;125.88;147.48;135;119.52;116.53;118.46;117.62;136.5;114.6;139.2
O3;uur;µg/m³;2023-06-20T15:00:00+01:00;2023-06-20T16:00:00+01:00;91.5;78.1;93.5;42.7;71;104.35;120.21;98.62;105.55;104.29;88.66;100.21;98.52;107.24;82.93;79.72;101.86;99.39;92.19;93.86;120.98;110.08;92.85;84.39;136.6;112.07;139.47;;108.52;111.49;102.51;127.76;107.43;;132.97;122.51;150.3;143.01;124.62;121.32;119.04;121;123;96.2;128.3
O3;uur;µg/m³;2023-06-20T16:00:00+01:00;2023-06-20T17:00:00+01:00;55.5;49.8;59.5;27.2;65.8;98.17;116.71;96.31;100.16;78.09;63.49;90.94;85.35;101.05;79.77;75.8;74.81;68;71.43;62.87;94.73;61.16;66.54;52.98;131.61;81.37;120.19;;70.44;82.47;89.1;89.9;83.29;;122.52;107.16;133.36;137.51;134;126.09;118.9;122.38;99.9;81;95.3
O3;uur;µg/m³;2023-06-20T17:00:00+01:00;2023-06-20T18:00:00+01:00;39.3;28.9;31.2;28.8;41.4;94.14;95.75;94.64;98.84;75.48;44.63;81.73;72.77;89.17;71.84;63.23;47.38;52.13;65.63;63.54;74.9;65.05;41.6;27.75;106.77;58.79;93.21;;54.93;73.17;69.25;78.92;62.3;;74.99;66.82;123.46;94.96;114.21;128.83;116.57;124.37;74.6;57.5;69.3
O3;uur;µg/m³;2023-06-20T18:00:00+01:00;2023-06-20T19:00:00+01:00;46.7;49.3;48.1;28.4;45.5;91.32;87.7;96.3;98.5;71.13;39.02;77.91;65.53;83.68;61.49;61.3;55.15;66.25;65.94;63.22;69.72;58.13;58.31;33.46;101.79;51.43;82.43;;43.35;67.55;51.57;65.21;61.02;;66.09;50.98;86.75;75.49;107.86;119.69;103.27;119;52;43.9;45.5
O3;uur;µg/m³;2023-06-20T19:00:00+01:00;2023-06-20T20:00:00+01:00;49.1;39.6;45.4;30.5;56.7;81.43;80.2;48.74;98.87;62.22;25.4;70.95;65.64;80.74;56.15;56.63;51.23;61.11;56.9;62.07;62.04;55.28;60.21;38.32;85.47;44.74;72.96;;35.26;56.07;34.32;51.56;53.73;;63.31;47.88;65.03;68.11;87.94;98.22;100.72;109.62;51.6;52.4;48.2
O3;uur;µg/m³;2023-06-20T20:00:00+01:00;2023-06-20T21:00:00+01:00;43.1;39.7;34.8;26.3;49.9;69.23;70.74;66.29;91.7;53.97;29.99;64.09;55.28;67.75;50.48;47.49;38.3;47.78;57.84;58.11;46.48;53.63;45.9;32.63;73.56;39.52;56.5;;38.54;38.77;37.32;52.14;45.81;;45.02;39.27;51.07;49.9;55.78;75.11;78.35;92.33;60.3;52.1;48.8
O3;uur;µg/m³;2023-06-20T21:00:00+01:00;2023-06-20T22:00:00+01:00;40.5;29.1;36.3;25.2;40.8;65.68;57.72;71.86;72.67;47.34;38.48;58.88;44.45;58.09;48.03;44.3;37.02;50.97;51.4;43.02;44.6;42.41;47.2;35.65;58.75;32.38;56.55;;31.83;44.56;39.59;44.46;44.31;;38.9;35.35;34.64;35.03;32.28;58.5;60.21;70.2;57.6;41;44.7
O3;uur;µg/m³;2023-06-20T22:00:00+01:00;2023-06-20T23:00:00+01:00;41.1;36.9;37.9;24.2;44;60.06;55.17;51.7;74.02;46.9;31.75;65.74;45.31;54.49;40.28;47.68;40.55;48.54;46.31;46.15;42.99;40.9;51;27.98;43.83;31.94;58.54;;25.77;47.79;33.45;41.32;46.48;;35.51;34.9;38.34;37.32;48.19;14.67;47.92;66.74;48.3;37;34.8
O3;uur;µg/m³;2023-06-20T23:00:00+01:00;2023-06-21T00:00:00+01:00;43.2;32.6;39;23;41.4;58.77;49.61;51.75;70.91;47.88;38.16;58.23;56.2;45.17;43.38;41.42;36.81;41.93;46.25;37.34;34.18;37.73;45.06;35.03;40.19;24.19;54.01;;29.12;45.97;33.44;41.16;38.8;;45.26;29.92;44.5;41.09;36.74;5.62;40.26;62.92;43.9;36;36
O3;uur;µg/m³;2023-06-21T00:00:00+01:00;2023-06-21T01:00:00+01:00;43.2;39.4;33.6;19.7;37.7;50.86;44.46;34.56;59.25;39.66;24.56;52.73;56.14;38.37;36.6;36.71;40.97;38.54;48.45;43.18;36.64;43.23;46.25;39.89;35.82;24.7;45.98;;27.85;38.86;32.26;34.32;32.81;;44.35;28.13;40.05;35.53;40.15;23.47;40.2;62.08;44;34.4;35.8
O3;uur;µg/m³;2023-06-21T01:00:00+01:00;2023-06-21T02:00:00+01:00;32.4;35.1;27.7;17;35.8;37.39;40.79;34.36;54.62;35.27;16.58;46.57;47.35;36.06;28.99;31.2;36.17;29.2;39.5;35.44;41.17;41.54;33.71;38.35;30.25;33.39;45.45;;28.69;41.51;23.5;36.32;34.25;;47.2;27.9;35.81;32.85;44.71;27.63;30.69;47.26;42.2;35.5;30.8
O3;uur;µg/m³;2023-06-21T02:00:00+01:00;2023-06-21T03:00:00+01:00;25.9;22.5;20.8;18.5;44.1;;;;;;;;;;;;;;;;;;;;;;;;;;;;;;;;;;;;;;40.2;36.9;33
O3;uur;µg/m³;2023-06-21T03:00:00+01:00;2023-06-21T04:00:00+01:00;29.5;38.2;27.1;25.9;44.7;26.18;32.25;25.93;45.64;16.13;30;37.22;31.72;26.92;61.43;25.73;47.87;34.21;35.62;32.93;54.21;50.7;47.42;42.37;30.43;;40.19;;24.89;32.5;21.23;29.1;22.04;;38.51;26.94;33.48;37.49;50.8;34.15;37.99;39.85;48;46;44.7
O3;uur;µg/m³;2023-06-21T04:00:00+01:00;2023-06-21T05:00:00+01:00;41.8;41.2;38.3;35.6;51.1;20.52;26.67;29.15;43.19;11.79;20.15;32.99;28.54;25.74;64.23;39.45;41.1;43.94;42.94;26.26;58.65;52.43;49.13;26.57;33.73;39.45;34.22;;21.09;24.15;13.72;26.46;14.9;;34.32;22.32;32.44;36.2;45.8;32.63;48.66;39.58;53.1;48;48.1
O3;uur;µg/m³;2023-06-21T05:00:00+01:00;2023-06-21T06:00:00+01:00;48.5;30.4;42.2;39.3;42.5;25.84;23.13;25.6;44.32;13.84;17.39;28.7;19.89;21.36;63.68;49.96;45.14;48.46;57.54;38.06;57.48;42.22;44.5;20.35;31.52;41.41;32.25;;14.74;19.18;13.8;24.71;23.24;;28.99;20.24;32.9;34.6;45.8;35.67;50.68;38.95;52.5;46;46.4
O3;uur;µg/m³;2023-06-21T06:00:00+01:00;2023-06-21T07:00:00+01:00;50.9;37.2;42.3;41.4;58.8;27.67;31.17;35.78;48.36;21.79;35.85;29.98;28.68;27.04;63.27;52.04;45.78;48.59;61.1;48.31;64.41;52.53;51.69;33.44;37.2;39.42;43.25;;17.42;28.58;26.45;26.37;37.55;;31.16;19.61;34.16;38.18;55.3;36.65;57.88;50.66;49.3;40.4;44.8
O3;uur;µg/m³;2023-06-21T07:00:00+01:00;2023-06-21T08:00:00+01:00;59.1;38.8;48.8;45.9;61.4;34.79;38.23;38.09;52.8;41.28;51.31;38.59;47.77;39.52;65.18;59.34;62.34;57.61;66.76;62.4;70.15;61.49;61.69;50.87;46.99;49.21;54.35;;27.35;42.14;40.13;41.57;55.48;;39.81;20.91;43.32;48.78;62.02;46.7;63.54;62.14;51.5;40.3;51.7
O3;uur;µg/m³;2023-06-21T08:00:00+01:00;2023-06-21T09:00:00+01:00;61.6;44.8;54.2;43.1;60.4;45.27;49.65;44.27;55.2;54.56;58.38;49.9;59.14;56.01;64.57;67.25;65.35;62.43;68.24;65.36;66.08;62.8;63.2;57.51;62.44;55.63;60.92;;42.43;54.9;52.25;53.91;59.85;;49.76;32.55;57.23;58.66;68.38;57.76;74.03;72.75;54.5;43.5;57.2
O3;uur;µg/m³;2023-06-21T09:00:00+01:00;2023-06-21T10:00:00+01:00;58;45.2;50.7;36.2;50.8;57.06;70.66;56.52;60.55;68.45;66.67;63.43;68.99;71.57;64.68;72.27;64.8;61.2;71.93;63.94;64.83;63.45;62.41;55.94;66.65;54.8;73.49;;50.12;62.91;61.52;64.34;72.29;;65.06;53.61;73.35;70.32;74.95;74.25;82.93;81.84;64.1;56.9;61.8
O3;uur;µg/m³;2023-06-21T10:00:00+01:00;2023-06-21T11:00:00+01:00;64.2;36;50.4;45.1;62.8;71.35;84.42;68.06;69.77;83.9;76.12;78.2;80.56;89.3;74.56;77.82;60.93;61.34;70.74;73.86;63.65;67.64;61.87;51.47;72.37;56.33;88.38;;58.61;73.73;69.01;72.83;78.16;;86.66;74.42;86;83.49;75.99;83.5;92.49;92.18;66.7;61.5;66.1
O3;uur;µg/m³;2023-06-21T11:00:00+01:00;2023-06-21T12:00:00+01:00;65.1;44.7;62;49.2;71.9;82.69;99.14;80.69;81.75;95.39;85.83;96.88;88.79;101.81;89.75;86.37;58.98;76.72;79.93;77.26;63.26;81.84;71.43;62.28;76.75;53.9;96.86;;70.56;81.17;75.01;83.37;85.16;;94;92.05;96.17;93.05;85.08;89.83;99.07;101.63;83.4;73.4;80.8
O3;uur;µg/m³;2023-06-21T12:00:00+01:00;2023-06-21T13:00:00+01:00;76.3;53;67.1;54.5;74.1;93.79;115.03;92.24;96.07;108.55;94.8;106.51;97.57;103.64;96.96;94.63;74.23;85.67;85.9;86.72;86.89;76.24;79.88;66.85;79.21;64.21;100.8;;77.3;87.58;77.72;90.66;88.06;;100.55;100.74;101.81;103.24;93.56;99.64;104.27;106.87;78.7;67.7;73.2
O3;uur;µg/m³;2023-06-21T13:00:00+01:00;2023-06-21T14:00:00+01:00;80.7;59.9;82.4;62.4;77.4;99.95;124.13;98.21;101.35;126.12;97.54;103.13;105.3;109.17;99.64;96.57;93.89;92.1;96.15;94.52;95.07;86.69;89.96;74.39;80.48;81.75;104.34;;77.19;88.8;72.42;90.57;91;;98.55;108.23;104.94;103.41;88.95;104.27;91.7;115.9;86.3;77;87.8
O3;uur;µg/m³;2023-06-21T14:00:00+01:00;2023-06-21T15:00:00+01:00;80;56;86.3;72.2;86.2;103.71;125.77;100.63;104.65;127.5;107.28;103.78;112.22;109.76;99.96;91.14;99.6;89.63;92.67;103.93;102.9;92;93.23;84.77;92.67;86.06;99.16;;79.49;95.2;76.98;92.85;103.71;;105.25;111.78;105.78;105.57;96.48;107.54;102.81;119.92;94.6;85.6;92.6
O3;uur;µg/m³;2023-06-21T15:00:00+01:00;2023-06-21T16:00:00+01:00;85.9;54.8;88.5;70.8;78.4;107.37;125.91;103.55;110.02;120.17;113.55;107.04;112.84;116.06;101.14;96.71;103.01;89.57;93.85;97.39;98.97;94.12;95.63;89.75;97.89;86.9;102.06;;90.79;103.89;88.03;107.7;104.6;;100.67;116.68;111.29;103.18;97.83;111.37;108.32;105.57;96;84.7;95.3
O3;uur;µg/m³;2023-06-21T16:00:00+01:00;2023-06-21T17:00:00+01:00;90.8;62.3;87.7;75.2;80.2;110.98;127.05;105.8;112.87;120.19;113.38;119.15;111.99;123.48;95.07;83.6;103.95;91.87;98.39;96.05;103.72;96.62;96.87;88.34;100.93;86.3;108.53;;93.3;104.06;91.45;109.15;99.01;119.24;108.37;122.66;115.25;104.64;102.43;111.72;105.98;111.56;87.6;86.8;96.9
O3;uur;µg/m³;2023-06-21T17:00:00+01:00;2023-06-21T18:00:00+01:00;91.5;66.4;88.8;75;79.7;111.35;132.59;105.3;114.24;121.47;112.3;116.73;110.36;128.09;95.59;82.81;99.75;88.66;98.67;101.21;107.37;87.99;97.68;82.07;100.49;90.01;105.6;;90.49;102.82;92.88;106.79;97.95;119.47;110.33;118.57;110.11;101.29;101.88;116.29;107.06;108.44;95;84.6;97.2
O3;uur;µg/m³;2023-06-21T18:00:00+01:00;2023-06-21T19:00:00+01:00;87;61.4;82.7;71.9;57.7;111.27;126.6;95.21;111.43;110.61;109.66;114.66;107.8;125.07;89.85;82.9;95.12;83;91.98;97.29;114.61;86.69;85.99;75;98.82;92.03;101.74;;91.79;101.28;84.8;105.75;95.16;113.97;107.07;111.09;105.5;98.27;99.36;108.7;107.09;102.4;95.5;87.4;96.7
O3;uur;µg/m³;2023-06-21T19:00:00+01:00;2023-06-21T20:00:00+01:00;79.3;58.2;77.5;46.6;60.7;105.16;104.83;81.58;108.75;98.95;81.63;99.87;96.7;112.12;91.05;75.96;90.63;81.05;73.57;88.84;108.17;78.89;78.13;72.15;85.75;92.65;93.85;;88.31;95.15;75.32;98.5;80.97;100.76;100.93;92.47;93.77;94.55;91.08;92.42;100.71;103.29;94.9;86.5;94.3
O3;uur;µg/m³;2023-06-21T20:00:00+01:00;2023-06-21T21:00:00+01:00;74.1;47.1;70.4;38.6;66.1;91.85;80.34;72.17;93.49;82.28;58.36;83.32;83.71;100.61;73.87;67.01;97.43;77.38;40.21;75.75;95.26;77.64;59.25;84.91;82.53;91.35;68.3;;76.92;90.34;66.94;89.01;57.33;90.06;90.84;77.33;70.53;82;78.74;50.8;87.59;93.22;86.8;77.3;87.8
O3;uur;µg/m³;2023-06-21T21:00:00+01:00;2023-06-21T22:00:00+01:00;56.6;38;62.3;39.9;34.8;97.32;48.75;47.85;78.59;63.94;40.61;75.41;83.41;83.64;70.52;36.1;89.69;67;22.21;51.08;69.96;90.33;47.91;91.48;69.33;90.91;41.36;;62.54;84.42;50.66;75.34;50.72;83.57;68.74;73;41.24;75.01;60.62;47.12;80.92;69.96;71.3;53.5;64.9
O3;uur;µg/m³;2023-06-21T22:00:00+01:00;2023-06-21T23:00:00+01:00;31;46.4;72;31.3;45.5;81.67;28.92;78.05;86.73;48.65;25.45;69.55;70.81;72.55;62.05;17.48;77.77;57.97;18.97;24.2;29.33;77.88;41.04;83.92;49.55;84.5;33.37;;55.55;76.79;43.29;69.3;42.09;74.07;12.02;70.5;23.19;72.68;66.12;46.29;54.28;52.35;62;47;45.7
O3;uur;µg/m³;2023-06-21T23:00:00+01:00;2023-06-22T00:00:00+01:00;40.2;65.2;66.1;39.6;56.5;68.17;20.51;64.66;83.67;20.87;15.67;64.01;55.56;57.57;59.05;20.93;72.32;76.52;14.05;28.36;7.49;69.36;31.16;71.26;55;62.12;15.52;;53.89;68.17;46.49;61.44;35.36;60.9;2.95;67.62;14.36;68.83;67.85;49.5;29.41;51.67;63.9;65.2;45
O3;uur;µg/m³;2023-06-22T00:00:00+01:00;2023-06-22T01:00:00+01:00;47.7;61.4;66.6;31.6;58;63.32;10.54;29.39;77.89;33.74;6.58;48.81;52.68;38.45;24;13.2;75.78;72.26;5.89;43.85;22.4;60.55;28.06;70.33;38.37;60.71;19.67;;36.77;51.97;39.4;43.49;23.17;62.47;0.93;67.89;3.4;64.64;70.94;8.15;31.69;51.31;49.4;63.7;38.6
O3;uur;µg/m³;2023-06-22T01:00:00+01:00;2023-06-22T02:00:00+01:00;40.6;55.6;61.1;41.3;42.9;61.82;10.45;21.8;64.44;25.94;4.86;51.19;40.52;44.42;37.24;12.5;70.16;77.43;12.34;51.5;17.66;51.45;24.2;54.79;34.6;47.57;8.7;;32.26;51.75;20.39;39.95;24.04;49.99;0.86;64.06;13.31;53.26;60.33;2.76;49.7;24.7;40.4;59;31.1
O3;uur;µg/m³;2023-06-22T02:00:00+01:00;2023-06-22T03:00:00+01:00;44.4;52.1;55.6;38.2;41;60.2;15.84;21.42;61.69;22.3;8.03;47.87;48.13;73.7;20.77;5.46;59.4;74.05;14.68;38.62;4.38;41.69;31.46;63.01;20.08;33.58;10.55;;26.87;52.04;5.26;37.14;19.86;44.38;0.84;62.25;22.35;53.09;58.31;0.72;43.01;37.45;35;47.5;19.5
O3;uur;µg/m³;2023-06-22T03:00:00+01:00;2023-06-22T04:00:00+01:00;36.4;44.4;45.7;27.1;46;62.18;27.36;43.36;57.98;18.29;2.66;48.22;;75.13;9.36;11.31;60.49;57.34;24.59;36.68;5.61;35.55;26.77;48.04;27.94;26.93;11.23;;20.41;46.75;6.33;30.62;12.71;34.96;0.8;57.74;16;38.83;44.43;0.31;18.92;30.15;32.5;43.2;13.6
O3;uur;µg/m³;2023-06-22T04:00:00+01:00;2023-06-22T05:00:00+01:00;12.8;27.6;28.1;26.8;39;58.37;29.79;46;51.2;14.99;2.2;42.48;;65.73;18.51;17.16;40.53;45.85;16.08;36.5;6.95;20.79;14.67;14.24;13.13;36.2;15.07;;19.32;47.21;9.03;27.58;10.12;26.44;0.86;55.55;15.53;43.85;37.94;0.52;25.64;27.12;29;34.7;15.2
O3;uur;µg/m³;2023-06-22T05:00:00+01:00;2023-06-22T06:00:00+01:00;3;20.3;20.2;18.8;28.7;51.29;33.35;42.1;49.73;29.38;2.69;43.63;;58.62;25.26;18;36.33;38.53;18.79;38.9;8.31;21;10.77;7.18;16.83;35.45;22.14;;22.66;47.44;12.75;37.18;16.21;32.32;2.89;51.83;35.88;45.85;38.29;6.56;35.67;35.22;28;31;14.3
O3;uur;µg/m³;2023-06-22T06:00:00+01:00;2023-06-22T07:00:00+01:00;8.6;27;26.1;21.8;40.7;46.89;41.36;29.93;45.02;45;6.52;47.82;;59.27;34.55;27.43;39.74;36.9;28.44;35.28;24.45;41.31;23.84;13.13;53.89;32.45;51.51;;35.91;49.23;30.26;48.25;29.05;41.99;23.16;47.92;49.82;57.73;38.21;36.57;65.57;54.59;43.2;34.1;40.1
O3;uur;µg/m³;2023-06-22T07:00:00+01:00;2023-06-22T08:00:00+01:00;11.4;28.4;31.8;30.1;60.1;38.15;48.05;45.44;53.99;60.6;28.22;54.45;;64.17;51.85;24.62;46.36;48.39;45.64;43.26;51.95;50.15;23.72;25.22;75.77;33.79;72.88;;44.99;56.49;46.43;54.47;45.53;61.98;68.85;52.24;76.71;66.88;62.52;64.99;84.64;73.96;74.3;70.6;72.6
O3;uur;µg/m³;2023-06-22T08:00:00+01:00;2023-06-22T09:00:00+01:00;38.2;51.9;53.2;46.2;76.3;41.73;51.01;60.67;60.52;71.88;52.75;55.61;;53.5;68.06;34.65;72.27;50.25;69.39;61.32;67.51;70.86;53.88;46.17;85.67;60.34;88.9;;63.87;74.98;66.44;75.08;70.36;75.96;85.97;51.01;93.89;82.7;76;81.62;91.38;97.81;85.6;80.1;88.9
O3;uur;µg/m³;2023-06-22T09:00:00+01:00;2023-06-22T10:00:00+01:00;59.8;63.2;75.3;65.2;67.6;50.22;69.72;69.06;78.92;71.16;55.88;60.34;;66.27;78.26;59.12;84.68;74.79;83.31;75.3;94.17;90.12;74.66;58.87;91.8;76.69;103.42;;80.61;84.73;85.11;89.27;84.15;79.93;97.72;;102.7;97.75;89.24;94.92;96.79;103.95;101.1;99;102.3
O3;uur;µg/m³;2023-06-22T10:00:00+01:00;2023-06-22T11:00:00+01:00;67.1;77.1;79.8;72.8;76.1;68.15;79.53;69.78;91.26;67.63;55.18;70.67;;73.33;59.46;61.42;88.5;87.23;82.86;83.85;105.94;100.39;79.09;67.1;93.47;93.2;110.74;;90.99;96.52;88.38;99.39;87.01;91.69;102.5;;105.82;107.95;100.98;103.73;103.92;110.9;105.6;103.9;105.4
O3;uur;µg/m³;2023-06-22T11:00:00+01:00;2023-06-22T12:00:00+01:00;71.3;82.7;89.9;79.9;81.2;63.34;79.44;61.41;77.13;68.93;40.8;71.85;;72.74;71.9;66.76;92.6;94.37;88.77;;116.87;109.78;90.68;77.94;99.29;101.7;111.91;;94.68;97.48;96.43;102.45;91.42;98.89;109.75;;110.48;111.62;105.27;110.99;111.43;115.59;110.2;109.6;111.7
O3;uur;µg/m³;2023-06-22T12:00:00+01:00;2023-06-22T13:00:00+01:00;68.8;85.3;91.4;81.6;95.1;51.66;69.53;57.38;92.1;61.34;42.74;53.21;;48.73;59.25;65.05;99.09;92.55;78.3;;115.57;114.55;86.44;70.31;99.74;101.81;106.52;;93.48;99.69;95.62;101.22;91.28;107.45;114.21;;117.67;109.59;108;116.56;102.69;117.62;112.2;108.7;112.2
O3;uur;µg/m³;2023-06-22T13:00:00+01:00;2023-06-22T14:00:00+01:00;72;86.2;90.4;80.7;104.1;58.17;80.72;49.05;91.73;75.93;52.89;67;;64.25;67.94;67.62;102.37;97.27;73.93;;118.41;112.38;80.19;81.86;100.51;87.56;94.11;;92.98;97.83;93.43;98.92;89.87;88.07;112.81;;121.06;108.74;107.27;117.33;98.38;110.49;111.5;111.3;115.9
O3;uur;µg/m³;2023-06-22T14:00:00+01:00;2023-06-22T15:00:00+01:00;72.6;93.5;94.5;68;106.2;66.41;85.43;57.55;64.5;88.62;52.27;81.77;;84.62;78.26;63.2;98.04;96.61;69.61;;117.6;111.02;87.13;88.32;97.2;101.27;88.53;;82.08;82.57;80.25;85.19;77.32;76.5;82.2;;111.96;102.42;103.89;107.59;91.26;100.14;105.2;107.4;112.5
O3;uur;µg/m³;2023-06-22T15:00:00+01:00;2023-06-22T16:00:00+01:00;59.1;75.8;89.1;64.3;102.8;76.19;84.78;55.18;69.06;87.29;39.81;84.17;;88.66;77.08;71.59;100.26;92.63;72.51;;111.98;103.84;78.81;84.43;94.93;99.08;84.1;;69.65;75.84;65.12;73.4;83.95;82.94;76.69;83.53;81.27;93.48;93.55;104.18;86.22;85.8;98.5;99.1;106.3
O3;uur;µg/m³;2023-06-22T16:00:00+01:00;2023-06-22T17:00:00+01:00;46.4;73.1;71.3;57.9;104.3;77.2;87.91;64.55;76.08;86.98;52.3;84;;88.81;78.76;78.32;99.63;88.18;73.82;76.28;101.35;93.02;52.21;94.96;88.33;91.66;103.18;;70.69;78.08;70.87;79.25;81.41;86.25;71.63;92.13;70.68;85.61;86.09;97.19;83.51;84.72;95.5;82.7;89.4
O3;uur;µg/m³;2023-06-22T17:00:00+01:00;2023-06-22T18:00:00+01:00;50.4;50.3;74.1;64.1;97.8;78.94;97.4;82.74;83.2;73.33;68.38;82.94;;87.9;79.59;77.22;95.91;88.45;70.66;81.46;90.72;92.04;55.87;92.85;80.53;87.86;87.07;75.42;60.52;80.61;67.03;74.79;75.11;70.39;78.02;91.58;73.69;77.15;77.04;83.24;96.49;85.48;86.1;80.8;83.2
O3;uur;µg/m³;2023-06-22T18:00:00+01:00;2023-06-22T19:00:00+01:00;47.1;51;72.7;70.9;96.2;93.6;97.52;88.48;96.79;76.11;66.61;73.83;;69.1;86.88;77;93.93;87.3;71.15;78.67;81.94;89.52;53.51;89.87;88.09;79.29;75.16;67.81;60.5;71.68;68.22;69.01;71.3;79.46;74;75.5;77.56;70.91;76.82;71.88;89.74;91.71;79.9;74.7;81.4
O3;uur;µg/m³;2023-06-22T19:00:00+01:00;2023-06-22T20:00:00+01:00;52.7;47.7;68.8;71.4;98.3;94.75;83.16;90.01;99.83;75.6;56.35;75.05;;76.12;81.53;82.07;94.66;80.9;60.98;66.88;83.34;85.43;60.26;89.21;89.55;78.87;62.04;69.48;53.88;67.65;68.04;61.99;67.14;87.65;74.67;74.38;66.06;64.77;80.19;60.9;91.96;89.67;77;70.8;71.3
O3;uur;µg/m³;2023-06-22T20:00:00+01:00;2023-06-22T21:00:00+01:00;65.3;46.6;71.9;71.3;93.6;89.7;81.19;86.75;94.59;72.55;50.25;67.42;;67.27;78.49;81.18;90.74;71.75;53.75;63.4;88.17;87.71;74.35;87.89;88.63;82.35;66.98;65.32;52.54;64.51;66.64;62.32;63.56;78.8;67.3;70.59;62.86;72.3;75.68;69.58;90.42;91.52;83.3;77.4;77
O3;uur;µg/m³;2023-06-22T21:00:00+01:00;2023-06-22T22:00:00+01:00;67.2;57.8;78.7;70.5;78.5;81.79;71.9;81.44;82.91;65.82;47.74;62.53;;62.98;76.74;71.73;93.55;73.61;62.7;64.4;96.05;90.07;74.86;90.02;92.24;82.49;71.99;72.82;64.42;71.78;62.01;72.03;56.04;64.76;63.82;61.83;57.36;72.2;79.78;61.18;90.87;92.12;79.8;74.4;75.1
O3;uur;µg/m³;2023-06-22T22:00:00+01:00;2023-06-22T23:00:00+01:00;65.7;63.7;82.5;74.6;83.1;73.81;64.53;79.29;81.05;50.71;42.6;52.91;;52.58;59.75;57.69;91.4;80.28;66.79;68.47;92.01;92.33;76.72;89.8;92.22;81.99;75.97;66.94;69.4;77.33;65.84;77.16;58.89;64.59;63.72;53.34;57.44;69.02;88.52;71.22;103.18;98.69;83.3;70.6;81.8
O3;uur;µg/m³;2023-06-22T23:00:00+01:00;2023-06-23T00:00:00+01:00;65.5;59.1;85.5;71.2;82;64.01;60;67.54;72.44;47.89;41.22;41.99;;41.68;64.06;56.81;89.75;82.39;71.05;73.54;92.12;86.22;74.98;86.55;87.15;80.44;78.46;58.06;66.18;73.34;71.46;76.46;59.05;61.93;67.16;57.96;66.84;69.76;82.75;80.76;105.97;103.09;82.4;83.4;85.2
O3;uur;µg/m³;2023-06-23T00:00:00+01:00;2023-06-23T01:00:00+01:00;71.7;59.1;82.7;64.5;81.7;62.49;56.23;58.66;57.93;54.81;32.44;39.49;;35.96;66.37;62.37;80.72;81.23;69.43;75.23;87.32;86.92;74.33;82.5;76.49;70.08;86.11;64.45;69.49;80.76;70.89;81.18;59.51;66.92;70.53;57.39;71.38;75.06;76.45;81.27;103.78;94.74;82.8;54.7;75.6
O3;uur;µg/m³;2023-06-23T01:00:00+01:00;2023-06-23T02:00:00+01:00;66.2;58.9;74.9;63.5;80.8;56.33;51.87;45.32;47.82;55.19;31.68;40.26;;37.66;68.18;53.95;76.3;81.08;54.99;76.77;87.83;89.74;69.59;85.03;80.48;81.85;85.18;61.8;63.84;65.18;62.86;73.08;57.74;71.16;62.39;59.38;70.81;79.53;67.26;72.61;94.32;86.88;79.5;59.2;69.3
O3;uur;µg/m³;2023-06-23T02:00:00+01:00;2023-06-23T03:00:00+01:00;66.8;53.5;78.5;54.8;63.8;45.95;51.94;40.68;43.93;46.92;25.92;42.04;;35.41;60.27;44.92;71.29;72.23;38.37;70.77;81.18;75;69.21;69.02;68.62;83.08;77.94;59.92;56.74;65.66;58.15;61.11;59.42;63.56;70.8;62.33;68.79;77.53;72.83;67.52;87.86;84.39;80.9;68.5;70.4
O3;uur;µg/m³;2023-06-23T03:00:00+01:00;2023-06-23T04:00:00+01:00;51.1;49.2;65;47.3;68.9;40.61;53.54;37.67;41.58;44.87;27.71;46.63;;38.03;50.6;21.96;65.46;70.05;31.17;62.13;66.54;66.66;45.05;68.22;71.44;65.63;74.62;64.89;50.88;60.28;49.1;55.09;56.73;60.92;54.1;51.34;66.26;63.82;75.55;51.13;79.14;81.13;77.9;55.8;71.2
O3;uur;µg/m³;2023-06-23T04:00:00+01:00;2023-06-23T05:00:00+01:00;37;24.5;56.8;44.1;58;45.58;55.9;38.71;40.02;45.88;14.68;42.65;;38.07;43.54;16.99;56.98;58.88;13.91;40.89;70.06;44.49;24.17;53;76.47;58.24;73.4;58.49;49.56;55.39;48.23;55.12;51.38;62.24;43.29;51.89;67.36;54.27;70.54;44.19;68.7;77.54;70.2;57.1;67.2
O3;uur;µg/m³;2023-06-23T05:00:00+01:00;2023-06-23T06:00:00+01:00;34.3;19.8;47.6;35.8;57.2;46.15;53.27;38.59;40.04;39.56;22.75;38.12;;43.01;50.32;25.97;71.9;50.64;23.94;34.57;77.94;61.69;28.63;66.01;81.1;65.79;68.59;;41.37;50.69;39.69;53.19;48.33;54.46;37.06;46.38;59.52;51.09;69.99;43.65;60.46;66.09;63.7;62.1;69.2
O3;uur;µg/m³;2023-06-23T06:00:00+01:00;2023-06-23T07:00:00+01:00;38.6;26.9;61.7;43.1;71.8;50.99;55.23;38.22;42.25;43.26;36.73;41.86;;42.51;40.39;37.4;78.86;50.96;30.3;48.78;83.75;74.9;52.27;78.42;80.43;73.86;68.93;;42.54;43.39;47.47;54.35;53.26;48.4;48.46;49.97;57.9;55.94;77;43.25;67.83;57.41;68.9;54.9;65.9
O3;uur;µg/m³;2023-06-23T07:00:00+01:00;2023-06-23T08:00:00+01:00;49.1;44.9;68.6;43.3;75.5;58.7;59.58;51.67;56.15;53.43;49.08;52.88;;49.72;50.66;52.34;80.92;63.48;42.02;56.25;87.01;73.05;59.93;78.34;82.34;75.09;81.16;;48.4;49.26;56.78;62.81;63.55;52.37;70.15;60.47;62.66;64.38;81.89;45.07;80.68;58.3;75.8;68.7;65.2
O3;uur;µg/m³;2023-06-23T08:00:00+01:00;2023-06-23T09:00:00+01:00;45.8;55.5;75.1;36.8;74.6;70.07;67.6;62.24;68.84;59.11;51.18;56.2;;57.97;57.74;78.27;81.24;79.77;45.62;67.43;89.16;84.6;64.43;82.3;80.49;75.89;84.79;;63.35;59.83;56.67;75.02;72.57;58.4;76.09;68.34;70.08;71.12;85.8;60.29;85.62;78.53;75.9;68.6;75.7
O3;uur;µg/m³;2023-06-23T09:00:00+01:00;2023-06-23T10:00:00+01:00;58.4;54.5;76.3;47.2;74.3;76.84;73.85;72.12;85.93;71.05;54.9;67.95;;73.29;63.02;94.88;85.71;79.15;57.07;77.59;89.63;88.36;79.79;79.94;85.4;76.02;89.55;83.85;64.28;70.71;65.81;76.54;80.79;69.1;83.2;74.24;77.6;78.48;86.69;69.31;87.81;86.52;81.2;74.1;73
O3;uur;µg/m³;2023-06-23T10:00:00+01:00;2023-06-23T11:00:00+01:00;63.4;53.7;77.6;37.7;85;85.33;80.67;84.57;94.52;81.12;67.46;80.47;;84.62;70.82;95.49;85.73;85.83;71.88;82.72;89.26;89.46;80.06;80.81;86.01;80;94.32;86.84;78.3;87.71;73.93;89.39;84.04;79.47;93.24;84.59;84.66;88.32;87.2;78.54;88.79;91.26;82.9;71;70.4
O3;uur;µg/m³;2023-06-23T11:00:00+01:00;2023-06-23T12:00:00+01:00;56.5;52.7;78.6;50.2;80.2;94.25;90.47;98.31;106.8;90.76;93.14;87.01;;93.3;79.57;99.53;88.85;89.36;83.38;90.34;94.64;96.68;77.37;85.37;91.02;80.27;96.01;87.93;82.72;92.19;72.28;94.04;91.71;87.54;95.56;96.22;93.54;87.42;89.24;86.42;92.73;94.45;87.8;78;73
O3;uur;µg/m³;2023-06-23T12:00:00+01:00;2023-06-23T13:00:00+01:00;58.4;54.7;78.7;21.4;55.2;101.17;98.95;106.05;113.8;101.32;102.67;91.69;;102.43;101.07;88.45;90.25;90.59;88.51;97.32;97.28;95.52;67.1;88.96;88.17;81.51;99.71;91.55;84.06;94.53;78.06;95.41;97.09;93.27;100.71;106.45;91.55;89.72;87.27;;88;96.38;89.5;75.7;82.3
O3;uur;µg/m³;2023-06-23T13:00:00+01:00;2023-06-23T14:00:00+01:00;81.4;48.1;65.6;34.8;60.8;106.76;100.36;107.42;117.89;106.95;102.69;95.14;;108.03;103.91;86.96;92.24;79.85;102.33;98.94;98.37;94.02;82.83;86.33;87.07;81.05;104.3;93.92;89.75;99.01;82.81;103.12;99.36;95.03;103.61;113.31;94.69;92.35;88.87;;87.39;94.03;79.4;73.6;89
O3;uur;µg/m³;2023-06-23T14:00:00+01:00;2023-06-23T15:00:00+01:00;87.8;48.9;93.4;58.2;57.9;111.93;105.78;107.76;118.8;112.5;109.88;100.53;;112;103.4;96.6;96.02;88.16;103.65;102.07;98.46;97.89;99.78;89.53;87.1;82.5;103.73;93.39;92.57;96.99;81.69;104.17;102.94;95.11;104.16;118.47;98.33;91.88;85.98;;81.41;94.85;79.8;75.1;85.5
O3;uur;µg/m³;2023-06-23T15:00:00+01:00;2023-06-23T16:00:00+01:00;89.7;60.2;97.2;42.3;65.5;115.53;107.51;108.7;119.13;110.57;114.88;107.12;102.19;111.3;112.54;109.46;98.25;100.95;100.98;108.62;97.17;104.01;95.67;94.25;85.49;78.59;101.72;92.17;90.03;98.26;83.17;101.61;100.72;98.72;109.36;119.71;98.78;93.35;85.75;;86.91;91.1;85;80.6;89.7
O3;uur;µg/m³;2023-06-23T16:00:00+01:00;2023-06-23T17:00:00+01:00;93.7;62.9;97;57.9;63.9;116.07;108.73;106.86;114.22;110.22;118.21;109.43;110.15;107.49;119.1;113.23;101.53;96.99;104.66;101;96.9;105.98;98.85;96.16;84.75;82.46;100.08;90.71;90.82;101.01;83.59;104.87;96.57;100.49;119.31;116.9;97.07;90.22;85.84;;83.62;91.97;86.9;81.6;90.2
O3;uur;µg/m³;2023-06-23T17:00:00+01:00;2023-06-23T18:00:00+01:00;98.3;71.9;99.8;48.1;91;114.29;111.05;111.39;111.95;113.24;125.03;103.9;113.95;106.81;119.72;117.78;105.22;99.81;101.74;104.69;106.48;109.25;100.41;103.24;87.42;84.24;97.78;95.26;91.24;98.62;80.37;102.13;92.16;101.02;112.14;115.09;95.42;88.37;88.69;;86.01;85.74;86.4;78.2;92.6
O3;uur;µg/m³;2023-06-23T18:00:00+01:00;2023-06-23T19:00:00+01:00;93.9;67.3;92.5;59;93.5;111.16;103.5;113.68;109.16;116.83;126.45;99.36;113.1;109.14;110.34;108.81;115.22;96.09;93.65;102.84;109.54;109.98;82.18;89.71;89.58;96.17;94.11;99.17;88.91;95.8;73.99;99.73;98.24;100.21;105.79;109.27;91.57;87.68;87.24;;82.46;85.15;88.9;86.7;92.6
O3;uur;µg/m³;2023-06-23T19:00:00+01:00;2023-06-23T20:00:00+01:00;88.6;54.9;85.9;36.9;94.8;113.4;103.39;86.18;103.23;101.58;99.21;93.52;106.28;105.47;108.57;81.89;109.11;89.65;91.57;102.28;94.33;108.19;68.86;78.1;88.34;92.64;67.14;89.98;82.48;94.89;70.99;96.13;84.46;81.63;94.98;102.36;83.29;80.75;81.62;;78.85;79.91;87.9;86;91.3
O3;uur;µg/m³;2023-06-23T20:00:00+01:00;2023-06-23T21:00:00+01:00;84.5;48.4;81.6;52.4;78.2;101.79;65.99;78.12;77.72;80.91;84.55;77.34;102.73;92.1;89.37;70.69;102.03;82.6;53.51;92.73;72.51;96.66;61.57;71.09;75.53;78.73;45;70.83;74.49;86.54;69.11;90.56;76.87;71.72;78.56;93.68;56.28;73.48;67.42;;67.94;76.22;85.7;88;86.6
O3;uur;µg/m³;2023-06-23T21:00:00+01:00;2023-06-23T22:00:00+01:00;88.8;45.2;94;77.1;46.3;49.47;53.44;51.96;42.61;40.05;87.69;61.09;76.35;81.03;67.56;44.48;91.48;82.21;62.39;70.69;65.88;69.64;98.29;57.39;44.03;60.17;36.6;32.87;50.91;57.89;36.53;62.37;58.19;63.07;35.41;71.57;24.07;60.81;49.82;;63.07;66.48;62.2;71.1;78.4
O3;uur;µg/m³;2023-06-23T22:00:00+01:00;2023-06-23T23:00:00+01:00;68.3;48.6;58.2;38;59.9;20.34;38.01;24.96;27.14;16.3;56.75;33.91;74.33;57.86;56.51;15.97;67.25;61.35;55.21;74.06;44.54;62.67;60.23;49.2;44.13;54.11;20.4;27.73;33.56;18.97;28.6;36.92;22.06;57.12;10.51;56.32;14.79;48.97;46.78;;47.46;48.77;61.6;43.2;57.8
O3;uur;µg/m³;2023-06-23T23:00:00+01:00;2023-06-24T00:00:00+01:00;56.1;38.9;49.1;53.3;46;38.81;26.33;17.75;21.46;23.7;41.67;57.47;72.4;17.79;45.96;10.09;53.51;46.05;20.74;62.23;50.1;55.77;39.89;30.56;49.1;57.81;20.76;32.23;24.35;15.74;29.65;24.16;10.02;38.49;6.69;70.9;12.91;31.82;44.69;;27.54;40.98;48.9;45.4;48
O3;uur;µg/m³;2023-06-24T00:00:00+01:00;2023-06-24T01:00:00+01:00;48.3;25.3;44.4;32.8;41.4;25.74;24.58;15.6;14.11;42.93;18.47;46.48;54.17;25.11;38.49;25.29;44.07;43.59;27.92;44.26;47.19;38.75;33.42;31.18;61.41;60.5;31.26;42.77;25.65;19.37;22.22;26.5;4.96;18.51;25.54;77.77;11.36;32.96;44.43;;28.8;44;56.9;41.8;42.9
O3;uur;µg/m³;2023-06-24T01:00:00+01:00;2023-06-24T02:00:00+01:00;38.4;16.3;26.3;8.7;33.4;14.66;50.17;32.05;16.88;29.1;8.42;31.87;44.5;28.57;42.31;28.39;38.2;37.02;23.6;34.34;39.3;26.06;25.94;31.39;60.28;48.79;40.63;40.29;31.27;16.81;41.82;27.76;26.3;18.73;19.58;79.52;5.92;32.26;40.21;;26.74;34.83;57.5;40.2;48.2
O3;uur;µg/m³;2023-06-24T02:00:00+01:00;2023-06-24T03:00:00+01:00;32.5;17.9;29.9;13.3;34.4;11.95;18.74;29.49;19.25;17.14;3.73;29.95;35.68;25.85;38.27;25.82;28.6;20.77;8.64;24.64;12.28;25.08;29.39;28.48;57.09;35.03;43.65;35.75;30.72;12.45;38.93;24.48;25.25;11.26;7.69;59.15;2.38;40.58;31.64;;31.37;24.67;42.5;35.2;39.4
O3;uur;µg/m³;2023-06-24T03:00:00+01:00;2023-06-24T04:00:00+01:00;26.3;10.6;22.2;9.9;28.9;14.15;8;22.34;19.68;3.52;9.45;28.36;33.98;21.38;32.39;25.97;23.43;12.89;6.44;17.85;5.38;15.42;30.37;21.04;46.73;27.84;33.13;30.74;23.73;31.05;29.47;21.83;27.76;3.62;6.41;38.45;0.56;39.49;43.14;;32.35;36.59;36.6;28.1;30.3
O3;uur;µg/m³;2023-06-24T04:00:00+01:00;2023-06-24T05:00:00+01:00;29.5;14.9;16.6;7.8;22.4;17.39;5.15;14.01;38.61;6.34;15.16;22.7;32.13;12.47;27.11;17.53;17.84;9.88;14.44;25.05;3.99;23.09;26.26;7.72;43.96;28.11;29.29;17.5;29.35;29.64;15.84;35.5;16.69;2.78;2.22;31.9;1.29;21.34;41.71;;27.71;35.76;32;26.3;24.8
O3;uur;µg/m³;2023-06-24T05:00:00+01:00;2023-06-24T06:00:00+01:00;24.7;18.3;15.7;11.6;19.6;27.83;10.25;22.63;44.91;12.73;29.59;29.97;28.77;18.32;26.77;23.77;21.16;15.81;29.13;26.19;9.8;28.13;22.74;13.93;36.28;26.68;28.28;20.34;28.21;24.37;16.71;34.27;17.29;1.04;4.75;27.04;4.12;27.89;40.7;;31.69;40.05;19.7;25.5;25.4
O3;uur;µg/m³;2023-06-24T06:00:00+01:00;2023-06-24T07:00:00+01:00;25.5;17;14.9;12;22.9;41.04;35.05;38.51;49.11;25;33.86;40.32;26.92;32.78;26.1;29.42;25.37;23.63;30.7;30.28;25.63;26.36;24.24;17.82;29.98;25.13;36.57;23.68;31.94;34.27;23.04;40.4;26.93;16.59;27.15;41.35;24.66;42.57;45.7;;43;45.21;35.5;27.5;31.3
O3;uur;µg/m³;2023-06-24T07:00:00+01:00;2023-06-24T08:00:00+01:00;28.7;15.4;16.9;11.7;30.8;49.84;51.05;49.37;53.58;38.26;29.89;44.71;33.15;44.11;33.2;36.15;23.39;24.53;34.52;32.44;37.85;29.96;19.61;17.62;31.48;28.99;45.11;32.76;31.71;37.95;29.17;38.52;31.68;43.03;47.93;51;53.55;46.75;45.92;;54.8;65.61;23.2;31;31.5
O3;uur;µg/m³;2023-06-24T08:00:00+01:00;2023-06-24T09:00:00+01:00;32.5;18.5;17.7;14.9;29.5;70.78;63.45;61.13;62;48.57;36.57;51.32;41.31;53.81;36.15;42.9;32.45;33.3;38.13;38.51;47.23;31.31;25.21;24.29;41.16;37.23;50.69;39.57;35.52;40.08;37.85;42.54;37.06;64;60.3;58.21;70.8;51.23;58.06;;70.7;72.48;39.6;41.5;42.3
O3;uur;µg/m³;2023-06-24T09:00:00+01:00;2023-06-24T10:00:00+01:00;38.7;27.4;26.1;23.3;45.5;78.85;77.61;72.45;77.77;64.53;42.85;61.3;54.12;66.09;43.24;51.36;47.68;41.82;44.85;44.9;54.63;45.34;43.17;31.3;63.15;44.49;63.59;46.35;46.17;53.57;46.44;54.27;50.12;83.28;70.41;67.65;90.82;61.67;73.92;;91.95;98.6;57.4;48.8;47
O3;uur;µg/m³;2023-06-24T10:00:00+01:00;2023-06-24T11:00:00+01:00;48.8;36.1;37.7;31.7;43.7;84.89;86.49;85.95;85.69;76.03;56.53;69.16;63.78;73.95;46.45;64.01;44.63;54.41;55.9;53.82;48.93;58.97;57.76;48.01;76.66;58.8;95.6;58.78;60.66;63.14;58.99;69.68;59.44;89.64;76.32;88.43;92.98;88.96;84.84;;104.2;120.68;70.1;50.1;63.6
O3;uur;µg/m³;2023-06-24T11:00:00+01:00;2023-06-24T12:00:00+01:00;50.1;40.1;52.1;36.9;36.3;90.41;94.67;89.94;96.79;86.97;65.89;79.66;83.35;86.76;64.32;78.14;53.44;70.75;65.71;74.73;47.2;77.24;67.38;48.54;78.57;65.29;116.06;83.03;76.23;78.95;69.37;84.88;78.46;101.43;94.37;105.25;108.68;109.91;87.44;;120.24;126.37;83.3;77.5;73.7
O3;uur;µg/m³;2023-06-24T12:00:00+01:00;2023-06-24T13:00:00+01:00;54.3;47.6;68.3;35;41.7;94.22;107.06;93.26;98.3;106.51;77.94;96.93;99.88;100.13;75.3;84.27;46.43;77.55;72.3;86.23;50.98;85.48;70.67;46.27;83.21;65.1;125.93;101.69;95.91;102.81;90.49;107.78;92.85;112.02;113.3;123.48;118.08;115.97;92.49;;121.15;120.31;92.2;83.7;87.2
O3;uur;µg/m³;2023-06-24T13:00:00+01:00;2023-06-24T14:00:00+01:00;73.1;56.3;80.7;44.1;52.4;96.13;115.43;93.76;96.88;117.22;85.11;109.31;104.15;113.33;85.07;81.54;57.25;87.58;72.41;99.65;63.61;64.52;74.77;48.67;91.18;84.04;125.83;113.79;104.08;115.62;105.17;117.43;115.61;121.98;125.4;132.52;124.54;125.94;90.14;;105.54;125.04;99.5;90.2;92.8
O3;uur;µg/m³;2023-06-24T14:00:00+01:00;2023-06-24T15:00:00+01:00;91;59.2;92;53.8;85;100.79;119.47;96.81;101.55;124.31;98.45;110.72;110.82;117.04;98.41;95.12;76.56;99.78;96.4;99.45;60.13;73.07;95.73;63.63;103.6;83.77;136.64;90.47;112.74;120.32;109.31;124.65;118.87;127.53;133.19;135.92;128.24;130.32;100.94;;107.58;117.03;113.6;105.4;109.4
O3;uur;µg/m³;2023-06-24T15:00:00+01:00;2023-06-24T16:00:00+01:00;102.7;70.4;106.4;56.4;74.6;104.42;126.01;100.08;106.84;129.59;112.75;113.93;118.63;118.77;113.93;106.11;81.71;111.05;110.81;108.33;72.18;91.88;116.68;75.08;110;78.84;150.27;87.68;117.65;126.13;103.08;129.09;122.83;128.2;138.25;133.62;126.04;130.9;107.45;;112.37;107.08;115.1;106.8;109.4
O3;uur;µg/m³;2023-06-24T16:00:00+01:00;2023-06-24T17:00:00+01:00;104.9;78.8;115.6;36.2;94.9;107.25;131.14;102.39;109.94;131.49;121.53;115.75;123.52;121.53;114.3;112.06;99.62;117.42;115.74;114.57;86.83;102.45;116.89;97.14;106.18;82.7;141.57;98.55;119.23;129.04;98.59;131.51;124.44;135.11;138.32;135.04;126.95;135.25;105.9;;102.15;110.6;105.9;87.1;103.8
O3;uur;µg/m³;2023-06-24T17:00:00+01:00;2023-06-24T18:00:00+01:00;110.4;75.2;104;59.4;111.2;107.62;134.64;101.84;117.23;134.86;128.84;122.47;120.25;123.15;114.85;111.57;110.68;111.56;119.49;124.42;90.56;117.51;96.15;106;103.84;86.64;135.06;105.6;107.05;113.89;98.59;116.57;96.24;137.57;133.83;134.12;124.68;132.25;103.31;;88.87;102.28;104.3;78.9;108
O3;uur;µg/m³;2023-06-24T18:00:00+01:00;2023-06-24T19:00:00+01:00;96.7;76;106.4;31.4;119.2;112.71;136.17;90.12;122.2;140.25;125.17;124.41;121.86;125.5;112.76;102.53;111.32;103.59;114.53;124.7;91.12;125.31;105.94;110.34;100.78;78.84;125;107.43;104.76;110.94;91.82;115.31;98.24;128.68;138.07;137.76;116.22;127.76;102.36;;84.05;96.15;105.5;90.2;105.9
O3;uur;µg/m³;2023-06-24T19:00:00+01:00;2023-06-24T20:00:00+01:00;73.5;76.9;104.8;65.1;114.6;105.81;131.06;93.28;113.72;137.36;115.13;125.18;120.56;125.43;114.44;76.14;112.12;102.06;104.48;117.01;91.55;117.02;98.97;105.38;96.95;58.73;99.88;94.51;101.83;104.46;80.65;112.59;97.87;115.17;132.61;140.27;105.3;116.77;93.21;;81.36;80.16;104.8;96.4;81.6
O3;uur;µg/m³;2023-06-24T20:00:00+01:00;2023-06-24T21:00:00+01:00;46.4;69.4;100.3;73.9;86.4;78.34;;62.51;89.18;111.11;89.93;118.15;109.81;116.44;109.92;89.75;94.82;97.5;70.65;110.97;73.18;103.59;80.87;79.67;83.09;57.24;67.45;78.08;93.06;100.05;75.43;107.05;85.73;104.55;118.89;134.65;65.6;99.85;73.66;;62.02;74.03;97.9;99.3;103.6
O3;uur;µg/m³;2023-06-24T21:00:00+01:00;2023-06-24T22:00:00+01:00;52.3;81.5;88;55.8;68;49.88;77.54;33.52;45.79;81.23;62.48;103.4;95.08;103.94;105.05;58.51;85.7;98.55;53.19;101.41;56.85;81.9;59.64;61.83;63.18;37.63;56.11;76.49;77.11;95.27;74.45;93.51;69.4;81.96;103.62;121;40.11;81.95;73.89;;53.32;63.58;86.4;86.6;96.6
O3;uur;µg/m³;2023-06-24T22:00:00+01:00;2023-06-24T23:00:00+01:00;54.7;69.4;68.2;37.8;47.4;50.2;58.21;28.44;32.62;67;51.75;69.55;82.9;65.83;94.21;32.67;63.42;84.83;50.75;86.32;28.48;63.15;29.73;56.93;61.58;24.56;55.93;67.1;81.75;97.34;60.19;90.88;61.04;63.52;71.71;116.97;77.24;74.96;61.05;;40.97;48.1;75.3;79.4;90.4
O3;uur;µg/m³;2023-06-24T23:00:00+01:00;2023-06-25T00:00:00+01:00;48.5;47;45.2;20.5;21.6;36.56;46.4;18.84;21.96;60.14;58.14;55.38;74.9;59.87;69.54;33.47;54.87;81.76;34.81;77.05;9.38;50.24;21.8;37.96;63.32;23.89;50.64;72.53;69.83;85.46;46.04;76.53;56.24;49.55;42.87;63.1;64.79;69.6;46.61;;30.66;40.68;64.2;69;84
O3;uur;µg/m³;2023-06-25T00:00:00+01:00;2023-06-25T01:00:00+01:00;34.3;36.1;40;14.1;19.1;30.18;39.77;13.19;25.41;51.22;32.9;60.69;70.08;48.28;37.66;22.67;42.71;67.01;20.88;70.65;11;33.34;8.4;28.35;58.96;22.03;55.58;71.31;62.55;76.63;44.94;73.29;42.65;46.79;13.19;52.99;57.75;60.7;49.77;;28.43;38.43;67;75.6;71
O3;uur;µg/m³;2023-06-25T01:00:00+01:00;2023-06-25T02:00:00+01:00;22.4;46.8;39.8;25.7;27.3;22.56;28.18;14.32;20.45;24.81;22.43;36.6;60.36;41.1;20.86;12.84;48.55;74.53;23.7;63.45;21.26;33.8;5.67;31.27;67.32;39.64;41.74;66.33;60.13;68.95;55.68;63.78;42;57.66;8.39;56.11;52.69;55.49;54.78;;36.46;32.96;69.1;65.7;74
O3;uur;µg/m³;2023-06-25T02:00:00+01:00;2023-06-25T03:00:00+01:00;21.3;44.2;51.9;31;37;;;;;;;;;;;;;;;;;;;;;;;;;;;;;;;;;;;;;;66.8;67;77.5
O3;uur;µg/m³;2023-06-25T03:00:00+01:00;2023-06-25T04:00:00+01:00;56.9;53.1;50.7;33;58.3;9.85;12.05;11.02;24.32;8.01;14.09;14.34;50.33;14.47;33.18;18.94;75.59;73.46;34.21;52.58;49.43;46.08;16.91;50.57;77.07;;40.61;43.59;49.78;58.31;53.19;57.07;55.93;47.45;4.31;54.38;52.29;52.42;51.14;;39.49;32.61;65;60.8;70.5
O3;uur;µg/m³;2023-06-25T04:00:00+01:00;2023-06-25T05:00:00+01:00;53.2;46.3;51.8;33.1;58.5;3.77;3.3;12.02;31.36;7.91;18.52;16.09;46.12;3.16;38.94;21.22;60.26;63.77;36.03;48.93;51.16;42.5;6.57;44.88;73.97;54.22;47.56;34.67;48.45;49.77;49.53;58.3;60.44;40.18;4.87;55.77;56.68;50.75;54.72;;48.07;36.87;65.2;52.1;66.9
O3;uur;µg/m³;2023-06-25T05:00:00+01:00;2023-06-25T06:00:00+01:00;42;35.4;50;26.9;53.4;12.15;8.22;18.6;25.7;15.01;11.43;35.56;48.36;11.54;38.11;29.92;50.82;59.93;43.98;51.7;53;49.1;7.76;41.53;70.63;57.95;47.81;35.39;44.59;49.4;46.78;55.8;61.91;35.81;18.41;62.2;58.85;50.67;60.53;;50.04;50.31;63.5;39;57.4
O3;uur;µg/m³;2023-06-25T06:00:00+01:00;2023-06-25T07:00:00+01:00;45.6;38.4;53;24.8;26.9;32.21;41.61;42.4;57.59;36.12;30.12;56.14;65.51;52.28;48.74;43.82;55.8;71.84;45.76;63.81;60.78;55.96;40.35;45.08;73.12;54.98;58.13;52.96;54.24;61.53;51.12;67.45;63.19;44.23;43.68;70.96;64.76;60.5;66.51;;56.23;59.14;64.8;45.7;68.4
O3;uur;µg/m³;2023-06-25T07:00:00+01:00;2023-06-25T08:00:00+01:00;63.2;31.6;61.3;23.3;11.5;46.99;69.35;70.88;103.4;60.21;57.3;75.39;86.24;71;71.82;61.97;70.7;76.1;62.81;81.47;77.33;72.29;63.88;52.53;84.96;72.34;71.73;74.37;77.79;75.14;66.84;93.12;72.57;74.92;82.29;85.75;80;70.98;73.68;;70.73;78.25;79.5;58.7;92.4
O3;uur;µg/m³;2023-06-25T08:00:00+01:00;2023-06-25T09:00:00+01:00;84.8;63.3;82.7;57.5;64.9;79.15;95.9;91.06;112.8;92.83;90.75;94.56;109.59;89.73;74.39;74.9;89.86;66.23;93.55;99.77;108.41;92;94.24;68.17;92.72;104.3;99.24;100.11;106.76;95.3;90.91;118.99;90.02;95.87;120.29;108.81;109.83;86.91;88.37;;89.92;94.96;99.8;93.7;111.2
O3;uur;µg/m³;2023-06-25T09:00:00+01:00;2023-06-25T10:00:00+01:00;111.8;94.8;109.4;83.7;82.1;107.3;120.23;108.71;123.88;115.16;120.23;111.28;119.48;115.36;81.86;104.07;120.52;111.86;124.32;128.15;124.07;120.61;118.01;97.88;112.75;118.56;133.2;127.87;120.31;116.94;125.12;131.99;113.7;111.3;149.24;126.74;124.43;110.76;113.08;;115.72;119.76;130.1;118.5;129.2
O3;uur;µg/m³;2023-06-25T10:00:00+01:00;2023-06-25T11:00:00+01:00;123.3;102.3;128.9;120.4;112.2;119.7;135.55;119.92;134.03;124.07;135.34;129.93;128.9;137.95;118.23;116.63;146.87;134.54;136.23;148.75;136.87;138.88;135.89;104.49;132.95;125.63;153.85;132.13;131.12;137.24;130.74;144.26;134.31;136.72;155.11;137.5;140.46;139.12;128.58;;131.3;138.76;147;129.9;141.7
O3;uur;µg/m³;2023-06-25T11:00:00+01:00;2023-06-25T12:00:00+01:00;127.6;108.1;138.4;124.9;139.8;128.06;142.31;128.15;138.43;133.06;133.82;137.12;129.49;141.47;138.87;121.39;147.88;137.28;150.57;154.14;157.32;148.46;141.59;111.11;145.82;134.84;159.34;140.71;135.85;141.62;136.44;146.29;149.98;158.87;153.16;141.8;151.45;150.56;148.68;;139.47;142.58;148.6;137.1;147.8
O3;uur;µg/m³;2023-06-25T12:00:00+01:00;2023-06-25T13:00:00+01:00;132.5;118.2;143;121.3;143.3;130.08;145.87;132.15;139.75;140.83;143.65;138.8;131.95;142.49;144.36;129.71;146.74;146.48;163.15;155.69;177.76;152.25;147.9;116.32;152.79;139.4;148.22;142.94;135.85;143.6;130.86;148.75;149.78;156.93;144.7;141.36;146.97;156.33;147.2;;143.55;143.87;141.5;126.3;138.9
O3;uur;µg/m³;2023-06-25T13:00:00+01:00;2023-06-25T14:00:00+01:00;135.5;125.4;149.4;122.2;145.1;135.1;148.44;130.37;140.56;142.72;149.09;138.49;140.47;141.22;150.82;138.34;160.74;153.57;150.98;166;184.36;164.03;155.75;128.24;160.56;153.89;150.51;147.8;139.52;144.58;132.93;155.26;151.79;155.2;150.41;144.46;146.58;160.24;155.45;;137.72;148.61;144.3;134.2;143.3
O3;uur;µg/m³;2023-06-25T14:00:00+01:00;2023-06-25T15:00:00+01:00;137.8;119.7;151.9;125;159;138.3;148.59;128.46;142.98;141.2;152.4;140.17;149.07;141.51;150.29;143.97;174.73;159.12;154.26;153.24;188.24;168.04;160.93;130.89;162.27;160.54;151.29;161.4;142.07;148.45;139.5;155.37;150.28;152.55;151.97;149.96;142.32;161.66;160.07;;158.04;155.49;157.4;146.3;163.6
O3;uur;µg/m³;2023-06-25T15:00:00+01:00;2023-06-25T16:00:00+01:00;139.8;121.4;154.6;117.7;164.4;138.8;148.01;129.73;146.57;141.71;157.25;135.91;146;138.96;153.66;138.55;174.44;158.41;160.46;157.17;197.34;168;152.52;141.59;157.8;171.79;161.28;179.06;142.5;149.2;152.87;157.54;150.68;158.74;156.55;148.67;149.11;165.98;164.59;;161.02;159.23;174.1;162.7;181.5
O3;uur;µg/m³;2023-06-25T16:00:00+01:00;2023-06-25T17:00:00+01:00;147.9;132.7;160.2;109.2;181.8;137.4;148.77;123.13;147.74;137;161.63;130.85;143.31;137.76;141.91;136.7;174.68;162.87;160.96;163.55;194.04;158.29;155.35;159.27;156.81;179.36;161.85;168.61;144.08;151.51;144.99;160.33;151.27;155.36;163.34;152.26;150.65;160.91;171.97;;160.57;161.92;192.3;182.5;196.1
O3;uur;µg/m³;2023-06-25T17:00:00+01:00;2023-06-25T18:00:00+01:00;148.9;131.2;158.9;109.3;179.8;135.39;146.5;119.78;148.79;135.06;156.39;138.99;139.78;138.31;141.67;132.54;176.37;158.39;155.33;153.76;194.21;159.04;154.29;162.55;160.94;177.29;156.47;156.37;142.52;150.98;139.9;160.94;149.59;156.2;164.8;151.41;155.42;157.4;166.02;;162.04;163.14;187.9;173.5;190.9
O3;uur;µg/m³;2023-06-25T18:00:00+01:00;2023-06-25T19:00:00+01:00;149.2;133.1;158.2;97.4;168.6;127.73;142.59;114.64;142.87;129.96;142.8;136.76;135.51;135.92;137.22;127.43;155.55;154.32;151.99;146.64;194.31;156.83;152.7;128.74;164.93;171.57;151.76;139.75;133.8;145.15;120.62;155.88;128.58;138.49;157.12;149.31;153.44;155.72;168.85;;162;164.72;174.3;161;176.2
O3;uur;µg/m³;2023-06-25T19:00:00+01:00;2023-06-25T20:00:00+01:00;138.4;124.3;149.3;95.8;108.8;96.34;138.31;82.92;131.77;119.34;124.7;134.63;126.67;130.23;122.06;120.48;147.78;136.68;135.13;133.11;176.19;148.42;147.23;123.97;134.02;164.11;140.16;123.82;119.66;129.3;103.38;143.64;103.25;110.25;149.86;139.99;146.46;131.58;162.3;;136.83;169.17;165.5;142.1;158.2
O3;uur;µg/m³;2023-06-25T20:00:00+01:00;2023-06-25T21:00:00+01:00;122.2;100;134.9;92;108.4;89.96;113.21;77.04;95.45;98.31;100.17;119.56;114.78;111.47;110.19;111.12;134.4;132.22;98.08;115.05;141.09;131.13;127.3;108.93;114.22;136.13;122.32;101.41;98.18;103.88;104.35;125.52;85.54;112.31;134.51;125.14;130.37;115.45;134.99;;99.39;157.6;137.5;118.8;135.9
O3;uur;µg/m³;2023-06-25T21:00:00+01:00;2023-06-25T22:00:00+01:00;104.3;83.7;108;82.7;97;55.14;95.67;25.68;56.92;78.3;57.93;93.66;92.81;98.06;91.8;106.31;114.12;115.28;67.65;100.35;87.1;111.36;114.98;95.18;86.19;105.29;105.09;86.56;85.62;94.2;93.2;101.27;66.81;104.58;111.15;120.45;118.92;85.37;134.83;;59.38;137.67;110.2;96;105.1
O3;uur;µg/m³;2023-06-25T22:00:00+01:00;2023-06-25T23:00:00+01:00;97.4;74.4;96.8;70.2;74.8;37.55;78.49;29.27;38.12;63.42;62.53;101.02;76.21;96.13;109.55;112.8;99.55;99.38;77.87;79.91;68.67;87.92;111.23;82.21;102.62;79.91;95.97;80.56;83.44;80.74;62.59;88.22;67.45;100.33;69.62;119.09;107.03;83.47;101.44;;61.98;125.09;107.8;94.6;102
O3;uur;µg/m³;2023-06-25T23:00:00+01:00;2023-06-26T00:00:00+01:00;102.5;77.4;97.3;70.4;64.3;32.63;67.42;43.93;38.99;33.89;105.42;92.32;77.99;84.22;90.23;86.85;95.05;93.51;90.76;82.57;86.91;80.47;104.59;76.63;110.47;77.24;94.59;84.96;69.25;79.04;53.73;80.84;58.45;101.51;57.33;119.45;102.22;82.94;98.47;;71.3;116.05;99.5;90.3;94.3
O3;uur;µg/m³;2023-06-26T00:00:00+01:00;2023-06-26T01:00:00+01:00;93.7;77.2;91.9;61.6;66;24.88;67.19;47.35;51.8;50.85;87.8;83.69;97.14;72.24;59.83;58.93;98.61;89.17;91.15;107.74;114.82;93.03;88.41;85.95;107.57;103.18;101.32;57.99;74.31;78.4;70.75;82.49;59.21;104.46;70.15;98.95;100.48;68.87;81.71;;75.48;101.22;93.9;89.6;93.1
O3;uur;µg/m³;2023-06-26T01:00:00+01:00;2023-06-26T02:00:00+01:00;51.9;55.8;54.4;38.1;48.1;24.02;61.54;53.85;62.96;66.6;60.44;79.18;75.48;74.93;55.89;58.11;64.81;58.3;60.35;78.23;80.86;65.37;60.75;62.09;90.24;94.03;88.44;77.48;76.39;88.32;65.18;86.3;71.56;78.92;68.2;84.22;98.42;77.47;90.56;;80.34;92.63;103.5;104.2;103
O3;uur;µg/m³;2023-06-26T02:00:00+01:00;2023-06-26T03:00:00+01:00;51.2;48.4;52.7;34;37.1;41.78;63.46;79.95;90.89;68.05;51.6;75.88;56.18;74.21;54.36;53.95;47.43;48.61;53.74;55.73;60.64;53.55;57.63;48.57;84.71;62.01;78.41;62.57;71.08;75.96;70.86;75.74;52.15;55.76;80.24;73.56;83.06;78.77;92.97;;100.32;92;76.8;74.6;72.5
O3;uur;µg/m³;2023-06-26T03:00:00+01:00;2023-06-26T04:00:00+01:00;49.5;46.6;49.7;24.5;38.6;62.71;65.2;70.69;76.32;50.79;47.63;58.7;52.36;58.16;50.32;49.6;54.64;47.34;50.64;50.96;61.59;56.2;50.05;51.93;78.23;57.34;79.01;49.79;49.96;54.9;50.62;53.03;48.99;37.5;76.65;68.72;67.24;78.16;79.14;;87.82;86.4;62.5;58.5;58.4
O3;uur;µg/m³;2023-06-26T04:00:00+01:00;2023-06-26T05:00:00+01:00;44.6;31.7;36;19.2;36.8;61.79;53.65;58.64;63.52;44.07;49.22;47.2;51.61;48.3;63.97;49.73;62.43;42.39;52.37;48.26;83.92;62.23;41.03;56.37;90.39;79.37;60.52;54.63;51.05;50.12;47.57;54.1;48.82;31.04;55.32;49.61;65.02;71.16;76.34;;78.28;95.29;64.5;59.7;70.3
O3;uur;µg/m³;2023-06-26T05:00:00+01:00;2023-06-26T06:00:00+01:00;36.2;33.3;45.2;38.1;57.9;53.89;46.83;48.77;51.73;42.61;59.58;43.02;49.8;47.24;67.33;54.48;71.08;47.21;52.39;48.39;80.46;66.33;38.61;64.53;79.21;69.49;68.31;61.95;53.05;56.08;52.99;60.65;50.03;35.39;45.5;45.47;61.73;67.94;84.94;;81.18;85.15;73.7;62.5;76.4
O3;uur;µg/m³;2023-06-26T06:00:00+01:00;2023-06-26T07:00:00+01:00;43.7;47.2;63.1;53;59.4;50.41;46.64;47.43;52.04;50.71;70.04;44.99;55.09;51.69;70.67;69.28;69.93;63.04;64.39;48.93;77.78;69.2;58.64;66.65;73.77;67.19;79.2;68.1;61.11;64.32;62.7;67.85;58.13;32.58;59.39;45.82;56.47;80.16;74.19;;89.84;83.22;59.7;54.7;71.2
O3;uur;µg/m³;2023-06-26T07:00:00+01:00;2023-06-26T08:00:00+01:00;50.4;51.4;60.2;53.5;74.2;53.5;52.73;50.96;54.99;61;71.36;51.76;66.05;59.95;79.23;76.16;72.92;65.23;70.79;50.71;75.1;72.39;60.93;68.95;72.12;62.12;76.13;66.98;62.46;67.2;63.84;72.02;66.98;45.23;70.8;59.9;77.46;75.54;77.53;;84.75;83.9;65.4;57.4;67
O3;uur;µg/m³;2023-06-26T08:00:00+01:00;2023-06-26T09:00:00+01:00;61.5;57.8;66.1;52.5;71.1;58.35;59.54;58.36;60.21;68.99;80.32;59.15;72.72;69.69;80.02;80.03;79.18;70.57;73.62;63.69;81.41;79.06;61.84;75.52;69.43;69.24;75.76;69.03;62.22;67.1;63.74;69.95;66.98;64.76;74.37;67.38;77.71;75.36;75.46;;85.57;85.2;65.8;60.7;66.9
O3;uur;µg/m³;2023-06-26T09:00:00+01:00;2023-06-26T10:00:00+01:00;69;52.8;68.5;48.8;73.6;64.4;64.94;67.7;71.78;74.19;86.92;69.91;80.82;77.15;82.26;79.24;82.32;72.36;78.26;76.25;86.68;84.17;69.55;77.92;77.32;77.41;74.38;77.92;67.87;73.03;72.82;74.53;76;77.57;76.7;73.87;77.87;76.61;75.71;;81.87;84.22;73.6;67.3;75.9
O3;uur;µg/m³;2023-06-26T10:00:00+01:00;2023-06-26T11:00:00+01:00;73.1;56.6;67.9;52;79.1;75.87;80.91;74.63;79.21;84.92;84.25;77.29;85.07;85.68;84.55;84.09;85.64;74.95;81.5;83.86;89.04;87.04;74.7;81.36;83.96;79.85;77.68;83.4;77.82;82.37;82.32;85.6;84.85;78.6;82.88;80.03;80.25;77.94;81.14;;84.07;82.31;86.2;78.6;84.6
O3;uur;µg/m³;2023-06-26T11:00:00+01:00;2023-06-26T12:00:00+01:00;71.5;64.3;76.1;62.9;88.4;88.26;87.89;83.87;88.31;90.89;85.86;86.17;88.43;93.29;86.55;86.04;88.18;82.3;83.56;86.5;92.21;91.33;75.77;85.83;87.76;82.46;88.5;85.5;82.56;87.63;81.19;91.96;88.62;84.22;89.76;84.85;84.37;82.96;89.3;;87.23;88.19;89.7;81.4;87.9
O3;uur;µg/m³;2023-06-26T12:00:00+01:00;2023-06-26T13:00:00+01:00;71.8;66.9;79.7;66.8;77;99.68;93.93;92.24;97.41;93.48;86.7;86.96;87.88;94.61;88.06;90.52;87.45;91.36;85.68;88.54;92.87;91.02;80.11;83.06;90.19;83.77;93.34;90.37;83.49;89.45;86.06;92.73;91.11;88.73;95.45;91.58;90.01;90.81;92.09;;94.54;92.66;91.2;82.5;90.7
O3;uur;µg/m³;2023-06-26T13:00:00+01:00;2023-06-26T14:00:00+01:00;73.5;64.1;79.7;63.3;79.5;105.67;95.2;96.98;103.39;91.51;88.55;88.94;87.83;94.81;89.09;91.59;89.24;82.73;85.13;89.34;93.69;90.54;79.68;80.7;90.16;83.74;95.97;89.49;86.11;93.23;85.94;96.21;92.83;92.03;96.45;98.52;97.01;88.96;92.04;;91.87;98.29;90.7;82.9;89.4
O3;uur;µg/m³;2023-06-26T14:00:00+01:00;2023-06-26T15:00:00+01:00;72.5;59;80.5;67.4;85.2;104.68;96.35;98.63;105.48;89.87;87.97;86.86;86.62;93.91;90.3;93.47;89.83;82.07;84.59;88.35;94.72;88.64;81.29;78.45;86.36;84.96;94.49;87.25;84.04;90.22;82.01;94.02;89.57;96.49;96.17;97.13;95.11;93.12;90.16;;89.47;92.93;91.2;85.2;89.4
O3;uur;µg/m³;2023-06-26T15:00:00+01:00;2023-06-26T16:00:00+01:00;76.3;59.5;85.5;67.8;85.9;102.41;92.29;100.12;106.74;86.82;89.23;82.41;86.53;92.38;91.83;89.8;89.95;85.85;83.97;85.19;99.54;89.88;86.17;82.14;83.28;85.85;94.59;86.39;81;86.04;81.82;91.12;86.85;99.29;94.71;94.97;95.54;94.28;89.26;;85.07;88.2;92.5;87.3;91.3
O3;uur;µg/m³;2023-06-26T16:00:00+01:00;2023-06-26T17:00:00+01:00;76.2;64.6;85.1;77.6;87;98.6;89.57;100.2;109.03;85.81;82.4;78.69;82.89;87.23;93.52;88.07;93.84;84.33;85.28;85.02;101.12;90.16;87.81;82.93;79.87;81.15;94.87;87.46;80.21;86.58;81.02;90.34;86.49;97.78;92.08;89.35;93.36;87.09;84.38;;81.63;83.44;86.7;80.4;84.4
O3;uur;µg/m³;2023-06-26T17:00:00+01:00;2023-06-26T18:00:00+01:00;78.4;65.4;83.2;74.1;86.1;94.33;88.43;100.39;107.32;83.29;85.3;78.81;85.42;84.88;91.09;86.59;98.14;85;85.63;87.43;95.4;91.7;88.18;85.76;75.97;77.49;86.32;88.37;79.51;86.56;83.07;89.62;85.7;94.29;92.45;89.45;92.52;80.88;77.14;;79.03;80.06;78.3;73.9;79.7
O3;uur;µg/m³;2023-06-26T18:00:00+01:00;2023-06-26T19:00:00+01:00;81.9;65.8;84.2;73;81.5;89.32;83.68;97.69;100.64;82.75;87.01;80.18;83.58;85.55;91.93;89.05;87.59;85.36;81.79;84.04;96.17;89.3;88.32;79.12;80.77;78.76;81.18;88.48;81.85;87.14;79.92;90.01;85.45;90.78;89.23;85.78;85.76;76.16;73.75;;76.07;77.37;78.8;71.9;80.1
O3;uur;µg/m³;2023-06-26T19:00:00+01:00;2023-06-26T20:00:00+01:00;81.7;63;84.6;69.9;86.3;86.78;83.26;89.8;92.63;80.24;81.78;76.1;83.37;82.72;88.29;82.63;98.81;85.23;82.86;83.03;96.65;87.55;88.5;83.66;77.75;83.22;77.8;88.69;81.78;86.51;80.45;90.31;81.16;83.58;83.75;84.25;79.99;73.14;77.02;;74.25;74.48;81.4;74.5;84.3
O3;uur;µg/m³;2023-06-26T20:00:00+01:00;2023-06-26T21:00:00+01:00;83.5;69.8;88;64.8;69.3;75.02;68.48;83.25;88.77;72.82;75.86;71.32;79.33;78.8;75.95;69.52;97.79;84.75;76.38;79.74;99.57;84.81;88.44;77.14;64.85;80.69;70.36;78.26;80.73;86.49;70.26;89.23;69.55;69.19;79.98;80.47;74.44;69.85;76.17;;68.76;68.98;85.9;81.4;87.6
O3;uur;µg/m³;2023-06-26T21:00:00+01:00;2023-06-26T22:00:00+01:00;75.7;69;83.5;37.7;64.2;64.28;49.12;58.23;80.6;64.45;70.14;64.35;76.42;70.32;63.94;54.34;82.46;75.42;61.44;79.43;79.32;76.62;75.92;59.25;42.5;75.6;66.27;77.86;76.25;82.17;62.66;82.84;58.43;54.08;69.78;74.24;66.73;68.87;70.84;;54.22;62.12;87.6;79.5;88.7
O3;uur;µg/m³;2023-06-26T22:00:00+01:00;2023-06-26T23:00:00+01:00;66.9;57.2;75;46.6;55.5;52.56;48.45;43.74;71.05;45.88;58.84;56.97;66.99;59.38;60.01;52.24;70.96;67.44;63.89;77.34;42.47;74.56;58.62;48.6;33.12;72.83;56.54;49.82;71.58;75.75;61.91;79.17;44.55;57.37;58.06;64.92;54.3;62.03;57.61;;47.16;62.33;87.3;78.5;89
O3;uur;µg/m³;2023-06-26T23:00:00+01:00;2023-06-27T00:00:00+01:00;56.7;54.5;65.8;24.1;50.3;42.2;35.1;45.54;65.77;43.12;57.38;58.68;60.7;52.01;53.96;49.53;65.95;54.5;56.26;64.55;31.24;59.63;55.57;53.32;59.23;70.79;56.46;37.28;65.91;57.4;47.11;72.05;40.52;51.07;35.46;60.65;33.35;59.93;47.94;;53.82;67.23;86.6;80.3;81.1
O3;uur;µg/m³;2023-06-27T00:00:00+01:00;2023-06-27T01:00:00+01:00;54.5;57.4;60.1;35.3;51.4;45.15;35.36;36.88;58.99;43.22;53;61.7;51.95;48.15;53.73;45.45;60.33;54.32;51.57;49.7;68.77;65.27;62.47;61.17;59.96;67.96;51.07;39.47;57.18;47.08;40.99;61.21;39.33;38.78;25.45;46.57;31.23;58.93;48.81;;51.42;64.87;80.4;74.8;67.7
O3;uur;µg/m³;2023-06-27T01:00:00+01:00;2023-06-27T02:00:00+01:00;48.2;47;53.2;34.3;38.4;37.29;36.56;26.13;37.5;34.18;44.11;54.62;47.14;43.64;62.1;37.41;52.34;56.01;42.74;42.74;61.51;59.09;50.3;53.24;60.19;58.87;53.09;35.95;55.28;54.66;44.45;61.28;33.62;33.45;11.76;41.75;32.8;54.59;67.44;;51.22;65.53;75.9;69.6;71.2
O3;uur;µg/m³;2023-06-27T02:00:00+01:00;2023-06-27T03:00:00+01:00;27.5;42.6;53.1;22.7;25.6;39.05;32.07;25.8;54.13;25.86;35.59;50.35;42.76;45.73;64.1;32.81;45.1;56.38;33.83;44.7;53.54;45.66;41.54;41.12;54.78;50.26;44.63;27.3;45.31;51.98;34.64;51.3;26.36;39.15;19.65;44.12;26.99;55.24;67.13;;51.46;64.63;63.7;60.6;57.5
O3;uur;µg/m³;2023-06-27T03:00:00+01:00;2023-06-27T04:00:00+01:00;21;33.7;41.6;3.9;15.6;45.89;37.02;43.57;51.79;20.91;37.08;45.62;35.9;45.44;56.7;29.7;46.7;47.99;32.51;41.97;58.76;35.34;29.99;41.56;46.12;49.51;40.94;37.69;40.25;46.23;27.59;44.21;21.25;33.16;33.74;37.89;26.25;50.98;62.17;;51.07;64.13;60.4;57.6;50.9
O3;uur;µg/m³;2023-06-27T04:00:00+01:00;2023-06-27T05:00:00+01:00;23.3;19.3;29.4;5.6;34.9;43.61;35.32;43.87;49.05;23.73;30.78;40.4;24.33;37.14;51.62;21.36;43.5;43.95;32.49;34.22;69.87;35.42;9.36;23.53;46.67;49.74;35.06;34.38;36.05;38.75;26.59;40.9;19.95;29.72;13.94;30.09;15.23;50.71;68.41;;47.19;66.15;44.1;44.1;45.1
O3;uur;µg/m³;2023-06-27T05:00:00+01:00;2023-06-27T06:00:00+01:00;16;11.3;16.7;36.2;52.3;38.8;31.8;43.89;50.38;20.93;27.57;35.04;20.41;29.01;58.85;17.74;51.93;21.18;28.26;18.96;67.36;31.62;10.86;36.71;48.4;47.73;37.27;29.33;31.43;29.83;20.07;39.11;31.22;17.7;21.42;28.89;27.41;50.89;63.08;;44.56;66.73;53;25.9;52.4
O3;uur;µg/m³;2023-06-27T06:00:00+01:00;2023-06-27T07:00:00+01:00;14.4;27.7;45;43;62.3;41.06;33.06;42.67;49.37;29.49;22.49;31.69;22.73;33.97;55.68;25.18;58.73;43.62;39.15;27.95;69.57;50.79;42.5;55.67;51.15;42.28;45.63;32.37;20.12;30.73;23.13;29.79;39.08;29.64;33.96;25.42;39.1;59.15;65.77;;50.89;61.06;57.8;33.7;50.5
O3;uur;µg/m³;2023-06-27T07:00:00+01:00;2023-06-27T08:00:00+01:00;31.4;35.3;58.6;53.4;59.1;46.27;42.33;46.57;49.93;39.15;45.34;34.93;43.42;40.54;55.31;34.29;61.1;54.07;52.65;39.66;73.44;62.91;55.13;60.25;55.82;60.14;59.99;53.99;39.98;40.54;44.63;54.08;50.4;37.2;43.02;33.62;51.54;63.93;68.57;;61.95;58.49;63.4;49.6;50.1
O3;uur;µg/m³;2023-06-27T08:00:00+01:00;2023-06-27T09:00:00+01:00;50.2;36.1;63.6;44.1;50.8;50.84;54.36;49.54;53.5;49.98;60.5;48.34;63.47;52.72;62.72;57.95;64.01;62.02;54.22;36.74;72.87;66.07;59.03;60.56;62.55;65.41;70.81;66.5;56.77;65.3;57.87;68.16;63.97;48.25;61.51;55.87;54.59;65.49;67.69;;67.81;64.99;63.8;52.9;59.6
O3;uur;µg/m³;2023-06-27T09:00:00+01:00;2023-06-27T10:00:00+01:00;48.3;45.3;;38.5;45.3;59.96;64.33;51.78;59.82;62.64;68.35;64.24;68.25;70.57;61.77;70.35;59.59;68.57;62.79;58.1;77.57;67.8;55.4;59.95;65.3;64.08;74.36;67.97;63.47;67.16;64.35;71.24;66.7;65.86;73.06;67.52;69.91;69.32;67.11;;69.03;70.13;64.1;57.4;65.4
O3;uur;µg/m³;2023-06-27T10:00:00+01:00;2023-06-27T11:00:00+01:00;61.9;38.7;;34.8;49.4;69.13;70.2;65.55;69.27;70.26;71.21;63.53;72.21;71.92;61.27;72.72;60.96;60.32;70.64;61.14;75.97;66.47;51.69;58.18;72.62;61.93;78.73;66.23;63.49;69.92;61.3;74.25;68.66;77.31;76.51;72.39;75.76;71.36;70.46;;69.35;71.56;67.3;58.7;66.8
O3;uur;µg/m³;2023-06-27T11:00:00+01:00;2023-06-27T12:00:00+01:00;61.5;37;;48.3;62.9;77.3;73.51;75.12;80.16;75.71;71.74;71.38;75.64;78.03;65.97;61.13;61.42;62.95;67.1;70.36;74.71;70.63;72.25;58.28;72.62;65.14;82.45;71.64;66.22;71.37;66.67;75.23;74.68;80.87;79.55;71.15;77.62;72.46;75.7;;70.28;71.12;66.9;59.1;68.4
O3;uur;µg/m³;2023-06-27T12:00:00+01:00;2023-06-27T13:00:00+01:00;65;52.7;72.5;57.6;57.8;79.47;81.98;78.36;81.79;78.05;71.87;76.36;76.9;81.79;67.93;65.95;74.91;74.57;74.5;75.93;72.27;78.15;73.72;67.86;71.39;63.74;81.09;73.62;69.03;75.26;71.6;78.31;75.27;85.76;81.91;79.31;81.14;77.29;77.55;;72.52;72.16;76.1;67.8;74.3
O3;uur;µg/m³;2023-06-27T13:00:00+01:00;2023-06-27T14:00:00+01:00;68.4;58.2;77.6;60.4;70.7;84.23;76.88;82.63;86.74;79.86;80.2;76.44;79.31;83.18;74.46;79.54;77.04;75.48;73.62;76.09;83.69;78.65;76.78;68.53;75.94;66.18;80.79;75.39;69.91;75.04;70.86;80.45;76.8;83.29;85.18;84.2;82.84;80.31;78.22;;72.61;73.5;76;68.1;75
O3;uur;µg/m³;2023-06-27T14:00:00+01:00;2023-06-27T15:00:00+01:00;65.7;52;72.5;54.4;75.7;88.5;86.42;91.68;99.27;81.78;81.76;77.48;79.8;84.34;83.99;85.13;74.29;74.94;75.49;77.21;84.87;77.59;73.23;72.72;76.58;70.79;83.11;80.6;72.93;80.18;73.31;83.54;76.07;88.09;84.74;84.45;82.77;83.02;77.15;;74.7;74.95;79.1;69.7;78.5
O3;uur;µg/m³;2023-06-27T15:00:00+01:00;2023-06-27T16:00:00+01:00;59.6;54.5;70;61.1;51.7;91.68;87.71;88.05;99.53;83.37;82.09;79.29;78.66;86.3;;85.97;80.98;72.61;73.16;77.69;87.33;78.04;64.96;72.93;79.48;69.79;82.47;79.01;74.95;81.14;73.46;85.18;78.7;88.57;85.17;85.04;84.42;81.38;79.31;;73.76;75.52;77.6;70.6;77.2
O3;uur;µg/m³;2023-06-27T16:00:00+01:00;2023-06-27T17:00:00+01:00;61.3;53.7;65.3;47.3;59.4;96.3;86.94;86.57;93.5;81.96;79.07;79.8;75.87;86.66;;81.36;77.25;70.11;70.75;68.21;85.81;74.83;60.08;68.68;80.84;71.09;80.67;75.85;72.41;79.81;72.07;84.03;75.18;87.14;87.11;87.92;84.4;76.78;80.83;70.03;73.61;75.08;76.2;67.7;75.5
O3;uur;µg/m³;2023-06-27T17:00:00+01:00;2023-06-27T18:00:00+01:00;54.4;49.9;62.2;51.9;62.9;93.3;82.76;93.76;98.42;74.58;75.76;75.42;72.44;84.64;;80.3;66.4;64.98;68.21;60.97;85.38;70.85;56.43;63.44;79.75;72.78;82.27;74.71;70.5;73.19;70.26;79.8;72.15;85.99;85.12;82.04;80.29;76.85;80.25;51.48;76.8;73.1;74.8;66.1;74.3
O3;uur;µg/m³;2023-06-27T18:00:00+01:00;2023-06-27T19:00:00+01:00;59.8;55.7;75.2;68.5;73;89.67;77.08;88.1;98.63;71.21;73.11;70.86;70.87;77.52;78.52;79.36;62.08;74.19;65.42;53.56;85.56;80.7;69.45;67.36;77.37;70.93;80.5;71.55;67.93;74.75;60.2;76.71;70.51;82.27;80.28;78.21;76.81;75.71;77.39;54.62;77.47;73.91;68.9;64.4;73.9
O3;uur;µg/m³;2023-06-27T19:00:00+01:00;2023-06-27T20:00:00+01:00;50.9;58.4;76;60.9;58.1;85.75;72.73;76.84;95.99;68.07;75.61;66.63;66.65;70.05;82.63;71.42;69.29;79.56;70.63;57.07;77.41;77.49;67.27;69.73;75.38;69.21;76.46;68.08;66.57;69.86;57.32;74.88;65.97;74.58;76.1;72.14;72.69;71.7;77.03;65.32;75.48;72.75;61.5;52.7;72.9
O3;uur;µg/m³;2023-06-27T20:00:00+01:00;2023-06-27T21:00:00+01:00;41;61;73.4;48.1;43.9;79.51;68.15;79.78;89.19;65.54;71.57;58.94;65.78;66.27;78.53;68.4;73.76;80.24;65.31;73.78;56.34;76.13;67.64;72.62;67.27;58.62;72;61.16;61.59;68.2;49.44;70.09;53.1;70.28;73.9;69.02;68.57;70.46;73.94;61.79;67.4;66.29;52;47.7;66.8
O3;uur;µg/m³;2023-06-27T21:00:00+01:00;2023-06-27T22:00:00+01:00;61.1;50.8;62.2;39.2;21.8;69.91;61.24;74.03;82.37;56.97;60.47;56.01;61.31;58.96;70.78;53.32;74.63;75.14;52.79;67.87;49.36;74.3;38.85;69.93;61.43;47.18;64.31;56.29;51;57.16;43.12;62.49;52.56;62.45;56.53;66.09;56.77;63.04;71.71;43.84;49.67;60.29;51.7;56.6;60.4
O3;uur;µg/m³;2023-06-27T22:00:00+01:00;2023-06-27T23:00:00+01:00;49.9;54.4;46.4;42.4;37.5;58.42;34.04;65.77;74.29;45.33;47.96;52.19;66.4;53.26;65.98;43.93;79.26;75.11;51.8;65.4;41.54;72.07;31.09;60.85;63.17;45.83;61.45;49.3;52.26;57.19;39.67;57.44;55.04;49.27;47.2;56.45;40.91;57.72;67.22;30.58;42.76;53.79;52.5;50.9;50.4
O3;uur;µg/m³;2023-06-27T23:00:00+01:00;2023-06-28T00:00:00+01:00;50.1;55.6;51;37.2;60.4;40.72;39.21;54.5;60.43;37.51;35.16;53.53;58.04;43.82;67.7;38.25;63.37;62.3;47.78;63.73;51.58;59.76;21.74;55.09;58.86;50.22;54.86;42.92;49.02;55.82;37.45;56.03;56.9;45.75;50.62;56.54;27.59;61.8;64.4;33.38;39.71;60.37;56.5;52.7;48.9
O3;uur;µg/m³;2023-06-28T00:00:00+01:00;2023-06-28T01:00:00+01:00;52.7;43.4;49.2;39.1;63.9;26.66;32.81;35.71;38.35;30.18;33.38;53;53.28;36.48;57.94;30.14;53.5;53.67;57.94;59.43;53.44;56.27;39.32;47.92;60.03;51.37;42.53;33.2;48.49;50.23;30.87;56.9;51.91;40.63;46.28;55.64;19.32;62.85;60.14;35.28;40.45;61.28;60;52.4;38.4
O3;uur;µg/m³;2023-06-28T01:00:00+01:00;2023-06-28T02:00:00+01:00;65.3;48.4;63.7;39.5;68.4;16.21;22.37;26.34;33.68;18.55;20.69;60.55;55.46;32.6;51.4;27.5;47.68;53.03;59.72;54.77;48.67;50.94;63.53;43.82;60.05;54.67;44.79;36.75;43.5;45.45;24.97;52.15;40.78;41.53;38.89;54.64;13.45;59.97;45.86;21.02;38.55;59.63;62.4;55.8;45.1
O3;uur;µg/m³;2023-06-28T02:00:00+01:00;2023-06-28T03:00:00+01:00;53.9;61.1;65;23;53.8;22.42;17.09;26.99;25.5;23.05;7.44;56.22;49.45;28.48;45.94;32.41;56.95;74.51;48.77;42.77;46.65;61.14;52.86;53.21;55;51.4;46.23;43.48;41.98;47.33;28.86;48.57;36.81;33.18;32.94;57.17;23.09;54.19;51.7;19.1;38.44;59.99;62.6;60;43.3
O3;uur;µg/m³;2023-06-28T03:00:00+01:00;2023-06-28T04:00:00+01:00;41.5;48.5;49.9;14.2;36.1;19.33;20.74;17.13;29.57;23.93;8.12;46.35;37.81;29.49;35.57;34.16;48.82;52.44;43.17;52.18;40.09;47.67;52.53;41.48;55.43;48.3;47.87;37.35;36.82;47.49;32.6;44.66;31.67;23.09;25.23;42.99;21.95;48.27;53.28;23.55;31.98;61.3;52.7;57.4;47.6
O3;uur;µg/m³;2023-06-28T04:00:00+01:00;2023-06-28T05:00:00+01:00;38.6;36.4;43;20.2;37.6;20.92;23.73;16.64;32.5;27.24;18.07;40.13;36.39;20.36;37;33.61;40.9;36.76;39.36;37.13;40.16;43.44;45.05;25.45;55.52;43.2;45.54;34.03;29.76;35.58;32.75;38.65;30.81;23.24;27.61;37.64;17.13;58.29;53.85;18.5;42.59;54.95;52.4;48.7;42.7
O3;uur;µg/m³;2023-06-28T05:00:00+01:00;2023-06-28T06:00:00+01:00;32.7;29.1;36.8;24.9;31.1;31.67;27.21;13;28.15;22.62;32.88;29.76;35.88;19.71;39.33;34.27;30.55;35.83;40.82;28.76;32.54;34.67;31.48;19.41;48.36;34.08;45.91;32.35;21.77;24.64;28.92;32.74;29.04;14.4;30.36;35.59;17.72;48.16;56.06;18.73;40.24;57.6;44.9;35.6;
O3;uur;µg/m³;2023-06-28T06:00:00+01:00;2023-06-28T07:00:00+01:00;27.6;26.3;31.5;22;36.8;26.5;26.24;17.4;36.39;30.29;20.87;21.62;31.29;21.67;38.89;36.36;21.8;37.92;34.3;27.73;31.9;22.17;19.13;16.29;40.25;21.37;44.45;26.83;17.15;17.97;15.06;27.15;24.24;22.29;25.09;29.77;35.11;48.13;51.39;29.49;44.79;58.53;29.7;22.1;23.5
O3;uur;µg/m³;2023-06-28T07:00:00+01:00;2023-06-28T08:00:00+01:00;28.9;22.2;30.3;25.9;36.8;28.13;27.45;20.61;49.04;30.09;15.06;25.17;31.16;32.59;37.46;40.57;23.63;34.64;32.74;31.56;27.33;21.56;30.12;15.31;35.03;22.84;39.74;26.04;14.87;16.57;17.93;24.53;24.09;38.56;27.29;30.06;45.11;44.99;47.17;50.72;44.05;54.83;24.9;17.1;23.2
O3;uur;µg/m³;2023-06-28T08:00:00+01:00;2023-06-28T09:00:00+01:00;30.8;25.6;31;25.9;35.7;45.44;37.9;30.17;58.94;41.55;27.56;39.23;33.07;41.06;41.08;41.05;31.49;34.15;40.19;32.13;24.12;33.88;33.45;21.78;29.29;19.08;37.29;28.09;15.13;24.95;19.5;28.82;30.46;42.24;37.96;39.66;44.12;41.05;48.63;58.54;49.14;51.73;30.6;23.1;26.5
O3;uur;µg/m³;2023-06-28T09:00:00+01:00;2023-06-28T10:00:00+01:00;36.6;27.2;31.4;25.5;43.5;52.33;43.17;32.77;55.01;51.75;44.63;44.8;37.72;45.65;46.19;44.98;36.96;39;45.77;36.45;26.23;41.34;37.25;25.86;33.32;15.86;41.81;32.59;14.19;23.25;21.87;31.33;35.98;46.56;41.88;40.83;42.42;35.36;49.92;55.95;48.47;55.11;23.5;17.3;20.5
O3;uur;µg/m³;2023-06-28T10:00:00+01:00;2023-06-28T11:00:00+01:00;41.9;33.3;36.4;38.5;48.7;53;50.6;48.55;66.3;53.66;56.7;52.15;49.23;63.03;45.98;49.14;54.15;43.65;53.96;55.85;43;44.5;43.23;35.35;32.97;22.43;45.75;37.33;18.99;27.75;25.73;35.24;42.71;47.98;46.85;48.19;41.6;35.67;45.43;57.69;45.92;52.63;30.5;20.4;23.1
O3;uur;µg/m³;2023-06-28T11:00:00+01:00;2023-06-28T12:00:00+01:00;47.2;37;43.8;38.1;45.6;61.54;61.58;66.16;78.61;64.92;60.18;67.54;62.56;73.29;50.73;51.3;58.79;47.8;57.38;68.28;56.27;54.37;49.06;45.19;32.69;43.95;45.33;44.27;28.23;41.99;36.73;45.69;50.63;52.66;46.3;52.62;47.92;42.36;40.69;53.21;42.03;46.65;39.1;27.8;28.4
O3;uur;µg/m³;2023-06-28T12:00:00+01:00;2023-06-28T13:00:00+01:00;48.3;38.5;51.6;39.2;46.9;72.77;69.82;76.63;84.83;75.78;59.68;77.32;69.31;81.7;56;54.82;58.42;43.78;57.68;65.02;53.05;67.43;53;41.49;45.01;54.77;52.38;47.02;47.18;56.6;41.8;60.5;64.88;55.16;59.72;66.1;54.09;48.4;43.8;49.74;39.17;41.26;42.9;45.7;
O3;uur;µg/m³;2023-06-28T13:00:00+01:00;2023-06-28T14:00:00+01:00;54.2;37.8;55.2;38.6;50.9;83.86;88.57;80.83;90.84;86.86;71.09;85.94;66.4;89.23;75.43;54.24;64.9;44;63.36;60.34;50.79;62.24;53.02;46.12;64.59;50.19;66.43;47.88;47.52;52.64;35.63;61.82;56.25;57.73;77.12;77.57;56.74;51.63;45.92;52.59;36.56;36.79;55.5;60.9;64.9
O3;uur;µg/m³;2023-06-28T14:00:00+01:00;2023-06-28T15:00:00+01:00;56.2;43.3;62.7;46.1;69.1;95.37;97.88;84.63;93.54;85.86;64.3;86.72;71.6;93.43;87.58;54.22;77.22;52.79;62.5;63.23;64.01;62.69;65.08;52.08;69.26;52.11;66.77;45.42;44.36;48.78;35.51;58.34;55.02;64.06;89.48;90.49;61.21;60;54.79;59.16;40.53;42.2;61.7;56.7;60.2
O3;uur;µg/m³;2023-06-28T15:00:00+01:00;2023-06-28T16:00:00+01:00;66.1;53.7;72.5;47.1;62.5;95.46;100.9;87.22;96.5;77.81;63.68;77.4;70.28;86.62;80.23;60.05;81.46;61.62;64.93;60.65;76.38;70.56;71.9;65.52;69.53;58.62;62.33;49.56;36.85;45.4;29.95;52.95;56.2;71.81;68.63;97.7;74.63;64.03;69.95;62.71;38.33;44.16;63.9;60.4;63.6
O3;uur;µg/m³;2023-06-28T16:00:00+01:00;2023-06-28T17:00:00+01:00;61.1;46.5;62.6;43.2;64.9;95.44;93.49;83.69;95.06;67.38;54.98;73.33;68.3;88.39;82.14;64.39;69.33;58.78;66.18;60.95;88.52;64.53;67;59.68;70.9;70.58;58.98;53.81;31.43;44.79;27.21;48.9;49.96;85.7;56.78;90.48;79.91;49.65;71.8;62.59;37.56;48.11;67.7;64.5;68.7
O3;uur;µg/m³;2023-06-28T17:00:00+01:00;2023-06-28T18:00:00+01:00;66.1;50.7;71.1;55.1;62.5;91;74.31;80.81;91.9;66.98;55.14;74.21;54.29;80.67;71.77;52.38;66.67;57.26;68.37;67.58;82.08;60.37;76.18;54.59;70.66;64.14;54.79;63.85;39.48;48.37;49.79;53.02;52.81;76.08;59.81;57.79;81.18;55.29;71.71;62.75;40.07;47.47;69.3;65.7;68.6
O3;uur;µg/m³;2023-06-28T18:00:00+01:00;2023-06-28T19:00:00+01:00;61.3;51.1;65.7;40.6;52.5;84.64;80.18;73.37;84.22;60.45;60.3;70.61;55.98;76.13;65.36;63.96;75.09;66.85;66.37;68.6;71.9;63.11;66.99;57.35;67.53;59.02;54.05;54.58;48.04;50.68;44.39;57.75;54.02;68.25;54.76;67.47;81.84;50.89;67.1;66.98;43.14;43.74;59.4;57;60.6
O3;uur;µg/m³;2023-06-28T19:00:00+01:00;2023-06-28T20:00:00+01:00;55.7;43.5;57.1;34.4;43.3;71.99;69.3;49.85;77.94;55.9;54.12;64.34;64.1;69.06;57.56;46.56;63.48;55.51;58.77;67.3;73.66;53.15;61.71;46.36;62.82;57.95;46.25;55.76;41.84;41.7;39.23;53.85;46.65;65.87;49.57;70.43;74.85;44.25;64.13;69.59;37.24;42.43;55;50.4;53.8
O3;uur;µg/m³;2023-06-28T20:00:00+01:00;2023-06-28T21:00:00+01:00;54.6;37.6;47.7;30.8;54.4;61.16;38.35;39.08;74.88;45.8;44.88;50.05;63.89;63.64;58.5;40.39;49.17;51.38;52.51;62.69;72.47;50.94;49.93;32.75;55.71;60.85;40.62;47.02;34.58;38.71;31.61;48.74;48.92;50.09;48.62;62.96;65.71;44.33;48.01;60.72;34.86;48.5;39.8;51.8;58.3
O3;uur;µg/m³;2023-06-28T21:00:00+01:00;2023-06-28T22:00:00+01:00;47.4;39.6;39;31.4;47.6;36.37;42.7;31.43;61.05;48.82;40.03;60.84;58.57;58.14;55.73;36.71;50.88;45.5;46.47;52.28;58.41;48.47;45.99;38.07;53.14;56.91;40.16;40.1;36.79;45.65;22.7;53.32;41.05;46.01;34.04;55.46;59.98;24.68;30.1;47.33;32.32;41.33;24.8;43.1;44.4
O3;uur;µg/m³;2023-06-28T22:00:00+01:00;2023-06-28T23:00:00+01:00;48.1;41.7;46.1;30.5;48.4;23.32;37.79;21.27;31.77;38.93;24.3;51.4;54.89;49.53;50.1;34.3;47.02;42.71;39.15;52.22;37.36;49.2;41.09;35.92;50.21;47.2;30.52;32.5;36.55;41.24;23.14;48.48;37.02;35.29;31.17;53.84;55.27;24.27;39.68;40.04;27.37;39.58;50.1;34.7;32
O3;uur;µg/m³;2023-06-28T23:00:00+01:00;2023-06-29T00:00:00+01:00;40.2;39.5;44.9;30;47.4;37.91;19.41;21.45;39.21;25.74;22.86;44.46;53.95;42.57;45.19;21.38;48.78;43.01;40.78;48.17;36.97;46.35;45.86;36.94;57.41;37.26;38.04;35.41;34.27;39.1;25.16;44.85;30.87;37.39;38.06;43.77;44.77;25.15;42.53;43.32;26.19;37.03;39.9;33.3;35
O3;uur;µg/m³;2023-06-29T00:00:00+01:00;2023-06-29T01:00:00+01:00;35.1;34.6;41.5;27;42.5;23.45;12.83;20.48;39.54;16.13;23.7;45.35;48.22;33.82;27.23;32.35;48.05;41.73;37.5;45.96;33.65;48.38;37.58;39.49;50.34;33.39;39.04;30.43;35.47;40.71;21.32;42.13;29.19;32.52;41.89;39.71;63.02;25.86;31.53;39.37;24.42;36.64;37.2;31.4;33.6
O3;uur;µg/m³;2023-06-29T01:00:00+01:00;2023-06-29T02:00:00+01:00;34.6;34.1;40.5;20;39.7;28.42;7.42;18.58;26.71;18.25;22.55;39.87;43.21;30.84;24.82;31.65;42.5;38.71;35.85;45.16;37.75;40.8;25.35;39.07;41.07;32.54;40.76;24.59;38.12;39.82;24.95;45.25;23.49;26.25;40.71;25.98;52.25;24.25;32.6;30.57;22.37;37.19;37.1;27.4;27.9
O3;uur;µg/m³;2023-06-29T02:00:00+01:00;2023-06-29T03:00:00+01:00;30.9;23.6;36.5;16.3;27.8;;;;;;;;;;;;;;;;;;;;;;;;;;;;;;;;;;;;;;36.5;29.9;30.7
O3;uur;µg/m³;2023-06-29T03:00:00+01:00;2023-06-29T04:00:00+01:00;24.5;19.6;24.8;14.2;31.6;14.69;12.52;18.53;21.33;24.36;19.92;43.48;32.29;;40.23;36.45;24.11;30.97;33.88;31.7;28.85;26.14;26.94;21.68;27.99;;35.74;20.02;29.23;32.44;14.11;31.84;25.87;19.98;28.9;33.11;36.05;23.47;36.54;26.76;22.14;41.8;32.6;28;25.4
O3;uur;µg/m³;2023-06-29T04:00:00+01:00;2023-06-29T05:00:00+01:00;33;27;33.8;19.3;33;21.78;11.09;15.29;34.6;19.39;34.61;34.42;24.54;;42.39;38.68;33.42;34.28;38.17;25.27;29.04;26.21;31.45;15.42;28.99;;27.55;23.54;25.82;30.78;13.35;31.15;26.65;20.34;23.15;35.86;30.71;25.42;33.59;34.21;24.34;37.77;32.4;27;24.6
O3;uur;µg/m³;2023-06-29T05:00:00+01:00;2023-06-29T06:00:00+01:00;37.7;29.2;25.8;22;34.2;18.44;18.17;19.21;41.51;19.14;38.2;24.46;20.77;16.96;43.46;37.41;39.21;30.47;42.1;23.55;30.34;32;33.36;18.41;28.16;20.18;23.48;20.51;20.04;21.7;9.35;29.35;21.71;7.97;21.66;29.64;35.58;25.71;27.48;30.23;23.69;32.64;26.2;20.4;22.3
O3;uur;µg/m³;2023-06-29T06:00:00+01:00;2023-06-29T07:00:00+01:00;34.7;28.8;24.8;22.4;26.2;22.48;21.84;20.56;38.24;27.77;33.28;22.78;22.11;22.57;42.65;37.4;37.48;33.16;41.62;36.67;39.58;35.79;34.14;23.64;21.96;16.88;29.92;28.34;17.53;19.5;15.35;24.86;21.3;15.21;20.29;25.68;37.22;25.18;31.48;31.99;24.69;35.16;20;15;17.8
O3;uur;µg/m³;2023-06-29T07:00:00+01:00;2023-06-29T08:00:00+01:00;34.6;25.9;27.1;19;31.7;26.87;30.81;26.84;35.46;41.25;39.99;36.59;33.35;35.12;41.34;36.95;33.04;34.7;42.3;37.06;40.96;32.76;30.83;19.63;19.89;19.78;31.58;32.88;18.8;22.19;24.56;27.69;32.19;29.2;25.28;26.87;43.15;30.85;39.15;44.57;29.22;38.28;26.9;21.1;27.6
O3;uur;µg/m³;2023-06-29T08:00:00+01:00;2023-06-29T09:00:00+01:00;32.9;28.4;29.1;25.9;36.2;40.93;44.35;34.46;38.83;49.26;38.3;49.48;37.76;54.65;38.8;39.86;35.29;35.5;42.69;44.38;40.74;36.34;31.5;23.09;24.83;28.77;26.75;32.18;28.29;32.21;29.87;35.66;41.93;37.24;38.48;38.21;46.73;35.4;35.72;50.77;35.61;42.6;33.9;25.2;32.1
O3;uur;µg/m³;2023-06-29T09:00:00+01:00;2023-06-29T10:00:00+01:00;29.7;26.4;26.2;24.9;30.9;53.86;61.83;49.04;50.36;54.44;41.9;58.31;44.88;61.93;42.25;44.21;33.26;31.38;39.23;42.63;45.35;38.24;29.17;23.94;42.55;32.91;35.65;37.22;42.22;41.71;32.9;47.68;45.99;39.08;50.6;55.42;43.18;34.33;28.75;62.2;45.92;47.39;38.1;27.8;33.5
O3;uur;µg/m³;2023-06-29T10:00:00+01:00;2023-06-29T11:00:00+01:00;35;27.9;33.6;18;25.8;61.8;68.81;62.13;70.77;54.51;51.2;62.53;49.46;64.9;45.8;58.82;32.2;37.37;44.94;45.1;36.48;38.47;34.5;26.6;43.33;30.1;51.21;37.38;42.14;45.79;37.14;49.71;43.84;44.58;61.28;64.37;45.3;34.56;35.45;63.91;41.37;59.04;44.8;30.6;41.5
O3;uur;µg/m³;2023-06-29T11:00:00+01:00;2023-06-29T12:00:00+01:00;41.2;31.9;40;25;28.5;66.19;67.9;64.68;77.19;55.61;65.13;58.71;61.23;64.33;46.88;41.75;34.28;45.95;49.55;45.93;36.12;35.41;43.51;27.43;47.48;25.88;62.46;40.61;41.49;45.82;37.83;50.36;48.4;58.5;65.45;67.75;62.84;46.09;43.59;61.26;43.23;53.17;40.6;29;38.1
O3;uur;µg/m³;2023-06-29T12:00:00+01:00;2023-06-29T13:00:00+01:00;38.5;34.4;45.5;24.4;33.2;57.94;64.92;58.33;68.83;73.99;46.87;58.34;65.74;65.1;47.98;55.11;38.22;44.22;48.83;51.83;30.18;37.16;43.24;33.07;43.11;27.62;62.86;48.71;44.87;47.86;40.11;52.83;50.02;69.65;69.03;65.55;74.98;66.16;52.27;53.27;38.34;48.85;42.6;37.4;39.6
O3;uur;µg/m³;2023-06-29T13:00:00+01:00;2023-06-29T14:00:00+01:00;40.6;37.1;49;25.1;32.4;63.46;67.56;62.65;69.09;87.65;42.27;71.64;47.04;75.64;47.52;56.81;36.11;47.38;47.54;50.35;30.01;41.83;46.53;31.16;33.76;29.7;56.22;45.19;46.4;52.8;40.14;56.48;51.15;66.21;75.05;76.4;74.07;69.87;47.91;72.43;56.06;56.61;47;39.4;41.9
O3;uur;µg/m³;2023-06-29T14:00:00+01:00;2023-06-29T15:00:00+01:00;36.5;31.9;39.5;25.8;55.1;64.55;75;68.61;70.62;50.52;55.7;74.87;55.65;84.23;59.99;51.15;53.78;45.69;47.51;54.42;52.14;49.78;36.35;49.79;40.16;33.7;52.64;48.12;50.63;58.2;45.91;57.52;57.86;63.56;68.5;92.83;77.49;47.79;48.65;74.47;51.13;75.84;40.6;37.7;37.6
O3;uur;µg/m³;2023-06-29T15:00:00+01:00;2023-06-29T16:00:00+01:00;38.5;40.1;54.5;54.5;68.8;68.75;76.84;77.59;87.17;50.72;51.82;52.22;61.39;65.27;67.56;61.87;66.8;52.25;54.17;50.7;72.16;61.66;54.27;64.07;57.62;58.59;50.89;55.43;47.01;49.22;52.09;54.21;53.58;70.75;60.8;61.09;70.93;56.16;53.88;73.21;49.13;53.96;47.6;45.1;50
O3;uur;µg/m³;2023-06-29T16:00:00+01:00;2023-06-29T17:00:00+01:00;53.5;52.8;62.4;53.5;66.5;82.28;57.18;77.67;85.2;64.66;63.17;55.01;59.22;66.62;69.36;58.39;65.7;61.87;58.72;54.68;67.86;61.87;61.14;62.02;61.91;58.21;52.19;58.88;54.12;62.59;51.9;63.55;61.57;69.82;58.38;55.52;58.82;55.76;59.05;57.28;55.98;49.05;59.4;49.9;56.2
O3;uur;µg/m³;2023-06-29T17:00:00+01:00;2023-06-29T18:00:00+01:00;52.9;50.1;60;56.4;69.1;83.57;59.44;81.91;87.83;60.34;56.43;59.8;57.38;64.34;71.89;62.8;67.86;60.2;62.18;61.82;75.05;62.94;62.14;64.6;63.97;61.89;60.38;56.31;52.2;55.53;51.9;59.24;58.88;60.94;64.12;47.73;51.16;56.33;58.5;60.13;57.93;56.38;57.8;49.3;51.9
O3;uur;µg/m³;2023-06-29T18:00:00+01:00;2023-06-29T19:00:00+01:00;55.6;58.6;65.8;59.8;65.6;82.37;58.52;79.84;85.42;58.98;55.66;53.78;58.73;54.84;72.64;68.56;66.79;67.87;66.11;59.58;71.72;67;65.32;66.51;64.19;61.21;59.09;62.35;51.96;55.17;53.61;57.07;58.16;42.54;59.4;61.34;49.9;55.64;62.49;48.09;61.47;54.05;65.3;62.9;63.6
O3;uur;µg/m³;2023-06-29T19:00:00+01:00;2023-06-29T20:00:00+01:00;57.3;53.1;64.2;59.4;67.2;77.12;57.01;73.44;88.45;58.86;53.11;54.65;60.34;56.11;64.78;67.52;64.03;65.27;64.02;68.79;65.75;63.28;63.84;62.49;59.76;58.11;64.93;61.8;60.64;62.93;54.42;66.23;64.5;31.31;55.72;55.21;56.18;53.72;62.08;54.66;59.74;54.18;61.7;52.9;55.4
O3;uur;µg/m³;2023-06-29T20:00:00+01:00;2023-06-29T21:00:00+01:00;59.1;52.3;64.2;58.4;64.7;62.26;54.8;61.87;75.67;58.67;43.05;48.73;65.73;53.47;69.04;61.35;61.74;64.42;65.64;63.64;63.04;61.31;60.89;59.42;57.25;54.82;64.16;58.54;56.53;55.87;52.79;63.98;59.86;45.55;62;53.67;56.05;51.78;60.86;53.05;62.49;50.54;59.8;50.4;57.1
O3;uur;µg/m³;2023-06-29T21:00:00+01:00;2023-06-29T22:00:00+01:00;54.9;41.5;54.1;49.4;61.1;48.71;52.69;43.89;52;61.26;34.61;48.77;59.2;55.27;57.83;57.71;58.31;58.55;55.84;64.16;60.65;50.14;42.3;54.13;54.08;47.23;55.01;49.65;51.21;50.81;42.11;57.54;56.65;45.84;57.64;57.28;57.4;51.92;58.17;51.68;51.18;46.58;54.5;42.1;43.4
O3;uur;µg/m³;2023-06-29T22:00:00+01:00;2023-06-29T23:00:00+01:00;51.6;26.9;46.5;43.7;55;43.57;49.23;41.37;49.13;57.14;23.73;51.67;52.14;53.84;54.7;54.22;58.16;49.82;26.49;57;59.86;30.56;18.63;54.43;44.86;37.02;50.19;38.04;42.45;45.97;31.04;47.83;45.43;46.49;47.65;56.84;52.76;52.06;55.04;48.13;58.04;47.21;46.6;35.8;28.6
O3;uur;µg/m³;2023-06-29T23:00:00+01:00;2023-06-30T00:00:00+01:00;43.7;19.6;36.5;41.5;58.9;48.98;52.53;37.87;43.36;51.71;15.43;48.37;48.26;41.47;52.82;33.32;54.21;46.81;18.66;53.99;60.72;11.98;13.49;40.15;46.67;26.49;46.69;33.73;40.55;47.63;28.85;43.44;39.67;31.57;47.48;54.73;39.48;44.76;53.5;40.88;44.85;46.16;36;31;23.3
O3;uur;µg/m³;2023-06-30T00:00:00+01:00;2023-06-30T01:00:00+01:00;41;18.2;28.4;50.9;55.6;51.09;41.58;41.34;52.67;45.08;8.95;46.44;38.93;35.45;46.18;12.73;51.13;36.91;16.02;39.28;58.63;15.73;7.63;44.13;35.09;27.53;40.42;25.01;37.9;39.61;27.98;43;29.76;25.75;43.64;54.22;33.54;43.92;52.16;39.84;41.39;42.88;18.5;24.9;23.7
O3;uur;µg/m³;2023-06-30T01:00:00+01:00;2023-06-30T02:00:00+01:00;5.1;22.7;36.8;26;42.5;43.8;33.48;39.9;54.72;28.5;3.75;42.88;21.83;28.6;44.27;19.33;51.57;38.82;15.7;24.06;57.39;35.89;11.97;49.45;30.52;25.15;40.46;26.92;36.63;36.78;27.14;39.16;33.08;19.91;36.16;46.97;42.81;35.4;50.24;39.84;29.39;47.27;36.2;21;25.9
O3;uur;µg/m³;2023-06-30T02:00:00+01:00;2023-06-30T03:00:00+01:00;15.8;32.5;40;3.4;49.1;40.62;33.26;33.79;46.74;25.01;2.33;40.88;21.74;23.44;49.14;10.81;52.56;41.59;20.51;13.44;59.96;47.29;5.3;48.03;32.9;32.71;36.55;28.93;33.57;31.6;24.49;40.06;33.22;29.59;27.58;39.15;41.57;40.47;50;40.21;29.67;48.88;25.3;21.6;24
O3;uur;µg/m³;2023-06-30T03:00:00+01:00;2023-06-30T04:00:00+01:00;17.3;20.2;25.9;8.7;54;35.45;28.68;32.55;42.69;15.88;1.84;41.4;16.64;19.21;55.51;16.47;52.87;31.29;18.41;12.04;62.35;39.5;2.54;48.71;27.69;37.71;30.33;18.86;33.04;35.31;29.08;35.95;28.08;26.84;17.32;37.64;27.53;40.02;53.13;34.57;32.34;46.59;11.1;24.9;28.4
O3;uur;µg/m³;2023-06-30T04:00:00+01:00;2023-06-30T05:00:00+01:00;28.9;10.7;14;17.1;51.2;32.38;26.23;28.97;38.77;6.89;0.07;24.55;12.82;16.66;52.27;12.41;46.06;23.32;15.57;5.32;64.04;24.85;0.98;23.48;30.02;39.19;27.89;22.59;34;30.86;25.6;37.71;28.7;18.56;15.57;27.78;10.54;32.44;41.05;28.23;33.12;46.29;22.7;22.8;24.8
O3;uur;µg/m³;2023-06-30T05:00:00+01:00;2023-06-30T06:00:00+01:00;31.2;3;8;9.6;24.5;29.11;23.56;23.58;30.41;13.85;1.32;12.2;9.33;18.88;59.21;9.27;39.74;15.15;15.9;4.99;63.81;5.37;4.52;9.26;29.51;26.7;28.38;22.29;24.8;18.69;17.84;37.87;29.98;13.49;12.49;19.43;12.44;29.55;29.96;27.2;31.44;48.16;32.2;26.3;20.1
O3;uur;µg/m³;2023-06-30T06:00:00+01:00;2023-06-30T07:00:00+01:00;41;11.8;21.2;18.8;35.7;34.96;27.16;23.82;35.73;25.47;5.55;14.68;18.7;22.65;62.57;22.78;45.76;30.67;35.02;18.27;62.81;19.08;23.46;19.49;41.42;28.37;38.65;32.9;30.6;29.09;21.01;40.36;30.55;18.91;30.63;23.36;26.22;45.03;56.96;39.56;37.13;47.52;44.4;34.8;33.9
O3;uur;µg/m³;2023-06-30T07:00:00+01:00;2023-06-30T08:00:00+01:00;51.2;29;46.5;41.6;48.6;44.11;38;35.91;47.37;37.04;18.36;37.9;42.77;38.11;54.55;38.67;45.74;28;51.93;46.81;63.9;27.09;41.58;26.88;52.78;48.51;55.2;40.91;44.04;32.67;37.83;51.5;43.16;36.72;44.39;39.81;46.76;48.97;65.17;51.81;56.44;52.84;50.4;44.9;47.6
O3;uur;µg/m³;2023-06-30T08:00:00+01:00;2023-06-30T09:00:00+01:00;59.6;43.4;59.5;47.8;65.1;55.1;50;53.91;56.47;55.48;43.14;49.23;56.01;56.51;64.35;58.3;68.89;50.03;60.94;63.08;65.3;56.97;56.35;47.78;68.81;59.94;71.08;55.47;53.03;51.46;46.28;60;48.79;51.13;61.53;58.63;54.59;59.84;71.24;61.58;64.34;66.14;60.3;52.8;56.8
O3;uur;µg/m³;2023-06-30T09:00:00+01:00;2023-06-30T10:00:00+01:00;67.7;47.9;66;61.4;72.5;63.53;63.35;61.54;67.81;73.7;67.27;60.12;65.12;70.82;77.53;67.48;78.78;66.22;72.69;71.68;70.39;72.69;69.88;54.2;75.53;63.41;76.88;67.36;62.36;64.07;59.77;69.53;63.62;58.07;70.07;66.5;60.8;70.23;76.65;67.45;67.4;69.32;73.4;68.9;73.9
O3;uur;µg/m³;2023-06-30T10:00:00+01:00;2023-06-30T11:00:00+01:00;70.1;60.8;70.1;67.1;77.7;68.74;73.2;70.08;76.52;79.82;73.18;67.22;63.83;81.16;81.7;74.39;81.42;76.23;79.56;79.62;79.28;79.16;74.36;57.25;79.96;65.12;78.54;68.06;63.73;68.23;59.9;73.77;71.96;61.68;79.16;71.88;72.09;77.03;81.25;75.57;75.5;69.75;77.9;72;78.8
O3;uur;µg/m³;2023-06-30T11:00:00+01:00;2023-06-30T12:00:00+01:00;80.6;70.5;79.6;70.2;84.9;75.94;76.81;81.69;83.17;81.64;79.82;77.79;79.34;87.49;89.94;78.82;87.35;83.46;86.87;83.35;85.91;84.85;82.22;66.15;81.22;75.04;81.09;81.15;65.82;74.1;67.94;76.32;82.68;67.92;81.43;78.93;78.14;82;84.29;74.68;82.05;75.99;82.3;74.7;82.7
O3;uur;µg/m³;2023-06-30T12:00:00+01:00;2023-06-30T13:00:00+01:00;82.1;74.7;82.5;80.3;87.4;84.69;86.78;89.74;92.81;88.51;86.87;82.94;80.86;92.49;94.71;80.72;91.48;86.94;91.84;89.43;94.85;92.15;85.64;72.39;81.97;80.58;89.22;81.79;78.77;83.18;71.78;89.39;88.05;73.54;85.67;82.7;83.24;87.53;88.09;79.24;85.87;84.57;83.1;81.3;82.6
O3;uur;µg/m³;2023-06-30T13:00:00+01:00;2023-06-30T14:00:00+01:00;86.8;78.5;89.9;77.6;82.9;90.38;97.18;93.82;100.51;94.93;90.06;85.42;86.88;96.1;88.02;75.99;93.14;91.95;95.87;90.81;98.86;96.69;88.7;78.77;87.96;82.93;90.63;92.79;84.44;88.69;76.69;95.29;92.13;81.67;95.86;94.21;88.12;95.33;92.56;85.36;87.26;89.36;87.2;76.2;87.4
O3;uur;µg/m³;2023-06-30T14:00:00+01:00;2023-06-30T15:00:00+01:00;80.8;71.6;90.1;78.1;79.2;96.1;99.32;98.05;104.34;97.92;88.62;94.18;91.96;101.21;92.71;88.31;84.22;91.07;94;99.9;94.85;85.77;86.76;69.72;96.27;80.21;91.47;93.87;90.08;89.87;88.13;100.14;99.13;84.68;100.79;98.72;94.89;99.64;96.02;88.66;90.03;90.19;95.2;90.3;95.3
O3;uur;µg/m³;2023-06-30T15:00:00+01:00;2023-06-30T16:00:00+01:00;86.3;73.6;92.4;78.4;81.8;98.58;105.06;97.07;107.19;97.63;86.61;92.46;91.32;101.39;93.56;91.76;90.56;89.11;90.18;97.64;89.57;90.35;91.89;74.14;90.98;75.06;101.79;93.87;91.93;97.12;87.88;104.4;100.64;95.46;104.64;100.7;96.97;92.57;97.6;95.17;95.59;95.94;91;83.9;88.3
O3;uur;µg/m³;2023-06-30T16:00:00+01:00;2023-06-30T17:00:00+01:00;82.8;74.7;88.9;77.8;83;103.62;106.71;94.64;105.89;97.89;86.8;92.2;88.72;100.8;90.8;86.18;89.25;86.89;88.48;92.02;90.32;86.8;89.44;69.16;84.33;77.47;99.51;93.59;91.27;93.67;86.46;100.9;95.34;98.08;108.51;105.4;93.61;99.27;92.81;101.2;97.99;100.2;89.4;84.3;89.3
O3;uur;µg/m³;2023-06-30T17:00:00+01:00;2023-06-30T18:00:00+01:00;76.6;72.4;79.9;68.9;69;99.85;102.64;92.31;102.82;93.42;83.36;89.28;89.9;100.23;83.39;78.17;79.17;81.06;85.19;87.17;86.02;78.68;80.63;66.6;66.25;74.7;97.67;86.95;86.24;89.69;84.53;96.4;90.11;89.05;108.2;99.81;92.61;94.41;85.63;103.77;95.63;102.59;87.7;83.1;87.9
O3;uur;µg/m³;2023-06-30T18:00:00+01:00;2023-06-30T19:00:00+01:00;69.6;62.8;71.8;61.3;65.9;93.23;95.17;92.6;100.95;87.89;70.5;90.46;83.07;98.46;77.63;71.21;74.01;71.19;76.51;80.05;78.85;70.77;70.16;62.11;62.42;69.91;91.91;76.2;77.65;79.62;73;87.13;82.15;95.16;103.41;96.68;95.23;89.46;84.08;96.56;89.78;99.64;79.1;75.9;80.6
O3;uur;µg/m³;2023-06-30T19:00:00+01:00;2023-06-30T20:00:00+01:00;67.2;56.4;68.1;59.7;60.9;90.61;89.2;88.79;97.95;82.68;69.83;80.63;73.17;92.22;75.12;69.46;71.91;70.87;70.95;72.34;76.44;69.31;62.53;58.6;70.75;68.39;83.12;70.39;68.42;71.34;63.11;78.08;75.01;82.59;91.35;92.38;92.13;85.67;81.74;72.27;86.25;90.67;70.5;70;74.8
O3;uur;µg/m³;2023-06-30T20:00:00+01:00;2023-06-30T21:00:00+01:00;66.2;59.6;59;51.5;61.7;84.49;81.29;67.8;88.16;71.69;67.15;71.98;65.15;81.58;73.88;67.21;68.01;66.21;69.29;69.23;74.62;68.95;63.46;53.24;69.78;65.96;70.64;64.88;60.19;64.67;60.89;67.88;68.61;67.99;84.47;82.45;88.3;81.16;73.53;61.93;82.1;87.78;63.4;67;69.6
O3;uur;µg/m³;2023-06-30T21:00:00+01:00;2023-06-30T22:00:00+01:00;65.3;57.6;61.7;50.8;59;73.66;67.64;50.06;74.68;58.4;63.34;67.85;62.56;72.58;74;66.99;67.09;61.73;67.89;67.44;71.03;68.85;61.32;56.4;67.12;63.05;67.44;60.44;58.01;61.54;50.39;67.13;63.95;59.15;77.22;75.16;74.62;72.44;71.78;51.3;75.06;85.07;61.5;58.4;61.8
O3;uur;µg/m³;2023-06-30T22:00:00+01:00;2023-06-30T23:00:00+01:00;65.6;56;58.9;51;65.3;60.71;62.29;34;71.48;56.13;59.07;63.97;58.28;65.58;72.61;65.51;67.37;57.13;67.03;64.58;67.37;66.38;64.03;56.96;63.14;60.07;64.44;62.1;56.86;60.16;54.47;64.64;63.61;54.05;68.16;69.2;62.85;66.97;68.83;47.85;70.6;78.47;63.8;57.9;66.5
O3;uur;µg/m³;2023-06-30T23:00:00+01:00;2023-07-01T00:00:00+01:00;61.3;59;61.4;47.5;57.1;49.82;59.51;32.21;69.12;60.06;59.39;61.91;54.95;62.17;69.94;62.79;62.01;60.58;70.58;58.53;61.55;63.02;62.55;53.18;59.42;55.16;62.88;60.94;58.67;59.92;56.11;64;56.96;49.43;63.14;64.33;61.81;60.92;64.33;62.9;66.57;72.3;64.4;58.8;63.8
O3;uur;µg/m³;2023-07-01T00:00:00+01:00;2023-07-01T01:00:00+01:00;58.1;57.2;58.3;40;52.1;45.49;60.31;48.36;69.48;60.41;58.76;57.64;57.44;56.26;62.39;57.25;57.63;59.28;64.33;60.73;56.34;60.88;59.52;51.66;55.55;53.15;63.24;62.15;56.58;61.3;61.02;62.52;59;50.93;63.24;59.27;66.27;59.86;63.87;64.27;59.76;68.91;62.5;57.7;62.8
O3;uur;µg/m³;2023-07-01T01:00:00+01:00;2023-07-01T02:00:00+01:00;55.1;55.3;57.1;42.8;51.6;49.45;57.58;66.87;71.59;56.54;57.03;57.57;56.31;54.58;57.58;53.56;55.45;57.84;60.12;57.49;54.2;57.8;52.69;49.96;54.59;51.57;62.06;60.52;57.33;60.62;60.6;61.75;59.33;47.31;62.9;60.54;64.3;60.99;60.08;65.55;55.15;67.33;60;55.7;60.5
O3;uur;µg/m³;2023-07-01T02:00:00+01:00;2023-07-01T03:00:00+01:00;50.8;52.3;50.4;37.8;44.2;57.19;59.73;67.6;72.8;56.16;49.79;60.57;57.45;61.85;53.66;45.91;51.9;54.15;54.3;57.34;51.35;53.33;50.67;46.49;51.01;49.02;60.32;53.69;53.72;57.79;56.87;58.37;57.42;51.6;65.11;60.6;65.84;61.4;58.65;66.62;52.77;64.44;58.7;54.4;58.1
O3;uur;µg/m³;2023-07-01T03:00:00+01:00;2023-07-01T04:00:00+01:00;49.4;47.4;46.7;28.8;40;60.94;62.54;65.01;73.73;57.16;45.57;56.43;56.04;58.42;47.89;42.49;46.46;47.66;51.52;53.23;47.67;47.56;50.01;40.18;49.43;44.72;57.25;48.83;50.74;54.17;53.43;54.81;51.08;52.33;63.17;60;64.95;57.48;57;67.5;50.84;59.72;51.9;47.8;50.6
O3;uur;µg/m³;2023-07-01T04:00:00+01:00;2023-07-01T05:00:00+01:00;41.3;39.5;38.3;20.3;40.5;60.07;58.75;62.31;69.42;52.38;41.04;51.95;48.72;54.15;42.68;37.88;42.03;39.64;44.96;44.14;41.42;41.51;40.14;35.63;45.59;38.92;53.81;42.13;46.49;49.58;47.62;50.1;44.6;53.5;59.96;57.19;59.36;56.59;51.95;65.54;49.74;58.72;43.3;41.7;42.4
O3;uur;µg/m³;2023-07-01T05:00:00+01:00;2023-07-01T06:00:00+01:00;35.6;35.1;32.8;17.6;38.8;55.66;54.04;59.56;65.72;42.38;34.18;45;40.93;45.13;37.8;34.52;34.63;33.59;39.57;35.97;40.07;34.16;35.03;28.44;38.75;33.83;49.51;34.91;39.6;42.86;37.42;43.93;36.64;48.16;55.12;52.43;56.38;51.21;44.87;56.32;46.59;55.13;37;35.3;36.2
O3;uur;µg/m³;2023-07-01T06:00:00+01:00;2023-07-01T07:00:00+01:00;30.8;30.2;27.4;13.7;28.9;51.74;45.59;54.19;58.92;38.16;31.41;40.26;36.97;40.94;34.07;30.27;30.56;29.06;35.27;30.5;37.79;29.07;29.59;25.02;33.53;33.09;44.64;30.58;33.3;36.13;29.74;37.08;32.04;46.2;48.7;45.93;50.61;47.3;38.48;50.13;42.67;53.74;31;27.5;29.2
O3;uur;µg/m³;2023-07-01T07:00:00+01:00;2023-07-01T08:00:00+01:00;28.2;24.4;24.7;12.2;19.8;47.97;42.08;50.31;54.85;34.71;29.54;36.49;31.99;37.5;29.88;25.51;28.81;25.53;31.78;26.73;33.47;25.54;26.87;18.67;26.31;28.1;38.6;27.58;26.43;30.74;25.91;30.09;29.45;42.22;42.46;40.68;46.2;40.23;33.96;45.85;36.84;47.4;27.9;23.2;24.7
O3;uur;µg/m³;2023-07-01T08:00:00+01:00;2023-07-01T09:00:00+01:00;22;22.5;17.4;10;20.5;44.96;38.36;43.81;48.83;31.39;24.04;32.19;27.18;34.08;26.81;23.09;27.8;20.68;27.22;23.35;31.49;20.71;20.4;16.32;29.26;23.7;32.18;25.14;22.49;25.28;23.63;26.51;24.83;38.78;35.7;36.83;40.76;35.47;29.72;42.23;32.23;38.61;22.2;19.1;22.3
O3;uur;µg/m³;2023-07-01T09:00:00+01:00;2023-07-01T10:00:00+01:00;20.6;15.5;12.2;13.4;18.8;39.22;34.66;38.53;42.81;27.96;19.53;28.19;23.02;29.92;30.04;23.64;26.48;20.84;24.76;23.84;29.63;20.92;18.72;22;27.97;21.57;28.49;20.72;19.75;23;21.2;24.01;23.3;34.15;31.21;30.7;35.8;30.53;29.24;37.76;31.38;34.48;12.1;19.9;19.9
O3;uur;µg/m³;2023-07-01T10:00:00+01:00;2023-07-01T11:00:00+01:00;23.2;19.7;23.3;14.2;24.2;36.03;32.14;35.34;39.24;23.21;20.53;24.49;19.71;26.45;33.12;25.03;26.61;22.94;25.92;20.65;29.26;24.77;27.23;22.59;30.71;19.64;26.58;22.18;16.25;19.69;20.61;20.07;21.33;29.34;27.55;27.04;31.86;27.52;32.46;34.78;30.14;31.77;24.5;21.3;24.8
O3;uur;µg/m³;2023-07-01T11:00:00+01:00;2023-07-01T12:00:00+01:00;27.8;23.4;27.4;16.7;31.3;32.68;28.45;32.17;37.41;21.42;26.09;22.26;24.66;23.92;39.79;32.4;30.85;27.79;31.75;25.53;33.19;29.36;30.48;24.89;32.87;20.9;26.55;26.97;19.95;21.98;25.51;24.48;24.76;25.42;25.56;23.74;29.23;25.5;33.76;32.38;32.91;30.5;24.1;22.3;25.1
O3;uur;µg/m³;2023-07-01T12:00:00+01:00;2023-07-01T13:00:00+01:00;29.9;23.2;32.2;25.5;35.3;33.93;28.28;31.93;37.36;28.68;32.9;26.16;32.06;29.68;42.4;42.48;34.34;36.79;37.1;32.66;39.95;35.28;35.49;30.15;39.55;27.29;32.1;30.5;25.33;26.84;27.08;30.9;28.45;22.23;24.3;24.78;27.58;30.66;41.03;31.6;39.56;33.77;29;27;29.6
O3;uur;µg/m³;2023-07-01T13:00:00+01:00;2023-07-01T14:00:00+01:00;28.4;25.8;33;25.1;40.5;37.52;36.3;37.38;44.09;33.05;34.91;34.61;35.9;43.2;48.86;42.79;40.75;36.8;40.96;36.68;42.79;42.22;37.64;38.23;44.19;32.17;34.91;33.35;29.03;28.76;30.99;32.61;32.84;21.98;34.32;30.96;25.98;33.73;45.64;30.91;44.61;38.62;29.9;29;33.8
O3;uur;µg/m³;2023-07-01T14:00:00+01:00;2023-07-01T15:00:00+01:00;36.3;29.1;37.7;27.4;47.8;55.88;46.5;50.44;55.56;34.2;42.16;33.76;43.29;44.97;51.44;41.4;47.64;41.71;47;43;48.79;49.62;43.16;44.65;49.65;35.22;39.95;38.37;33.75;36.77;34.65;38.72;40.82;24.2;36.56;34.39;31.87;38.72;45.12;34.54;50.69;43.96;34.8;31.8;37.9
O3;uur;µg/m³;2023-07-01T15:00:00+01:00;2023-07-01T16:00:00+01:00;45.2;34.4;46.1;35;43.8;57.1;45.57;54.34;58.51;39.36;46.07;30.11;50.16;48.66;53.11;41.83;44.6;47.75;47.52;45.84;51.12;49.66;51.79;41.26;52.68;39.27;45.04;42.93;36.23;39.36;39.04;42.69;47.09;26.45;38.99;34.84;33.76;41.22;52.67;41.88;51.2;49.63;41.7;40.2;44.1
O3;uur;µg/m³;2023-07-01T16:00:00+01:00;2023-07-01T17:00:00+01:00;46.1;39.5;50.8;38.9;48.6;46.01;41.45;54.22;57.48;45.97;45.63;38.82;48.96;45.69;56.23;47.43;52.23;52.77;50.95;48.52;51.1;49.75;54.49;44.3;52.94;40.64;51.51;46.92;42.01;44.47;43.45;48.82;47.75;24.97;42.82;44.32;41.46;46.51;55.86;45.06;53.83;49.31;45.1;42.5;46.1
O3;uur;µg/m³;2023-07-01T17:00:00+01:00;2023-07-01T18:00:00+01:00;52.2;42.4;53.7;38;44.7;43.99;43.54;47.78;53.22;44.78;48.84;37.09;50.35;43.36;51.84;54.77;53.77;54.51;56.54;54.28;55.54;56.56;56.4;50.03;52.72;37;50.23;49.42;45.07;46.25;47.35;51.1;48.56;34.42;45.43;40.42;47.34;51.16;53.11;47.83;59.66;55.07;45;40.5;45.3
O3;uur;µg/m³;2023-07-01T18:00:00+01:00;2023-07-01T19:00:00+01:00;53.6;42.3;52;40.1;44.7;45.57;44.31;48.52;51.84;44.1;53.39;34.96;56.47;43.38;63.17;57.48;53.84;51.42;58.22;55.36;54.97;56.08;56.17;50.5;55.78;40.87;48.61;53.12;47.77;47.78;48.09;53.94;49.81;30.37;47.4;43.28;48.58;50.06;55.91;50.79;58.29;54.94;45.2;43.1;47.3
O3;uur;µg/m³;2023-07-01T19:00:00+01:00;2023-07-01T20:00:00+01:00;52.2;35.8;50.4;35.3;32;42.53;43.97;48.72;51.94;45.91;54.68;36.26;53.33;40.3;62.6;63.28;53.43;49.12;56.08;56.58;58.95;53.2;53.91;47.16;57.51;43.36;47.54;50.21;47.56;50.82;44.46;54.47;51.01;22.06;47.98;43.16;47.4;49.6;59.99;51.74;60.72;56.17;46.9;44.1;46.8
O3;uur;µg/m³;2023-07-01T20:00:00+01:00;2023-07-01T21:00:00+01:00;52.3;41.8;51.5;44;39.6;39.99;39.94;44.94;48.77;43.31;58.8;30.02;55.12;35.68;66.02;67.61;50.95;40.58;54.18;51.61;57.29;42.17;53.1;39.21;58.02;44.12;40.89;47.79;44.17;44.83;39.89;52.79;46.15;13.69;52.01;44.74;48.69;51.12;61.59;45.65;58.72;59.46;48.4;43.4;48.9
O3;uur;µg/m³;2023-07-01T21:00:00+01:00;2023-07-01T22:00:00+01:00;47.1;40.7;43.5;20.5;41.1;40.56;28.53;47.6;54.04;44.36;61.72;29.18;50.44;27.48;58.19;66.55;51.56;48.63;54.35;50.58;53.89;35.8;44.78;30.51;54.71;42.88;46.81;39.31;44.12;43.32;36.4;48.5;39.29;11.26;48.34;43.44;42.94;54.01;59.55;45.96;57.81;60.26;46.7;43.2;46.8
O3;uur;µg/m³;2023-07-01T22:00:00+01:00;2023-07-01T23:00:00+01:00;49.1;41.2;45.2;22;41.1;42.89;27.85;36.27;44.96;50.21;59.52;28.87;57.13;28.06;68.42;71.47;47.44;48.93;54.88;52.07;47.82;40.43;41.14;28.17;62.36;42.96;43.79;33.04;33.83;36.9;28.79;41.69;40.64;12.66;46.89;40.91;36.6;49.04;66.1;44.99;66.63;62.17;43;38.6;41.4
O3;uur;µg/m³;2023-07-01T23:00:00+01:00;2023-07-02T00:00:00+01:00;46.1;34.1;39.3;25.8;28.1;43.72;28.3;40.7;43.17;50.52;60.96;35.87;56.78;39.71;87.18;71.33;47.99;43.78;61.05;51.2;70.55;43.84;32.64;37.67;78.15;56.36;46.2;39.13;34.16;42.42;32.77;41.62;46.87;19.38;45.6;42.02;40.36;45.95;79.56;42.46;68.32;66.03;46.9;44.9;46.2
O3;uur;µg/m³;2023-07-02T00:00:00+01:00;2023-07-02T01:00:00+01:00;46.7;30.8;39.4;43.2;45.2;46.59;33.96;54.13;52.9;49.3;68.35;48.67;60.04;54.29;70.11;69.26;47.31;43.92;76.14;58.15;89.4;44.72;44.4;41.91;82.85;78.95;52.33;64.66;44.57;54.17;49.78;50.05;53.03;17.15;41.66;44.37;42.89;58.94;79.98;42.91;71.06;72.96;68.4;63.3;71.9
O3;uur;µg/m³;2023-07-02T01:00:00+01:00;2023-07-02T02:00:00+01:00;53.2;44.8;68.7;76;80;54.31;52.4;60.47;62.27;56.63;62.68;61.43;65;66.88;81;62.09;73.52;58.54;65.09;58.45;89.46;69.95;70.63;69.04;82.43;80.75;72.05;73.88;58.37;51;72.39;61.55;52.56;15.01;54.38;50.83;39.07;75.65;81;35.8;68;74.03;74.5;70.4;81.2
O3;uur;µg/m³;2023-07-02T02:00:00+01:00;2023-07-02T03:00:00+01:00;63.4;64;81.2;76.4;73.1;58.86;62.31;64.86;69.2;56.41;68.37;64.33;63.4;69.76;89.87;45.26;83.85;77.48;74.57;71.25;86.83;85.93;81.39;81.35;79.2;79.5;79.41;73.35;58.93;55.78;68.3;69.08;53.28;34.82;49.43;69.53;37.2;74.65;78.48;34.06;67.34;75.31;71.7;68.1;78.2
O3;uur;µg/m³;2023-07-02T03:00:00+01:00;2023-07-02T04:00:00+01:00;74.8;60.5;74.1;77;68.6;61.31;60.06;67.46;70.77;52;78.36;57.98;72.85;64.53;86.12;34.23;82.81;70.87;71.37;74.25;84.41;84.85;75.88;80.4;78.05;76.68;75.98;66.64;55.38;56.62;65.03;61.92;57.18;23.85;43.43;62.69;61.42;69.26;75.31;40.32;59.61;73.44;70.3;68.4;76.1
O3;uur;µg/m³;2023-07-02T04:00:00+01:00;2023-07-02T05:00:00+01:00;63;64.8;74.6;72.4;76.7;63.44;55.08;65.98;70.66;53.49;77.11;53.34;74.61;55.38;80.87;31.9;76;73.04;66.49;76.1;78.97;78.81;76.16;74.3;74.07;72.84;72.3;59.47;54.78;64.15;63.35;60.03;62.47;20.73;47.11;55.29;61.81;67.22;74.46;53.89;61.82;69.47;66.8;64.6;74.5
O3;uur;µg/m³;2023-07-02T05:00:00+01:00;2023-07-02T06:00:00+01:00;55.5;59.7;67.3;51;64.2;61.67;55.25;61.62;69.62;53.08;71.87;55.71;70.46;51.01;73.57;37.2;70.72;68.07;60;69.62;72.85;72.11;63.34;68.5;67.55;66.7;57.61;63.75;57.56;63.32;60.99;61.67;61.17;27.52;51.25;58.8;56.16;65.83;70.52;57.37;67.41;66.49;62.6;64.6;68.9
O3;uur;µg/m³;2023-07-02T06:00:00+01:00;2023-07-02T07:00:00+01:00;57.8;57.7;62.7;52.4;65.3;60.19;64.96;60.68;66.72;65.05;68.29;59;66;61.69;72.66;48.17;67.13;63.84;60.16;64.19;68.49;68.14;61.81;65.36;67.05;62.28;65.59;61.86;55.27;60.88;60.74;60.35;56.28;37.64;59.93;62.86;63.63;66.16;68.38;58.22;68.49;67.75;60.1;58.6;65.2
O3;uur;µg/m³;2023-07-02T07:00:00+01:00;2023-07-02T08:00:00+01:00;58.2;59.4;66.6;59.3;62.8;62.54;67.32;58.65;63.82;64.64;64.98;64.84;62.93;69.02;72.97;63.05;69.52;69.34;65.14;62.74;71.51;70.34;66.64;67.94;67.87;62.53;66.15;63.13;60.32;61.69;62.17;65.25;61.41;52.76;63.12;63.95;66.31;66.83;68.29;64.95;69.5;69.16;61.6;62;65.6
O3;uur;µg/m³;2023-07-02T08:00:00+01:00;2023-07-02T09:00:00+01:00;61.7;56.7;66.9;61.7;70.2;67.3;69.35;58.7;63.25;65.23;67.06;64.52;67.8;70.15;75.7;69.71;72.13;66.76;68.31;68.18;72.93;73.75;69.41;70.42;67.75;63.44;67.92;67.77;66.58;66.98;66.22;71.23;68.65;59.82;65.21;65;66.08;69.22;68.29;69.83;69.5;70.33;66.2;65.8;68.4
O3;uur;µg/m³;2023-07-02T09:00:00+01:00;2023-07-02T10:00:00+01:00;67.9;52.6;65.8;62.4;67.8;68.4;70.71;61.09;66.44;70;70.27;66.35;70.98;72.18;75.68;69.21;73.45;70.1;73.78;72.82;74.7;73.86;72.17;70.7;67.18;65.59;73.73;69.51;68.6;71.22;68.49;73.76;71.66;62.04;73.29;65.71;70.38;69.9;68.15;69.99;67.92;69.96;68.8;66.5;69.7
O3;uur;µg/m³;2023-07-02T10:00:00+01:00;2023-07-02T11:00:00+01:00;68.6;56.3;66.7;64.3;71.9;67.72;75.47;68.1;73.99;71.65;68.64;70.88;73.81;75.83;79.59;77.95;75.84;71.46;74.76;76.45;76.95;75.43;73.9;71.69;68.65;67.43;74.24;71.31;69.71;73.41;69;75.3;74.64;67.9;77.19;73.08;75.13;70.9;69.96;68.95;71.71;70.7;70.5;67.3;71.3
O3;uur;µg/m³;2023-07-02T11:00:00+01:00;2023-07-02T12:00:00+01:00;69.6;61.6;74.5;73.7;77.4;75.4;77.95;79.72;82.8;74.46;79.45;71.65;77.78;77.46;85.34;77.81;75.87;78.41;77.56;78.69;80.56;78.11;79.24;71.5;71.32;70.86;75.65;74.51;72.26;76.78;71.99;78.28;78.37;72.6;78.58;81.64;76.11;73.19;70.9;70.06;73.95;74.38;74.3;71.1;75.6
O3;uur;µg/m³;2023-07-02T12:00:00+01:00;2023-07-02T13:00:00+01:00;69.3;65.6;76.3;74.6;77.8;86.06;79.58;81.86;88.35;78.29;79.61;73.61;78.9;82.31;87.66;80.07;79.91;78.35;77.1;78.98;81.89;82.91;81.53;74.33;77.07;70.24;80.3;78.31;75.94;80.17;74.76;81.9;80.82;75.02;81.07;85.11;77.69;74.76;74.18;71.71;75.23;75.29;78.2;74.3;78.8
O3;uur;µg/m³;2023-07-02T13:00:00+01:00;2023-07-02T14:00:00+01:00;74.2;68.2;81.3;79.8;80.4;87.97;85.04;84.37;88.08;84.28;82.3;78.66;79.15;91.5;90.52;85.2;86.89;80.06;79.5;79.2;86.87;84.95;84.06;79.33;79.37;73.69;82.25;79.27;77.78;81.19;76.78;84.81;80.92;80.3;85.87;84.39;79.69;78.39;79.95;73.08;77.6;78.05;79.2;73.6;80.2
O3;uur;µg/m³;2023-07-02T14:00:00+01:00;2023-07-02T15:00:00+01:00;75.2;69.9;84;79.6;83;88.09;89.19;86.48;91.79;85.9;86.54;84.91;82.56;95.24;95.15;90.23;86.68;82.63;80.68;79.7;90.01;86.06;86.03;77.75;80.83;78.16;84.17;82.83;81.74;84.79;78.58;88.78;84.63;85.96;88.26;86.48;84.42;84.84;82.72;76.9;77.4;80.18;83.9;79.2;85.1
O3;uur;µg/m³;2023-07-02T15:00:00+01:00;2023-07-02T16:00:00+01:00;79.5;68.3;85.2;80.6;83.6;92.39;90.67;87.2;90.49;89.58;90.24;86.94;86.5;97.07;97.72;91.26;87.36;84.39;84.21;84.62;89.58;85.38;87.26;77.34;81.14;78.05;87.29;83.71;80.91;86.69;80.65;89.41;86.24;85.26;90.34;86.8;86.98;84.79;82.36;84.01;80.45;81.25;84.8;79.6;86.7
O3;uur;µg/m³;2023-07-02T16:00:00+01:00;2023-07-02T17:00:00+01:00;81.7;73.8;88.4;83.8;82.2;92.3;93.98;87.37;90.01;91.16;92.79;88.28;89.6;99.88;91.46;91.08;91.99;86.13;85.79;87.1;92.65;91.12;89.4;79.53;84.2;80.12;88.32;84.93;83.32;87.23;80.05;90.61;88.96;82.35;93.11;87.93;89.08;85.05;81.86;86.3;82.41;85.12;84.1;79.2;85.7
O3;uur;µg/m³;2023-07-02T17:00:00+01:00;2023-07-02T18:00:00+01:00;77.3;71.2;83.2;79.5;75.5;91.41;94.58;86.75;89.57;89.9;88.66;90.97;91.86;99.98;93.23;86.27;85.3;80.92;84.09;86.05;92.65;84.96;85.93;77.54;81.64;85.58;86.93;88.87;85.56;86.6;83.17;92.21;85.9;83.96;93.14;89.85;89.92;86.95;84.93;86.72;82.15;84.65;87.3;84.2;90.7
O3;uur;µg/m³;2023-07-02T18:00:00+01:00;2023-07-02T19:00:00+01:00;82.4;74.1;84;78.3;71.2;89.02;90.55;85.54;87.2;89.91;84.44;86.62;86.78;96.46;90.79;82.07;81.39;80.89;85.49;84.3;84.67;79.3;87.03;75.45;91.45;75.58;87.4;84.25;80.35;80.61;81.2;87.85;79.47;82.61;91.8;88.99;86.4;84.95;86.73;86.99;81.68;81.86;87.2;83.6;88.7
O3;uur;µg/m³;2023-07-02T19:00:00+01:00;2023-07-02T20:00:00+01:00;80;69.1;76.5;75.9;66.2;84.91;83.98;86.39;89.84;86.86;81;83.85;83.44;93.8;88.88;77.98;78.54;78.38;83.35;82.07;76.89;76.4;82.23;68.12;77.29;71.63;88.86;76.04;75.35;75.82;71.57;81.17;76.48;66.99;86.75;87.09;84.79;85.01;90.37;87.36;77.68;80.34;79.3;73.5;82.6
O3;uur;µg/m³;2023-07-02T20:00:00+01:00;2023-07-02T21:00:00+01:00;78.2;69.6;73.5;67.6;58.4;84.83;73.83;86.82;89.56;80.81;74.4;79.78;74.23;85.14;85.56;78.6;78.44;77.02;82.22;79.9;80.25;72.37;78.29;65.62;78.75;70.61;84.79;73.45;72.41;74.49;66;79.43;77.5;56.1;80.92;83.92;82.9;84.98;83.9;78.8;81.59;80.35;69.3;67.2;73.4
O3;uur;µg/m³;2023-07-02T21:00:00+01:00;2023-07-02T22:00:00+01:00;75.4;68.2;70.5;58.1;59.8;80.52;71.94;79.58;82.79;76.65;73.7;73.1;74.96;79.84;83.92;75.99;77.12;73.87;79.83;77.08;80.82;67.93;67.06;60.53;72.22;72.31;77.22;71.12;66.6;72.66;64.86;72.65;76.43;59.55;75.46;79.28;79.4;84.5;79.44;75.55;69.75;78.2;68.4;69.3;71.3
O3;uur;µg/m³;2023-07-02T22:00:00+01:00;2023-07-02T23:00:00+01:00;76.6;68.2;73.3;59.6;66.5;76.53;65.66;77.55;79.42;67.55;73.56;71.99;71.87;79.94;84.34;72.33;76.71;74.6;78.33;76.93;79.36;66.8;68.07;63.85;59.19;67.55;70.8;65.93;60.63;71.68;63.71;70.1;74.48;58.62;76.8;74.38;70.4;81.27;74.83;68.83;63.41;80.36;71.9;69.7;75.6
O3;uur;µg/m³;2023-07-02T23:00:00+01:00;2023-07-03T00:00:00+01:00;76.1;70.5;74.1;63.5;67.8;73.43;71.2;73.83;73.65;64.47;68.88;72.51;71.92;73.6;75.95;73.19;77.37;74.07;73.99;70.96;76.17;71.61;68.81;67.38;51.63;67.98;66.27;60.55;61.23;70.28;58.58;70.02;72.76;52.8;75.28;72.81;69.39;75.16;70.21;67.88;60.79;76.07;68.8;67.6;73
O3;uur;µg/m³;2023-07-03T00:00:00+01:00;2023-07-03T01:00:00+01:00;70.2;62.4;71.3;60.6;60.3;69.34;71.58;71.68;69.88;57.11;70.96;68.19;67.49;68.78;73.34;66.76;77.22;71.27;70.9;69.84;79.99;76.04;56.02;69.06;63.14;70.33;63.71;67.83;63.57;71.71;63.72;71.29;70.75;53.41;73.52;67.11;68.04;67.6;67.93;59.2;58.69;72.99;63.1;64.4;69.9
O3;uur;µg/m³;2023-07-03T01:00:00+01:00;2023-07-03T02:00:00+01:00;64.9;60.2;65.8;52.7;57.3;66.23;68.2;68.74;71.74;61.97;64.86;66.51;68.68;69.1;61.48;56.51;74.25;65.41;67.31;67.87;75.04;67.9;61;67.67;67.52;68.37;60.01;67.91;62.97;67.94;69.26;68.51;64.6;50.2;69.15;64.73;68.53;64.12;66.29;55.2;58.24;70.14;70.6;69.6;71.1
O3;uur;µg/m³;2023-07-03T02:00:00+01:00;2023-07-03T03:00:00+01:00;64.5;61.4;65.8;57.3;68;;;;;;;;;;;;;;;;;;;;;;;;;;;;;;;;;;;;;;66.2;66;61.8
O3;uur;µg/m³;2023-07-03T03:00:00+01:00;2023-07-03T04:00:00+01:00;56.9;56.8;62.5;61.4;58.2;63.91;66.44;66.27;65.83;55.23;50.82;63.79;53.29;65.74;60.19;45.66;70.49;61.83;56.4;56.49;72.3;72.46;66.81;67.64;62.63;;61.15;62.67;53.2;59.91;61.31;58.5;55.88;47.68;64.78;62.81;61.78;62.39;66.71;55.62;61.01;65.84;66.1;65.6;65.1
O3;uur;µg/m³;2023-07-03T04:00:00+01:00;2023-07-03T05:00:00+01:00;58.7;52.2;64.4;61.1;63.2;60.02;62.65;61.56;62.56;48.95;47.14;58.32;47.13;60.08;68.98;44.71;67.32;63.85;64.52;48.39;69.63;68.53;62.17;61.92;57.14;63.3;57.03;63.18;53.38;54.03;58.34;58.11;53.23;48.68;60.28;59.97;56.11;63.58;61.75;56.04;53.09;66.45;63.5;62.4;64
O3;uur;µg/m³;2023-07-03T05:00:00+01:00;2023-07-03T06:00:00+01:00;53.9;44.6;57.9;58.4;60.4;55.61;56.72;56.15;58.29;45.33;45.81;51.87;41.12;53.47;67.49;45.63;64.78;61.65;59.75;48.13;68.25;64.19;53.3;59.36;56.02;58.96;54.98;60.63;53.07;49.52;53.83;62;60.73;47.12;53.18;54.16;50.42;60.73;58.97;53.5;52.47;61.61;60.3;54.1;58.6
O3;uur;µg/m³;2023-07-03T06:00:00+01:00;2023-07-03T07:00:00+01:00;48;37.8;56.3;52.7;61.4;53.24;51.32;52.95;54.98;44.16;46.02;47.92;36.36;52.2;67.04;47.62;64.83;54.67;58.04;47.06;66.91;61.33;56.36;58.59;57.2;53.85;56.22;58.46;48.64;49.64;49.47;60.25;56.53;42.49;47.08;46.76;49.93;59.32;58.99;53.36;54.3;58.32;58.4;52.9;57.2
O3;uur;µg/m³;2023-07-03T07:00:00+01:00;2023-07-03T08:00:00+01:00;58.4;47;61.5;56.3;58.3;53.13;49.36;53.57;54.48;45.22;48.4;46.69;38.17;54.83;66.79;52.12;62.43;57.76;58.23;53.13;66.01;60.62;58.97;57.16;58.55;53.44;59.82;60.7;49.18;51.24;53.73;59.93;56.58;43.49;51.77;43.4;55.49;62.78;59.91;60.59;59.69;58.36;59.7;53.9;58.6
O3;uur;µg/m³;2023-07-03T08:00:00+01:00;2023-07-03T09:00:00+01:00;61.2;54.3;63.8;57.3;65.5;60.14;53.29;59.43;62.07;50.41;51.73;51.78;45.35;57.66;67.03;56.64;63.08;59.33;61.54;53.51;68.41;64.81;62.93;56.92;60.68;57.83;62.8;63.08;58.88;58.71;57.98;65.04;57.76;46.04;51.87;44.13;58.09;63.09;61.78;65.44;61.35;57.45;62.7;59.3;62.5
O3;uur;µg/m³;2023-07-03T09:00:00+01:00;2023-07-03T10:00:00+01:00;59.8;53.8;62;57;65.5;63.95;62.67;61.7;66.5;52.17;59.65;55.96;45.01;62.74;67.2;61.98;67.44;61.03;53.33;53.94;70.25;67.35;64.33;60.24;61.24;59.38;64.52;62.14;56.2;56.33;60.78;63.05;62.34;49.86;53.99;48.6;63.93;64.64;63.75;67.9;65.19;62.84;64.7;58.5;64.1
O3;uur;µg/m³;2023-07-03T10:00:00+01:00;2023-07-03T11:00:00+01:00;64;54.9;65.9;59.3;65.7;65.74;66.78;66.59;71.09;60.41;65.02;64.24;51.52;71.03;72.66;65.84;69.96;63.11;60.42;57.71;70.69;69;67.38;64.67;62.21;61.2;66.43;65.09;58.33;58.23;61.46;;62.96;51.21;60.75;55.19;62.97;70.08;64.31;63.55;66.54;64.35;65.3;61.6;65.9
O3;uur;µg/m³;2023-07-03T11:00:00+01:00;2023-07-03T12:00:00+01:00;63.7;56.8;63.1;60.2;68.5;66.25;73.58;74.48;76.78;70.64;67.58;69.07;65.58;78.34;72.43;72.25;72.52;65.7;69.98;67;71.75;69.33;67.19;64.57;65.75;61.8;68.07;67.75;60.82;63.51;62.41;;65.09;56.44;58.12;68.48;63.41;69.61;65.52;73.42;65.75;66.47;66.1;61.8;68.5
O3;uur;µg/m³;2023-07-03T12:00:00+01:00;2023-07-03T13:00:00+01:00;61.2;60;63;66;71;76.2;78.81;78.38;81.99;74.27;73.62;72.79;72.11;81;74.08;73.43;72.83;65.97;68.99;73.31;74.3;71.55;66.32;64.61;66.13;63.62;69.46;66.7;63.23;65.12;63.34;;70.18;60.32;57.57;69.25;59.04;71.83;67.61;72.34;64.37;64.61;68;62.8;69.3
O3;uur;µg/m³;2023-07-03T13:00:00+01:00;2023-07-03T14:00:00+01:00;63.2;61;66.6;68.9;71.4;80.65;82.98;81.68;84.93;72.91;74.49;75.04;72.98;81.58;76.37;74.81;77.77;66.67;70.43;70.63;79.86;73.57;70.34;69.47;66.71;66.76;69.58;68.52;62.48;67.12;63;;69.28;63.08;72.36;76.82;61.74;71.77;66.68;74.87;67.3;66.32;69.6;63.2;69.9
O3;uur;µg/m³;2023-07-03T14:00:00+01:00;2023-07-03T15:00:00+01:00;68.7;61.6;69.6;64.2;75.4;82.68;80.94;85.17;87.4;74.66;72.6;72.75;75.09;80.4;79.02;75.78;81.6;69.11;72.98;73.75;86.54;78.91;69.77;70.9;71.69;72.86;68.52;70.91;64.53;66.54;64.01;;71.1;65.6;73.76;74.74;61.65;67.67;68.81;72.57;68.05;69.01;75.5;71.7;77.9
O3;uur;µg/m³;2023-07-03T15:00:00+01:00;2023-07-03T16:00:00+01:00;71.7;57.5;70.2;63.8;69.7;84.81;79.47;84.46;88.2;74.32;73.75;72.53;74.35;83.27;79.66;75.26;82.38;70.61;75.57;75.29;87.52;82.26;71.32;69.11;79.07;77.88;72.25;73.94;69.37;69.16;72.18;76.15;71.81;66.59;73.15;75.52;64.57;68.46;73.63;73.24;69.39;68.25;82.3;78.5;84.5
O3;uur;µg/m³;2023-07-03T16:00:00+01:00;2023-07-03T17:00:00+01:00;73.1;64.9;75.2;65.4;70;84.66;79.37;85.11;88.75;71.24;75.65;74.11;72.86;83.9;80.56;73.26;76.72;74.9;76.29;79.32;83.49;77.53;73.7;65.61;82.97;75.95;77.62;77.08;68.8;70.31;72.58;75.19;76.54;62.6;74.58;72.48;67.27;79.44;81.29;67.77;70.26;70.25;82.3;78.7;84.5
O3;uur;µg/m³;2023-07-03T17:00:00+01:00;2023-07-03T18:00:00+01:00;74.5;63.3;73;64.9;69.9;82.43;79.89;86.37;89.31;76.37;72.61;77.11;72.19;82.67;78.64;71;74.64;74.28;75.69;77.81;76.84;75.36;69.34;62.77;79.18;67.48;77.64;73.71;70.81;72.28;72.18;76.75;76.43;55.5;77.96;71.26;73.53;81.66;83.97;71.56;75.45;71.87;76.7;73.2;77.5
O3;uur;µg/m³;2023-07-03T18:00:00+01:00;2023-07-03T19:00:00+01:00;73;61.7;70.8;62.8;68.4;79.47;79.17;82.96;86.67;75.07;68.35;75.22;69.87;79.47;76.71;70.03;73.79;72.39;73.36;73.2;76.17;73.84;67.2;64.62;71.75;67.67;74.51;73.7;71.66;72.57;69.56;77.43;73.25;58.03;77.91;70.13;72.96;79.25;77.31;79.48;79.65;81.73;71;69.5;74.1
O3;uur;µg/m³;2023-07-03T19:00:00+01:00;2023-07-03T20:00:00+01:00;67.6;53.5;61.4;48.6;61.6;77.73;75.73;76.87;81.42;70.6;66.8;72.57;68.42;76.69;70.97;66.2;68.78;67.42;70.76;70.6;71.34;64.46;57.08;60.62;65.01;63.29;71.08;68.26;67.53;69.24;68.87;72.77;71.78;48.9;75.31;67.52;71.28;73.49;67.71;78.73;78.68;82.43;64.9;64;67.5
O3;uur;µg/m³;2023-07-03T20:00:00+01:00;2023-07-03T21:00:00+01:00;61.2;49.3;50.5;42.9;59;72.49;71.94;73.31;76.12;65.52;63.43;66.56;64.31;70.51;68.05;63.97;69.78;61.24;67.27;67.18;70.59;60.11;52.36;58.74;68.01;61.21;65.22;55.62;56.56;59.98;56.32;62.19;62.74;44.95;69.52;68.56;68.18;65.51;67.98;69.84;70.87;71.73;60.2;61.5;61.7
O3;uur;µg/m³;2023-07-03T21:00:00+01:00;2023-07-03T22:00:00+01:00;63.4;55.6;59.7;51.8;54.2;65.36;66.33;68.05;69.43;61.19;62.55;63.35;62.28;67.54;69.1;63.13;68.25;62.98;68.2;59.82;72.51;63.25;63.08;59.77;66.27;62.8;61.01;60.62;51.45;54.19;56.51;58.01;61.52;56.46;59.19;64.28;59.68;60.81;66.75;64.94;75.28;71.3;59.7;59.5;61.1
O3;uur;µg/m³;2023-07-03T22:00:00+01:00;2023-07-03T23:00:00+01:00;60.1;50.1;48.9;43;38.9;65.24;64.16;63.6;67.35;58.49;61.36;62.61;60.83;66.25;65;63.42;64.78;54.52;65.48;65.97;67.2;56.14;58.13;53.63;63.83;60.7;58.8;56.65;53.35;61.13;54.57;59.44;65.16;54.88;58.99;58.03;59.28;55.92;60.68;58.99;59.12;69.69;56.4;57.4;58.5
O3;uur;µg/m³;2023-07-03T23:00:00+01:00;2023-07-04T00:00:00+01:00;58.7;49.2;47.4;34.2;41;63.86;57.48;64.75;68.11;51.53;60.91;59.01;54.31;66.48;64.75;63.44;61.64;51.48;66.82;61.91;64.42;62.65;54.05;59.51;57.53;59.67;54.56;46.61;47.32;53.93;48.93;53.84;55.79;50.53;61.98;68.11;54.7;52.84;61.4;57.17;53.51;60.88;53.8;55.9;54.8
O3;uur;µg/m³;2023-07-04T00:00:00+01:00;2023-07-04T01:00:00+01:00;52.2;45.6;46.1;47.1;42.9;60.06;47.18;62.9;66.65;51.32;59.74;61.03;56.65;64.09;62.26;59.67;57.8;48.31;61.89;63.48;65.72;60.85;55.85;56.07;58.01;58.16;49.87;36.93;44.5;50.26;40.77;49.9;52.28;45.52;56.31;59.9;53.28;49.88;58.43;54.5;50.4;52.88;56.6;56.2;54.3
O3;uur;µg/m³;2023-07-04T01:00:00+01:00;2023-07-04T02:00:00+01:00;48.3;48.6;53.2;40.6;36.1;60.35;53.11;60.3;63.35;51.9;57.51;60.18;55.98;63.87;61.51;56.43;60.1;55.86;58.09;59.21;63.19;53.31;52.86;55.77;60.34;57.61;44.68;46.51;43.85;48.46;37.05;48.53;48.38;41.53;51;55.93;51.45;47.9;55.73;49.55;40.7;47.29;55;54.1;51.7
O3;uur;µg/m³;2023-07-04T02:00:00+01:00;2023-07-04T03:00:00+01:00;45.6;42.4;42.8;30.4;57.2;59.29;53.37;58.36;56.37;54.57;55.13;59.51;54.19;62.59;61.95;52.16;62.36;42.37;46.96;51.24;63.39;57.78;45.19;60.65;58.13;56.96;38.72;45.9;39.62;50.01;47.55;48.66;51.34;39.91;50;51;45.26;41.16;56.44;42.12;43.34;46.59;53.8;53.3;53.4
O3;uur;µg/m³;2023-07-04T03:00:00+01:00;2023-07-04T04:00:00+01:00;49.8;41.5;46.5;48.1;57.7;56.97;56.47;57.19;54.46;50.31;52.62;58.02;49.11;60.26;59.35;47.65;60;43.7;49.61;40.26;63.55;59.43;55.38;57.99;56.16;57.98;39.91;35.56;36;44.37;36.61;44.32;36.77;39.19;43;45.52;44.04;34.6;55.4;41.01;42.86;44.45;52.8;51.1;53.3
O3;uur;µg/m³;2023-07-04T04:00:00+01:00;2023-07-04T05:00:00+01:00;46.2;34.5;41.3;47.7;54.7;52.51;52.14;55.88;55.87;42.66;48.42;54.39;42.74;55.15;59.44;41.06;60.43;42.13;;44.26;62.99;55.49;44.25;51.81;56.69;54.92;40.33;31.8;33.94;33.84;29.01;42.34;28.74;28.28;41.19;42.03;40.52;33.58;53.6;39.52;36.17;46.34;54.6;51.7;54.2
O3;uur;µg/m³;2023-07-04T05:00:00+01:00;2023-07-04T06:00:00+01:00;42.3;30.5;45.6;41.6;48.2;49.28;48;48.05;55.6;38.91;45.22;49.11;36.46;50.54;58.06;40.88;56.62;39.3;;32.65;63.18;48.78;40.86;44.99;52.73;51.16;32.55;30.37;27.43;22.19;18.47;37.65;28.05;27.25;36.13;35.03;38.31;33.7;54.59;37.31;44.02;48.28;50.3;45;50.1
O3;uur;µg/m³;2023-07-04T06:00:00+01:00;2023-07-04T07:00:00+01:00;38;34;44.5;39.8;47.2;48.53;48.07;46.48;53.42;41.43;45.95;46.34;40.01;48.75;58.03;46.92;56.33;37.04;;32.49;61.1;48.74;41.11;44.71;53.28;38.74;33.36;30.5;24.19;23.17;20.85;38.19;28.25;24.7;29.73;33.49;36.68;35.34;51.7;38.03;43.78;36.59;48;43.3;47.4
O3;uur;µg/m³;2023-07-04T07:00:00+01:00;2023-07-04T08:00:00+01:00;48.9;36.1;48.6;42.9;41.1;51.86;51.3;52.52;54.37;46.06;47.6;49.5;42.8;53.26;61.47;52.47;58.92;45.34;;47.07;58.85;52.97;49.22;50.36;54.02;45.02;41.6;36.8;25.23;26.93;27.46;35.13;34.7;30.62;33.08;37.99;39.61;36.53;54.09;41.55;50.78;43.88;50.1;43.4;50.9
O3;uur;µg/m³;2023-07-04T08:00:00+01:00;2023-07-04T09:00:00+01:00;53.8;42.2;55.2;50.1;54.7;56.84;59.26;59.44;60.58;54.33;56.94;55.88;50.36;60.67;65.98;63.14;61.22;52.66;;51.14;61.09;57.72;54.08;53.21;54.9;49.41;49.26;47.62;32.87;36.64;44.33;40.63;46.76;39.08;40.82;48.03;49.24;46.47;56.14;46.46;57.75;50.91;52.8;48.1;52
O3;uur;µg/m³;2023-07-04T09:00:00+01:00;2023-07-04T10:00:00+01:00;58.8;46.2;54.3;53.5;60.1;62.69;64.02;65.95;70.08;;65.07;60.29;57.19;62.86;70.8;67.19;63.99;57.99;;57.35;65.22;60.11;56.88;55.92;55.71;51.28;49.47;53.87;48.41;51.3;51.22;54.5;54.84;37.78;42.95;54.45;47.83;50.12;55.65;52.57;61.88;57.9;55.5;51.3;55.5
O3;uur;µg/m³;2023-07-04T10:00:00+01:00;2023-07-04T11:00:00+01:00;63.2;47.8;58.7;64;62.8;68.98;68.93;66.99;72.03;;69.35;64.52;63.91;71.21;71.45;71.2;67.38;64.17;;66.45;64.76;61;63.1;57.05;;53.98;48.68;56.28;54.06;57.07;47.25;61.79;64.09;46.46;52.37;60.85;53.71;54.62;60.17;55.82;60.99;61.74;58.7;53;59.4
O3;uur;µg/m³;2023-07-04T11:00:00+01:00;2023-07-04T12:00:00+01:00;66;52.6;66.5;64.3;71.9;73.42;74.52;69.89;74.12;;74.51;72.95;70.2;78.68;76.23;74.73;70.37;;;73.22;69.55;68.63;67.26;61.97;;56.78;58.37;60.75;59.28;63.93;50.03;66.73;70.09;58.63;66.43;69.08;53.17;64.14;64.29;60.55;62.8;64.21;61.5;58.7;60.5
O3;uur;µg/m³;2023-07-04T12:00:00+01:00;2023-07-04T13:00:00+01:00;69.2;59.9;70.4;71;77.3;75.09;79.97;72.35;76.94;;76.66;75.59;74.98;80.1;80.78;70.99;77.84;;72.03;75.69;77.05;78.46;75.3;65.47;;64.64;63.41;70.44;66.19;69.96;63.59;72.66;73.78;67.65;73.35;75.88;54.68;65.42;67.01;58.01;65.6;67.2;68.3;64.2;68.3
O3;uur;µg/m³;2023-07-04T13:00:00+01:00;2023-07-04T14:00:00+01:00;71;54.4;72.1;73.2;75.4;76.15;81.69;72.47;77.58;;72.29;76.68;77.09;82.37;87.46;73.46;81.1;;75.82;81.25;83.12;80.98;74.69;66.79;;70.85;67.93;77.3;69.72;71.62;;78.33;76.67;69.42;78.74;81.45;60.19;69.24;69.87;62.21;67.98;68.57;74;67.3;75.2
O3;uur;µg/m³;2023-07-04T14:00:00+01:00;2023-07-04T15:00:00+01:00;73.1;47.1;77.6;72.2;73.8;76.23;82.97;71.75;76.75;;65.44;71.05;68.99;79.66;87.83;74.91;83.53;;77.35;78.61;86.82;77.24;79.51;67.25;72.12;71.55;80.35;78.07;71.47;75.24;;80.17;77.6;76.5;81.26;86.47;69.91;73.57;71.72;78.05;67.59;69.74;79.9;71.7;78.8
O3;uur;µg/m³;2023-07-04T15:00:00+01:00;2023-07-04T16:00:00+01:00;73;61.3;77.2;67;62.5;75.43;78.5;70.03;74.44;;68.68;67.99;67.33;81.54;89.36;73.53;80.38;73.65;74.51;73.47;90.82;75.43;76.96;67.37;80.21;75.95;82.82;72.91;68.88;73.61;;78.13;79.04;78.99;83.79;84.09;75.19;79.94;75.57;77.44;68.42;73.58;80.9;76.1;80.1
O3;uur;µg/m³;2023-07-04T16:00:00+01:00;2023-07-04T17:00:00+01:00;75.7;58;78.6;59.4;75.7;73.93;80.93;70.61;76.05;63.82;70.97;72.72;72.61;80.44;91.03;68.49;78.61;71.71;77.27;81.09;88.32;71.77;77.97;62.84;82.81;75.26;81.63;70.91;68.44;73.39;;80.78;80.03;78.98;83.46;78.15;78.05;84.22;81.85;83.73;73.64;74.88;80.6;73.8;79.4
O3;uur;µg/m³;2023-07-04T17:00:00+01:00;2023-07-04T18:00:00+01:00;75.8;43;67.3;60.2;75.5;69.16;76.69;69.74;77.35;57.51;59.28;61.92;71.61;74.82;89.95;67.39;76.73;74.47;78.89;80.17;84.96;73.11;67.86;60.78;82.23;69.21;77.02;69.82;68.18;74.23;;80.66;78.06;71.35;80.41;78.08;75.27;82.54;84.46;86.37;74.41;77.6;76.3;69.8;74.7
O3;uur;µg/m³;2023-07-04T18:00:00+01:00;2023-07-04T19:00:00+01:00;74.2;59.7;72.6;44.8;48.9;67.57;69.97;47.43;65.76;56.54;46.85;65.53;66.4;68.2;83.13;64.45;69.9;77.01;79.45;80.62;80.01;70.72;62.12;45.13;80.59;71.35;71.22;64.39;69.05;72.13;;80.72;75.74;70.87;76.54;63.61;68.24;79.74;81.15;81.9;76.88;78.87;68.8;61.8;69.8
O3;uur;µg/m³;2023-07-04T19:00:00+01:00;2023-07-04T20:00:00+01:00;65.2;55.3;58.9;62.5;49.8;49.7;63.11;32.4;37.17;51.17;25.65;55.3;51.85;61.93;68.11;59.2;65.25;72.88;71.28;73.11;60.16;69.65;58.37;38.81;74.1;56.97;53.63;49.18;65.21;65.72;43.21;77;66.47;54.41;68.96;57.69;48.21;73.4;72.71;62.49;66.57;78.75;59.2;53.4;61.2
O3;uur;µg/m³;2023-07-04T20:00:00+01:00;2023-07-04T21:00:00+01:00;62.1;50.2;52.1;59.3;56.3;40.59;55.26;40.26;49.13;41.72;23.24;52.89;49.35;63.23;62.12;48.83;61.96;67.02;58.02;63.06;60.02;65.47;55.42;36.38;57.04;42.81;50.16;48.72;61.73;55.34;46.14;71.53;54.17;44.89;59.87;55.05;41.87;65.09;60.16;39.61;42.06;64.58;64.9;57.3;66
O3;uur;µg/m³;2023-07-04T21:00:00+01:00;2023-07-04T22:00:00+01:00;42.7;46.8;43.2;48.2;51.4;45.79;43.26;50.27;53.03;38.45;26.22;50.1;40.69;56.09;60.9;49.64;62.06;57.83;48.55;56.98;62.11;66.59;41.54;46.4;53.83;39.89;56.23;54.54;49.33;53.87;57.88;59.73;55.32;40.79;49.95;53.08;44.72;50.61;55.57;45.1;41.79;48.77;65.6;60.8;64.2
O3;uur;µg/m³;2023-07-04T22:00:00+01:00;2023-07-04T23:00:00+01:00;45.2;44.2;57.3;41.2;43.6;56.46;40.82;44.21;52.54;42;34.07;52.3;45.81;51.92;56.33;50.11;56.51;53.43;51.39;57.57;59.64;57.35;45.83;44.11;76.39;49.32;56.97;49.59;39.37;49.86;50.44;55.15;56.67;43.43;46.57;45.78;47.08;42.51;61.29;45.08;39.41;36.54;56.7;46.7;59.2
O3;uur;µg/m³;2023-07-04T23:00:00+01:00;2023-07-05T00:00:00+01:00;42.5;52.8;57.1;40.5;48.8;51.61;47.88;45.98;55.34;39.26;30.17;49.86;47.86;52.83;49.62;37.07;57.52;59.41;51.76;55.38;56.25;57.18;49.06;46.47;69.6;49.34;51.58;52.41;39.74;46.41;52.93;52.07;53.97;47.49;40.95;43.77;44.38;49.38;57.51;42.77;42.7;51.47;53.4;48.2;55.6
O3;uur;µg/m³;2023-07-05T00:00:00+01:00;2023-07-05T01:00:00+01:00;42.8;49.1;44.2;40.9;47;42.33;53.15;45.42;59.38;41.58;33.8;44.97;43.08;45.52;45;40.34;59.72;54.16;46.76;48.93;57.57;56.85;43.94;52.34;65.55;49.78;55.78;48.77;39.15;45.66;49.35;49.94;51.45;50.13;44.25;45.23;45.78;50.07;57.88;42.89;47.24;54.63;58.8;57.3;57.9
O3;uur;µg/m³;2023-07-05T01:00:00+01:00;2023-07-05T02:00:00+01:00;34.1;45.3;35.4;27.8;36.9;39.36;46.05;48.04;52.75;41.86;53.94;44.87;44.99;46.65;62.75;58.13;49.06;47.69;45.56;43.43;54.92;47.68;38.16;43.16;66.81;49.36;51.87;43.77;37.35;44.22;45.08;46.57;41.73;47.96;45.96;44.07;48.53;49.19;56.87;48.31;52.21;42.46;52.4;53.4;54.6
O3;uur;µg/m³;2023-07-05T02:00:00+01:00;2023-07-05T03:00:00+01:00;64.1;58.7;58.7;54.2;74.4;41.77;40.96;45.44;46.18;47.39;63.71;42.54;63.49;44.08;68.51;70.61;71.49;59.51;68.52;63.36;53.2;71.32;67.51;68.52;61.92;44.13;43.79;43.68;35.72;43.7;39.1;44.59;47.97;37.65;41.48;45.57;45.45;46.85;51.55;48.73;60.74;48.58;42.1;42.6;42.8
O3;uur;µg/m³;2023-07-05T03:00:00+01:00;2023-07-05T04:00:00+01:00;62.9;63.2;59.8;46.3;74.5;61.25;54.11;69.71;68.99;70.94;72.78;64.46;71.59;71.68;72.38;86.47;74.76;62.79;74.24;69.84;80.06;70.65;68.19;66.89;49.31;66.99;46.16;62.72;53.59;61.27;60.17;61.49;66.72;32.52;47.7;41.6;41.58;45.04;50.13;51.53;52.71;43.48;59.2;57.6;57.3
O3;uur;µg/m³;2023-07-05T04:00:00+01:00;2023-07-05T05:00:00+01:00;65.6;66.1;59.8;44.5;64.7;71.93;76.13;74.49;79.18;77.18;77.71;72.23;81.1;75.01;65.1;73.64;71.59;67.9;78.32;79.53;70.41;64.8;62.65;55.43;70.16;65.6;66.32;66.97;61.98;70.75;65.26;70.37;72.43;34.85;73.77;69.97;43.99;44.96;51.54;47.24;49.76;46.49;67.3;64.1;64.8
O3;uur;µg/m³;2023-07-05T05:00:00+01:00;2023-07-05T06:00:00+01:00;58;55.8;54.6;60;63.1;70.08;73.48;70.57;75.16;70.75;65.81;69.96;72.13;73.49;67.87;56.99;69.96;59.31;63.34;71.2;69.19;62.78;52.18;57.95;66;59.8;74.75;61.4;67.12;73.78;59.98;76.7;71.86;60.41;77.77;73.67;76.4;68.37;70.53;45.99;46.39;45.77;64.8;59.3;60.8
O3;uur;µg/m³;2023-07-05T06:00:00+01:00;2023-07-05T07:00:00+01:00;65.1;60.4;65.7;66.9;65.7;64.14;68.42;67.45;70.6;63.42;53.59;62.81;58.61;65.69;73.32;48.79;76.32;63.2;69;62.54;76.61;71.65;67.24;67;63.83;66.87;74.1;64.38;52.57;57.4;60.11;61.9;58.45;65.87;73.49;68.62;75.9;69.5;69.48;78.38;57.52;62.49;60.2;57.9;61.7
O3;uur;µg/m³;2023-07-05T07:00:00+01:00;2023-07-05T08:00:00+01:00;60.1;53.2;52;56.3;64.6;65.41;67;66.44;69.79;58.46;50.42;60.62;52.67;63.45;66.68;42.77;73.76;55.86;65.08;63.48;76.34;70.61;61.99;68.62;71.22;67.62;67;64.07;56.22;60.11;64.73;64.07;65.08;63.24;64.48;62.54;69.84;65.59;70.21;77.74;66.72;72.4;67.5;64.8;68.6
O3;uur;µg/m³;2023-07-05T08:00:00+01:00;2023-07-05T09:00:00+01:00;51.7;52.2;57.1;47.4;52.5;61.08;63.25;59.52;62.22;51.15;42.54;55.83;49.93;58.09;55.15;42.72;71.55;51.19;56.86;59.36;85.17;66.93;57.19;66.23;65.76;72.81;68.31;71.24;58.35;59.43;71.72;64.62;60.47;54.67;65.88;58.1;63.98;65.07;69.31;71.9;66.39;71.91;73.4;71.9;74.1
O3;uur;µg/m³;2023-07-05T09:00:00+01:00;2023-07-05T10:00:00+01:00;45.7;43;49.5;43.2;49;58.34;58.69;58.46;60.66;48.68;46;51.51;43.45;57.09;59.59;58.26;61.88;46.55;52.1;52.14;89.27;60.03;51.77;58.94;68.45;77.65;78.63;74.3;64.72;64.36;79.71;72.01;60.4;51.85;67.69;52.59;64.87;68.86;64.29;68.74;64.89;66.04;79.5;76.6;79.2
O3;uur;µg/m³;2023-07-05T10:00:00+01:00;2023-07-05T11:00:00+01:00;52.7;47.4;56.8;51;57.8;61.54;61.08;62.66;64.88;58.26;60.09;57.22;52.32;63.03;66.93;64.93;54.98;53.88;61.28;60.13;83.85;56.57;59.72;51.47;67.55;74.73;78.59;75.1;67.32;70.13;78.88;75.49;51.83;49.39;72.35;49.73;70.98;73.42;71.99;69.81;63.48;66.04;75.1;73.6;75.9
O3;uur;µg/m³;2023-07-05T11:00:00+01:00;2023-07-05T12:00:00+01:00;57.3;55.2;63.9;59.4;64.8;65.07;69.14;65.87;68.21;66.79;64.59;63.89;60.46;69.79;70.86;67.71;66.05;63.91;66.28;66.04;83.19;67.27;65.97;62.68;74.53;72.48;81.51;60.01;55.82;56.87;71.19;66.24;61.97;54.18;76.4;58.1;76.92;74.68;73.38;73.19;65.48;66.48;76;70.8;75.1
O3;uur;µg/m³;2023-07-05T12:00:00+01:00;2023-07-05T13:00:00+01:00;60.2;56.3;66.9;61.1;67.3;67.58;73.1;65.71;67.97;70.22;68.6;69.16;66.81;73.46;72.21;70.98;70.82;65.23;69.61;69.27;80.67;71.27;68.71;65.12;78.33;68.49;78.95;68.46;56.79;59.05;71.03;67.34;66.92;51.76;63.78;65.34;75.81;73.96;72.58;74.25;78.15;76.5;72.4;66.7;71.1
O3;uur;µg/m³;2023-07-05T13:00:00+01:00;2023-07-05T14:00:00+01:00;61.1;56.8;70.2;62;67.5;66.68;77.86;67.12;68.78;74.04;70.6;73.54;68.31;79.92;75.19;74.05;72.52;66.92;70.37;68.51;72.27;73.92;71.79;66.72;73.15;58.77;74.8;64.49;54.92;63.1;63.11;67.9;67.64;53.17;69.67;68.76;73.96;76.7;74.68;74.62;69.77;71.88;68.3;60.5;65.6
O3;uur;µg/m³;2023-07-05T14:00:00+01:00;2023-07-05T15:00:00+01:00;65.3;61.2;75.5;66.8;76;64.5;78.97;65.71;68.49;74.78;73.45;71.94;71.81;83.16;75.91;78.11;74.88;71.02;73.91;72.62;74;76.38;76.96;69.28;70.19;58.33;74.27;68.75;50.57;61.57;54.49;62.74;71.39;55.79;63.58;71.07;71.15;71.16;73;76.81;68.56;67.46;65.5;55.3;60.3
O3;uur;µg/m³;2023-07-05T15:00:00+01:00;2023-07-05T16:00:00+01:00;70.4;62.9;79.8;70.4;72.3;65.18;79.23;59.63;63.93;76.12;75.25;73.25;76.59;85.87;82.53;77.63;75.15;77.61;77.84;76.51;79.51;78.09;80.6;67.22;70.35;63.73;73.26;71.29;63.95;68.26;65.96;73;74.64;57.87;62.19;74.27;67.03;68.91;70.28;72.69;69.95;67.12;61.4;50.9;60.4
O3;uur;µg/m³;2023-07-05T16:00:00+01:00;2023-07-05T17:00:00+01:00;72.7;66.9;81.9;66.7;64.7;61.17;80.22;60.03;61.81;78.53;76.5;75.63;78.87;86.81;82.09;77.74;70.96;81.1;81.77;79.33;75.08;69.53;81.32;63.75;70.11;64.02;71.77;71.24;65.13;70.67;68.21;73.71;77.72;52.38;59.57;76.46;67.76;70.21;69.64;73.41;72.21;68.72;69.5;60.3;65.6
O3;uur;µg/m³;2023-07-05T17:00:00+01:00;2023-07-05T18:00:00+01:00;72.1;63;78.3;68.2;68.3;57.52;77.84;55.61;60.05;77.9;74.64;69.46;77.76;66.08;79.98;72.9;74.43;76.45;81.79;80.79;75.07;75.09;79.03;69.82;67.81;64.78;64.64;65.17;61.98;68.21;59.62;71.48;70.64;50.4;61.29;79.15;62.45;69.28;69.08;72.66;72.05;69.13;70.5;58.4;68
O3;uur;µg/m³;2023-07-05T18:00:00+01:00;2023-07-05T19:00:00+01:00;71.4;66.7;81.4;64.8;68.8;52.25;68.14;52.39;58.74;77.22;70.77;61.99;76.08;56.11;80.84;62.73;74.99;78.87;78.89;78.68;75.42;76.1;80.61;69.04;66.81;63.91;68.95;69.01;59.53;56.64;61.84;67.91;69.39;41.36;65.11;77.41;59.22;68.72;66.98;72.06;72.48;70.41;68.5;63.4;68.2
O3;uur;µg/m³;2023-07-05T19:00:00+01:00;2023-07-05T20:00:00+01:00;63.6;66;76.5;56.7;53.2;54.46;64;49.18;56.36;68.54;60.58;58.08;74.05;58.93;73.01;70.7;77.77;76.72;74.84;76.24;73.17;69.64;75.23;66.58;63.86;59.98;66.17;63.84;63.3;63.87;58.87;70.96;66.31;36.68;64.06;67.22;58.42;62.86;67.29;67.73;71.72;68.92;67.4;57.2;66.1
O3;uur;µg/m³;2023-07-05T20:00:00+01:00;2023-07-05T21:00:00+01:00;57.2;51.2;63.8;47.1;51.7;53.34;59.92;50.43;65.45;50.88;64.36;49.77;68.4;50.55;71.76;60.23;65.26;54.39;58.96;59.1;72.92;40.93;58.38;41.3;51.93;56.39;61.33;62.23;52.51;56.55;54.93;62.57;65.48;34.12;46.15;57.55;57.29;62.4;63.75;64.11;66.35;61.79;63.7;52.6;62.1
O3;uur;µg/m³;2023-07-05T21:00:00+01:00;2023-07-05T22:00:00+01:00;47.5;36.1;46.4;42.5;40;41.42;49.65;23.27;43.82;35.74;56.75;43.16;55.26;41.36;71.88;60.34;62.09;43.94;48.24;51.48;72.23;23.65;56.95;50.97;52.91;55.33;52.11;44.71;41.61;45.76;45.28;59.71;53.02;29.97;31.2;56.87;42.56;57.86;54.54;49.82;63.38;63.94;57.9;51.6;58.2
O3;uur;µg/m³;2023-07-05T22:00:00+01:00;2023-07-05T23:00:00+01:00;44;31.6;42.8;50.2;42.3;33.84;37.28;25.22;43.04;30.24;50.83;41.17;52.21;34.27;65.2;56.31;59.38;40.75;50.7;30.55;67.94;9.66;51.92;38.72;55.2;47.97;49.33;29.86;40.36;42.83;33.12;56.12;33.97;20.99;42.73;42.2;43.38;51.47;55.09;42.8;56.9;60.37;42.8;47.1;33.8
O3;uur;µg/m³;2023-07-05T23:00:00+01:00;2023-07-06T00:00:00+01:00;52.7;40.1;44;27.6;41.5;29.25;32.2;23.58;43.04;22.76;52.84;37.95;49.34;35.31;58.24;52.61;44.42;38.85;55.92;25.73;61.98;14.07;46;23.24;58.32;44.53;52.21;25.05;39.64;32.32;24.36;48.59;26.33;14.61;44.44;35.5;39.62;38.31;47.15;47.79;42.49;53.94;41.9;32.6;28.1
O3;uur;µg/m³;2023-07-06T00:00:00+01:00;2023-07-06T01:00:00+01:00;48.9;45.3;41.2;26.8;41.8;34.06;32.41;21.79;42.23;24.67;42.68;36.54;50.35;31.45;62.98;55.23;43.52;37;52.45;46.21;41.36;42.81;44.99;38.04;55.7;39.29;45.26;31.14;33.63;33.33;24.73;43.98;28.1;13.37;42.65;27.69;35.42;40.3;46.01;43.01;39.27;52.5;45.7;27.9;19.4
O3;uur;µg/m³;2023-07-06T01:00:00+01:00;2023-07-06T02:00:00+01:00;49.2;46;37.8;29.1;47.4;37.07;30.92;23.05;37.18;33.37;50.92;36.71;40.63;33.63;59.84;50.73;50.85;38.95;53.25;50.34;28.31;49.33;38.35;49.21;50.33;27.67;35.58;31.38;33.39;34.32;25.65;40.25;30.74;14.96;34.73;23.5;35.58;42.04;44.8;39.4;38.01;48.42;33.7;26.5;21.1
O3;uur;µg/m³;2023-07-06T02:00:00+01:00;2023-07-06T03:00:00+01:00;47.8;45.2;26.2;20.3;46;32.42;30.69;19.83;40.26;33.4;44.75;38.92;46.03;34.31;53.36;44.4;49.27;47.52;50.39;53.28;33.93;42.05;30.58;45.2;43.04;21.43;36.44;31.25;39.4;37.1;27.14;41.17;31.68;11.83;29.33;22.97;33.21;28.38;41.27;37.09;29.17;43.22;33.8;26.9;24.1
O3;uur;µg/m³;2023-07-06T03:00:00+01:00;2023-07-06T04:00:00+01:00;40.7;34.5;27;27.7;49.7;34.61;30.03;33.98;44.83;35.24;44.7;38.7;38.01;36.24;47.25;36.42;52.31;29.04;50.02;46.76;46.3;37.71;32.25;41.92;33.39;23.02;34.97;31.79;38.98;40.03;23.34;42.11;31.66;13.55;29.8;24.34;29.31;28.27;44.08;35.98;28.34;38.64;33.4;23.3;18.5
O3;uur;µg/m³;2023-07-06T04:00:00+01:00;2023-07-06T05:00:00+01:00;35.8;32.4;26;12.9;44.6;22.21;28.93;38.76;47.17;37.78;42.61;36.15;32.41;31.56;42.7;35.15;54.18;13.71;43.97;44.57;53.78;21.58;26.89;37.5;22.57;22.48;33.56;31.54;35.54;36.11;21.02;41.95;32.42;17.39;23.43;27.16;25.18;27.49;41.12;33.82;29.32;36.52;32.4;22.6;16.7
O3;uur;µg/m³;2023-07-06T05:00:00+01:00;2023-07-06T06:00:00+01:00;31.7;25.2;25.3;9.2;36.5;27.82;29.01;42.51;48.06;35.59;36.87;35.1;29.46;32.97;42.51;35.39;51.5;22.66;41.62;35.76;54.81;14.11;27.64;24.16;22.84;19.36;34.66;28.05;31.02;26.59;17.15;36.45;30.32;21.02;23.33;27.95;23.27;25.52;33.35;30.96;28.47;35.56;29.3;17.1;15.5
O3;uur;µg/m³;2023-07-06T06:00:00+01:00;2023-07-06T07:00:00+01:00;28.5;22.7;28.3;19.2;33.7;37.77;33.31;42.76;50.02;35.6;35.35;37.27;30.88;32.38;36.64;37.02;49.36;22.37;40.74;35.37;57.88;27.35;28.89;15.96;27.88;22.92;34.6;28.85;28.27;27.01;20.78;35.66;29.71;26.14;24.56;27.69;24.98;31.23;38.9;30.64;31.05;34.31;26.4;16.4;22.4
O3;uur;µg/m³;2023-07-06T07:00:00+01:00;2023-07-06T08:00:00+01:00;32.2;26;30.1;25.3;52.3;44.51;39.12;45.35;55.18;42.52;37.66;40.98;37.34;38.43;39.58;41.36;54.56;27.7;43.21;39.68;59.47;37.35;33.71;34.92;41.29;42.45;35.99;31.94;28.74;28.12;28.47;36.75;39.74;28.2;32.03;31.83;29.15;35.47;48.23;36.61;42.35;39.77;34.4;28.6;31.7
O3;uur;µg/m³;2023-07-06T08:00:00+01:00;2023-07-06T09:00:00+01:00;35.7;28.6;33;40.9;50.9;53.57;47.82;53.98;57.24;45.22;42.48;44.31;42.66;46.46;48.24;50.19;55.96;34.59;44.98;43.36;62.02;51.84;39.27;42.17;53.95;45.43;44.75;35.11;38.68;42.11;34.22;48.06;48.39;34.99;41.16;37.9;36.43;41.41;56.1;42.29;58.18;52.02;45.9;40.3;47.3
O3;uur;µg/m³;2023-07-06T09:00:00+01:00;2023-07-06T10:00:00+01:00;38.4;33.9;40.3;42.5;58.6;63.72;56.57;59.31;62.18;52.96;51.21;51.1;50.96;54.27;58.73;58.82;64.58;43.15;51.85;51.19;60.33;56.34;41.97;54.46;61.68;48.81;56.04;39.9;45.91;48.88;35.34;54.23;50.36;37.67;49.43;43.54;44.45;50.15;63.69;55.62;67.01;63.77;57.7;50.3;59.4
O3;uur;µg/m³;2023-07-06T10:00:00+01:00;2023-07-06T11:00:00+01:00;50.6;30.6;48.5;65.2;65.3;72.42;65.07;63.72;64.54;61.69;61.45;57.9;56.19;60.65;70.3;67.53;66.88;46.4;59.59;61.45;64.79;65.72;57.84;56.38;68.19;55.99;61.24;37.95;47.68;50.8;36.18;57.84;55.41;44.1;58.74;53.29;51.2;57.7;68.01;62.79;70.15;66.78;62.8;53.8;63.3
O3;uur;µg/m³;2023-07-06T11:00:00+01:00;2023-07-06T12:00:00+01:00;60;44.1;66.5;72.4;71.6;71.09;70.79;70.27;72.8;62.9;63.98;65.39;65.4;69.08;75.76;71.19;70.5;68.09;66.7;68.37;71.87;72.95;68.32;57.96;72.46;59.69;68.25;51.51;48.11;46.14;41.67;56.81;56.39;54.63;68.71;69.34;57.83;64.92;74.76;68.11;74.94;75.47;68.8;59.4;68.2
O3;uur;µg/m³;2023-07-06T12:00:00+01:00;2023-07-06T13:00:00+01:00;61.5;53.6;68.7;;69.9;74;77.77;73.64;80.59;69.42;70.71;71.34;71.59;78.13;76.02;70.3;75.7;71.5;74.36;74.88;78.57;76.23;72.22;66.97;76.14;61.82;67.39;74.29;55.06;59.81;63.59;64.92;72.65;66.61;74.63;74.73;71.04;61.57;80.41;76.55;75.64;78.83;70.8;63.7;72.1
O3;uur;µg/m³;2023-07-06T13:00:00+01:00;2023-07-06T14:00:00+01:00;64.8;57.7;74.9;;69.3;78.35;83.54;79.87;84.3;77.45;72.79;73.25;76.54;82.97;78.57;73.36;78.35;76.62;79.46;80.91;78.4;79.05;74.44;67.18;77.21;62.93;65.39;79.03;68.92;74.91;75.04;81.33;81.05;80.79;57.11;80.47;81.62;61.28;83.55;83.34;81.83;76.62;75.3;68.3;75.5
O3;uur;µg/m³;2023-07-06T14:00:00+01:00;2023-07-06T15:00:00+01:00;66.7;55.1;75.7;59.9;65.4;81.83;79.64;82.75;87.6;84.08;76.91;78.23;80.86;85.5;86.01;78.55;79.22;76.52;79.69;87.11;83.68;76.89;73.8;69.59;79.81;64.48;80.69;81.39;74.77;80.61;77.05;85.68;83.95;85.17;75.47;88.84;74.1;69.67;80.56;84.33;85.41;85.12;76.3;70;76.3
O3;uur;µg/m³;2023-07-06T15:00:00+01:00;2023-07-06T16:00:00+01:00;70.6;49;75;61.5;64.3;83.47;85.38;86.08;90.63;90.36;83.54;82.79;84.03;92.23;88.47;75.1;78.83;73.54;79.46;89.88;86.68;76.41;77.11;69.94;79.57;67.07;90.17;83.53;77.86;84.83;77.87;89.54;87.6;74.24;87.76;91.73;70.38;80.77;83.12;77;87.11;89.3;78.2;70.1;77.3
O3;uur;µg/m³;2023-07-06T16:00:00+01:00;2023-07-06T17:00:00+01:00;76.8;59.4;70.8;64.4;60;85.99;86.36;88.16;93.47;94.91;87.83;85.26;88.9;96.09;86.5;84.4;75.21;85.35;85.82;91.68;84.71;79.75;80.45;65.99;75.45;67.56;92.04;83.84;78.03;85.38;77.64;91.52;89.54;79.55;95.97;95.93;80.49;85.92;84.59;87.83;85.36;92.85;79.9;69.5;79.7
O3;uur;µg/m³;2023-07-06T17:00:00+01:00;2023-07-06T18:00:00+01:00;73;55.1;78.9;70.1;59.1;88.7;87.11;88.64;94.36;94.45;86.41;88.33;92.64;98.53;88.72;88.37;76.92;85.4;85.11;91.89;81.02;75.76;83.19;70.18;74.22;67.31;81.02;80.26;79.32;83.62;77.73;93.13;89.87;90.5;97.79;100.45;89.27;87.09;81.02;87.93;86.38;90.58;80.1;65.1;79
O3;uur;µg/m³;2023-07-06T18:00:00+01:00;2023-07-06T19:00:00+01:00;75.1;58.7;77.1;71.1;58.6;88.49;81.96;84.64;93.98;90.56;87.82;85.92;87.81;97.04;91.13;89.44;80.37;82.73;81.28;91.51;79.43;75.51;77.33;70.14;74.07;66.74;79.63;75.57;81.3;86.99;64.89;92.38;88.95;83.44;98.48;97.09;85.41;80.78;77.89;88.71;88.68;93.22;80.4;73;80.7
O3;uur;µg/m³;2023-07-06T19:00:00+01:00;2023-07-06T20:00:00+01:00;63.6;51.9;72.8;55.3;53.3;90.3;60.64;72.32;90.82;82.52;82.52;85.73;83.79;93.09;89.59;85.47;82.01;74.55;66.7;88.52;74.82;68.47;70.81;61.8;71.11;63.22;66.43;66.37;73.29;84.53;48.78;89.6;81.51;72.39;94.39;95.07;62.3;75.68;68.55;69.77;79.11;93.5;75.8;71.3;76.9
O3;uur;µg/m³;2023-07-06T20:00:00+01:00;2023-07-06T21:00:00+01:00;42;38.3;66.3;45.9;40.9;54.62;44.96;50.23;52.91;65.13;68.01;81.04;79.67;79.11;85.57;75.11;80.77;69.96;44.25;77.85;59.99;62.91;35.47;66.1;66.72;52.06;37.41;60.39;60.89;70.15;42.64;70.91;64.19;70.72;58.01;86.42;45.57;57.31;58.63;49.35;56.28;75.22;68.2;65.3;68.3
O3;uur;µg/m³;2023-07-06T21:00:00+01:00;2023-07-06T22:00:00+01:00;10.7;24.9;49.6;24.9;21.4;28.86;37.91;26.34;23.27;39.51;55.83;58.78;70.4;60.79;64;42.33;72.94;67.7;52.28;53.81;41.73;38.08;17.59;44.22;44.6;36.54;24.63;47.36;34.03;54.06;41.06;51.4;44.91;51.65;25.56;56.76;27.05;48.41;52.6;41.68;49.99;49.93;62.3;55.1;53.2
O3;uur;µg/m³;2023-07-06T22:00:00+01:00;2023-07-06T23:00:00+01:00;4.2;11.9;21.3;26.3;9.2;26.83;24.93;9.35;26.63;11.12;49.17;38.39;56.19;45.06;44.31;54.99;55.01;51.85;39.83;58.92;22.5;4.17;7.92;25.61;30.21;27.38;28.48;31.85;30.17;43.54;12.09;35.87;47.26;39.82;14.24;52;12.6;29.22;33.09;18.78;40.09;38.42;44.5;39.4;38
O3;uur;µg/m³;2023-07-06T23:00:00+01:00;2023-07-07T00:00:00+01:00;-0.1;5.5;10.7;25.5;3.3;17.96;23.17;9.34;24.68;1.24;38.05;49.93;27.62;34.56;40.24;46.16;44.8;47.72;24.99;53.49;17.18;18.08;9.32;16.21;40.29;23.67;27.76;31.63;35.47;36.25;11.05;29.01;46.3;24.58;7.81;58.44;9.84;21.31;35.02;1.82;38.05;34.32;29.9;21.4;18.7
O3;uur;µg/m³;2023-07-07T00:00:00+01:00;2023-07-07T01:00:00+01:00;15.5;17.6;23.2;33.7;15.9;20.73;22.76;12.58;21.41;1.49;20.7;47.06;17.29;32.13;38.2;48.37;31.56;52.47;22;51.93;32.87;15.71;4.74;18.23;46.86;20.8;38.32;26.44;27.99;33.06;29.61;32.3;23.79;16.49;3.54;67.57;10.25;26.97;41.71;1.45;30.23;24.11;23.6;17.9;15.9
O3;uur;µg/m³;2023-07-07T01:00:00+01:00;2023-07-07T02:00:00+01:00;31.7;49.5;34.1;38.1;36.9;23.97;14.66;10.97;38;6.47;11.32;44.33;29.81;31.68;38.93;33.05;40.17;56.59;30.54;34.67;23.75;8.63;6.07;31.49;55.52;28.18;42.64;24.61;23.34;25.37;27.3;24.21;11.54;23.13;9.16;69.46;17.09;35.63;48.69;6;22.76;17.16;29.7;20;14.7
O3;uur;µg/m³;2023-07-07T02:00:00+01:00;2023-07-07T03:00:00+01:00;35.7;33.3;37.5;34.1;38.8;;;;;;;;;;;;;;;;;;;;;;;;;;;;;;;;;;;;;;37.7;33;31
O3;uur;µg/m³;2023-07-07T03:00:00+01:00;2023-07-07T04:00:00+01:00;22.3;49.2;22.3;23.4;22.3;21.13;3.44;10.34;46.96;3.81;34.34;33.55;48.23;28.41;52.74;42.63;43.57;56.85;27.37;36.8;17.81;16.27;6.79;22.98;51.22;17.66;44.9;19.19;28.26;23.83;;35.29;27.76;31.45;25.23;66.94;26.68;28.01;44.26;30.46;28.1;34.15;32.6;27.7;33.9
O3;uur;µg/m³;2023-07-07T04:00:00+01:00;2023-07-07T05:00:00+01:00;20.6;32.2;18.9;16.6;8;16.26;3.6;11.01;54.91;11.62;31.47;32.8;49.91;20.31;57.83;49.49;38.03;49.06;33.18;52.89;31.66;11.85;5.4;9.15;53.3;21.45;47.12;18.71;25.6;20.48;;33.53;33.22;28.67;26.64;58.98;45.54;36.19;47.36;31.95;27.56;39.94;29.5;36.9;40
O3;uur;µg/m³;2023-07-07T05:00:00+01:00;2023-07-07T06:00:00+01:00;17.9;16.5;27.6;26.5;32;16.7;3.82;9.08;53.74;19.55;28.17;35.16;48.86;15.93;60.24;46.72;33.87;50.11;36.76;52.69;32.09;11.1;7.69;5.59;47.3;36;38.05;22.4;18.67;16.53;20.07;35.16;39.87;26.86;32.56;63.57;49.4;32.52;35.12;35.24;32.97;44.87;27.9;45.4;46.5
O3;uur;µg/m³;2023-07-07T06:00:00+01:00;2023-07-07T07:00:00+01:00;30.7;23.4;28.1;20.5;48.9;24.63;9.48;27.92;56.06;43.6;31.64;41.12;45.51;31.07;57.47;46.44;37.16;41.28;41.26;66.82;39.84;38.5;23.86;10.6;43.99;45.13;41.02;35.02;26.69;26.41;34.55;41.5;45.51;23.58;37.52;66.65;52.13;39.5;47.21;43.58;48.06;53.5;26.7;44.7;45
O3;uur;µg/m³;2023-07-07T07:00:00+01:00;2023-07-07T08:00:00+01:00;41.9;23.7;41.5;35.6;48;50.13;42.02;40.12;61.61;50.74;43.74;48.93;62.58;49.26;57.17;51.27;56.93;55.7;45.14;68.05;56.08;58.86;36.84;30.39;58.94;51.66;58.68;48.7;37.07;43.06;46.6;52.93;56.93;45.21;52.44;68.31;61.57;53.86;55.47;55.16;62.79;63.79;42.2;45.8;
O3;uur;µg/m³;2023-07-07T08:00:00+01:00;2023-07-07T09:00:00+01:00;48;40.2;48.9;38.6;64.6;67.34;63.53;57.64;63.1;65.94;61.02;66.02;81.29;64.8;61.43;61.09;70.52;45.52;53.86;72.12;71.41;68.42;46.72;40.8;69.93;61.27;81.69;61.78;51.37;65.24;61.21;64.92;67.38;63.58;73.46;78.8;74.04;68.52;68.05;69.85;77.69;76.85;67.4;53.1;63.1
O3;uur;µg/m³;2023-07-07T09:00:00+01:00;2023-07-07T10:00:00+01:00;58.9;54.9;63.2;59.8;68.6;77.47;75.66;77.79;86.85;75.63;83.63;75.17;86.4;;57.4;78.32;84.93;60.6;71.3;82.57;82.3;83.59;78.86;58.03;80.72;69.31;92.47;72.41;64.87;72.77;71.24;76.63;79.56;85.04;85.61;87.73;89.65;83.35;83.99;88.67;89.43;94;74.5;65.5;75
O3;uur;µg/m³;2023-07-07T10:00:00+01:00;2023-07-07T11:00:00+01:00;79.2;66.2;85.5;81.1;81;90.84;90.33;99.64;96.39;90.57;93.43;89.49;93.51;;73.87;95.7;96.48;68.06;93.59;95.17;95.04;97.51;93.46;71.55;90.27;79.18;99.98;87.52;78.26;86.14;88.87;90.43;93.64;99.44;97.98;97.11;94.16;91.94;91.46;96.29;97.34;102.34;91.4;79.6;87.7
O3;uur;µg/m³;2023-07-07T11:00:00+01:00;2023-07-07T12:00:00+01:00;90.2;71.4;91.9;93.2;83.4;100.83;100.75;104.3;104.18;100.14;99.42;96.98;98.66;;109.18;109.47;100.84;98.23;105.82;102.9;101.63;105.75;104.87;73.66;97.48;88.57;106.18;98.26;86.6;92.76;97.17;99.43;102.8;106.12;105.97;100.84;101.39;99.9;98;103.5;100.81;105.41;98.8;84.9;102
O3;uur;µg/m³;2023-07-07T12:00:00+01:00;2023-07-07T13:00:00+01:00;89.9;76.4;98.3;102;99.5;107.4;110.04;111.72;112.97;107.31;110.59;104.88;104.13;;116.81;120.09;107.07;104.07;107.97;109.76;110.31;112.28;110.74;77.93;101.45;94.41;111.32;106.1;93.73;99.18;105.43;107.09;108.94;109.07;111.85;110.55;107.06;105.53;103.14;108.56;101.7;108.22;106.5;93.7;113.1
O3;uur;µg/m³;2023-07-07T13:00:00+01:00;2023-07-07T14:00:00+01:00;97.4;89.1;110.6;106.4;84.2;110.57;116.08;114.34;117.38;114.9;112.35;110.63;111.49;;130.56;122.39;114.76;114.32;113.95;114.57;118.55;120.03;117.1;85.67;108.76;97.85;116.58;113.58;98.85;108.38;111.89;114.98;114.98;114.95;120.72;118.22;111.72;109.1;103.91;109.41;106.33;112.63;116.3;99.5;119.9
O3;uur;µg/m³;2023-07-07T14:00:00+01:00;2023-07-07T15:00:00+01:00;102.8;89.5;116.5;115.9;107;119.52;121.86;117.9;121.3;119.5;114.58;115.62;116.93;121.71;136.67;120.09;122.11;105.1;121.74;119.63;124.28;128.1;123.57;82.09;114.24;105.22;119.13;117.59;105.98;112.05;115.66;122.71;121.36;126.3;129.62;124.6;115.25;113.47;111.07;115.33;111.16;115.93;122.2;104.5;128.8
O3;uur;µg/m³;2023-07-07T15:00:00+01:00;2023-07-07T16:00:00+01:00;114;90.6;125.9;123.4;112;123.41;132.77;118.53;123.38;123.1;118.94;117.57;123.9;129.77;139;119.57;128.66;118.35;129.59;126.32;130.18;133.11;131.6;77.32;119.57;114.01;123.34;123.64;112.17;116.49;121.11;128.12;128.01;132.72;133.42;127.53;117.37;116.4;113.07;122.73;115.95;119.88;122.5;120.5;134.8
O3;uur;µg/m³;2023-07-07T16:00:00+01:00;2023-07-07T17:00:00+01:00;119.1;93.4;129.1;129.5;107.8;126.3;138.62;118.35;126.96;127.69;121.87;123.39;133.13;132.75;140.52;121.19;131.68;129.16;132.66;134.07;134.8;136.78;135.26;91.85;119.63;119.45;125.83;125.77;118.24;123.18;125.93;133.98;128.7;139.71;136.7;138.1;120.35;121.74;114.95;128.52;117.28;118.76;125.7;129.2;138.5
O3;uur;µg/m³;2023-07-07T17:00:00+01:00;2023-07-07T18:00:00+01:00;125.5;103.9;131.6;131.9;118.8;126.33;144.36;122.7;128.87;132.66;121.47;124.76;135.6;134.34;135.73;119.03;135.75;131.64;136.34;136.83;140.78;141.84;136.16;95.15;120.42;122.52;130.34;129.96;126.12;131.32;129.88;141.48;134.95;140.18;143.51;148.5;123.63;123.15;118.42;128.46;115.81;116.46;124;126.6;144.1
O3;uur;µg/m³;2023-07-07T18:00:00+01:00;2023-07-07T19:00:00+01:00;127.9;107.8;132;137.4;142;124.25;134.64;110.73;130.56;125.15;119.97;125.03;138.34;134.15;134.43;115.94;136.97;130.8;135.61;137.37;140.7;142.83;138.58;97.87;117.62;118.46;131.76;124.82;128.73;130.08;131.45;142.44;137.74;131.78;151.94;140.67;120.86;114.65;112.91;125.16;112.82;114.29;119.5;120.6;138.4
O3;uur;µg/m³;2023-07-07T19:00:00+01:00;2023-07-07T20:00:00+01:00;122.7;106.7;132.9;131.3;137.4;100.38;114;62.22;126.78;112.8;107.15;126.78;134.14;138;128.11;109.47;134.56;130.15;125.05;131.87;134.8;139.74;139.23;95.6;107.93;107.4;114.7;114;125.36;128.28;109.98;136.85;121.69;119.38;148.31;129.99;112.73;105.86;104.68;103.33;110.73;108.3;109.7;114.7;137.5
O3;uur;µg/m³;2023-07-07T20:00:00+01:00;2023-07-07T21:00:00+01:00;122.2;94;124.7;120.9;125.5;88.01;82.02;43.87;98.46;90.21;98.65;115.79;125.77;136.55;114.63;107.79;130.75;122.16;112.58;126.42;109.28;135.32;132.87;81.05;104.8;94.38;96.29;94.1;123.97;127.07;93.58;128.1;114.06;109.2;129.38;120.1;100.93;105.91;71.64;84.36;98.33;94.8;119.1;106.8;115.3
O3;uur;µg/m³;2023-07-07T21:00:00+01:00;2023-07-07T22:00:00+01:00;118.8;93.5;117.3;108.9;108.7;57.51;68.27;32.78;67.54;86.27;85.07;107.01;116.54;124.74;83.52;97.62;124.21;116.09;87.47;116.25;96.65;118.25;116.9;77.75;107.16;69.57;72.52;92.41;117.5;123.22;91.35;124.16;114.47;101.11;98.52;104.43;92.8;99.73;68.25;92.5;87.46;83.25;104.6;101.5;124.7
O3;uur;µg/m³;2023-07-07T22:00:00+01:00;2023-07-07T23:00:00+01:00;121.4;100.1;119.8;103.8;92.8;55.47;70.28;53.7;63.65;100.45;77.69;102.37;111.49;111.39;83.98;68.99;122.29;111.93;103.34;123;100.88;121.1;120.56;83.66;91.71;66.94;68.8;92.85;101.85;111.75;95.57;112.06;114.5;92.1;70.41;96.03;89.82;92.3;71.72;88.39;82.94;79.79;102.9;96.2;110.7
O3;uur;µg/m³;2023-07-07T23:00:00+01:00;2023-07-08T00:00:00+01:00;108.8;96;118.8;109.3;113.7;62.59;69.12;36.31;52.26;95.58;69.13;91.34;105.27;94.1;92.77;80.78;117.04;112.27;100.15;113.07;102.64;120.71;123.28;89.17;86.16;86.61;65.55;88.87;90.02;104.82;91.67;101.96;104.09;83.65;78.04;82.06;83.37;82.89;79.61;83.53;71.95;70.32;91.1;91.3;98.3
O3;uur;µg/m³;2023-07-08T00:00:00+01:00;2023-07-08T01:00:00+01:00;103.2;88.1;106.4;99.4;106.3;50.92;56.58;28.56;74.25;82.97;67.71;81.61;95.72;79.8;92.16;94.74;105.72;105.47;86.46;93.92;90.74;109.66;112.49;83.3;83.37;72.91;67.57;80.65;81.88;96.14;93.23;95.21;92.51;75.6;87.48;71.88;78.78;78.93;80.12;76.6;58.59;69.71;89.9;90.9;91.6
O3;uur;µg/m³;2023-07-08T01:00:00+01:00;2023-07-08T02:00:00+01:00;94;82.7;95.4;89.1;96.6;58.18;38.71;29.18;77.86;75.1;59.13;73.87;86.6;73.24;86.39;76.84;97.94;93.31;77.49;79.52;86.45;92.14;101.04;81.25;86.31;61.36;68.96;75.99;76.42;90.51;87.59;89.23;84.87;70.58;81.21;69.16;76.72;76.78;76.15;67.14;50.74;57.54;76.4;80.1;81.4
O3;uur;µg/m³;2023-07-08T02:00:00+01:00;2023-07-08T03:00:00+01:00;83.7;77.9;89.5;81.3;87.5;49.61;33.67;20.09;79.83;66.2;63.99;66.09;78.23;63.03;74.87;71.54;92.35;87.12;64.74;70.35;82.51;84.44;92.77;78.4;83.44;57.01;65.94;70.56;66.06;82.37;78.36;79.32;78.16;64.85;74.52;63.3;74.5;75.86;77.08;61.34;52.64;57.78;69;71;71.4
O3;uur;µg/m³;2023-07-08T03:00:00+01:00;2023-07-08T04:00:00+01:00;75.8;71.8;79;71.4;81.9;58.44;43.17;25.18;81.12;59.27;59.73;58.76;71.44;58.86;65.32;60.44;84.77;78.61;57.95;70.73;70.81;81.59;81.07;69.96;77.56;50.92;63.47;62.21;62.52;73.9;71.29;72.96;70.95;63.41;71.75;53.3;73.09;73.67;75;63.35;60.87;63.37;64.4;66.9;66.6
O3;uur;µg/m³;2023-07-08T04:00:00+01:00;2023-07-08T05:00:00+01:00;66.5;62.3;69.6;63.3;75.3;48.28;36.4;15.91;68.71;51.3;47.93;51.92;60.46;52.96;58.35;48.72;75.52;72.72;51.64;61.45;65.85;72.15;64.28;53.87;74.1;51.82;59.64;54.37;58.41;68.43;68.29;67.75;67.58;61.53;71.53;48.42;69.92;70.72;66.81;65.24;64.04;70.47;59.7;64.9;64.6
O3;uur;µg/m³;2023-07-08T05:00:00+01:00;2023-07-08T06:00:00+01:00;57.4;51.9;60.4;58.1;63.9;43.76;33.34;11.43;57.91;47.22;36.67;49.82;53.78;48.19;52.59;39.5;67.46;62.47;42.02;56.26;63.42;64.45;49.12;44.4;70.21;46.93;54.93;51.62;56.19;66.07;66.43;65.81;64.65;60.74;69.66;45.32;67.01;66.48;67.48;64.19;72.02;77.38;55.6;61.1;61.2
O3;uur;µg/m³;2023-07-08T06:00:00+01:00;2023-07-08T07:00:00+01:00;52.3;49.8;56.8;47.2;65.1;56.89;40.98;16.01;62.39;50.58;33.93;50.7;58.85;52.18;51.95;37.71;64.72;56.31;45.69;57.45;63.4;61.99;53.38;43.44;71.69;48.45;60.23;50.41;57.99;64.85;65.8;67.3;60.06;58.49;71.89;46.73;66.78;67.8;73.78;62.54;74.19;79.8;57.6;59.1;63.7
O3;uur;µg/m³;2023-07-08T07:00:00+01:00;2023-07-08T08:00:00+01:00;51.1;50.4;59.2;45.1;63.6;76.86;54.2;47.29;61;56.47;49.51;59.4;65.8;61.94;66.83;40.69;62.35;56.58;64.41;60.89;71.59;65.5;59.26;41.13;73.61;54.68;71.31;57.41;61.64;66.28;68.45;72.38;63.86;62.91;75.44;56.91;74.09;70.88;75.47;65.92;82.06;86.61;61.9;59.9;67.4
O3;uur;µg/m³;2023-07-08T08:00:00+01:00;2023-07-08T09:00:00+01:00;57.5;53.1;66;60.6;66.6;92.62;74.74;60.49;80.14;76.08;63.55;75.75;84.69;83.08;77.8;55.39;67.84;62.21;74.88;69.96;81.58;69.85;67.11;49.96;78.3;59.98;82.07;67.27;68.97;69.27;77.76;82.48;68.54;81.66;86.32;69.55;82.71;77.97;79.58;76.33;88.53;90.81;72;64.8;76.3
O3;uur;µg/m³;2023-07-08T09:00:00+01:00;2023-07-08T10:00:00+01:00;72.1;53.5;70.1;68.8;57.4;103.67;95.16;87.48;104.17;96.97;84.74;92.52;106.6;106.6;91.83;89.6;84.57;69.66;86.25;86.65;94.42;87.43;73.91;62.12;86.47;67.45;94.52;90.54;88.73;89.59;95.86;99.8;79.77;98.25;105.18;85.89;92.43;88.02;88.79;98.77;97.59;98.14;84.4;76.6;89.9
O3;uur;µg/m³;2023-07-08T10:00:00+01:00;2023-07-08T11:00:00+01:00;78.1;69.8;84.9;87.8;64.8;116.89;117.6;115.77;118.75;126.65;107.54;122.62;123.97;134.78;114.7;115.74;103.65;86.07;109.72;106.82;114.5;105.69;83.23;75.72;96.14;77.66;108.92;109.28;108.02;105.21;115.39;119.39;93.95;116.03;124.95;110.73;105.77;102.85;103.48;112.75;109;109.93;101.9;82.5;107.4
O3;uur;µg/m³;2023-07-08T11:00:00+01:00;2023-07-08T12:00:00+01:00;90;87.2;99.8;107.7;60;125.63;135.67;126.97;141.39;146.16;128.43;137.29;140.63;147.81;143.77;121.92;120.64;102.06;126.87;127.22;135.84;124.44;104.35;83.18;108.59;102.49;133.31;130.45;119.96;117.94;135.11;136.06;109.07;133.58;140.67;135.76;125.42;118.07;115.22;125.92;117.03;120.78;124.3;108.8;128.2
O3;uur;µg/m³;2023-07-08T12:00:00+01:00;2023-07-08T13:00:00+01:00;114.4;99.6;124.1;125.7;122.1;132.18;147.6;134.81;151.4;159.61;135.06;151.53;140.98;139.89;156.89;138.59;133.18;130.71;143.7;150.37;152.68;141.82;138.19;96.45;124.04;123.58;145.76;146.63;125.59;127.29;149.53;142.67;135.5;139.34;145.93;145.66;142.43;132.63;128.05;136.54;126.6;134.65;135.2;124.2;151.9
O3;uur;µg/m³;2023-07-08T13:00:00+01:00;2023-07-08T14:00:00+01:00;123.4;114;146.8;133.5;155.8;133.24;145.37;136.91;155.46;154.08;141.92;144.32;145.55;152.9;175.23;183.34;148.15;151.58;151.25;164.3;166.59;159.24;152.52;108.69;137.18;145.32;152.13;146.28;124.97;135.96;154.92;144.83;150.34;141.67;152.13;169.47;150.53;142.46;136.87;145.75;135.74;144.61;146.6;136.2;167.3
O3;uur;µg/m³;2023-07-08T14:00:00+01:00;2023-07-08T15:00:00+01:00;121.8;117;149.4;128.4;157.9;133.64;145.16;117.66;152.65;156.1;146.82;140.91;143.06;144.03;167.09;171.29;160.86;160.49;159.18;177.61;166.68;165.11;151.4;109.64;149.58;143.47;151.67;148.72;133.17;144.37;145.54;153.01;150.86;150.12;158.5;184.68;146.83;149.68;142.54;152.73;144.07;151.44;158.7;151.2;176.3
O3;uur;µg/m³;2023-07-08T15:00:00+01:00;2023-07-08T16:00:00+01:00;142;132.8;154.6;114.5;169.4;129.27;143.75;72.58;139.87;138.24;148.51;129.08;144.67;141.22;153.51;155.73;171.36;176.87;180.31;174.71;186.26;169.01;141.98;160.47;157.63;129.75;152.23;146.38;147.12;161.76;138.9;165.48;160.95;157.22;164.71;167.19;145.2;156.88;147.32;155.85;149.29;156.37;164.7;152.3;162.3
O3;uur;µg/m³;2023-07-08T16:00:00+01:00;2023-07-08T17:00:00+01:00;148.9;127.1;167.8;158.7;184.1;132.2;125.21;88.78;117.54;118.32;122.04;126.06;120.18;125.55;164.29;163.52;176.67;180.72;165.57;164.41;198.39;173.64;158.81;170.46;156.33;146.78;146.95;151.29;158.93;167.56;136.04;178.27;155.18;159.67;171.86;146.84;141.58;150.86;147.6;161.25;154.55;157.1;162.4;133.9;155.8
O3;uur;µg/m³;2023-07-08T17:00:00+01:00;2023-07-08T18:00:00+01:00;141.9;124.7;162.2;163.4;187.9;132.21;104.8;86.3;114.3;94.64;126.28;114.23;103.36;114.84;151.72;167.53;174.9;170.61;153.33;128.99;163.24;181.22;153.88;172.21;146.13;176.43;148.95;122.62;148.64;159.51;115.94;176.07;154.09;141.6;171.9;144.21;139.83;130.66;143.6;159.28;151.68;156.21;148.8;127.2;135.4
O3;uur;µg/m³;2023-07-08T18:00:00+01:00;2023-07-08T19:00:00+01:00;136.9;127.8;163;165.7;175.6;143.94;126.02;47.83;115.65;99.49;136.68;108.98;102.31;117.15;132.92;171.17;177.59;164.9;114.57;119.9;169.31;180.71;153.31;173.66;106.85;140.1;141.44;129.77;150.94;156.63;99.99;171.65;111.6;108.62;159.87;136.29;131.2;99.52;120.49;145.07;141.82;145.12;128.8;123.8;148.1
O3;uur;µg/m³;2023-07-08T19:00:00+01:00;2023-07-08T20:00:00+01:00;140.8;130.5;160.1;166.1;178.4;136.87;100.6;43.65;113.29;89.3;108.95;93.86;105.99;103.64;121.39;145.98;170.64;156.09;99.44;99.34;167;177.07;130.75;172.48;89.01;151.61;118.77;110.83;117.71;112.94;90.01;137.74;54.71;100.82;151.31;127.41;53.81;104.17;91.08;126.85;130.56;125.19;114.8;;141.5
O3;uur;µg/m³;2023-07-08T20:00:00+01:00;2023-07-08T21:00:00+01:00;128.7;95.5;151.5;163.1;157.7;89.74;70.61;23.82;77.06;66.03;99.48;87.61;99.1;92.55;104.55;101.41;162.53;135.95;88.35;85.96;130.27;164.39;108.74;155.39;89.39;142.65;123.26;95.23;86.78;72.36;97.26;94.79;52.47;103.86;127.14;98.6;91.72;97.91;74.93;114.11;120.46;129.31;100.2;101.1;103.3
O3;uur;µg/m³;2023-07-08T21:00:00+01:00;2023-07-08T22:00:00+01:00;91.8;65.1;133.6;122.1;119;48.93;48.1;13.82;37.08;17.92;70.18;52.8;90.95;57.46;87.19;92.89;137.57;103.25;52.59;67.51;96.01;92.18;96.55;82.4;92.84;120.99;99.17;62.84;48.52;28.66;77.89;58.25;31.05;103.43;59.21;54.11;89.59;93.75;68.56;108.18;106.68;105.54;84.9;88.5;84.1
O3;uur;µg/m³;2023-07-08T22:00:00+01:00;2023-07-08T23:00:00+01:00;67.4;26;78.7;78.9;68.3;30.91;24.25;19.02;15.12;6.7;40.68;32.05;72.36;22.33;77.14;62.65;102.37;45.43;45.05;53.47;62.24;60.2;52;43.23;95.74;80.16;84.87;55.74;34.79;32.12;42.18;38.23;58.65;85.77;28.02;34.45;89.18;89.29;55.41;96.79;91.77;97.26;56.1;60;67.7
O3;uur;µg/m³;2023-07-08T23:00:00+01:00;2023-07-09T00:00:00+01:00;55.9;13.3;53.1;9.9;10.6;42.45;21.66;18.76;10.89;0.07;23.07;28.95;57.94;18.16;78.18;50.1;56.65;79.65;28.58;46.11;51.32;45.7;38.71;21.94;88.44;53.82;60.49;44.84;39.41;19;19.29;37.21;47.41;81.83;24.8;53.81;89.09;76.11;65.06;91.83;82.36;94.08;39.5;33.3;54.7
O3;uur;µg/m³;2023-07-09T00:00:00+01:00;2023-07-09T01:00:00+01:00;53.3;3.4;53.1;2.3;0.3;33.58;20.99;17.27;23.01;0.46;24.3;30.74;45.12;22.2;59.61;37.46;40.04;74.47;24.72;39.06;29.86;18.2;23.68;14.22;88.96;34.79;65.15;46.98;38.92;25.56;12.76;42.4;43.99;90.88;26.76;51.21;66.34;76.29;57.85;90.07;78.29;87.4;26;44.2;40.6
O3;uur;µg/m³;2023-07-09T01:00:00+01:00;2023-07-09T02:00:00+01:00;54.5;13.6;32.8;7.6;0.4;37.33;18.43;18.12;26.84;1.21;7.76;31.44;28.15;18.96;39.42;25.17;37.7;59.32;23.45;35.07;10.19;1.75;3.09;7.59;70.96;29.22;65.83;37.25;41.07;26.98;18.36;42.36;44.52;80.69;11.16;48.36;37.5;73.71;55.22;89.68;75.56;80.67;13.4;35.5;39.9
O3;uur;µg/m³;2023-07-09T02:00:00+01:00;2023-07-09T03:00:00+01:00;45.8;16.7;35.9;19.1;2;36.66;17.8;8.43;24.56;0.47;7.25;31.08;24.36;20.23;38.88;45.59;36.78;46.31;22;24.45;7.52;0.15;0.94;14.12;61.48;28.16;58.34;29.55;34.65;19.42;24.21;31.59;43.94;69.56;1.69;67.83;32.33;74.39;55.29;82.24;62.89;67.07;22.3;34.1;36.3
O3;uur;µg/m³;2023-07-09T03:00:00+01:00;2023-07-09T04:00:00+01:00;23.9;11.3;20.7;25.8;10.1;34.11;13.84;17.37;37.72;-0.32;22.62;33.3;36.58;21.35;59.16;58.01;19.85;33.95;14.29;29.41;12.72;0.68;0.41;9.5;51.21;19.9;59.09;30.55;29.53;24.22;23.91;32.19;28.86;60.82;0.45;61.45;33.91;69.61;58.14;68.03;57.45;58.98;27.8;28.7;30.2
O3;uur;µg/m³;2023-07-09T04:00:00+01:00;2023-07-09T05:00:00+01:00;17.8;7.2;22.5;12.6;31.4;24.26;10.01;12.57;45.72;0.16;12.63;27.99;43.05;21.42;62.17;62.36;32.88;22.37;17.71;29.37;14.29;-0.21;0.58;15.01;56.57;21.16;55.58;30.71;29.41;24.77;15.32;25.1;21.52;55.21;0.65;56.16;18.78;56.31;46.33;20.2;38.19;60.76;40.1;25.4;25.1
O3;uur;µg/m³;2023-07-09T05:00:00+01:00;2023-07-09T06:00:00+01:00;10.9;10.9;19.9;11.2;52.8;28.28;6.02;8.47;42.97;3.67;6.43;31.57;30.53;26.62;63.65;51.6;72.9;26.48;14.21;27.09;76.16;16.11;2.26;65.33;46.44;33.03;47.7;26.52;30.56;21.42;17.43;25.8;12.48;47.6;2.71;71.78;42.13;37.27;43.6;38.97;43.51;52.67;33;30.7;24.8
O3;uur;µg/m³;2023-07-09T06:00:00+01:00;2023-07-09T07:00:00+01:00;24.9;20.9;40.2;39.6;70.6;34.58;26.95;24.06;51.53;25.83;12.78;46.53;50.68;46.56;63.81;54.87;74.53;34.02;17.87;38.07;78.94;58.72;25.29;64.33;60.73;69.93;44.9;29.83;31.58;30.46;18.97;38.54;24.18;43.69;23.35;75.99;51.73;35.05;51.82;62.3;58.67;72.57;41;35.6;29
O3;uur;µg/m³;2023-07-09T07:00:00+01:00;2023-07-09T08:00:00+01:00;65.5;46.8;78.4;84.7;83.9;45.98;67.48;43.08;76.83;58.29;48.65;74.35;66.18;63.57;75.32;56.7;101;75.27;34.46;60.21;111.11;102.45;69.23;98.78;91.96;100.56;60.72;55.53;50.36;50.42;33.68;69.48;46.31;63.48;61.07;87.25;65.35;43.73;62.55;65.12;69.91;73.48;47.4;36.5;61.1
O3;uur;µg/m³;2023-07-09T08:00:00+01:00;2023-07-09T09:00:00+01:00;88.1;86.7;103.4;101.8;101.5;69.07;87.9;66.26;91.28;81.94;72.07;88.67;80.23;84.69;99.12;73.06;102.41;107.68;87.77;63.45;110.04;111.66;103.63;104.09;106.57;98.93;91.41;92.09;74.19;84.73;63.91;83.71;65.36;77.81;97.07;88.59;81.92;66.6;95.59;76.54;84.17;84.05;104.6;101.2;99.7
O3;uur;µg/m³;2023-07-09T09:00:00+01:00;2023-07-09T10:00:00+01:00;107.5;99.3;107.7;96.5;99.4;87.7;106.18;89.4;103.31;96.64;86.23;102.64;99.28;102.06;89.08;66.83;107.75;121.19;114.27;97.05;114.2;110.59;111.36;106.79;104.46;100.63;110.55;99.71;88.21;89.47;97.99;97.59;94.53;107.53;120.66;116.7;98.91;93.93;118;95.65;101.11;107.8;114.9;107.1;117.8
O3;uur;µg/m³;2023-07-09T10:00:00+01:00;2023-07-09T11:00:00+01:00;107.1;88.7;102;105.3;111.1;102.01;121.57;103.23;110.48;111.39;99.55;114.83;122.3;115.93;101.44;82.31;110.9;114.7;119.51;118.19;119.8;114.51;113.14;107.51;100.89;106.41;129.25;122.88;109.46;116.66;120.31;121.6;108.53;133.18;131.74;121.86;124.69;122.32;119.8;118.56;135.34;131.75;118.5;118.1;130.7
O3;uur;µg/m³;2023-07-09T11:00:00+01:00;2023-07-09T12:00:00+01:00;109.2;88.2;109.7;100.6;110.8;114.2;131.17;110.83;114.72;122.18;124.42;118.27;141.24;127.74;96.65;86.39;114.28;121.78;121.15;130.09;121.91;121.31;120.08;109.79;113.48;107.08;143.78;132.83;131.4;137.9;137.2;146.88;129.09;151.09;128.99;129.7;130.89;149.27;127.88;136.04;153.75;142.25;127.3;124.1;135.5
O3;uur;µg/m³;2023-07-09T12:00:00+01:00;2023-07-09T13:00:00+01:00;95.5;95.2;116.7;88.1;86.1;115.03;127.32;;117.16;135.48;105.85;118.05;149.36;133.81;82.64;70.65;114.23;130.04;107.29;140.89;125.37;120.14;111.84;114;120.1;116.22;157.32;150.14;129.74;148.65;131.71;147.51;147.03;158.88;130.97;130.04;137.61;152.43;138.09;140.84;149.59;159.79;122.3;125.4;140.7
O3;uur;µg/m³;2023-07-09T13:00:00+01:00;2023-07-09T14:00:00+01:00;74.8;80;87.2;65.5;75.5;129.36;124.16;102.28;113.49;171.89;92.55;117.21;138.64;143.44;75.81;71.97;84.5;102.44;88.22;126.79;107.3;98.81;82.93;85.29;115.45;108.04;141.42;129.81;120.97;136.45;119.83;135.47;139.86;150.64;138.72;132.16;125.97;142.73;142;138.76;142.37;168.51;118.5;111.4;136.8
O3;uur;µg/m³;2023-07-09T14:00:00+01:00;2023-07-09T15:00:00+01:00;79.4;69.4;87.7;78.5;81.8;96.97;127.11;83.77;87.78;136.09;81.19;144.45;90.72;154.73;67.17;65.71;84.31;92.99;71.65;97.82;92.01;90.23;82.21;84.09;115.32;92.95;131.27;98.86;111.64;120.88;103.17;122.95;103.96;151.09;147.62;144.7;138.82;109.26;117.87;126.68;153.93;171.48;110.2;103.6;107.2
O3;uur;µg/m³;2023-07-09T15:00:00+01:00;2023-07-09T16:00:00+01:00;60.1;64.9;66.7;64.8;77.2;82.35;134.54;85.14;94.23;77.98;65.34;90.91;77.32;99.15;72.04;69.44;78.5;78.85;68.45;76.1;86.43;82.27;72.87;70.44;110.64;78.24;115.79;88.73;91.76;97.12;87.21;102.01;87.39;141.27;140.37;143.37;134.51;111;118.06;101.45;159.57;169.95;100.7;95.5;97.1
O3;uur;µg/m³;2023-07-09T16:00:00+01:00;2023-07-09T17:00:00+01:00;60.4;52.3;63.5;66.9;71.4;81.35;103.09;75.52;85.47;82.12;68.55;86.86;78.71;93.4;75.94;73.24;75.76;77.82;65.24;78.31;84.64;79.09;73.48;76.18;97.88;64.43;107.07;78.08;65.69;79.63;72.18;81;80.04;102.67;92.89;88.5;111.83;110.97;112.22;78.96;138.58;151.75;78.7;65.9;73.1
O3;uur;µg/m³;2023-07-09T17:00:00+01:00;2023-07-09T18:00:00+01:00;68.3;50.1;70.8;71.6;68.6;78.09;92.96;79.23;104.31;88.14;67.91;97.26;90.11;108.48;74.78;73.1;75.53;75.39;72.02;81.01;84.62;78.19;75.09;74.8;89.05;66.11;101.94;70.95;57.35;77.67;65.65;73.49;79.69;85.72;86.96;79;100.11;97.64;105.24;122.28;110.38;116.11;74.9;64.3;64.9
O3;uur;µg/m³;2023-07-09T18:00:00+01:00;2023-07-09T19:00:00+01:00;64.5;50.2;69.7;64.9;68.4;91.72;88.1;92.65;115.95;93.92;64.22;84.21;75.3;93.69;78.15;82.4;71.29;72.41;59.28;75.86;74.21;73.91;71.41;69.9;89.81;64.96;105.37;54.14;62.94;71.79;59.6;73.95;67.8;74.08;90.25;83.35;86.41;86.73;95.97;97.43;114;105.21;66.8;64.6;65.4
O3;uur;µg/m³;2023-07-09T19:00:00+01:00;2023-07-09T20:00:00+01:00;66.6;54.2;66.9;65.2;62.4;79.58;81.68;108.98;103.15;86.23;63.12;90.11;73.32;95.06;75.73;80.53;71.22;71.89;59.12;72.33;76.22;73.69;68.51;68.46;86.85;66.39;100.28;57.91;59.76;69.38;55.1;69.91;60.24;57.56;95.1;84.33;85.81;80.86;95.68;90.98;109.3;104.34;67.2;58.7;57.2
O3;uur;µg/m³;2023-07-09T20:00:00+01:00;2023-07-09T21:00:00+01:00;60.6;45.9;66.4;61.4;66.4;63.95;70.45;54.7;65.45;70.03;60.04;84.45;65.02;93.67;69.04;70.72;73.04;70.52;53.08;65.9;74.6;71.77;57.96;69.92;76.42;62.56;87.27;55.13;62.06;72.83;44.29;71.8;57.57;53.55;94.61;78.57;79.85;65.61;88.52;83.36;106.82;90.48;56.4;49.4;36.8
O3;uur;µg/m³;2023-07-09T21:00:00+01:00;2023-07-09T22:00:00+01:00;37;37.4;55.7;37.4;59.1;55.28;66.77;47.86;45.42;64.6;49.68;74.94;50.26;79.56;68.59;61.07;69.64;65.31;39.51;62.28;69.23;66.51;51.28;69.02;79.36;69.02;84.18;55.61;48.07;49.64;37.6;54.96;51.84;31.17;81.67;81.85;72.53;58.38;77.45;64.4;84.18;86.09;52.1;39.6;48.5
O3;uur;µg/m³;2023-07-09T22:00:00+01:00;2023-07-09T23:00:00+01:00;20.2;36.4;48.9;29.2;21.2;75.78;54.43;68.52;82.9;55.35;45.42;62.29;44;60.43;67.45;52.81;70.62;57.62;33.04;55.25;70.78;66.82;33.05;65.19;61.86;66.34;83.14;51.46;36.57;48.15;27.02;40.69;54.58;42.97;76.23;84.65;48.2;53.72;83.86;56.1;64.67;70.06;56.2;52.7;60.7
O3;uur;µg/m³;2023-07-09T23:00:00+01:00;2023-07-10T00:00:00+01:00;16.5;35;53.5;16.6;2.4;71.56;48.97;62.43;85.55;48.24;51.8;57.35;44.17;55.99;57.16;29.22;65.21;54.61;33.04;42.23;53.86;60.58;42.87;49.53;60.78;59.87;81.56;58.73;31.19;38.29;40.19;34.95;55.26;33.28;68.08;83.1;48.62;57.73;91.27;24.78;88.52;72.31;60.3;58.7;42.8
O3;uur;µg/m³;2023-07-10T00:00:00+01:00;2023-07-10T01:00:00+01:00;21.4;38.9;49.2;19.5;29.5;63.93;41.44;46.38;78.46;45.68;48.29;56.42;36.41;49.14;60.08;29.36;56.68;52.79;28.49;40.87;33.46;49.13;27.29;46.38;48.5;49.16;65.74;54.46;40.84;45.47;43.58;45.16;47.16;36.06;59.78;58.42;56.99;65.77;78.86;48.14;88.5;72.55;43.5;38;33.2
O3;uur;µg/m³;2023-07-10T01:00:00+01:00;2023-07-10T02:00:00+01:00;47.1;26.3;29.3;43.9;48.6;53.23;37.51;45.46;70.87;33.1;54.15;56.66;37.78;39.07;50.21;20.32;25.36;35.81;39.34;30.71;58.24;31.31;54.21;23.83;47.1;46.95;54.59;32.36;48.31;54.77;27.36;51.75;28.46;43.18;49.88;54.97;62.02;66.99;63.78;62.72;99.36;85.21;33.4;37.2;36.6
O3;uur;µg/m³;2023-07-10T02:00:00+01:00;2023-07-10T03:00:00+01:00;56.5;39.9;54.4;35.9;40.1;44.55;34.23;47.7;58.45;16.9;36.01;54.87;41.74;38.6;50.01;17.94;44.98;35.42;38.57;50.83;61.63;48.21;57.78;33.12;59.4;49.01;55.06;27.64;48.85;48.16;35.17;49.74;36.21;58.63;44.3;43.97;68.84;57.5;59.25;73.68;78.71;86.19;59.7;53.6;56.4
O3;uur;µg/m³;2023-07-10T03:00:00+01:00;2023-07-10T04:00:00+01:00;39.8;35.8;36.1;31.6;31.4;42.83;29.87;36.42;47.93;19.85;30.32;49.3;48.75;21.02;45.65;23.27;54.48;36.42;45.18;40.65;61.79;41.72;51.09;39.68;52.38;55.1;55.72;22.66;48.75;43.05;33.28;48.27;34.48;59.34;33.68;42.21;58.4;61.19;58.48;66.6;61.62;82.82;57.1;48.8;50.2
O3;uur;µg/m³;2023-07-10T04:00:00+01:00;2023-07-10T05:00:00+01:00;35.8;24.1;33.9;34.3;26.8;37.65;24.75;31.69;40.21;12.76;32.76;30.08;36.58;20.38;36.12;26.17;57.39;38.78;42.86;46.23;55.79;31.88;47.58;37.35;46.65;51.71;51;22.04;29.5;35.63;19.65;35.69;20.24;39.35;32.97;34.22;41.79;64.17;50.33;57.54;47.26;68.94;53.5;48.7;46.9
O3;uur;µg/m³;2023-07-10T05:00:00+01:00;2023-07-10T06:00:00+01:00;34.5;30.6;48.6;36.6;28.3;36.02;27.78;32.99;39.6;8.63;30.42;31.86;24.37;24.58;36.01;26.13;55.64;35.91;38.11;41.79;63.61;34.55;43.98;41.57;44.35;45.22;35.31;22.29;33.41;39.3;16.23;42.17;19.34;24.83;35.11;40.05;45.1;54.22;52.4;57.98;44.38;61.24;46.5;41.7;42.7
O3;uur;µg/m³;2023-07-10T06:00:00+01:00;2023-07-10T07:00:00+01:00;42.3;44.4;52.4;37.2;33.3;32.95;34.46;32.13;41.23;26.62;15.08;32.46;24.37;33.79;38.99;34.23;57.01;37.29;40.68;41.49;62.02;48.71;46.79;47.92;43.63;44;47.87;32.25;32.76;37.44;26.46;39.3;32.96;23.89;36.99;38.32;42.62;50.79;50.06;52.65;49.56;59.1;49.7;42.3;48.5
O3;uur;µg/m³;2023-07-10T07:00:00+01:00;2023-07-10T08:00:00+01:00;52.1;38.8;52.8;47.9;50.8;52.12;50.59;45.01;58.41;43.81;21.03;47.14;47.12;51.82;45.48;48.27;53.56;49.95;49.76;48.45;59.97;54.51;58;46.01;53.55;44.69;55.17;48.15;38.3;43.14;43.6;46.06;49.83;38.23;49.3;49.71;49.49;53.3;54.65;51.75;55.45;57.6;52.7;45.3;53
O3;uur;µg/m³;2023-07-10T08:00:00+01:00;2023-07-10T09:00:00+01:00;62.7;42.5;58.3;54.2;55.2;65.31;59.17;54.96;65.77;54.07;44.45;53.72;58.58;60.1;54.3;61.46;62.68;60.93;59.2;56.18;59;66.45;65.28;58.86;56.95;53.35;56.75;59.21;48.41;51.5;53.23;54.21;53.48;50.7;55.85;54.66;57.05;58.56;54.36;59;62.22;63.37;58.7;50;58
O3;uur;µg/m³;2023-07-10T09:00:00+01:00;2023-07-10T10:00:00+01:00;67.8;44.2;62.1;58.4;60.9;75.99;63.75;71.06;75.37;62.19;57.65;62.3;65.03;69.2;69.22;70.94;68.54;69.13;65.81;68.68;64.48;71;69.94;62.81;62.39;59.76;63.81;65.08;59.27;60.95;59.22;65.94;58.67;60.95;63.04;61.61;65.29;60.56;61.07;69.66;70.34;72.15;65;58.1;64.5
O3;uur;µg/m³;2023-07-10T10:00:00+01:00;2023-07-10T11:00:00+01:00;68.4;47.9;65.1;57.2;60.5;87.17;71.92;76.87;82.18;70.15;68.17;69.82;70.91;79.12;68.85;75.62;72.44;66.54;67.16;73.28;68.61;70.31;72.16;63.35;69.36;60.48;73.47;71.89;65.38;67.69;65.81;71.72;70.52;61.12;68.57;66.66;76.48;65.92;70.03;74.29;73.79;81.66;72.7;62.6;69.9
O3;uur;µg/m³;2023-07-10T11:00:00+01:00;2023-07-10T12:00:00+01:00;71;50;66.8;62;60.8;92.34;81.88;84.68;90.88;76.28;76.8;75.45;71.81;86.62;76.3;79.81;74.33;69.66;71.6;70.01;73.68;69.37;74.44;63.2;73.95;66.08;80.18;73.72;71.08;71.84;68.54;76.96;74.59;71.7;77.35;75.58;82.51;73.64;77.56;88.2;77.84;83.72;73.2;63.5;72.6
O3;uur;µg/m³;2023-07-10T12:00:00+01:00;2023-07-10T13:00:00+01:00;70.4;55.5;72.2;68.3;65.8;92.5;88.35;84.03;90.26;83.45;85.4;80.97;79.8;97.99;81.55;76.78;76.76;75.8;72.5;80.33;71.11;72.31;78.78;65.12;76.44;65.76;82.12;72.46;73.91;76.74;70.87;80.9;79.26;81.51;80.37;82.53;86.97;78.03;78.15;88.84;83.02;90.33;75.9;66.7;75.9
O3;uur;µg/m³;2023-07-10T13:00:00+01:00;2023-07-10T14:00:00+01:00;73.6;55.6;78.3;68.4;68.9;92.53;93.46;87.14;92.11;96.16;92.12;89.93;89.77;108.83;76.4;84.97;80.22;77.69;76.58;86.72;81.66;79.27;81.75;72.46;76.21;62.06;84.38;78.26;79.37;82.1;72.81;87.23;84.93;90.15;89.09;89.77;88.43;84.89;80.86;86.95;87.06;88.21;76.5;65.3;75.6
O3;uur;µg/m³;2023-07-10T14:00:00+01:00;2023-07-10T15:00:00+01:00;73.8;52.5;80.5;71.8;78.1;94.38;98.11;90.91;95.41;112.39;100.28;100.9;96.31;103.22;82.34;90.08;82.05;83.61;80.32;92.68;89.54;82.23;78.86;72.31;77.6;67.38;86.74;82.77;83.19;87.7;74.13;91.32;89.58;92.04;92.2;97.05;91.59;88.7;81.52;84.58;83.21;86;73.7;64.4;74.9
O3;uur;µg/m³;2023-07-10T15:00:00+01:00;2023-07-10T16:00:00+01:00;76.3;54.6;82.9;69.3;72.7;95.32;106.15;93.96;101.79;102.42;108.68;91.02;101.8;99.23;85.43;94.37;80.74;83.66;84.42;94.05;86.24;81.48;81.85;73.03;83.04;73.46;87.22;82.7;88.29;95.17;73.39;96.36;94.83;92.67;93.06;99.33;91.95;87.08;86.33;90;83.52;87.12;77.1;66.6;78.4
O3;uur;µg/m³;2023-07-10T16:00:00+01:00;2023-07-10T17:00:00+01:00;85.1;58.2;85;48.1;69.1;96.69;110.76;92.6;106.96;97.63;109.44;93.39;112.19;103.99;85.54;99.17;78.11;88.55;87.98;103.28;83.52;82.1;84.55;69.3;82.36;72.49;88.24;80.79;88.68;98.68;73.95;98.79;98.9;97.93;96.47;105.19;94.43;88.83;85.28;89.89;88.09;87.73;79.2;67.2;80.3
O3;uur;µg/m³;2023-07-10T17:00:00+01:00;2023-07-10T18:00:00+01:00;82.4;60.8;81.3;54.1;73.4;97.03;104.1;93.69;107.76;99.13;104.81;95.72;110.99;106.83;83.86;95.08;75.8;93.68;90.2;112.49;81.06;82.2;80.15;70.99;82.48;72.4;88.68;83.15;86.05;97.85;77.05;92.14;100.83;95.19;104.03;112.25;92.85;87.46;84.03;86.71;85.61;88.09;83.5;73.4;79.9
O3;uur;µg/m³;2023-07-10T18:00:00+01:00;2023-07-10T19:00:00+01:00;67.7;53.5;71.5;60.1;75.6;98.12;95.52;82.94;106.95;95.72;104.07;99.88;104.46;109.11;82.75;85.58;73.81;83.15;83.86;116.61;79.86;74.17;67.34;71.57;76.91;68.7;87.52;79.54;88.76;92.87;78.3;96.7;89.77;87.62;105.68;118.8;97.2;85.3;82.32;82.96;81.02;86.48;81.7;67.8;79.7
O3;uur;µg/m³;2023-07-10T19:00:00+01:00;2023-07-10T20:00:00+01:00;55.5;51.6;65.5;60.7;72;84.58;87.71;61.68;95.64;88.93;86.29;98.05;100.77;102.8;82.05;90;78.71;74.09;62.61;106.85;71.64;70.88;59.9;59.68;67.37;67.28;64.76;66.37;86.15;90.23;64.16;94.19;69.59;78.4;97.94;110.52;80.07;76.87;70.9;62.98;58.93;78.46;63.3;67.8;75.4
O3;uur;µg/m³;2023-07-10T20:00:00+01:00;2023-07-10T21:00:00+01:00;44;48.4;59.7;45.1;68.3;36.91;78.54;34.59;56.91;65.69;71.31;86.91;97.07;82.87;83.73;84.46;80.43;68.95;48.03;76.36;63.78;68.31;46.92;67.38;56.45;56.63;46.91;53.9;75.63;88.04;57.29;85.54;61.77;69.94;75.12;103.99;72.56;48.41;57.62;57.66;47.04;60.92;57.2;44.5;61.2
O3;uur;µg/m³;2023-07-10T21:00:00+01:00;2023-07-10T22:00:00+01:00;37.2;37.6;55.9;35.7;42.3;30.35;75.55;27.77;32.12;43.3;60.71;73.72;83.26;56.28;74.16;70.2;87.63;64.11;32.37;64.12;56.92;59.17;40.46;67.72;51.51;51.08;40.15;49.11;61.96;72.94;44.8;70.05;48.76;53.76;65.77;95.23;60.66;52.11;57.34;31.35;27.43;57.57;49.4;49.9;51.6
O3;uur;µg/m³;2023-07-10T22:00:00+01:00;2023-07-10T23:00:00+01:00;31;31;54.5;14.5;11.9;33.22;61.15;42.04;43.09;41.6;45.83;70.93;64.06;45.11;54.02;38.89;71.52;57.91;19.55;53.89;52.18;55.5;35.26;51.72;49.35;60.4;44.34;43.43;53.21;64.43;26.68;60.2;42.31;48.95;67.84;88.96;33.15;47.7;49.47;8.41;25.67;43.42;44.8;54.2;48.3
O3;uur;µg/m³;2023-07-10T23:00:00+01:00;2023-07-11T00:00:00+01:00;29.3;27.5;52.4;25.7;14.5;34.74;52.81;46.67;52.28;29.7;42.96;71.83;45.85;50.94;56.53;27.41;53.71;49.03;18.7;44.72;60.74;46.04;23;31.88;42.57;69.58;36.72;47.97;53.14;60.87;37.95;59.98;44.1;49.01;48.47;85.26;39.79;46.61;51.98;6.23;26.32;33.59;42.5;48.7;43.5
O3;uur;µg/m³;2023-07-11T00:00:00+01:00;2023-07-11T01:00:00+01:00;24;27.2;35.2;17.5;24.2;32.69;54.76;37.81;43.99;20.43;37.66;68.07;42.44;52.71;41.93;18.96;47.95;48.32;9.88;51.52;49.46;38.21;13.77;29.72;51.69;53.83;38.85;51.27;56.19;60.92;27.47;60.99;41.16;60.18;46.19;83.96;64.61;51.6;52.27;21.13;25.5;26.07;31.8;51.8;38.8
O3;uur;µg/m³;2023-07-11T01:00:00+01:00;2023-07-11T02:00:00+01:00;15.8;23.1;25.2;23.1;5.9;39.83;55.15;36.83;56.35;10.29;32.39;58.48;37.68;50.7;47.76;27.74;49.49;31.85;5.48;47.96;30.08;36.12;10.07;33.21;54.51;40.83;30.29;47.09;50.02;62.54;26.78;53.21;37.51;65.42;48.04;82.03;68.39;49.28;50.76;37.94;21.28;22.02;33.6;40.6;33.5
O3;uur;µg/m³;2023-07-11T02:00:00+01:00;2023-07-11T03:00:00+01:00;25.6;30.8;32.1;19.8;8;;;;;;;;;;;;;;;;;;;;;;;;;;;;;;;;;;;;;;42.3;19.1;25.6
O3;uur;µg/m³;2023-07-11T03:00:00+01:00;2023-07-11T04:00:00+01:00;22.7;43.8;13.1;21.7;3.7;33.24;46.02;38.83;63.47;-1.01;7.55;40.14;37.87;25.82;71.72;47.84;55.1;53.49;23.46;43.78;44.81;48.86;7.1;35.88;53.91;31.82;16.18;24.24;45.54;47.74;37.12;49.8;39.6;62.04;18.29;66.32;67.56;21.53;44.2;39.62;34.2;30.92;48.2;29.4;20.1
O3;uur;µg/m³;2023-07-11T04:00:00+01:00;2023-07-11T05:00:00+01:00;29.8;47.5;18.9;32.8;9.6;29.09;42.72;35.19;60.24;0.27;18.28;35.75;29.25;22.27;59.06;37.69;56.5;65.31;29.37;44.38;49.25;47.69;16.33;23.37;61.85;39.44;18.44;27.81;37.97;35.69;42.72;38.54;38.78;54.59;29.21;60.25;62.27;20.51;44.58;49.13;23.81;33.4;66;40.4;40.5
O3;uur;µg/m³;2023-07-11T05:00:00+01:00;2023-07-11T06:00:00+01:00;43.6;28.1;27.8;16.8;23.1;27.67;40.9;33.37;65.41;10.19;24.54;23.26;32.02;27.08;46.81;36.5;56.42;51.24;28.41;40.15;53.82;52.46;23.21;17.26;49.56;42.04;19.61;30.33;23.73;22.91;42.35;33.98;32.9;50.28;41.14;57.8;58.53;22.62;38.94;54.66;30.77;35.51;54;42;51.8
O3;uur;µg/m³;2023-07-11T06:00:00+01:00;2023-07-11T07:00:00+01:00;39.1;33.3;32.8;27.5;30.2;36.61;46.98;41.06;69.14;38.9;24.18;47.9;36.59;41.87;34.16;33.93;51.83;47.66;35.74;40.4;57.6;49.31;39.77;21.58;59.5;42.84;45.45;36.64;20.73;19.55;38.18;29.93;28.23;49.57;42.62;57.39;61.29;42.45;46.85;55.07;46.63;45.44;44.5;39.4;48.6
O3;uur;µg/m³;2023-07-11T07:00:00+01:00;2023-07-11T08:00:00+01:00;47.9;38.1;48.4;36.7;41.7;55.7;59.44;62;69.9;59.86;34.91;59.46;50.38;65.3;56.78;58.02;52.89;49.94;49.61;51.52;61.53;51.94;47.17;36.54;68.36;52.31;53.15;47.16;31.86;42.25;41.62;46.97;46.92;61.93;57.79;60.66;67.07;47.82;53.22;63.6;60.57;55.83;49.2;42.1;56
O3;uur;µg/m³;2023-07-11T08:00:00+01:00;2023-07-11T09:00:00+01:00;63.5;50.4;57.8;63.3;64.5;;74.6;74;79.5;70.65;60.59;74.37;65.76;80.66;73.78;67.05;68.97;61.07;65.5;65.07;71.55;69.58;63.47;52.74;75.02;58.43;70.01;60.93;58.78;62.09;54.39;67.69;65.85;77.25;73.85;72.5;79.98;61.09;66.1;67.01;66.62;71.64;62.9;51.3;63.9
O3;uur;µg/m³;2023-07-11T09:00:00+01:00;2023-07-11T10:00:00+01:00;73.3;60.5;64.6;66;68;89.73;87.94;80.73;88.3;80.99;74.29;82.94;80.21;88.12;78.16;73.61;74.52;71.86;72.86;79.77;81.26;78.65;72.63;62.11;78.31;67.29;84.23;75.33;73.71;77.51;74.09;80.3;76.09;90.88;88.45;88.63;88.95;87.12;80.75;86.18;80.44;80.4;76;64.5;76
O3;uur;µg/m³;2023-07-11T10:00:00+01:00;2023-07-11T11:00:00+01:00;78.2;58.4;66.7;60.9;62.2;97.14;90.28;92.99;97.76;91.31;87.59;86.12;92.44;92.32;80.76;82.07;63.42;78.43;82;85.68;75.95;71.89;73.49;51.56;77.63;61.33;96.32;83.22;;84.52;80.68;86.2;84.73;101.91;95.81;91.73;98.64;92.57;89.48;103.31;93.53;100.86;;69;79.9
O3;uur;µg/m³;2023-07-11T11:00:00+01:00;2023-07-11T12:00:00+01:00;72.9;61;66.6;58.5;59.5;104.45;91.69;99.31;100.87;94.08;93.45;91.57;101.66;99.43;80.8;81.48;51.87;81.86;93.56;92.53;64.23;65.44;70.72;44.26;64.5;42.28;101.48;89.95;;90.74;85.41;92.43;91.06;101.67;103.91;94.42;96.92;102.14;89.87;113.76;98.73;100.84;77;70.7;81.7
O3;uur;µg/m³;2023-07-11T12:00:00+01:00;2023-07-11T13:00:00+01:00;69.9;60.2;69.2;66.2;64.2;103.12;96.64;94.86;92.58;101.32;92.15;95.34;102.43;104.93;74.5;75.53;70.9;84.49;96.58;106.6;83.83;76.16;74.42;56.4;53.78;57.47;99.47;97.46;;98.57;92.21;100.53;101.65;107.3;111.11;98.7;95.61;109.09;94.23;106.3;111.33;105.78;86.2;73;78.6
O3;uur;µg/m³;2023-07-11T13:00:00+01:00;2023-07-11T14:00:00+01:00;68.7;65.5;72.1;58.5;52.3;100.25;99.55;90.02;90.82;103.11;89.51;95.29;108.82;101.39;67.42;63.46;70.42;86.06;85.24;111.25;72.39;72.36;71.43;59.26;58.48;66.73;102.93;99.03;102.42;112.8;97.24;113.25;113;99.93;107.51;103.95;100.34;103.15;61.49;101.83;113.21;116.84;80.6;69.6;79.4
O3;uur;µg/m³;2023-07-11T14:00:00+01:00;2023-07-11T15:00:00+01:00;59.7;50.2;63.2;52.1;47.8;101.04;101.9;94.41;93.07;92.63;83.24;89.86;100.54;98.6;65.98;59.78;63.55;69.36;67.06;101.45;62.22;65.8;63.92;55.3;55.54;52.56;118.25;93.14;106.25;;91.29;119.04;113.26;98.63;104.36;106.46;105.78;100.53;68.01;101.27;88.35;127.34;88.1;72.2;81.3
O3;uur;µg/m³;2023-07-11T15:00:00+01:00;2023-07-11T16:00:00+01:00;56.3;47.7;60.7;49.7;45;101;98.36;97.41;97.51;86.69;74.95;84.2;95.62;96.41;63.69;53.46;61.88;64.75;62.69;85.96;64.93;58.37;61.19;49.73;55.38;52.7;125.17;83.59;98.44;;84.32;109.86;100.54;108.36;108.99;110.89;99.46;102.78;67.4;101.66;65.12;108;73;58.3;68
O3;uur;µg/m³;2023-07-11T16:00:00+01:00;2023-07-11T17:00:00+01:00;52.3;38;52.4;50.8;39.7;96.55;90.8;89.76;97.1;85.92;67.01;89.94;79.46;102.75;60.36;50.3;63.67;51.11;55.95;70.75;61.34;52.15;59.02;49.39;51.59;48.64;101.71;65.34;81.31;88.3;63.16;93.54;79.98;106.81;115.26;106.97;102.76;98.46;59.06;105.53;59.69;78.7;60.1;53.8;61.1
O3;uur;µg/m³;2023-07-11T17:00:00+01:00;2023-07-11T18:00:00+01:00;51.1;40.9;53.4;46.1;39;90.53;94.57;89.66;98.17;87.23;54.98;86.65;63.49;102.02;60.52;55.78;53.98;46.46;52.48;58.61;56.3;49.33;55.72;47.63;50.4;46.18;80.15;56.54;56.71;66.7;54.38;67.97;62.08;99.55;115.14;103.12;103.29;84.55;56.11;99.95;53.89;73.27;57;49.4;55.6
O3;uur;µg/m³;2023-07-11T18:00:00+01:00;2023-07-11T19:00:00+01:00;43.8;40.6;53.4;42.8;37.3;90.45;93.81;83.09;99.11;79.77;52.3;90.99;54.65;99.44;54.94;56.99;47.72;46.89;50.76;55.42;52.28;42.85;50.33;41.14;44.57;41.17;66.19;49.98;49.3;55.86;46.69;56;53.16;86.49;94.09;106.71;94.34;74.49;53.12;87.63;51.53;69.26;48.2;42.9;49.2
O3;uur;µg/m³;2023-07-11T19:00:00+01:00;2023-07-11T20:00:00+01:00;45.8;43.2;49.7;46.6;37;89.93;96.14;71;93.39;58.95;50.97;82.39;51.34;88.2;69.58;70.87;56.89;40.41;50.99;46.33;52.09;59.28;54.49;49.8;42.38;46.24;57.54;41.84;42.88;47.19;42.65;48.47;48.01;78.53;74.46;100.51;85.77;58.42;46.52;66.92;42.94;59.21;44.5;41.7;46.8
O3;uur;µg/m³;2023-07-11T20:00:00+01:00;2023-07-11T21:00:00+01:00;54.5;47.4;59.9;57.6;52.9;78.4;87.78;42.34;83;48.84;56.36;58.49;52.98;57.62;78.79;77.41;64.9;43.31;50.97;55.19;62.14;56.57;64.93;57.93;46.81;51.64;43.35;46.1;34.67;38.14;43.93;37.92;43.97;85.97;53.35;73.55;71.78;50.14;42.7;40.72;41.38;51.14;50.3;45;42.7
O3;uur;µg/m³;2023-07-11T21:00:00+01:00;2023-07-11T22:00:00+01:00;66.6;50.2;62.7;54.8;56.4;80.59;57.08;44.36;57.99;48.81;35.11;45.79;56.64;47.69;80.38;63.8;66.46;55.48;53.01;42.03;63.64;58.74;60.45;54.59;35.54;54.27;42.63;33.68;28.35;38.21;27.61;35.59;37.73;64.83;43.27;49.96;57.14;41.32;38.9;29.69;33.1;32.58;47;48.1;32.6
O3;uur;µg/m³;2023-07-11T22:00:00+01:00;2023-07-11T23:00:00+01:00;73.3;60.5;65.5;62;64.8;61.07;43.66;56.91;78.14;44.68;26.03;46.82;52.3;43.95;74.49;65.66;79.57;70.66;64.54;43.12;73.43;63.87;63.85;63.39;46.03;54.17;46.99;34.33;27.11;38.34;26.61;38.3;34.76;57.81;42.45;46.24;47.21;46;44.17;27.09;26.43;30.48;50.3;50.2;33.3
O3;uur;µg/m³;2023-07-11T23:00:00+01:00;2023-07-12T00:00:00+01:00;64.4;60.8;57.5;49.9;53.3;46.26;44.62;50.58;51.33;30.95;54.38;39.66;45.44;31.54;62.79;56.66;72.36;66.09;65.56;57.04;69.76;62.09;60.7;59.47;56.62;61.87;45.52;47.01;33.52;37.32;40.1;42.5;49.99;44.01;37.85;48.15;48.11;38.77;39.45;36.5;19.6;31.86;60.7;59.3;52.7
O3;uur;µg/m³;2023-07-12T00:00:00+01:00;2023-07-12T01:00:00+01:00;57.5;49.9;53;50.9;54.5;50.85;31.3;46.84;52.35;21.95;59.58;31.76;41.21;21.13;58.57;55.93;63.49;56.32;56.53;63.52;66.83;54.86;61.9;57.16;54.77;58.39;37.08;48.22;43.63;51.61;44.91;54.44;50.52;40.51;41.75;41.68;43.86;46.84;44.81;38.21;18.29;36.07;62.3;59.3;60
O3;uur;µg/m³;2023-07-12T01:00:00+01:00;2023-07-12T02:00:00+01:00;56.4;51.4;53.5;38.5;47.5;43.33;31.17;27.67;44.32;23.06;48.84;25.41;46.42;18.3;56.9;49.07;55.9;47.73;55.78;54.71;61.15;53.54;55.05;51.73;56.27;56.05;42.9;42.78;48.05;55.41;43.39;56.52;53.71;22.12;39.16;45.38;37.12;48.03;53.78;30.63;18.87;35.14;58.7;56.9;58.5
O3;uur;µg/m³;2023-07-12T02:00:00+01:00;2023-07-12T03:00:00+01:00;49.5;47.2;44.8;43.9;53.8;45.11;33.16;31.86;33.87;36.52;38.09;31.99;44.95;31.44;48.85;43.77;53.07;45.65;51.27;49.57;58.25;47.12;42.11;47.94;51.4;50.39;50.27;42.88;42.37;48.85;39.16;47.51;49.37;22.74;40.28;49.66;32.64;47.19;54.98;31.76;32.68;35.64;52.9;49.2;49.4
O3;uur;µg/m³;2023-07-12T03:00:00+01:00;2023-07-12T04:00:00+01:00;40.4;39.4;38.8;47.9;53.6;47.93;40.32;54.32;56.6;38.29;40.98;44.01;40.12;40.64;50.75;43.1;57.32;33.55;49.28;42.87;61.56;48.86;35.55;50.42;48.94;51.11;44.62;43.6;45.79;51.16;45.24;49.75;44.08;31.78;39.36;45.55;38.78;49.65;48.59;36.76;43.07;42.15;48;42.8;43.8
O3;uur;µg/m³;2023-07-12T04:00:00+01:00;2023-07-12T05:00:00+01:00;42.5;36.6;33.8;43.8;44.1;47.07;40.44;53.43;61.69;43.71;40.02;47.3;36.7;47.62;50.14;45.01;58.4;37.11;48.04;39.73;64.06;52.41;34.24;44.13;36.28;55.1;43.79;37.52;38.37;40.08;37.29;42.45;40.77;33.42;40.15;42.36;36.54;48.31;46.61;34.41;44.37;48.44;44.8;42;44.4
O3;uur;µg/m³;2023-07-12T05:00:00+01:00;2023-07-12T06:00:00+01:00;42.2;33.3;38.1;33.6;41;53.29;49.45;56.74;61.75;41.97;38.31;49.35;35.48;49.96;46.07;42.63;55.94;38.88;48.01;41.14;59.77;45.99;34.43;37.36;45.7;49.56;42.63;33.06;33.95;34.06;28.57;39.2;40.95;36.86;38.48;43.62;38.44;44.19;49.67;42.69;45.11;46.63;47.9;46.6;51.3
O3;uur;µg/m³;2023-07-12T06:00:00+01:00;2023-07-12T07:00:00+01:00;36.7;29.4;27.9;39;40.4;48.11;50.64;50.32;58.71;41.35;37.89;44.86;34.63;44.3;45.4;43.79;50.68;37.59;44.59;41.84;56.31;45.78;30.97;43.68;47.3;42.25;41.29;33.2;34.6;32.74;29.51;39.39;41.27;36.64;36.93;38.85;40.29;43.13;50.67;45.67;45.88;41.68;43.7;41.4;44.5
O3;uur;µg/m³;2023-07-12T07:00:00+01:00;2023-07-12T08:00:00+01:00;41.9;32.7;41.9;45;45;47.63;48.51;49.07;55.57;40.5;42.75;42.52;38.21;45.66;49.06;44.6;51.96;37.19;40.27;38.5;53.75;47.66;46.83;44.89;47.81;41.32;43.66;33.94;34.82;38.86;31.49;39.62;41.1;34.02;40.38;36.55;40.82;45.58;50.66;44.15;48.57;41.98;43.2;38.6;46.3
O3;uur;µg/m³;2023-07-12T08:00:00+01:00;2023-07-12T09:00:00+01:00;47.7;41.1;51.7;46.5;51.2;49.79;46.77;50.46;57.07;42.58;45.04;44.93;40.97;47.93;55.65;46.73;51.54;46.23;45.71;43.86;56.65;49.5;53.94;45.36;49.96;42.82;46.85;46.47;38.23;42.19;42.26;42.61;42.9;37.23;40.7;40.6;43.42;46.05;50.57;45.05;55.24;50.41;48.5;41.5;47.7
O3;uur;µg/m³;2023-07-12T09:00:00+01:00;2023-07-12T10:00:00+01:00;50.7;45;49.5;48.9;49.1;52.77;49.66;51.23;58.6;46.59;49.99;45.7;45.62;49.35;62.46;54.07;55.08;45.46;55.03;45.01;58.58;53.8;55.28;50.7;53.91;44.82;51.2;49.83;43.45;44.88;47.85;47.64;47.05;39.24;44.91;43.95;44.42;48.27;54.34;52.48;57.93;55.59;51.6;45.9;51.9
O3;uur;µg/m³;2023-07-12T10:00:00+01:00;2023-07-12T11:00:00+01:00;56.6;45.9;55.6;50.4;56.7;55.36;53.71;55.6;61.53;53.95;54.94;50.15;53.55;55.71;63.9;61.99;61.1;47.71;60.34;57.79;67.17;59.96;58.64;55.38;63.56;54.49;57.82;54.27;50.59;51.22;53.17;53.32;56.24;45.86;53.13;51.22;49.9;55.17;59.81;52.12;59.87;57.32;60.4;54.6;58
O3;uur;µg/m³;2023-07-12T11:00:00+01:00;2023-07-12T12:00:00+01:00;58.6;48.2;60;54.8;64.4;61.03;60.76;59.93;65.4;62.6;62.58;57.29;60.23;60.01;71.07;69.2;68.22;56.87;64.07;63.73;70.9;64.87;62.22;61.96;69.26;59.49;63.25;60.93;56.65;54.46;57.04;61.97;63.13;53.23;57.39;57.63;53.11;62.64;68.78;54.65;72.33;65.37;68.7;61.3;69.2
O3;uur;µg/m³;2023-07-12T12:00:00+01:00;2023-07-12T13:00:00+01:00;62;50.2;64.6;65.3;66.5;66.9;67.67;65.24;70.01;66.48;73.89;65.41;70.68;69.87;75.59;71.45;75.33;65.45;67.36;68.64;73.92;71.83;70.26;66.13;71.56;63.2;69.05;66.28;61.38;60.93;64.33;66.02;64.18;62.16;66.47;62;52.69;70.66;73.14;55.54;75.92;73.89;72.3;65.9;71
O3;uur;µg/m³;2023-07-12T13:00:00+01:00;2023-07-12T14:00:00+01:00;64.4;53;71.1;68.9;64.2;72.47;73.04;70.81;75.97;73.74;72.9;69.99;73.9;76.09;77.55;72.96;75.09;66.5;70.34;70.46;80.74;68.83;72.64;65.96;73.71;65.7;75.62;70.98;65.43;70.16;68.2;71.71;69.45;64.99;70.49;70.27;61.15;74.92;73.81;66.61;75.84;76.96;71.7;65.4;71.8
O3;uur;µg/m³;2023-07-12T14:00:00+01:00;2023-07-12T15:00:00+01:00;67.3;53.1;70.7;67.7;70.5;74.62;75.26;74.94;79.3;77.05;72.11;71.69;73.26;78.45;77.44;73.61;72.6;68.08;69.75;72.59;82.4;68.49;74.06;62.29;76.59;66.67;74.31;71.72;69.44;73.37;69.7;74.88;72.75;73.43;75.93;80.87;66.27;77.95;75.11;74.21;76.85;77.83;76.3;69.1;74.5
O3;uur;µg/m³;2023-07-12T15:00:00+01:00;2023-07-12T16:00:00+01:00;70.1;54.7;74.5;67.7;67.3;78.04;76.09;77.36;81.64;73.59;74.07;66.01;71.04;76.38;85.19;73.08;80.2;70.44;69.36;72.86;80.14;75.21;75.29;69.67;77.85;69.12;77.83;70.75;70.13;73.92;68.15;76.24;72.01;78.28;80.75;81.78;73.48;78.06;78.05;76.59;76.48;78.37;74.5;68.1;74
O3;uur;µg/m³;2023-07-12T16:00:00+01:00;2023-07-12T17:00:00+01:00;69.7;54;72.5;65.2;66.2;81.38;78.88;77.78;82.37;72.34;73.52;66.4;71.74;78.01;84.33;74.53;74.64;67.97;72.09;72.64;78.97;72.92;73.21;65.93;78.54;68.36;77.74;73.12;70.53;73.25;70.97;77.02;74.62;75.74;78.54;79.37;79.07;80.75;78.38;77.64;78.22;77.22;72.5;67.5;73.4
O3;uur;µg/m³;2023-07-12T17:00:00+01:00;2023-07-12T18:00:00+01:00;70.4;56;71.3;67.2;65.5;80.36;78.48;78.58;83.46;69.6;69.76;65.14;76.3;77.03;81.09;79.54;71.84;68.48;73.03;75.84;75.87;67.28;71.92;63.48;74.03;64.83;75.71;69.29;70.44;71.53;69.42;75.03;70.79;68.98;78.47;77.81;79.51;78.79;77.43;80.5;78.41;79.37;74.4;68;74
O3;uur;µg/m³;2023-07-12T18:00:00+01:00;2023-07-12T19:00:00+01:00;67.9;56.1;67.3;67.2;70.3;78.17;75.31;78.77;81.85;72.12;70.22;69.4;77.25;77.15;78.69;75.01;73.15;65.01;73.2;74.17;72.4;69.38;69.73;62.74;72.89;64.59;74.56;67.22;67.43;69.33;64.75;72.39;70.65;63.91;76.14;75.39;77.22;76.22;73.79;78.13;75.94;79.52;67.4;60.8;68.7
O3;uur;µg/m³;2023-07-12T19:00:00+01:00;2023-07-12T20:00:00+01:00;66.1;59.7;65.4;52.6;55.6;74.77;67.96;74.06;78.37;69.86;70.79;63.55;72.68;69.3;70.26;66.86;73.38;69.79;71.51;72.11;73.67;68.34;63.18;61.13;66.88;61.86;69.17;64.27;64.54;64.54;60.46;68.64;70.27;50.57;71.55;72.39;71.64;69.44;71.63;74.53;71.59;76.95;67.1;61.7;68.5
O3;uur;µg/m³;2023-07-12T20:00:00+01:00;2023-07-12T21:00:00+01:00;58.6;51.1;52.8;45.6;57.1;70.68;53.63;72.52;75.52;63.44;64.25;61.01;67.32;66.48;66.44;63.09;66.24;60.19;64.55;65.65;71.52;64.62;48.44;55.03;67.18;63.87;62.63;63.69;60.83;64.56;57.47;63.84;67.42;40.08;70.85;72.59;64.51;66.33;64.47;60.36;64.67;74.28;66.7;65.3;69.8
O3;uur;µg/m³;2023-07-12T21:00:00+01:00;2023-07-12T22:00:00+01:00;60.9;52.2;59;48.9;54.3;64.97;30.15;68.09;71.94;58.4;56.3;59.26;57.46;61.23;71.28;61.12;68.3;59.85;62.39;60.64;64.85;65.18;50.76;56.72;64.69;56.96;58.07;55.11;54.31;58.62;54.15;58.72;58.82;46.67;68.45;61.71;56.13;62.96;61.14;43.23;44.1;66.83;62.4;58.4;61.8
O3;uur;µg/m³;2023-07-12T22:00:00+01:00;2023-07-12T23:00:00+01:00;65.6;60.3;67;44.3;56.6;59.38;38.82;60.01;65.63;46.02;58.77;53.76;53.52;54.89;68.2;59.11;68.38;66.8;66.07;54.5;73.72;67.57;51.6;57.81;68.58;64.45;56.44;55.07;48.99;56.11;50.24;53.45;60;43.87;60.99;59.93;44.81;56.62;61.79;43.83;39.35;60.88;60.7;57.4;62
O3;uur;µg/m³;2023-07-12T23:00:00+01:00;2023-07-13T00:00:00+01:00;62.4;57.4;61.3;42.2;57.4;55.02;44.63;41.59;58.48;36.86;54.6;50.57;55.06;48.04;64.41;55.44;67.83;63.44;62.61;56.79;64.74;65.08;54.45;57.58;69.63;55.43;49.94;58.43;56.49;62.43;59.05;60.74;62.47;37.38;58.5;52.49;49.5;54.8;68.02;36.26;44.37;61.71;64.2;55.5;52.9
O3;uur;µg/m³;2023-07-13T00:00:00+01:00;2023-07-13T01:00:00+01:00;59.6;54.4;57.8;56.7;51.3;49.64;42.89;39.02;52.78;32.53;54.01;48.49;53.7;49.51;65.31;53.32;65.9;59.57;58.29;58.54;65.39;61.23;57.48;59.1;63.58;50.46;48.61;50.42;55.2;60.95;53.97;59.53;53.73;46.06;52.51;50.54;46.38;52.65;65.1;46.3;45.38;59.73;56.8;50.9;43.3
O3;uur;µg/m³;2023-07-13T01:00:00+01:00;2023-07-13T02:00:00+01:00;55.5;51.1;55.4;45.8;52.6;49.3;44.24;45.75;52.22;36.29;50.25;49.38;52.68;49.81;64.22;49.42;68.53;55.94;52.49;54.57;72.28;57.99;50.62;59.46;60.65;55.22;49.06;46.49;50.25;51.03;48.55;53.48;46.56;30.51;45.95;48.69;49.84;52.48;67.64;49.45;41.92;54.88;51.6;52.3;50.2
O3;uur;µg/m³;2023-07-13T02:00:00+01:00;2023-07-13T03:00:00+01:00;60.4;56.5;55.8;40.3;51.1;48.01;44.9;47.83;49.4;34.3;46.25;49.25;50.76;50.66;48.11;46.4;70.49;60.02;53.36;49.52;75.55;67.06;58.37;58.89;52.74;58.47;48.62;44.95;45.39;48.33;43.7;48.39;43.56;28.67;43.97;44.01;42.9;43.79;55.97;47.02;58.03;48.44;58.5;55.6;53.3
O3;uur;µg/m³;2023-07-13T03:00:00+01:00;2023-07-13T04:00:00+01:00;49;47.4;50.4;32.6;38.8;47.07;44.72;43.61;48.88;35.19;46.6;49.22;44.64;48.58;45.01;41.14;62.86;51.56;41.26;42.14;69.54;63.45;45.67;50.21;56.33;58.13;44.2;47.22;42.17;45.61;41.63;46.29;40.96;31.23;46.22;41.59;37.98;37.17;52.76;45.58;58.27;53.8;60.5;57.1;53.3
O3;uur;µg/m³;2023-07-13T04:00:00+01:00;2023-07-13T05:00:00+01:00;35.7;35.3;43.2;33.4;33.1;46.05;42.39;40.58;50.59;35.57;42.79;45.45;38.04;46.64;41.07;37.86;53.65;35.36;36.92;40.07;61.94;43.82;35.16;35.89;52.31;54.28;38.01;39.23;42.15;41.03;39.86;47.19;28.99;28.26;42.01;41.02;40.21;41.79;53.13;45.5;51.25;45.23;54.2;55.7;49.2
O3;uur;µg/m³;2023-07-13T05:00:00+01:00;2023-07-13T06:00:00+01:00;33.2;22.1;35.9;51.7;46.9;45.97;40.65;43.08;53.53;36.86;34.24;43.36;31.56;46.51;37.08;38.22;59.52;21.6;34.96;34.32;59.76;41.33;43.97;42.6;34.18;45.66;36.78;29.34;32.77;30.77;18.43;36.93;27.93;24.61;36.66;38.36;37.07;40.22;49.91;40.83;39.94;43.48;45.1;45.2;35.2
O3;uur;µg/m³;2023-07-13T06:00:00+01:00;2023-07-13T07:00:00+01:00;32;29.2;34.7;44.2;52.2;46.63;40.52;43.62;52.95;40.82;35.76;45.4;30.27;48.92;39.59;42.11;59.3;30.51;36.2;33.95;64.17;50.88;39.33;49.81;48.88;41.16;36.21;29.45;29.57;27.58;22.71;34.69;31.3;30.58;35.17;38.51;37.62;44.22;55.29;38.15;45.8;44.35;36.3;33.4;27.3
O3;uur;µg/m³;2023-07-13T07:00:00+01:00;2023-07-13T08:00:00+01:00;34.9;38.2;50.8;51.4;51.9;48.81;45.61;51;52.26;42.88;40.5;44.51;35.66;49.67;50.61;49.5;61.92;35.83;41.81;37.7;61.76;50.44;52.26;53.15;45.91;44.74;39.82;42.22;29.14;28.85;27.08;34.29;33.88;36.01;35.62;40.79;41.01;45.63;57.43;44.49;58.37;53.97;48.5;44;50.5
O3;uur;µg/m³;2023-07-13T08:00:00+01:00;2023-07-13T09:00:00+01:00;48.2;48.9;49.2;57.4;64;50.89;49;54.9;57.77;47.42;52.3;46.61;47.26;52.52;66.32;61.2;61.87;45.65;47.89;49.53;62.83;64.73;53.17;56.11;53.78;46.81;49.7;52.95;36.07;32.67;46.87;41.05;41.6;41.07;38.7;45.19;47.2;43.85;58.15;50.45;63.21;63.02;56.2;45.3;53.4
O3;uur;µg/m³;2023-07-13T09:00:00+01:00;2023-07-13T10:00:00+01:00;47.9;44.7;51.1;59.7;66.3;54.55;54.03;55.72;60.99;55.56;59.34;55.09;60.15;60.94;81.05;71.79;68.77;49.91;58.81;54.31;66.76;68.83;55.2;62.98;60.97;54.82;65.36;55.57;48.16;53.84;44.45;54.56;58.11;45.14;49.41;51.53;52.56;56.47;63.28;52.03;65.48;65.84;60.2;51.3;59.5
O3;uur;µg/m³;2023-07-13T10:00:00+01:00;2023-07-13T11:00:00+01:00;51.5;55.2;60.7;56.7;68.9;64.08;63.55;62.64;65.03;61.45;70.63;61.75;71.02;67.8;82.83;76.24;75.21;56.26;72.98;67.57;74.62;73.27;59.16;68.06;67.3;61.76;61.93;67.87;55.06;62.94;59.74;61.6;66.84;50.8;65.13;63.65;57.52;60.07;70.15;60.52;67.95;67.88;70.1;64.2;67.6
O3;uur;µg/m³;2023-07-13T11:00:00+01:00;2023-07-13T12:00:00+01:00;68.1;54.7;68.2;71.3;70.7;69.32;;67.84;72.99;65.36;76.77;68.08;77.97;72.49;82.41;72.58;82.18;66.88;79.76;81.14;75.14;79.77;76.11;75.11;74.56;66.22;66.23;75.09;59.2;67.22;67.2;65.06;64.42;52.45;67.94;54.69;65.8;62.13;70;71.44;73.2;74.33;76.5;66.6;74
O3;uur;µg/m³;2023-07-13T12:00:00+01:00;2023-07-13T13:00:00+01:00;68;63.2;81.7;79.5;83.4;74.07;;72.36;76.53;78.74;76.69;66.81;84.53;80.64;84.21;67.07;86.41;79.18;80.55;84.47;89.1;83.46;83.84;76.65;75.06;70.21;80.39;79.63;64.05;71.56;75.95;73.43;77.62;67.4;79.61;60.15;72.81;72.67;70.29;71.27;73.48;78.45;79.1;70.8;75.1
O3;uur;µg/m³;2023-07-13T13:00:00+01:00;2023-07-13T14:00:00+01:00;74.6;66;83.8;76.9;79.1;78.71;;76.6;80.14;86.5;62.29;68.31;80.99;85.28;86.56;77.6;91.56;82.06;79.48;85.07;92.36;90.28;84.61;83.25;77.37;79.76;83.77;83.38;74.07;82.35;80.06;81.87;86.65;63.78;73.66;69.24;73.99;78.15;76.33;72.21;71.01;77.83;83.3;75.6;83.6
O3;uur;µg/m³;2023-07-13T14:00:00+01:00;2023-07-13T15:00:00+01:00;78.8;67;84.6;82.1;82.7;78.55;;79.51;84.65;77.9;69.41;72.34;77.52;73.89;87.85;84.84;88.41;83.06;80.53;83.23;92.4;88.24;86.62;79.63;80.64;75.36;86.56;85.66;78.59;86;81.6;87.4;88.04;59.24;79.64;90.1;76.21;78.95;78.94;76.07;78.6;74.97;89.2;78.1;86.3
O3;uur;µg/m³;2023-07-13T15:00:00+01:00;2023-07-13T16:00:00+01:00;76.6;69.3;87.2;79.8;83.5;74.75;;75.39;81.27;80.9;80.08;72.47;81.41;73.6;91.95;85.72;95.77;85.34;79;84.95;97.95;95;89.34;86.66;82.65;82.44;92.19;87.22;78.33;85.32;82.37;87.06;86.79;69.3;86.35;90.52;80.92;80.03;81.6;78.35;82.85;77.07;88.6;80.5;86.5
O3;uur;µg/m³;2023-07-13T16:00:00+01:00;2023-07-13T17:00:00+01:00;74.7;67.2;84.4;72.3;76.6;73.39;;71.02;76.73;77.76;85.4;71.8;85.85;79.65;86.69;84.54;89.12;83.83;79.21;83.48;95.13;87.28;83.38;75.57;85.17;84.77;89.89;87.78;79.3;85.8;85.25;86.52;87.31;66.9;87.08;80.79;84.45;82.43;82.14;78.97;80.83;79.19;92.9;85.1;91.7
O3;uur;µg/m³;2023-07-13T17:00:00+01:00;2023-07-13T18:00:00+01:00;76.7;68.2;84.3;70.6;69.5;74.7;72.4;75.7;81.95;78.55;74.44;71.9;86.59;78.43;89.73;86.58;78.05;79.6;78.47;83.87;85.49;82.26;85.52;72.64;86.48;73.97;91.48;88.87;77.06;85.98;83.9;86.81;86.54;61.62;88.38;73.18;88.32;86.73;84.2;80.72;79.08;80.71;92.5;83.8;91
O3;uur;µg/m³;2023-07-13T18:00:00+01:00;2023-07-13T19:00:00+01:00;75.2;63.6;78.1;69.1;68.8;79.34;74.77;77.7;83.24;73.92;58.81;75.35;81.9;78.53;84.39;84.92;80.15;71.65;76.29;80.45;79.87;76.46;82.11;69.78;89.44;66.91;90.26;82.23;78.7;82.12;79.85;85.52;81.67;60.52;84.16;72.48;86.46;87.31;82.97;79.16;79.98;81.96;86.8;77.4;83.3
O3;uur;µg/m³;2023-07-13T19:00:00+01:00;2023-07-13T20:00:00+01:00;71;68;80.1;63.1;64.7;76.75;67.95;65.11;80.95;61.82;72.21;70.3;80.19;71.55;86.72;81.93;83.77;75.5;75.54;80.05;77.83;77.71;79.49;72.59;86.88;64.95;85.31;71.39;73.54;78.68;69.08;80.4;73.02;52.28;80.28;71.08;76.28;85.58;79.49;76.01;76.95;77.6;78.7;71.2;78
O3;uur;µg/m³;2023-07-13T20:00:00+01:00;2023-07-13T21:00:00+01:00;71.1;52.6;69.8;66.2;53.9;69.11;59.1;43.74;72.48;44.64;54.73;60.51;77.49;62.77;83.07;73.79;76.5;66.05;67.14;77.44;82.11;67.96;74.76;60.42;70.52;67.99;68.37;57.62;66.8;69.16;50.13;73.87;62.32;49.92;72.74;65.73;66.52;79.89;73.13;54.04;61.99;67.17;69.9;67.6;72.3
O3;uur;µg/m³;2023-07-13T21:00:00+01:00;2023-07-13T22:00:00+01:00;68.6;56.9;69.8;56.1;48.7;41;39.63;22.63;55.73;38.93;26.79;54.22;59.51;43.19;70.33;66.38;72.95;56.48;65.13;69.87;73.63;62.03;71.89;55.46;60.26;64.86;36.98;46.31;57.7;63.64;34.74;66.12;37.69;50.75;42.76;50.09;28.88;66.92;74.35;45.76;41;45.2;69.2;68.1;71
O3;uur;µg/m³;2023-07-13T22:00:00+01:00;2023-07-13T23:00:00+01:00;62.5;53.2;58;53.4;54.6;33.19;35.61;19.27;36.29;39.12;9.8;47.17;55.39;27.22;67.16;50.34;65.89;51.02;55.65;66.98;69.05;58.78;58.93;47.51;56.77;60.09;45.12;39.99;54.69;58.54;35.65;65.43;32.7;40.92;22.63;28.46;18.18;43.12;61.98;40.56;35.05;48.53;58.1;61;55.2
O3;uur;µg/m³;2023-07-13T23:00:00+01:00;2023-07-14T00:00:00+01:00;52.9;49.1;47.3;35.7;58;29.01;29;28.9;43.33;25.4;21.74;43.68;48.19;23.96;66.76;54.21;66.65;42.54;50.32;52.83;68.84;60.25;48.25;55.87;59.53;57;53.02;38.49;52.69;38.16;35.01;56.59;33.86;37.27;16.15;31.59;13.27;40.95;57.44;37.48;35.45;41.01;56;55.5;47.5
O3;uur;µg/m³;2023-07-14T00:00:00+01:00;2023-07-14T01:00:00+01:00;55.2;46.3;52.9;50.4;51;26;22.47;23.9;58.21;18.42;52.85;34.82;52.23;21.47;66.27;50.93;65.23;43.76;47.4;44.67;69.86;60.08;55.9;55.83;58.22;58.13;48.63;40.92;40.68;38.92;34.55;42.66;37.27;29.21;10.89;41.38;21.15;45.24;57.63;44.11;36.13;47.05;52.9;46.3;45.8
O3;uur;µg/m³;2023-07-14T01:00:00+01:00;2023-07-14T02:00:00+01:00;49;42.3;54.3;49.2;59;20.6;16.57;24.29;58.31;16.51;44.71;32.96;41.73;13.43;65.94;48.9;63.23;43.27;52.93;45.79;68.02;61.54;53.04;53.59;52.56;55.72;47.43;38.2;48.24;44.85;37.58;49.47;23.89;17.48;11;35.75;22.38;42.9;52.64;33.46;37.12;44.93;48.1;41.4;39.7
O3;uur;µg/m³;2023-07-14T02:00:00+01:00;2023-07-14T03:00:00+01:00;53.6;49.2;52.6;47.7;52.3;15.88;11.96;26.68;56.03;25.96;33.65;38.41;44.58;13.13;65.3;47.13;63.36;35.77;55.44;50.31;61.82;55.9;53.21;54.34;41.79;46.94;48.24;36.37;36.77;38.43;35.95;38.8;18.74;21.69;10.81;41.03;16.83;38.76;53.71;28.09;33.81;44.6;47;40.6;41.2
O3;uur;µg/m³;2023-07-14T03:00:00+01:00;2023-07-14T04:00:00+01:00;53.2;46.5;59.9;51.8;53.2;24.65;13.75;27.65;46.13;19.32;28.34;29.83;38.64;17.74;60.57;49.21;53.88;37.67;57.13;46.27;53.43;52.45;53.77;42.54;47.34;39.93;38.41;28.61;38.28;40.7;23.75;42.97;23.47;24.29;13.87;34.36;13.54;38.4;54.5;31.77;34.26;49.54;43.3;39.7;39.2
O3;uur;µg/m³;2023-07-14T04:00:00+01:00;2023-07-14T05:00:00+01:00;45.7;44;50.6;47.2;48.6;25.1;15.7;21.95;29.04;17.64;33.66;27.81;32.46;22.05;56.62;47.02;46.38;48.83;58;51.7;47.94;44.13;50.55;37.94;43.53;39.86;33.45;28.45;35.25;38.34;15.84;41.96;20.82;18.7;19.57;28.38;13.66;30.67;50.79;28.71;34.26;48.07;38.7;34.3;35.6
O3;uur;µg/m³;2023-07-14T05:00:00+01:00;2023-07-14T06:00:00+01:00;42.9;37.1;44.6;44.5;43.6;15.19;15.58;20.62;30.74;18;52.43;30.6;30.23;22.71;54.04;45.62;46.23;43.67;53.33;40.6;47.76;41.09;45.73;36.51;33.03;35.9;31.53;34.44;33.7;34.25;16.34;42.26;25.65;15.99;20.25;26.38;26.83;34.28;51.6;23.18;32.79;48.43;33.9;30.6;34.4
O3;uur;µg/m³;2023-07-14T06:00:00+01:00;2023-07-14T07:00:00+01:00;46.4;40.6;42.8;41.6;41.4;33.69;20.27;29.76;52.58;34.31;43.09;33.06;35.62;27.7;51.62;45.03;47.52;49.57;53.46;40.1;48.04;39.96;39.88;34.45;39.05;35.9;41.25;39.97;34.23;35.96;27.09;44.42;35.77;31.92;29.71;23.12;36.33;35.44;54.41;20.78;38.32;46.51;42.1;33;40.8
O3;uur;µg/m³;2023-07-14T07:00:00+01:00;2023-07-14T08:00:00+01:00;45.8;42.1;44.2;41.3;43.3;47.82;39.86;37.79;59.7;47.06;38.35;42.99;43.12;42.98;50.58;47.9;45.19;46.89;49.23;39.51;49.42;47.35;38.64;33.93;45.46;37.92;49.37;46.39;42.57;47.92;35.93;50.91;45.35;40.9;44.7;33.59;46.48;44.1;52.73;27.49;48.65;51.25;45.6;38.9;49.4
O3;uur;µg/m³;2023-07-14T08:00:00+01:00;2023-07-14T09:00:00+01:00;48.1;40.9;46.1;39.9;49;54.98;58.7;53.08;62.21;51.55;34.43;49.08;46.92;56.54;52.48;52.87;49.71;47.71;48.92;48.2;53.29;51.33;42.24;36.52;51.58;40.76;58.56;49.6;45.05;55.05;41.68;55.88;47.16;48.7;58.05;50.3;53.53;55.51;60.97;52.07;63.1;63.12;49.5;38.9;49.9
O3;uur;µg/m³;2023-07-14T09:00:00+01:00;2023-07-14T10:00:00+01:00;52.8;42.8;51.2;45.8;53.9;64.33;63.33;60.3;69.11;52.26;47.15;53.14;57;59.12;59.75;61.3;55.52;52.5;56.67;57.03;55.55;59.56;52.54;38.84;61.65;44.69;62.07;50.25;52.69;56.72;46.75;61.7;50.58;62.75;65.75;63.14;62.48;61.63;67.93;61.49;66.34;73.67;46.9;39;50.1
O3;uur;µg/m³;2023-07-14T10:00:00+01:00;2023-07-14T11:00:00+01:00;53.3;42.2;53.5;58;61.6;73.57;69.81;69.91;78.9;65.27;64.16;64.37;61.51;72.78;65.33;63.82;63.7;57.01;62.45;63.16;69.37;70.85;60.01;44.49;57.76;44.41;67.59;58.56;51.57;56.46;55.07;60.43;57.58;65.75;67.38;66.43;68.66;70.01;76.42;70.61;71.02;74.36;55.5;50.3;60.2
O3;uur;µg/m³;2023-07-14T11:00:00+01:00;2023-07-14T12:00:00+01:00;56.5;45;58.7;53.6;60.4;79.98;76.46;79.07;86.12;73.13;63.45;73.13;65.82;81.38;60.69;70.05;68.01;60.72;64.41;74.88;68.31;63.17;61.29;;59.63;52.86;75.15;61.59;54.21;61.84;54.37;63.57;62.9;68.09;75.15;73.51;72.22;76.19;81.33;71.38;73.92;77.75;62.4;54.6;65.8
O3;uur;µg/m³;2023-07-14T12:00:00+01:00;2023-07-14T13:00:00+01:00;63.1;50.4;64;57.8;66;84.67;83.1;81.93;93.86;79.89;75.11;74.87;74.67;82.59;76.73;80.76;67.66;69.48;89.37;79.97;71.11;66.55;68.85;;68.46;58.94;76.94;64.82;56.85;67.08;59.22;70.47;77.17;77.86;77.2;78.24;77.62;81.13;84.47;78.35;82.41;80.93;65.7;58;70.1
O3;uur;µg/m³;2023-07-14T13:00:00+01:00;2023-07-14T14:00:00+01:00;81.8;75.3;88.1;68;71.4;;88.24;86.06;96.8;86.34;88.37;78.58;82.89;87.14;86.8;84.57;;97.95;86.5;84.52;75.59;80.03;83.36;;71.41;61.86;75.98;80.72;70.13;75.76;72.98;80.05;81.38;82.18;83.58;84.4;77.69;84.08;87.52;81.69;84.75;86.97;69;58;69.8
O3;uur;µg/m³;2023-07-14T14:00:00+01:00;2023-07-14T15:00:00+01:00;85.4;75.5;90.1;78.1;74.7;;92.06;87.49;98.83;88.78;86.3;83.87;86.29;92.26;92.18;84.2;;93;91.12;93.79;85.96;101.02;98.34;68.47;75.92;71.1;85.89;86.39;73.19;80.85;83.4;84.52;85.62;91.66;91.88;88.64;82.99;83.48;88.62;80.94;88.64;91.14;80.8;69.7;85.4
O3;uur;µg/m³;2023-07-14T15:00:00+01:00;2023-07-14T16:00:00+01:00;85.1;72.3;86.8;89.1;73.6;93.22;98.77;88.99;100.77;89.14;84.44;87.57;89.15;96.19;95.92;84.55;;92.63;87.5;92.81;108.63;100.54;94.98;66.78;84.84;90.94;92;86.99;76.25;83.85;83.03;88.68;87.11;95.58;94.68;94.81;85.94;84.08;91.76;81.21;90.52;92.6;89.2;77.6;92.9
O3;uur;µg/m³;2023-07-14T16:00:00+01:00;2023-07-14T17:00:00+01:00;78.9;69.9;82.2;80.6;80.3;95.14;93.79;94.56;105.34;88.67;81.84;88.69;86.3;94.55;100.28;85.23;;89.39;82.65;93.43;97.71;97.36;86.26;59.06;91.33;81.91;90.66;85.1;82.18;83.73;87.45;94.88;87.38;97.64;95.04;98.02;90.17;86.44;89.18;85.28;95.92;94.3;88;66.4;88.1
O3;uur;µg/m³;2023-07-14T17:00:00+01:00;2023-07-14T18:00:00+01:00;75.5;63.2;76.4;80;58.6;100.55;94.1;100.83;110.16;86.16;85.38;87.29;87.38;98.01;94.3;91.37;86.85;84.27;79.79;87.95;91.46;91.4;77.39;55.49;85.9;67.78;91.19;79.51;85.24;78.96;87.15;93.46;79.03;100.57;97.97;98.34;93.75;83.79;86.62;82.5;93.79;91.16;79.2;63.5;90.3
O3;uur;µg/m³;2023-07-14T18:00:00+01:00;2023-07-14T19:00:00+01:00;69.1;59.9;78.9;78.8;68;97.35;86.87;101.76;118.92;89.1;76.84;95.37;89.17;106.09;95.68;92.74;87.51;77.12;78.78;86.78;82.54;91.72;73.68;62.55;68.18;57.39;76.07;73.69;80.07;80.69;79.53;86.37;80.95;108.25;97.13;89.46;90.02;70.64;76.03;72.36;87.27;87.61;73.4;69.3;86
O3;uur;µg/m³;2023-07-14T19:00:00+01:00;2023-07-14T20:00:00+01:00;66.2;53;73.3;65.7;69.3;95.95;77;85.63;111.23;91.66;63.63;91.51;80.85;101.38;90.88;83.39;81.95;74.11;72.87;82.19;78.57;85.26;53.09;56.7;80.95;55.2;73.19;71;76.42;79.4;77.02;79.99;80.1;104.14;88.78;79.43;78.8;70.74;71.6;60.8;56.44;71.12;81.7;73.5;89.1
O3;uur;µg/m³;2023-07-14T20:00:00+01:00;2023-07-14T21:00:00+01:00;68.5;51.4;71.6;61.8;64;78.78;37.53;51.47;95.4;83.99;54.67;83.71;76.88;94.7;85.77;78.81;79.15;66.19;68.07;78.92;82.61;78.39;59.11;59.73;82.79;62.7;74.56;61.09;74.13;78.35;73.16;80.24;80.74;90.04;81.94;80.53;76.82;65.98;71.43;53.09;63.38;56.59;74.7;70.1;84.1
O3;uur;µg/m³;2023-07-14T21:00:00+01:00;2023-07-14T22:00:00+01:00;68.5;57.3;74.7;62.2;68.2;57.38;42.31;70.49;94.89;78.37;57.83;79.85;79.41;85.48;80.53;76.77;75.77;66.92;65.6;76.54;80.27;73.49;63.07;58.37;79.43;72.44;74;69.23;70.56;75.74;80.29;80.35;67.66;78.39;84.58;82.5;73.47;64.9;72.43;61.46;64.41;66.72;81.1;66.7;84.4
O3;uur;µg/m³;2023-07-14T22:00:00+01:00;2023-07-14T23:00:00+01:00;70.6;57.5;73.1;64.1;70.2;63.77;62.39;83.32;94.37;71.31;49.45;71.97;75.36;76.76;76.17;71.73;74.44;67.49;62.49;71.92;84.04;72.26;65.32;56.39;77.1;77.2;74.89;70.52;72.3;71.22;81.83;80.78;64.08;71.3;82.26;84.26;71.89;60.24;71.98;59.34;60.91;68.5;89.8;77;87.8
O3;uur;µg/m³;2023-07-14T23:00:00+01:00;2023-07-15T00:00:00+01:00;67;63.7;42.3;60.9;63.1;72.68;76.61;70.77;98.61;66.66;64.63;71.89;74.73;78.47;54.4;63.02;70.74;71.98;63.7;72.04;83.9;70.01;49.87;56.83;78.48;72.86;71.03;73.21;74.52;66.54;78.67;81.6;67.95;69.21;78.19;86.78;70.42;56.63;69.37;64.36;60.3;64.77;86.8;71.5;87.1
O3;uur;µg/m³;2023-07-15T00:00:00+01:00;2023-07-15T01:00:00+01:00;60.9;57.9;58.8;49;55.3;70.2;83.16;78.88;100.76;70.76;66.02;77.85;72.09;75.58;65.14;67.57;66.21;71.23;66.54;74.4;77.77;67.92;65.32;51.01;74.54;74.63;72.58;68.3;64.07;70.31;76.23;74.76;65.97;72.86;76.09;86.83;74.59;55.14;67.33;59.37;61.74;61.99;81.7;72.2;81.8
O3;uur;µg/m³;2023-07-15T01:00:00+01:00;2023-07-15T02:00:00+01:00;55.3;45;46.9;35.2;42.1;77.39;79.81;62.36;95.94;67.66;56.05;73.98;71.22;75.97;69.07;54.7;59.72;51.18;62.2;69.21;65.43;51.67;52.93;52.33;71.88;64.09;76.21;61.62;61.85;71.38;67.52;70.46;62.17;75.78;75.22;85.19;77.35;56.79;63.8;64.72;55.69;57.7;75.8;67;74.6
O3;uur;µg/m³;2023-07-15T02:00:00+01:00;2023-07-15T03:00:00+01:00;57.4;49.5;49.5;31.9;29;;;;;;;;;;;;;;;;;;;;;;;;;;;;;;;;;;;;;;65;57.8;62.9
O3;uur;µg/m³;2023-07-15T03:00:00+01:00;2023-07-15T04:00:00+01:00;53.7;49.6;45.4;34.4;44.6;74.77;70.8;57.2;89.92;56.18;42.39;65.89;46.27;67.65;;44.09;53.17;47.42;52.74;51.7;57.27;50.86;46.3;47.62;59.06;;64.94;34.88;48.14;46.85;41.27;54.79;34.3;68.54;73.78;70.79;74.27;61.63;71.03;78.07;65.19;70.26;57.9;48.8;53.5
O3;uur;µg/m³;2023-07-15T04:00:00+01:00;2023-07-15T05:00:00+01:00;43.5;41.5;40.5;37.3;43.1;71.76;54.66;44.22;86.06;41.89;43.43;53.79;44.83;55.57;;44.64;49.79;43.58;45.11;50.12;49.79;47.59;37.74;42.1;51.27;44.11;55.25;35.27;41;38.46;32.12;47.43;31.71;59.77;66.19;64.56;68.85;54.52;57.65;70.39;63.96;75.29;50.3;43;48.4
O3;uur;µg/m³;2023-07-15T05:00:00+01:00;2023-07-15T06:00:00+01:00;40.7;40.1;43;42;53.1;67.03;56.67;37.2;80.56;33.73;43.31;51.32;36.15;44.97;55.2;51.17;58.62;36.8;45.29;43.4;54.69;57.01;50.27;48.38;47.68;47.21;52.48;38.32;43.03;41.58;31.04;47.6;31.01;54.8;59.47;59.83;66.74;48.01;52.93;58.67;58.55;71.8;48;40;46.2
O3;uur;µg/m³;2023-07-15T06:00:00+01:00;2023-07-15T07:00:00+01:00;40.9;41.5;41.3;49.9;54.3;65.1;50.47;53.98;74.34;42.23;43.29;55.65;36.31;52.68;62.07;55.23;65.08;38.46;54.81;44.07;60.06;62.64;52.17;51.26;47.85;52.7;49.61;39.32;39.01;39.52;39.12;42.32;35.38;43.62;54.8;59.27;65.51;45.48;51.22;53.25;57.53;67.33;54.6;43.7;54.8
O3;uur;µg/m³;2023-07-15T07:00:00+01:00;2023-07-15T08:00:00+01:00;52.5;46.1;42.6;44.2;57.3;64.29;60.59;64.2;70.6;49.48;37.07;52.48;41;54.01;63.46;57.01;62.11;51.15;56.83;49.33;63.3;59.53;51.05;50.57;52.44;55.19;46.93;47.17;39.65;43.48;45.31;44.51;46.15;60.91;52.08;56.08;63.98;50.89;52.01;65.64;61.09;65.3;52.8;47.3;54.4
O3;uur;µg/m³;2023-07-15T08:00:00+01:00;2023-07-15T09:00:00+01:00;51.9;48.3;54.4;50;54.1;62.62;60.05;61.3;70.12;52.29;48.17;51.84;38.6;53.17;62.6;62.5;59.23;54.77;56.21;55.34;63.02;57.7;55.64;48.82;55.3;55.31;53.34;51.38;45.29;46.28;47.96;48.71;47.07;68.84;54.03;65.49;59.97;53.75;59.49;68.01;58.83;66.73;59.3;51.4;58.8
O3;uur;µg/m³;2023-07-15T09:00:00+01:00;2023-07-15T10:00:00+01:00;57.6;50.8;58.7;53.1;60.2;62.61;55.34;57.51;65.46;52.57;48.91;55.22;43.32;59.77;67.58;65.56;64.17;58.81;56.85;49.25;64.7;66.26;62.13;53.08;60.3;57.02;53.93;56.86;47.91;50.74;51.92;52.12;53.07;73.45;61.93;59.06;70.14;57.63;63.35;66.31;62.39;69.32;58.4;52.1;61.2
O3;uur;µg/m³;2023-07-15T10:00:00+01:00;2023-07-15T11:00:00+01:00;59.9;51.7;60.7;59.5;67.3;59.58;57.31;63.2;72.92;56.24;54.04;55.27;46.13;57.2;71.15;64.92;71.29;61.86;61.31;52.84;70.95;68.08;65.86;59.75;65.72;61.36;57.36;58.96;49.5;51.2;56.73;54.89;48.59;64.33;64.98;56.44;67.97;61.13;73.25;77.89;67.68;66.99;68.4;58.4;67.1
O3;uur;µg/m³;2023-07-15T11:00:00+01:00;2023-07-15T12:00:00+01:00;61;54;62.3;65.6;72.1;62.92;57.92;62.21;72.05;51.53;53.65;49.15;51.4;53.5;70.32;66.11;73.52;64.97;64.26;60.68;74.25;74.22;70.15;63.06;69.86;66.02;62.36;55.38;47.79;50.08;50.07;53.18;60.09;59.83;62.58;56.7;61.62;62.16;72.24;74.35;70.68;76.12;68.3;59.1;67.2
O3;uur;µg/m³;2023-07-15T12:00:00+01:00;2023-07-15T13:00:00+01:00;60.5;55.4;61.9;66.2;71.6;60.8;55.52;58.51;65.94;57.28;59.18;52.76;58.67;56.33;76.76;73.56;79.6;67.84;68.58;66.78;80.98;77.6;70.09;66.95;74.12;72.46;61.46;62.14;53.75;57.99;56.81;62.85;66.4;73.22;64.37;58.56;65.28;65.18;75.26;70.43;72.87;79.63;66.7;56.5;66.5
O3;uur;µg/m³;2023-07-15T13:00:00+01:00;2023-07-15T14:00:00+01:00;65.8;58.2;72.2;69.5;68.5;62.24;57.25;62.12;65.51;59.58;69.79;54.89;64.05;58.52;75.34;70.71;79.64;72.29;72.87;69.79;83.9;79.76;78.05;64.99;80.44;77.62;64.29;69.5;60.78;65.13;63.47;69.35;65.56;65.16;71.66;63.64;72.1;68.68;78.14;71.29;73.14;77.55;74.3;67.5;74.8
O3;uur;µg/m³;2023-07-15T14:00:00+01:00;2023-07-15T15:00:00+01:00;69.7;61.7;73.7;61.9;55.8;64.55;65.29;64.02;67;64.31;72.53;60.36;69.16;64.42;64.99;66.89;70.95;76.55;75.91;76.45;81.51;80.83;74.68;60.16;87.8;73.99;71.64;73.03;51.46;63.78;63.18;65;64.22;68.25;72.88;67.52;68.95;73.64;87.25;71.19;78.75;79.56;79;71.8;79.8
O3;uur;µg/m³;2023-07-15T15:00:00+01:00;2023-07-15T16:00:00+01:00;52.8;56.5;60.3;54.8;51.6;69.25;69.01;66.64;67.2;66.53;61.64;63.09;71.03;66.72;63.83;52.02;63.96;63.27;64.56;68.33;71.93;63.75;62.98;58.06;83.8;61.13;72.39;69.17;60.25;71.02;65.46;72.82;68.6;66.13;75.69;69.85;77.55;74.88;83.44;82.73;73.9;86.01;76.2;65.9;73
O3;uur;µg/m³;2023-07-15T16:00:00+01:00;2023-07-15T17:00:00+01:00;51;46.3;48.7;45.5;60.4;68.55;71.69;67.43;67.75;62.99;53.63;63.89;58.12;67.92;61.03;61.72;64.56;55.95;57.35;55.12;67.86;61.23;53.84;52.62;68.05;59.02;68.99;53.84;54.22;56.31;52.74;59.08;55.98;73.05;74.17;69.41;76.98;74.2;75.36;85.48;74.49;86.11;57.9;54.4;56.7
O3;uur;µg/m³;2023-07-15T17:00:00+01:00;2023-07-15T18:00:00+01:00;57.7;52.1;53.3;49.2;63.8;67.96;67.4;65.31;67.4;50.58;63.61;54.21;62.42;59.41;67.81;65.52;67.9;60.44;60.36;57.19;67.91;65.37;60.34;54.65;56.82;59.31;59.02;56.3;51.39;55.12;53.83;55.83;59.02;75.23;60.1;60.32;73.4;61.58;60.62;80.37;66.61;84.57;58.4;47.8;53.5
O3;uur;µg/m³;2023-07-15T18:00:00+01:00;2023-07-15T19:00:00+01:00;63;53.8;60;58.9;65.7;61.56;62.27;64.15;66.09;43.98;63.4;40.72;67.27;43.75;70.27;68.78;73.07;64;63.44;66.21;72.58;72.08;66.55;61.88;66.88;64.89;62.81;55.83;54.55;60.32;51.22;59.92;62.51;64.5;61.81;45.18;57.18;58.95;60.34;66.56;63.48;66.11;60.7;51.9;56.4
O3;uur;µg/m³;2023-07-15T19:00:00+01:00;2023-07-15T20:00:00+01:00;64.5;54.6;64;66.9;67.8;65.75;51.34;66.73;74.05;34.59;66.31;39.68;64.72;41.31;75.01;71.63;73.14;66.69;68.32;62.62;74.84;72.74;65.38;65.29;72.1;65.92;63.66;60.5;53.99;60.63;51.23;60.64;60.15;53.95;66.44;44.49;49.37;61.74;63.39;51.14;55.39;60.29;63;62;62.4
O3;uur;µg/m³;2023-07-15T20:00:00+01:00;2023-07-15T21:00:00+01:00;67.4;60;66.3;63.9;63.4;59.84;40.17;52.46;62.17;23.91;71.55;44.01;65.18;39.62;72.21;67.77;69.52;67.62;71.19;67.05;72.71;68.66;68.69;61.57;70.57;66.33;60.22;65.83;50.36;54.06;56.35;57.91;57.95;40.85;63.15;37.69;49.31;63.17;67.6;45.06;53.38;60.38;66.1;65.5;68.3
O3;uur;µg/m³;2023-07-15T21:00:00+01:00;2023-07-15T22:00:00+01:00;62;52.9;59.6;61.2;58.4;52.04;33.18;40.26;48.22;19.35;58.09;38;64.55;32.56;65.56;60.7;66.49;63.18;61.64;64.36;68.86;66.31;57.46;55.87;64.89;62.53;58.37;60.75;61.44;60.13;59.29;65.97;64.21;35.3;64.42;33;43.46;61.78;67.63;42.9;58.23;59.92;60.9;60;64.9
O3;uur;µg/m³;2023-07-15T22:00:00+01:00;2023-07-15T23:00:00+01:00;58.2;52.4;49.1;40.5;51;46.81;38.87;45.36;43.87;23.2;58.6;36.9;57.5;28.37;59.93;57.84;61.44;55.16;55.11;61.53;69.99;62.89;56.14;52.49;63.66;61.78;64.23;54.88;55.6;58.08;52.94;62.68;52.97;35.01;62.24;27.82;38.84;63.59;62.83;37.41;61.75;59.37;58;55;61
O3;uur;µg/m³;2023-07-15T23:00:00+01:00;2023-07-16T00:00:00+01:00;53.4;47.4;54.9;45.9;57.3;37.54;36.88;49.03;49.12;23.9;53.81;31.25;58.56;28.96;59.25;55.03;63.16;55.55;57.55;55.75;68.82;60.08;53.77;54.71;63.66;61.85;62.78;50.1;48.39;53.05;42.94;59.17;42.56;29.81;63.04;30.57;37.55;63.08;61.65;40.34;58.9;63.34;59.6;53.4;59
O3;uur;µg/m³;2023-07-16T00:00:00+01:00;2023-07-16T01:00:00+01:00;54;50.8;52.9;49.2;54.4;39.36;30.93;54.12;47.81;38.19;57.48;42.48;53.34;30.87;57.55;54.5;60.7;53;59.48;55.93;66.79;57.27;54.3;52.92;59.29;60.14;63.51;46.9;47.14;53.35;41.06;55.87;48.91;18.88;49.4;28.39;33.2;60.96;62.85;42.8;56.89;63.16;56.3;50.3;59
O3;uur;µg/m³;2023-07-16T01:00:00+01:00;2023-07-16T02:00:00+01:00;54.8;54.1;53.3;48.2;54.8;39.45;33;45.59;44.73;46.11;56.33;38.05;55.89;27.46;58.73;52.66;60.33;52.04;58.91;57.61;61.96;59.81;52.71;54.77;58.64;54.24;59.79;48.33;51.16;55.08;45.69;56.83;50.32;22.19;62.34;30.79;34.01;58.61;61.61;43.67;54.59;62.93;51;45.3;53
O3;uur;µg/m³;2023-07-16T02:00:00+01:00;2023-07-16T03:00:00+01:00;55.3;50.7;53.8;49.3;55.2;35.95;33.3;43.27;46.79;43.93;54.18;32.02;55.84;21.68;58.68;49.49;59.15;49.5;58.47;53.66;61.31;58.93;53.26;54.97;58.27;55;58.49;48.85;50.98;55.4;47.2;55.96;49.78;21.55;57.92;34;41.71;55.52;59.35;42.72;56.36;63.29;52.8;47.1;53.9
O3;uur;µg/m³;2023-07-16T03:00:00+01:00;2023-07-16T04:00:00+01:00;54;53.6;53.8;51.8;54.2;33.65;30.95;43.81;49;40.91;51.34;33.77;55.39;28.2;54.27;51.68;60.15;49.19;55.84;51.79;59.02;59.18;50.79;55.95;60.53;53;55.95;48.87;48.23;51.31;49.76;53.49;49.44;19.97;55.97;22.13;40.05;57.18;56.33;46.57;56.16;60.3;53.7;49.2;55.5
O3;uur;µg/m³;2023-07-16T04:00:00+01:00;2023-07-16T05:00:00+01:00;51.8;50.3;51.4;47;50.2;38.72;39.73;45.53;48.84;41.65;50.35;38.26;51.49;39.16;56.05;51.1;56.71;49.84;55.2;50.78;56.62;55.03;50.27;50.99;61.07;51.4;54.6;46.84;47.18;50.1;48.28;51.26;49.24;28.36;53.65;29.52;41.91;55.14;55.68;48.21;53.22;59.65;54.8;49.9;55.2
O3;uur;µg/m³;2023-07-16T05:00:00+01:00;2023-07-16T06:00:00+01:00;51.5;51;49.5;48;50.9;39.24;41.16;45.08;49.31;44.74;50.74;41.88;51.25;42.67;53.52;51.37;55.66;49.46;53.18;49.13;55.41;55.74;50.73;51.17;64.85;50.34;53.37;49.85;48.02;51.15;51.01;50.95;47.76;34.15;49.73;37.94;39.36;52.25;56.47;45.85;52.62;57.66;53.2;48.9;54
O3;uur;µg/m³;2023-07-16T06:00:00+01:00;2023-07-16T07:00:00+01:00;51;50.3;50.8;47.7;50.2;45.11;45.05;47.04;51.06;45.59;50.79;44.93;52.18;46.81;54.15;51.52;56.62;50.97;53.75;50.24;56.3;55.92;50.08;50.79;56.78;49.99;52.25;49.58;48.57;51.61;49.43;51.43;48.32;37;49.82;43.01;44.32;53.75;54.37;46.87;51.55;56.68;53.5;48.6;53.8
O3;uur;µg/m³;2023-07-16T07:00:00+01:00;2023-07-16T08:00:00+01:00;53;50.8;52;47.3;50.6;50.6;48.07;50.69;54.61;48.87;52.97;48.06;53.49;49.87;54.92;52.58;56.26;52.67;54.83;53.02;56.74;55.93;53.63;51.81;54.65;50.91;54.6;50.5;50.75;54.7;51.17;53.71;50.38;42.29;54.34;48.27;49.75;54.2;54.9;49.46;52.62;57.38;55.8;50.6;53.4
O3;uur;µg/m³;2023-07-16T08:00:00+01:00;2023-07-16T09:00:00+01:00;52.3;51.1;51.8;48.1;53;52.97;52.44;53.94;57.16;53.43;51.88;51.38;56.46;54.1;55.26;52.97;57.09;51.7;53.79;54.51;57.78;57.18;53.14;53.65;53.31;52.26;57.74;52.36;51.19;55.68;53.27;54.87;52.78;49.01;59.31;52.15;54.52;58.12;54.37;54.12;55.33;58.67;55.7;51.3;56
O3;uur;µg/m³;2023-07-16T09:00:00+01:00;2023-07-16T10:00:00+01:00;51.3;50.1;51.3;49.8;57.3;55.12;56.13;57.29;59.54;56.56;56;54.08;56.04;56.7;58.04;53.65;61.76;55.13;55.19;56.25;62.45;59.1;55.44;53.08;58.73;55.75;59.58;51.12;52.2;55.6;52.65;54.97;52.34;54.5;60.63;55.47;57.35;60.51;57.42;60.44;57.25;60.21;57.6;51.1;55.6
O3;uur;µg/m³;2023-07-16T10:00:00+01:00;2023-07-16T11:00:00+01:00;54.7;50.9;54.4;55.6;59.2;56.27;58.3;59.85;61.12;57.63;55.15;56;57.68;59.62;63.7;52.74;63.63;57.49;57.47;57.47;65.54;61.03;60.54;52.62;61.14;59.45;60.46;53.11;52.58;55.72;53.08;56.73;55.28;56.86;61.64;57.9;58.74;60.67;61.55;60.46;62.18;64.32;60;54;57.4
O3;uur;µg/m³;2023-07-16T11:00:00+01:00;2023-07-16T12:00:00+01:00;59.6;53.1;58.8;63.1;66.1;57.88;59.25;60.55;61.6;59.06;52;57.04;54.88;59.82;68.23;61.01;71.93;60.6;60.13;58.05;70.58;69.19;66.03;61.94;68.49;63.04;60.67;56.65;53.76;56.77;56.14;58.09;57.42;57.58;63.24;58.35;58.73;61.53;65.41;60.9;64.56;65.88;60.2;57.4;58.5
O3;uur;µg/m³;2023-07-16T12:00:00+01:00;2023-07-16T13:00:00+01:00;62.9;55;61.5;71.8;76.2;57.76;59.78;59.66;61.87;56.58;59.54;56.2;54.67;58.66;70.51;62.81;78.41;65.91;63.61;64.17;77.88;75.78;68.96;68.56;71.88;69.74;63.64;61.63;56.19;58.86;59.17;60.77;60.76;59.05;63.59;59.33;59.7;61.51;67.03;63.49;68.3;67.5;67.6;66.7;68.3
O3;uur;µg/m³;2023-07-16T13:00:00+01:00;2023-07-16T14:00:00+01:00;67.3;61.1;70.9;72.7;77.4;59.79;59.88;62.12;63.64;57.48;65.94;55.53;63.13;60.17;71.01;62.17;78.83;70.03;67.5;71.58;79.18;80.68;75.1;70.68;75.98;70.55;66.95;67.28;62.03;65.56;63.49;67.63;67.22;57.38;64.91;59.63;59.78;63.62;73.43;60.85;71.79;65.05;75;71.9;76
O3;uur;µg/m³;2023-07-16T14:00:00+01:00;2023-07-16T15:00:00+01:00;66.6;59.6;69.5;70.5;75.1;62.17;60.9;62.76;64.75;63.36;64.54;57.79;65.37;62.03;74.86;61.97;80.62;71.35;67.33;69.82;81.13;78.4;73.47;69.18;77.45;71.31;69.8;73.59;65.18;68.72;69.17;69.13;67.19;58.47;68.81;60.69;61.41;64.77;78.46;62.47;74.56;71.23;75.5;70.6;76.4
O3;uur;µg/m³;2023-07-16T15:00:00+01:00;2023-07-16T16:00:00+01:00;68.8;61;73.2;70.4;69.7;62.34;62.98;62.53;65.43;57.48;61.67;58.77;62.41;63.96;76.94;64.28;79.34;74.87;69.9;68.03;81.29;75.49;75.71;69.76;77.94;72.14;68.78;73.24;63.48;66.68;70.5;68.5;66.23;59.18;73.06;61.6;63.42;66.24;75.83;66.94;77.54;82.32;75.9;71.8;77
O3;uur;µg/m³;2023-07-16T16:00:00+01:00;2023-07-16T17:00:00+01:00;69;60.2;70.9;68.8;68.5;61.26;62.13;65.73;69.22;59.59;64.43;58.3;63.66;60.41;75.75;63.95;77.06;74.54;71.6;67.25;80.07;74.65;73.16;66.13;72.27;71.18;70.84;74.4;63.24;65.63;73.04;68.19;65.52;58.9;74.1;58.76;66.77;70.13;74.1;67.5;76.89;81.62;74.9;70.5;76.6
O3;uur;µg/m³;2023-07-16T17:00:00+01:00;2023-07-16T18:00:00+01:00;70;60.3;69.3;71.4;64.5;62.14;62.2;69;71.61;60.77;59.36;56.76;64.28;59.24;76.86;61.05;77.6;73.26;70.56;71.71;80.31;76.75;72.43;65.65;75.65;73.42;66.31;70.67;64.74;66.11;71.02;69.86;69.23;56.75;68.29;55.96;66.4;70.72;75.63;63.16;77.13;78.15;73.1;70.9;75.9
O3;uur;µg/m³;2023-07-16T18:00:00+01:00;2023-07-16T19:00:00+01:00;70.5;59.7;69.3;67.8;62.9;61.92;61.05;70.68;73.03;59.07;53.21;57.99;59.8;61.67;75.25;61.8;72.61;71.57;68.3;68.53;76;72.54;68.86;61.55;72;69.11;71.63;68.22;67.26;69.66;63.88;71.92;69.06;52.82;67.34;55.39;61.19;61.8;74.32;62.94;77.75;77.06;71;69.2;75.6
O3;uur;µg/m³;2023-07-16T19:00:00+01:00;2023-07-16T20:00:00+01:00;68.8;53.1;62.8;59.1;56.5;58.01;62.43;61.08;70.57;58.64;54.39;54.14;53.74;56.73;67.14;59.16;69.88;69.79;60;59.12;72.98;70.97;67.51;54.66;64.92;65.78;63.91;64.5;60.11;63.81;55.94;66.94;62.6;40.93;66.74;56.46;56.86;59.33;72;51.1;75.64;76.62;66.6;65.9;70.9
O3;uur;µg/m³;2023-07-16T20:00:00+01:00;2023-07-16T21:00:00+01:00;62.2;52.6;58.2;54.6;47.3;54.08;56;55.41;59.66;53.95;49.2;50.9;48.09;50.34;64.27;54.24;64.23;64.44;61.13;49.85;68.9;65.62;57.83;50.86;60.04;62.52;58.08;52.31;50.68;52.97;46.03;58.5;49.4;42.09;62.6;54.59;53.24;58.6;64.84;43.82;68.29;76.23;58.5;61.2;53.7
O3;uur;µg/m³;2023-07-16T21:00:00+01:00;2023-07-16T22:00:00+01:00;58.9;43.8;56.5;53.1;45.5;42.24;52.95;35.98;53.19;50.79;50.71;46.1;46.75;42.86;63.37;52.89;61.05;58.75;50.79;49.2;66.93;61.73;51.15;47.51;56.67;59.2;58.12;50.53;46.29;46.23;39.29;50.1;37.45;37.99;58.12;45.66;49.46;42.07;60.78;30.78;54.84;73.24;60.2;47;51.2
O3;uur;µg/m³;2023-07-16T22:00:00+01:00;2023-07-16T23:00:00+01:00;57.4;47.5;52.9;46;48.3;29.24;48.68;27.77;32.83;41.31;46.38;41.87;46.18;32.75;58.87;51.92;58.27;57.44;53.68;49.7;65.57;60.31;48.46;49.67;59;57.81;51.35;45.9;38.08;41.53;37.5;41.99;27.49;44.2;53.87;40.49;49.69;39.17;61.2;22.73;56.47;67.42;51.8;40.7;47.4
O3;uur;µg/m³;2023-07-16T23:00:00+01:00;2023-07-17T00:00:00+01:00;48.2;44.6;44.4;28.6;45.6;26.63;38.01;28.37;33.48;35.69;50.17;35.66;44.18;31.02;53.19;50.05;55.52;51.7;56.44;51.21;65.96;52.69;42.03;51.31;51.46;60.63;43.21;53.01;38.64;45.69;52.23;43.55;49.99;37.83;50.48;35.68;47.84;43.8;60.05;37.53;55.98;65.91;46.8;49.8;50.7
O3;uur;µg/m³;2023-07-17T00:00:00+01:00;2023-07-17T01:00:00+01:00;50.1;47.4;49.4;25.2;47.3;42.27;34.77;43.98;50.63;31.39;45.3;37.55;42.75;32.45;53.2;47.94;56.26;41.66;55.39;55.29;63.35;49.55;47.57;49.02;56.48;53.41;55.9;42.36;49.03;53.86;47.11;52.42;54.66;31.95;49.05;37.58;45.41;45.48;59.02;36.93;57.44;62.07;53.4;46;51
O3;uur;µg/m³;2023-07-17T01:00:00+01:00;2023-07-17T02:00:00+01:00;49.9;47.3;37;32.4;49.1;44;31.71;43.93;50.69;36.32;47.03;36.47;43.04;35.91;54.21;42.19;60.35;49.09;54.57;57.49;64.92;47.88;37.94;51.67;60.09;60.24;51.43;45.59;51.2;53.57;47.4;55.09;47.33;29.51;43.83;35.71;40.76;58.86;60.44;32.68;55.71;57.46;50.3;44.2;48.1
O3;uur;µg/m³;2023-07-17T02:00:00+01:00;2023-07-17T03:00:00+01:00;49.7;47.7;40.8;40.5;51.1;41.12;31.64;45.3;49.56;36.32;48.68;38.72;45.28;38.72;56.24;36.85;67.44;49.06;53.04;56.35;67.5;57.58;41.9;57.86;60.2;60.36;49.12;41.64;47.49;52.87;43.6;50.83;49.62;30.16;41.07;37.77;37.4;51.78;55.93;39.84;55.55;60.74;45.4;43.5;43.6
O3;uur;µg/m³;2023-07-17T03:00:00+01:00;2023-07-17T04:00:00+01:00;50.3;44.9;40.2;47.9;47.9;39.84;31.31;38.05;47.66;33.13;42.27;38.27;47.53;36.87;54.82;34.79;66.97;45.85;54.35;51.25;68.06;60.58;36.62;60.43;59.07;61.79;48.57;40.38;47.26;51.03;40.22;50.86;47.07;27.29;41.79;33.89;36.38;48.39;55.08;44.83;51.08;55.18;47.1;48.3;45.8
O3;uur;µg/m³;2023-07-17T04:00:00+01:00;2023-07-17T05:00:00+01:00;49.9;40.3;36.6;47.7;43.3;31.83;36.35;34.6;45.64;32.37;42.92;37.15;40.99;34.04;52.03;35.37;63.37;41.44;50.39;52.44;65.4;57.72;37.77;50.02;58.28;56.61;46.12;39.47;46.76;45.89;37.06;49.51;43.71;22.9;41.53;35.01;30.22;47.11;54.31;38.36;43.6;51.02;49.6;54.8;51
O3;uur;µg/m³;2023-07-17T05:00:00+01:00;2023-07-17T06:00:00+01:00;45.2;36.2;36;47.8;46.6;30.2;35.43;31.26;41.87;34.75;41.88;33.91;35.54;36.2;48.15;35.55;59.86;33.82;47.67;45.41;63.6;48.36;31.97;46.43;45.53;48.83;43.25;38.56;42.68;41.09;32.63;46.25;43.34;15.28;39.89;35.22;30.24;42.04;54.11;32.78;41.05;46.58;47.3;49.9;50.3
O3;uur;µg/m³;2023-07-17T06:00:00+01:00;2023-07-17T07:00:00+01:00;39.2;29;27.4;48.4;52.4;36.55;39.81;34.02;38.47;39.58;40.17;37.75;39.83;40.07;47.99;39.47;57.72;31.27;45.81;46.49;61.57;51.39;31.9;48.31;51.26;43.82;44.46;37.31;38.13;34.92;33.84;41.61;41.2;29.39;43.62;40;36.46;41.78;57.09;38.78;47.89;44.21;44.4;42;49.7
O3;uur;µg/m³;2023-07-17T07:00:00+01:00;2023-07-17T08:00:00+01:00;41.1;29.7;35.6;45;51.1;42.96;48.63;43.95;46.55;43.16;44.45;43.69;44.66;49.16;48.31;46.57;59.23;35.56;45.27;46.87;62.35;56.71;52.97;50.8;52.99;44.14;45.71;40.54;38.22;42.62;35.73;43.55;45.12;35.58;48.73;46.73;44.55;45.16;53.44;47.05;55.34;51.09;50.3;43.6;51.3
O3;uur;µg/m³;2023-07-17T08:00:00+01:00;2023-07-17T09:00:00+01:00;53.7;42.1;54;53;53.2;50.37;55.62;53.28;59.05;46.82;51.27;47.69;45.57;53.38;54.32;53.46;62.43;49.43;49.92;52.17;62.31;60.34;57.98;53.67;57.78;48.48;50.52;54.61;44.01;48.07;48.82;48.1;48.47;42.59;52.38;48.9;51.75;50.09;56.39;52.67;54.41;54.49;56.1;49.6;56.9
O3;uur;µg/m³;2023-07-17T09:00:00+01:00;2023-07-17T10:00:00+01:00;47.4;37.9;48.5;53.6;56.6;54.75;57.51;56.07;58.58;53.99;56.85;51.17;52.85;58.05;61.66;58.72;64.37;47.47;51.36;55.65;64.03;61.88;49.35;56.81;60.94;48.73;55.33;59.42;52.79;51.8;54.85;53.83;51.86;47.83;55.94;53.1;55.05;55.52;60.43;56.34;60.34;58.48;58.3;51.5;60.1
O3;uur;µg/m³;2023-07-17T10:00:00+01:00;2023-07-17T11:00:00+01:00;49.8;39.7;48.1;51.3;60.1;58.66;60.46;60.87;64.34;62.06;62.79;56.92;58.58;63.91;68.74;62.28;67.2;51.19;51.78;61.14;66.94;63.38;47.96;58.93;63.06;53;64.31;55.4;54.52;50.95;56.05;58.11;51.5;55.53;60.86;54.86;57.63;61.12;64.42;58.42;63.68;65.46;60.4;54.9;61.6
O3;uur;µg/m³;2023-07-17T11:00:00+01:00;2023-07-17T12:00:00+01:00;54.8;47.2;56.4;59.1;62.3;59.45;66.53;64.76;68.3;66.95;64.86;62.82;64.96;66.82;73.55;64.2;67;58.75;58.66;67.53;;67.1;56.75;59.91;65.43;58.04;65.64;53.83;52.19;55.69;49.78;55.81;54.26;63.47;55.01;63.84;54.11;67.34;66.46;61.02;65.59;68.69;63.8;55.9;65
O3;uur;µg/m³;2023-07-17T12:00:00+01:00;2023-07-17T13:00:00+01:00;57.5;50.7;59.8;62.5;65.6;62.88;69.35;67.67;70.64;69.06;67.43;63.41;64.59;67.52;75.43;62.28;71.8;59.41;62.83;68.05;;69.28;66.03;65.82;66.66;61;61.62;58.6;55.73;61.46;54.19;60.69;62.13;67;56.63;70.13;56.69;68.5;68.23;69.1;67.31;69.47;66.6;61.2;67.2
O3;uur;µg/m³;2023-07-17T13:00:00+01:00;2023-07-17T14:00:00+01:00;63.5;50.6;67.1;66.3;69.1;68.29;68.97;71.68;75.13;71.2;65.89;62.51;64.89;69.18;77.18;61.48;73.47;66.84;62.72;66.27;;70.64;70.47;63.85;67.67;61.91;63.23;65.42;62.98;64.28;59.7;66.28;60.27;67.56;56.48;73.55;62.56;61.4;69.06;72.39;68.23;70.16;68.7;60.2;69.1
O3;uur;µg/m³;2023-07-17T14:00:00+01:00;2023-07-17T15:00:00+01:00;65.6;56.4;69.3;67.4;73.2;71.2;71.53;70.7;73.46;70.27;66.01;64.79;62.14;73.08;74.69;61.63;76.54;70.58;60.42;65.03;;75.6;70.57;65.8;66.64;64.57;68.72;68.37;56.34;62.33;65.84;60.8;64.73;65.81;62.77;64.7;66.61;60.53;69.52;61.1;70.86;72.5;70.5;62.9;70.3
O3;uur;µg/m³;2023-07-17T15:00:00+01:00;2023-07-17T16:00:00+01:00;63.9;58.5;69.7;63.2;63.6;65.79;64.21;72;73.93;67.97;63.82;55.17;68.24;57.12;78.3;67.29;80.73;67.25;62.28;63.75;;78.28;70.16;69.75;71.85;64.23;68.36;72.12;58.96;66.01;67.46;64.15;62.36;51.23;65.54;64.41;65.9;63.65;68.53;58.99;70.55;72.3;71.6;66.1;71.5
O3;uur;µg/m³;2023-07-17T16:00:00+01:00;2023-07-17T17:00:00+01:00;72.1;59.8;72.3;75.6;72.4;67.13;56.4;71.57;76.92;70.47;70.82;48.63;70.56;53.09;84.07;73.05;74.2;74.01;71.52;67.17;82.3;74.11;77.79;62.56;74.42;70.75;73.12;73.93;56.71;63.7;71.24;61.47;63.76;46.7;67.67;69.87;61.12;69;72.2;60.78;70.73;71.06;73.6;67.5;75.5
O3;uur;µg/m³;2023-07-17T17:00:00+01:00;2023-07-17T18:00:00+01:00;77.8;66.4;80.8;74.9;71.1;69.9;56.38;61.4;73.12;76.39;72.81;56.25;73.77;66.57;75.69;75.75;81.77;77.3;78.25;80.51;81.37;81.14;81.99;74.21;76.05;69.19;77.35;72.54;66.83;68.09;68.75;69.87;76.58;45.35;70.41;72.71;61.52;72.26;74.77;65.59;71.6;72.94;77.7;72.4;76.8
O3;uur;µg/m³;2023-07-17T18:00:00+01:00;2023-07-17T19:00:00+01:00;71.4;60.7;73.5;70.4;66.9;68.3;59.42;56.31;75.41;77.36;72.33;67.31;71.45;74.2;69.45;69.66;81.19;71.93;70.46;76.17;79.44;74.03;74.04;70.92;76.82;71.44;81.5;77.11;76.75;76.06;68.75;80.44;76.41;43.79;71.31;73.41;70.05;72.12;74.34;70.01;72.28;70.34;78.3;70.9;78.6
O3;uur;µg/m³;2023-07-17T19:00:00+01:00;2023-07-17T20:00:00+01:00;64.2;59.3;69.8;64;54.8;66.12;64.48;40.86;71.26;74.93;68.14;62.25;66.12;73.1;66.06;66.96;74.71;66.36;63.02;66.21;77.6;69.38;71.21;66.02;77.39;68.49;71.44;70.46;69.64;70.72;69.47;74.72;64.27;39.37;75.94;72.96;67.44;74.21;74.1;66.14;73.2;65.23;75.1;67.4;73.1
O3;uur;µg/m³;2023-07-17T20:00:00+01:00;2023-07-17T21:00:00+01:00;58.2;50.2;59.3;52.6;37.3;50.02;38.01;29.39;47.53;62.08;53.75;53.16;60.15;66.1;67.81;60.03;66.34;59.34;59.91;58.51;72.06;61.37;59.87;60.46;68.67;59.89;64.57;55.87;61.99;62.2;57.87;67.27;62.67;44.96;72.64;71.04;58.65;67.34;69.16;55.89;66.67;67;71.2;63.6;70.1
O3;uur;µg/m³;2023-07-17T21:00:00+01:00;2023-07-17T22:00:00+01:00;56.8;46.5;51.4;54;46.2;29.21;16.81;12.46;21.91;48.92;41.74;42.92;53.6;29.57;60.99;37.76;64.18;50.76;53.18;52.22;73.41;49.08;53.67;43.7;56.87;54.92;54.92;43.18;54.35;57.57;41.47;61.6;48.41;47.04;65.13;57.03;46.88;60.13;64.2;31.79;56.83;66.18;62.6;56.8;62.7
O3;uur;µg/m³;2023-07-17T22:00:00+01:00;2023-07-17T23:00:00+01:00;46.9;41;47.7;46.6;34.5;31.39;11.09;9.24;15.05;14.71;36.62;34.23;45.76;2.89;54.83;35.64;52.81;42.53;50.71;51.26;70.39;56.29;42.07;37.54;57.57;59.86;58.33;41.67;43.26;44.42;30.63;53.69;36.99;46.73;48.16;45.27;37.15;59.87;50.17;35.78;34.14;68.78;47.6;50.4;43.8
O3;uur;µg/m³;2023-07-17T23:00:00+01:00;2023-07-18T00:00:00+01:00;39;31.3;40;38.3;27.1;16.13;12.92;7.78;11.03;9.58;41.79;20.28;42.13;5.78;47.18;32.88;40.09;34.65;47.7;50.6;61.09;45.28;29.44;32.91;47.52;56.75;47.33;36.52;45.72;46.16;33.65;51.33;34.62;44.3;29.04;33.08;33.81;46.2;48.65;35.35;33.2;62.37;49.1;39.4;44.8
O3;uur;µg/m³;2023-07-18T00:00:00+01:00;2023-07-18T01:00:00+01:00;43.1;28.7;35.3;37.4;40.6;10.43;10.37;9.66;14;6.92;44.5;13.8;39.83;16.57;40.94;33.43;37.21;39.02;39.18;42.4;55.92;38.12;23.36;33.51;43.37;49.37;39.59;32.36;41.78;45.16;27.07;47.22;28.42;40.17;42.07;28.1;29.44;37.83;44.07;33.22;41.16;63.91;41.4;31.3;33.8
O3;uur;µg/m³;2023-07-18T01:00:00+01:00;2023-07-18T02:00:00+01:00;32.5;31;29.5;28.5;44.1;8.75;5.82;13;18.07;3.53;41.66;14.01;37.64;14.25;43.19;29.1;41.75;26.61;32.31;35.56;41.81;37.67;25.98;36.42;39.19;36.03;38.01;25.14;39.82;39.77;23.98;42.73;24.48;30.77;35.96;29.89;26.73;40.85;39.64;34.47;36.25;57.99;35.1;29.2;27
O3;uur;µg/m³;2023-07-18T02:00:00+01:00;2023-07-18T03:00:00+01:00;29.1;19.4;24.3;14.3;35.1;6.2;7.7;14.7;20.93;3.48;32.63;21.02;34.57;11.02;36.34;33.43;41.95;26.37;32.73;34.47;31.59;37.77;19.27;38.41;38.14;28.49;34.59;24.35;36.28;32.66;20.29;38.46;18.74;17.97;24.78;29.62;33.32;25.8;42.69;37.24;31.18;52.32;33.6;26.1;24.4
O3;uur;µg/m³;2023-07-18T03:00:00+01:00;2023-07-18T04:00:00+01:00;26;15.9;21;26.5;21;3.17;7.91;13.33;19.19;7.57;33.72;20.36;32.37;15.19;34.34;32.73;33.45;29.3;28.69;26.41;22.98;30.96;19.84;20.64;31.35;19.31;30.85;20.28;27.57;23.53;18.01;28.07;10.61;17.4;20.1;27.45;31.61;23.74;42.67;30.18;26.87;46.63;30.4;24;20.8
O3;uur;µg/m³;2023-07-18T04:00:00+01:00;2023-07-18T05:00:00+01:00;28.7;24.3;23.1;23.9;23.3;4.59;6.15;11.57;15.94;18.7;27.23;23.66;20.28;17.26;34.52;29.54;16.18;29.34;27.38;25.31;23.14;16.14;19.6;14.82;21.43;17.69;28.4;18.51;19.87;17.35;7.89;20.89;14.75;19.63;13.68;20.88;22.57;19.29;37;30.02;24.79;39.77;27.3;25.7;21.1
O3;uur;µg/m³;2023-07-18T05:00:00+01:00;2023-07-18T06:00:00+01:00;23;17.9;19.3;19.3;16.4;5;7.18;8.66;10.34;14.75;21.29;21.87;21.34;10.02;32.9;27.65;19.53;23.55;29.54;24.11;26.03;18.96;16.59;12.18;17.94;18.87;25.25;16.43;15.91;15.25;8.85;23.6;17.84;8.24;12.24;13.09;26.76;20.39;29.97;29.5;23.56;37.38;21.4;16;19
O3;uur;µg/m³;2023-07-18T06:00:00+01:00;2023-07-18T07:00:00+01:00;26.6;18.9;18.5;20.5;21.7;19.58;16.93;22.3;27.7;27.32;16.43;25.09;23.66;22.41;32.83;32.38;21.23;22.43;36.35;16.55;27.1;22.46;20.01;13.08;23.98;14.46;26.42;21.08;19.45;20.96;13.47;27.05;22.64;12.46;21.13;20.2;32.38;22.02;38;29.92;28.23;34.29;21.9;16;22.8
O3;uur;µg/m³;2023-07-18T07:00:00+01:00;2023-07-18T08:00:00+01:00;29.8;18.1;23.4;24.7;23.1;34.46;32.63;35.98;54.29;40.72;39.74;37.92;27.18;39.03;36.95;36.34;27.99;24.51;36.05;29.86;33.74;28.49;22.28;17.93;27.78;17.04;32.11;29.81;28.65;31.83;22.48;32.85;30.73;28.55;34.65;34.46;34.39;29.42;42.77;33.97;;29.99;25;17.1;24.4
O3;uur;µg/m³;2023-07-18T08:00:00+01:00;2023-07-18T09:00:00+01:00;31.5;20.1;25.8;29.2;;49.02;46.32;52.93;63.8;53.58;39.05;48.37;38.02;49.97;41.41;41.63;35.33;29.74;38.4;39.6;40.89;33.97;26.76;24.22;33.58;26.67;40.03;31.72;38.01;41.9;30.78;41.28;32.84;36.74;38.62;45.16;44.34;38.95;44.28;40.02;;41.53;28.6;22.6;28.3
O3;uur;µg/m³;2023-07-18T09:00:00+01:00;2023-07-18T10:00:00+01:00;34.4;23.7;22.3;34.6;43.5;55.42;55.07;55.38;64.06;58.9;43.77;46.13;47.46;56.65;48.76;53.02;42.82;34.29;42.07;47.1;50.13;40.54;32.88;29.03;46.4;35.6;51.47;38.16;46.42;50.9;39.72;48.97;45.17;49.3;49.33;53.24;52.82;49.54;50.64;53.81;;56.76;42.5;34.9;43.3
O3;uur;µg/m³;2023-07-18T10:00:00+01:00;2023-07-18T11:00:00+01:00;43.7;29.3;26;42.3;51.3;66.08;61.24;59.28;71.25;61.31;55.67;52.59;58.43;58.47;54.6;63.77;52.13;43.75;48.95;57.87;55.07;49.98;41.27;37.65;43.91;41.27;60.64;48.92;51.42;54.99;47.05;55.26;55.53;56.72;62.02;63.37;58.82;57.87;51.85;64.07;;66.41;52;39.4;49.7
O3;uur;µg/m³;2023-07-18T11:00:00+01:00;2023-07-18T12:00:00+01:00;54.2;30.9;44.9;50.4;49.2;65.87;67.91;65;70.3;69.18;65.06;59.83;66.71;64.85;60.74;71.35;56;54.19;61.63;72.12;59.27;61.01;54.57;46.69;56.35;49.09;71.06;56.23;62.35;67.2;51.77;66.27;68.38;66.26;68.8;67;63.26;65.43;64.37;74.28;59.38;70.75;49.2;48.4;52.1
O3;uur;µg/m³;2023-07-18T12:00:00+01:00;2023-07-18T13:00:00+01:00;67.7;42.8;61.1;56;51;74.04;77.23;67.06;77.38;76.63;67.54;69.07;73.15;73.92;73.58;79;61.56;62.19;71.18;81.81;66.86;72.16;68.25;59.29;71.45;56.04;77.48;77.8;72.99;78.65;65.15;78.88;77.28;73.38;74.81;74.88;73.99;71.45;62.45;81.72;58.36;75.71;70.9;63.1;69.8
O3;uur;µg/m³;2023-07-18T13:00:00+01:00;2023-07-18T14:00:00+01:00;76.4;47.1;71.2;68.8;53.6;86.16;84.34;82.96;88.71;83.24;73.85;75.41;80.78;82.75;83.98;84.78;70.51;76.38;85.12;89.57;70.04;71.68;74.32;72.59;74.58;57.39;83.03;84.43;79.51;81.7;75.58;86.02;86.76;79.7;83.71;83.71;82.43;80;70.28;88.83;48.64;69.67;78.2;69;76.9
O3;uur;µg/m³;2023-07-18T14:00:00+01:00;2023-07-18T15:00:00+01:00;80.4;57;78.5;67.4;71.4;89.53;90.2;92.35;98.21;88.98;84.37;81.44;90.9;91.24;90.35;82.18;73.47;83.1;88.92;94.85;72.48;80.31;77.8;75.92;77.47;65.59;82.38;79.54;82.39;85.99;78.95;88.94;90.79;82.6;90.33;90.52;89.01;88.27;81.04;87.13;71.66;78.72;79.3;72.3;81.1
O3;uur;µg/m³;2023-07-18T15:00:00+01:00;2023-07-18T16:00:00+01:00;80.8;54.9;78.8;61.7;60.1;94.16;95.57;97.96;105.75;95.44;93.34;86.55;94.29;96.62;94.57;90.71;73.6;83.15;93.11;98.49;74.01;83.44;80.63;78.65;76.31;65;93.5;85.26;86.97;90.87;75.59;93.61;94.37;87.65;92.49;95.63;93.51;91.91;82.05;85.33;75.94;82.04;80.2;75.9;82.6
O3;uur;µg/m³;2023-07-18T16:00:00+01:00;2023-07-18T17:00:00+01:00;59.7;56;76.1;54.1;71.9;93.44;99.13;99.54;107.74;99.63;94.22;89.36;97.79;99;96.41;93.21;66.77;81.14;93.11;100.32;70.11;77.4;70.94;69.2;77.64;65.08;93.13;81.97;87.08;93.65;72.54;95.1;85.83;89.47;95.54;104.48;92.13;95.16;79.18;69.37;80.49;83.88;74.2;69.9;77
O3;uur;µg/m³;2023-07-18T17:00:00+01:00;2023-07-18T18:00:00+01:00;55.8;54;68.7;70.6;66.1;91.99;104.47;95.41;108.25;111.25;97.25;93.09;98.51;101.69;95.49;82.05;74.94;76.45;68.71;88.55;78.54;73.06;68.04;72.03;71.33;68.6;81.51;78.51;83.33;90.92;68.2;90.98;82.21;88.84;102.32;108.7;82.01;91.45;76.54;71.47;78.11;80.26;66.2;52.6;74.3
O3;uur;µg/m³;2023-07-18T18:00:00+01:00;2023-07-18T19:00:00+01:00;54.8;50.4;73.4;61.4;73.8;91.92;100.55;83.86;107.53;117.31;87.46;93.3;93.35;102.58;96.56;89.49;73.14;69.49;49.91;81.44;85.11;73.17;63.08;71.27;68.05;67.75;71.59;63.81;74.17;81.65;51.78;82.22;75.72;78.51;97.83;106.38;80.1;82.51;74.36;70.98;71.46;77.02;65.9;38.9;70
O3;uur;µg/m³;2023-07-18T19:00:00+01:00;2023-07-18T20:00:00+01:00;50.8;50.8;66.9;55.4;65.2;86.61;67.55;78.4;91.25;99.82;79.08;84.39;75.16;98.9;95.5;87.6;67.74;71.83;31.95;75.54;79.4;68.36;47.85;53.78;78.97;64.56;69.53;55.76;65.64;67.5;47.25;71.75;61.75;68.7;85.14;101.19;76.66;70.34;63.36;65.28;65.63;69.37;61.5;44.6;50.6
O3;uur;µg/m³;2023-07-18T20:00:00+01:00;2023-07-18T21:00:00+01:00;51;39.1;53.9;35.8;52;56.57;54.26;47.69;70.21;78.2;70.58;75.83;67.81;86.5;94.47;69.27;56.22;59;19.32;65.72;60.35;64.68;36.41;34.13;56.04;52.2;59.48;44.93;54.73;60.9;36.5;62.87;46.51;67.06;74.25;86.61;64.36;60.33;55.71;49.02;63.3;63.65;55.6;51.6;43.3
O3;uur;µg/m³;2023-07-18T21:00:00+01:00;2023-07-18T22:00:00+01:00;63;24.6;30.1;25.4;32.8;37.3;39.14;19.77;36.05;63.39;54.63;65.08;62.86;73.73;87.54;56.27;52.04;54.91;17.68;55.92;51.88;58.04;31.98;37.94;48.6;36.68;50.28;27.8;46.81;53.97;22.86;49.14;38.45;33.7;58.05;73.49;52.34;54.27;49.77;40.98;55.41;58.35;44.2;49.3;36.2
O3;uur;µg/m³;2023-07-18T22:00:00+01:00;2023-07-18T23:00:00+01:00;65.3;22;39.7;14.7;33.4;20.16;21.8;17.67;20.08;53.79;40.48;60.92;56.03;63.6;81.04;37.81;43.23;47.05;13.39;45.64;38.97;33.57;40.08;36.25;49.86;33.01;28.34;23.44;40.2;36.31;26.16;40.3;13.8;54.27;29.85;66.95;40.4;44.45;56.18;42.34;58.89;47.52;39.3;34.6;38.7
O3;uur;µg/m³;2023-07-18T23:00:00+01:00;2023-07-19T00:00:00+01:00;60.5;35.7;44.4;26.2;32.7;23.06;23.46;19.98;33.36;34;28.97;48.3;41.33;44.86;75.74;23.85;22.7;43.43;18.57;41.48;28.97;21.07;27.8;27.58;40.24;32.66;40.73;17.45;39.07;26.68;20.95;33.21;10.2;41.63;14;58.41;23.5;23.13;49.84;21.8;50.97;51.6;23.7;27.8;30.7
O3;uur;µg/m³;2023-07-19T00:00:00+01:00;2023-07-19T01:00:00+01:00;54;19;36.1;21.2;47.5;21.36;7.89;15.07;29.29;7.18;22.39;39.79;44.3;36.33;53.7;22.28;17.71;39.58;23.44;33.16;16.87;8.9;23.75;29.3;42.18;29.17;33.77;20.86;37.1;20.89;15.78;30.01;7.79;36.93;15.21;43.86;12.07;21.55;43.08;31.68;42.95;46.68;15.5;8.9;19.1
O3;uur;µg/m³;2023-07-19T01:00:00+01:00;2023-07-19T02:00:00+01:00;54.9;21.7;28.5;7.6;58.9;20.67;3.9;23.59;30.51;6.3;21;33.64;45.76;35.12;53.45;18.48;31.23;36.5;13.24;28.33;16.49;5.18;26.02;33.58;46.48;25.58;31.98;12.2;25.61;13.48;13.79;25.44;11.16;18.36;13.86;22.56;9.1;36.91;30.32;32.11;49.05;40.47;10.2;3.7;15.1
O3;uur;µg/m³;2023-07-19T02:00:00+01:00;2023-07-19T03:00:00+01:00;58.2;24.3;30.5;41.9;26.4;;;;;;;;;;;;;;;;;;;;;;;;;;;;;;;;;;;;;;15.4;34.6;24.2
O3;uur;µg/m³;2023-07-19T03:00:00+01:00;2023-07-19T04:00:00+01:00;50.1;27.2;49.9;21.7;23.9;10.42;;26.47;31.57;16.11;15.07;22.09;30.62;8.22;40.71;37.91;55.37;41.17;35.35;29.67;39.51;32.73;51.6;44.09;42.37;;27.51;10.46;27.06;36.07;;30.6;17.29;8.95;2.53;15.5;1.99;39.49;42.2;16.14;18.57;28.27;25.4;34;35.2
O3;uur;µg/m³;2023-07-19T04:00:00+01:00;2023-07-19T05:00:00+01:00;38.5;22.7;35.8;12.5;41.5;5.99;;12.02;21.33;16.23;11.04;20.7;33.97;7.02;41.15;43.16;52.28;22.47;28.45;33.16;42.6;14.88;40.97;39.49;40.18;29.68;32.01;6.46;21.83;25.63;;20.97;17.38;2.35;1.44;9.31;2.35;37.11;49.32;15.32;23.79;36.4;29.6;42.7;33.9
O3;uur;µg/m³;2023-07-19T05:00:00+01:00;2023-07-19T06:00:00+01:00;28;15.1;40.9;3.8;41.1;10.01;;6.61;21.2;18.33;28.15;21.46;24.78;13.61;44.79;34.39;51.99;19.04;35.57;30.21;26.87;7.34;27.05;37.29;40.37;17.78;33.46;6.69;13.63;13.35;;16.06;11.21;2.72;1.32;10.05;5.87;54.84;49.39;23.75;34.93;45.31;25.5;35.9;26.3
O3;uur;µg/m³;2023-07-19T06:00:00+01:00;2023-07-19T07:00:00+01:00;31.4;10.2;36.4;14.1;37;18.96;;18.78;30.99;22.44;24.64;27.46;23.08;23.97;54.12;39.92;54.22;18.76;32.43;28.7;30.26;17.08;28.31;49.8;50.88;34.91;34.48;15.5;12.92;16.27;;22.43;11.47;9.21;6.13;16.45;12.16;51.26;57.35;35.64;42.57;48.89;32.8;28.6;38.8
O3;uur;µg/m³;2023-07-19T07:00:00+01:00;2023-07-19T08:00:00+01:00;35.7;21.1;26.1;35.4;40.4;26.02;;31.19;39.8;37.34;41.03;36.08;35.03;40.48;58.38;47.53;53.02;23.76;38.72;38.67;63.66;49.85;32.14;46.94;51.12;52.34;51.45;45.92;32.56;38.33;;41.05;34.22;26.31;29.73;41.06;36.57;59.59;56.09;39.65;50.21;57.25;47.4;40.8;44.4
O3;uur;µg/m³;2023-07-19T08:00:00+01:00;2023-07-19T09:00:00+01:00;53;33.1;54.3;50.4;56.3;29.74;;32.76;47.9;41.23;44.07;48.59;53.73;51.78;55.92;54.01;43.72;43.78;50.93;49.23;67.41;46.34;56;40.3;59.66;49.95;64.51;57.25;46.83;50.52;;55.03;38.45;43.72;54.72;54.02;58.58;64.09;62.34;54.26;61.78;62.52;48;45.1;50.1
O3;uur;µg/m³;2023-07-19T09:00:00+01:00;2023-07-19T10:00:00+01:00;56.1;44.5;59.7;51;56.5;38.8;;55.82;51.04;51.39;52.04;57.53;65.2;66.41;61.05;61.45;48.68;56.51;56.11;63.41;70.34;63.79;61.42;47.09;65.03;61.13;69.02;58.7;48.91;52.37;;53.94;37.01;58.91;65.09;61.97;73.19;67.25;70.84;57.76;65.6;69.48;58.8;52.6;60.3
O3;uur;µg/m³;2023-07-19T10:00:00+01:00;2023-07-19T11:00:00+01:00;60;47.1;62.3;47.2;52;54.55;;72.12;75.44;60.56;56.72;58.69;64.87;66.91;61.32;62.62;67.23;59.66;59.46;65.48;80.84;59.36;61.27;61.49;70.79;68.08;75.74;59.24;57.81;55.56;;62.83;57.2;67.22;60.46;62.75;79.62;71.82;74.02;67.89;71.08;68.41;62.6;55.5;68.2
O3;uur;µg/m³;2023-07-19T11:00:00+01:00;2023-07-19T12:00:00+01:00;47.2;42.1;60.7;64.9;79.7;68.46;;78.54;84.26;61.21;63.07;56.88;68.23;66.56;67.38;66.56;85.53;59.1;62.91;72.11;83.47;82.15;60.33;82.87;67.6;73.37;76.74;70.31;57.05;60.73;;63.16;55.2;68.23;63.92;71.77;81.34;71.38;78.53;71.45;73.42;74.32;64.6;60.6;73.3
O3;uur;µg/m³;2023-07-19T12:00:00+01:00;2023-07-19T13:00:00+01:00;62.4;60.9;81.3;75.5;86.2;80.08;;79.05;84.97;67.3;67.9;56.94;69.4;70.82;75.26;68.06;85.77;79.96;59.96;66.08;86.43;87.97;82.88;83.99;77.14;72.51;78.83;82.61;69;71.16;;75.31;69.39;67.15;74.4;70.37;82.37;71.84;82.58;66.53;75.05;75.41;72.3;68.6;80.6
O3;uur;µg/m³;2023-07-19T13:00:00+01:00;2023-07-19T14:00:00+01:00;61.1;61.4;84.5;70.1;86.3;74.32;;81.69;84.46;70.29;68.41;62.87;72.87;67.68;83.28;72.75;87.29;82.87;70.2;71.69;92.64;;79.01;83.39;81.04;77.68;79.44;84.22;76.84;80.64;;83.24;81.23;71.39;75.95;67.24;85.05;70.32;85.18;60.5;77.88;76.54;72.6;70.6;78.3
O3;uur;µg/m³;2023-07-19T14:00:00+01:00;2023-07-19T15:00:00+01:00;58.4;59.9;84.2;65.5;78.3;71.38;;77.66;84.03;77.9;72.57;66.36;76.58;70.62;87.1;73.81;89.06;83.02;74.35;81.3;91.46;;72.9;86.42;82.71;76.75;83.79;83.4;78.54;84.65;;84.64;81.89;70.15;84.43;74.28;84.18;74.93;86.05;59.43;81.23;76.47;81.3;78.2;82.1
O3;uur;µg/m³;2023-07-19T15:00:00+01:00;2023-07-19T16:00:00+01:00;62.5;62.2;79.1;66.9;68.6;71.25;;72.26;75.3;78.97;77.94;73.48;78;81.45;83.03;69.65;87.87;77.76;77.27;77.08;92.85;;69.42;84.25;81.93;78.33;88.69;83.09;78.7;84.29;;84.58;81.39;72.73;82.81;81.99;81.81;80.33;82.4;53.65;80.02;79.25;79.4;76;80.9
O3;uur;µg/m³;2023-07-19T16:00:00+01:00;2023-07-19T17:00:00+01:00;75.3;58.3;75.7;71.2;72.7;75.01;;75.89;79.16;79.45;74.35;72.23;81.27;80.86;74.24;67.76;84.64;74.34;75.67;82.01;92.53;;77.32;79.35;82.07;79.3;86.36;82.41;78.45;83.98;;84.86;80.34;57.85;79.31;88.52;83.71;78.65;84.23;55.76;79.55;77.77;78.3;78.7;83.6
O3;uur;µg/m³;2023-07-19T17:00:00+01:00;2023-07-19T18:00:00+01:00;72.9;58.4;76.3;71.1;67.6;76.64;;77.93;81.26;80.5;64.22;72.25;76.87;80.64;76.99;71.68;90.51;74.2;71.32;77.51;93.76;82.45;78.07;82.87;79.7;81.15;86.09;82.44;77.91;83.66;75.84;84.64;79.2;36.88;82.12;86.83;80.92;76.18;82.47;64.24;81.88;78.99;77.4;79.8;85.6
O3;uur;µg/m³;2023-07-19T18:00:00+01:00;2023-07-19T19:00:00+01:00;69.7;52.8;72.1;64.9;72.5;71.75;;76.19;79.03;75.07;66.15;71.45;69.28;77.93;71.28;67.3;84.65;70.22;67.54;73.96;97.01;78.04;72.37;79.09;79.73;82.61;83.32;83.9;79.03;81.85;74.33;85.09;73.13;33.74;80.76;77.64;78.03;74.28;76.17;63.45;79.35;80;81.4;79.2;87.2
O3;uur;µg/m³;2023-07-19T19:00:00+01:00;2023-07-19T20:00:00+01:00;70.4;58.2;68.7;50.3;64.5;68.71;;69.83;73.29;68.07;64.26;62.72;68.64;72.32;64.94;72.35;74.27;69.71;66.93;71.13;96.84;73.47;68.93;69.49;76.34;78.92;74.78;79.89;77.95;81.98;69.54;85.37;73.35;44.92;79.26;79.23;75.35;70.82;66.97;61.62;75.54;78.22;79.5;73.2;85.1
O3;uur;µg/m³;2023-07-19T20:00:00+01:00;2023-07-19T21:00:00+01:00;62.1;40.9;63.6;44.3;44.6;65.67;62.59;59.27;65.76;62.72;43;53.99;67.4;62.85;64.53;67.32;72.71;63.04;53;68.98;92.95;67.78;58.11;65.96;64.85;78.54;73.83;77.28;76.55;80.49;67.63;82.41;67.83;32.35;77.04;71.23;67.88;67.43;66.63;42.37;64.42;71.25;78.1;65.7;80.3
O3;uur;µg/m³;2023-07-19T21:00:00+01:00;2023-07-19T22:00:00+01:00;60.8;34.6;48.3;46.8;45.7;54.56;40.43;46.2;60.44;51;40.04;53.52;58.63;55.79;57.36;57.47;61.49;49;43.81;62.78;77.59;57.84;45.29;52.97;57;77.08;61.93;66.2;73.43;78.18;58.44;80.61;61.99;19.05;65.27;64.09;64;63.4;61.1;13.92;65.54;69.28;74.2;62.4;69
O3;uur;µg/m³;2023-07-19T22:00:00+01:00;2023-07-19T23:00:00+01:00;52.9;28.9;33.5;53.4;62.5;44.82;43.07;37.03;58.87;22.4;56.66;50.47;55.3;48.08;64.3;56.26;63.83;47.84;43.54;57.69;75.35;52.63;23.47;62.02;53.12;63.17;68.79;64.57;72.76;76.73;55.49;77.82;52.57;28.42;45.5;58.2;50.03;61.14;59.94;19.21;50.45;62.02;63.5;62.3;63.2
O3;uur;µg/m³;2023-07-19T23:00:00+01:00;2023-07-20T00:00:00+01:00;45.5;33.4;35.1;56.8;75.1;41.61;30.51;46.83;57.36;20.93;51.65;46.51;50.44;35.96;62.07;49.07;72.38;49.12;34.6;52.3;69.65;58.93;40.92;71.43;51.02;58.23;57.25;62.94;66.27;72.79;56.59;71.6;47.98;25.53;34.04;49.62;37.19;58.78;59.07;39.19;48.94;56.94;54.4;55.8;55.8
O3;uur;µg/m³;2023-07-20T00:00:00+01:00;2023-07-20T01:00:00+01:00;45;45;39.7;69.6;76;40.18;31.77;43.7;52.55;34.5;56.61;42.71;50.12;35.08;63.86;42.71;72.87;58.18;39.29;52.71;59.58;61.8;44.86;73.52;47.32;55.5;50.47;59.26;59.89;67.48;56.06;65.63;50.66;9.84;60.19;57.07;51.27;48.53;53.35;39.86;42.49;52.88;54.3;47.3;53
O3;uur;µg/m³;2023-07-20T01:00:00+01:00;2023-07-20T02:00:00+01:00;53.5;45;47.4;67.2;70.9;47.21;23.91;34.91;46.2;37.08;49.22;32.68;50.37;32.67;65.02;34.6;67.82;55.72;37.33;60.8;38.91;59.99;44.93;69.77;54.86;40.7;51.84;51.38;55.42;61.8;48.37;60.63;39.39;26.88;58.91;44.61;56.43;39.75;45.69;30.62;48.92;48.64;51.2;43.6;46.9
O3;uur;µg/m³;2023-07-20T02:00:00+01:00;2023-07-20T03:00:00+01:00;49.6;39;49.6;60.7;67;41.75;24.19;37.34;42.49;36.93;26.74;30.78;59.51;30.43;65.43;25.33;64.26;58.5;42.92;55.27;37.07;50.97;46.09;63.83;46.81;29.38;43.89;42.41;48.83;58.63;44.62;55.5;35.4;43.07;46.31;56.07;47.25;37.44;49.46;27.14;38.92;38.81;46.7;44.9;37.9
O3;uur;µg/m³;2023-07-20T03:00:00+01:00;2023-07-20T04:00:00+01:00;46.4;37.2;44.4;53.4;67.2;35.74;32.68;35.7;42.09;51.62;12.38;27.79;57.52;28.1;60.28;20.05;64.61;51.49;34.83;49.54;35.86;44.24;36.15;62.72;48.96;16.24;32.67;38.37;44.54;53;32.64;45.64;35.16;38.18;28.74;52.44;38.09;37.24;41.19;24.46;28.81;34.76;41.3;49.2;27.7
O3;uur;µg/m³;2023-07-20T04:00:00+01:00;2023-07-20T05:00:00+01:00;47.6;22.3;32.2;50.1;60.5;31.62;39.22;33.05;41.14;48.41;8.78;44.46;52.85;32.42;60.21;40.52;56.42;50.56;17.15;38.51;20.65;12.94;10.65;24.93;38.62;16.85;22.09;33.43;34.81;35.35;24.14;33.45;18.41;37.6;8.52;34.94;20.76;31.57;39.26;20.81;32.43;30.97;42.8;34.3;27.4
O3;uur;µg/m³;2023-07-20T05:00:00+01:00;2023-07-20T06:00:00+01:00;53.3;12.2;21.9;47.4;62.5;29.6;45.19;32.36;39.52;39.3;8.92;48.03;52.3;45.2;50.68;55.77;48.7;42.79;19.49;14.86;23.05;5.55;6.29;13.92;26.85;12.05;15.23;28.19;16.75;18.58;20.19;23.29;19.62;27.42;6.14;32.42;26.8;29.48;33.93;17.62;37.89;32.61;24.6;10.9;22.1
O3;uur;µg/m³;2023-07-20T06:00:00+01:00;2023-07-20T07:00:00+01:00;53.5;7.7;16.9;47.7;60.8;42.95;48.21;30.65;40.46;48.11;16.94;49.9;51.98;55.22;53.83;56.68;56.14;49.4;32.76;26.2;44.5;16.67;17.84;42.21;30.73;20.5;33.76;33.3;28.1;34.23;25.45;34.89;28.27;42.98;36.14;45.49;28.79;34.85;25.39;19.62;48.08;39.74;34;23.2;23.9
O3;uur;µg/m³;2023-07-20T07:00:00+01:00;2023-07-20T08:00:00+01:00;48.6;35.1;45.9;55.3;65.8;53.13;53.87;39.59;44.06;62.04;47.36;55.05;59.85;57.34;68.53;58.7;58.42;50.94;51.58;56.27;53.39;52.06;35.35;45.78;43.77;37.79;56.01;49.31;43.45;52.66;37.99;48.35;44.8;44.29;60.66;52.44;44.46;44.34;46.52;26.43;56.59;51.8;48;38.5;43.3
O3;uur;µg/m³;2023-07-20T08:00:00+01:00;2023-07-20T09:00:00+01:00;47.3;42.7;50.3;60.3;65.6;60.81;60.87;50.99;55.31;67.15;60.87;60.22;64.59;64.43;70.52;66.55;60.97;61.12;54.98;62.83;62.22;52.31;49.11;59.32;49;46.17;59.37;50.78;49.82;56.63;43.47;55.6;53.77;50;63.8;62.42;52.79;55.2;56.28;34.61;59.38;61.08;55.2;40.9;52.3
O3;uur;µg/m³;2023-07-20T09:00:00+01:00;2023-07-20T10:00:00+01:00;50.7;39.9;55.5;62.3;67.3;67.28;70.78;63.83;68.74;69.7;65.64;62.08;63.23;70.1;76.19;72.26;65.14;60.04;52.9;65.7;65.77;63.11;61.04;62.26;55.17;53.21;61.57;56.45;55.56;59.14;48.41;58.38;60.75;54.48;63.79;64.03;57.27;52.26;60.79;43.2;64.48;63.9;53.9;51.5;59.7
O3;uur;µg/m³;2023-07-20T10:00:00+01:00;2023-07-20T11:00:00+01:00;53.1;44.3;61.2;61.6;67.8;74.37;74.66;69.55;75.78;74.1;72.46;63.58;67.49;76.28;79.87;74.96;67.38;62.6;63.46;69.4;68.35;66.06;66.56;64.66;55.89;59.68;63.76;59.89;57.39;56.48;53;61.31;63.9;60.36;68.89;68.05;60.75;57.11;64.5;52.59;67.14;65.98;54;43.4;53.9
O3;uur;µg/m³;2023-07-20T11:00:00+01:00;2023-07-20T12:00:00+01:00;51.8;48.7;70.1;54.1;70.7;80.96;75.44;78.02;80.79;77.86;79.93;69.63;70.67;83.29;83.61;76.31;67.92;60.77;62.77;68.96;72.38;69.97;70.48;66.5;58.68;59.57;65.87;67.1;55.38;64.77;58.19;62.82;69.64;63.29;76.34;72.72;59.08;58.74;65.78;66.22;68.6;66.96;51.4;50.9;64.7
O3;uur;µg/m³;2023-07-20T12:00:00+01:00;2023-07-20T13:00:00+01:00;51.8;53.6;72.4;54.1;74.5;83.74;80.09;87.64;89.81;82.99;81.39;72.22;78.55;85.87;86.64;82.71;70.88;74.23;67.21;65.43;74.53;73.8;68.81;68.1;62.53;61.19;69.35;71.77;65.03;70.61;61.04;70.12;74.91;66.59;76.97;72.88;64.42;62.24;67.06;65.78;67.94;70.16;63.3;57;70
O3;uur;µg/m³;2023-07-20T13:00:00+01:00;2023-07-20T14:00:00+01:00;50.7;53.4;72.9;49.9;74.7;85.03;84.35;92.36;95.68;82.55;82.38;74.92;78.14;85.8;85.95;72.74;69.53;77.32;71.03;68.33;74.49;73.39;69.38;69.71;63.98;63.11;70.88;74.95;70.3;73.39;65.34;76.25;73.35;69.87;80.8;78.42;67.36;64.71;68.69;60.16;70.9;68.36;67.5;67;71.7
O3;uur;µg/m³;2023-07-20T14:00:00+01:00;2023-07-20T15:00:00+01:00;54;57;76.4;60.5;76.2;86.35;86.9;92.32;98.15;86.56;86.44;77.22;84.33;90.39;84.85;68.22;70.99;77.93;75.78;75.56;72.05;72.2;71.21;70.76;64.39;63.41;80.02;76.68;72.13;76.98;68;79.04;79.23;68.41;85.2;87.73;69.81;66.96;72.08;54.41;73.48;64.7;69.3;68.2;71.9
O3;uur;µg/m³;2023-07-20T15:00:00+01:00;2023-07-20T16:00:00+01:00;60.6;56.3;78.3;70.9;73.8;88.26;91.73;91.94;101.82;90.9;84.11;82.8;84.14;92.19;85.72;65.69;75.47;81.66;66.72;72.02;77.34;72.45;73.21;72.55;68.04;68.05;79.84;76.19;73.36;78.16;66.84;79.14;83.2;72.29;87.62;92.63;72.51;70.43;72.51;56.27;74.39;70.19;68.9;65.8;71.5
O3;uur;µg/m³;2023-07-20T16:00:00+01:00;2023-07-20T17:00:00+01:00;59.8;57.4;75.6;70.1;77.7;92.44;94.26;96.08;103.08;89.5;77.74;74.64;83.06;88.46;86.47;66.09;79.07;79.77;66.16;74.46;82.99;75.77;73.87;75.97;71.96;71.49;80.54;67.41;70.95;75.19;62.18;79.07;75.66;78.19;87.15;90.48;73.08;70.23;71.79;69.61;73.14;72.82;70.6;65.9;72.3
O3;uur;µg/m³;2023-07-20T17:00:00+01:00;2023-07-20T18:00:00+01:00;59.3;58.8;77.2;72.1;78;92.38;90.93;89.37;102.7;79.57;65.55;73.98;79.21;85.09;86.15;69.6;75.74;77.12;63.87;78.41;84.22;72.47;73.72;72.33;72.37;67.94;80.13;70.23;67.67;74;57.51;74.08;61.2;77.78;86.18;90.23;71.69;73.72;72.61;66.08;76.25;70.52;73.8;66.1;64.7
O3;uur;µg/m³;2023-07-20T18:00:00+01:00;2023-07-20T19:00:00+01:00;64.3;57.6;74.7;71.8;77;89.29;82.03;85.29;98.77;74.31;68.54;77.66;78.5;79.47;83.61;63.68;77.47;75.47;70.42;67.94;83.5;71.17;71.05;72.06;68.49;66.78;75.25;73.24;65.46;71.34;58.74;71.76;55.57;73.26;80.78;85.62;58.29;72.14;72.39;61.8;72.7;73.28;70;61.8;66.5
O3;uur;µg/m³;2023-07-20T19:00:00+01:00;2023-07-20T20:00:00+01:00;61;50.1;68.4;68.2;69.6;84.19;83.84;76.4;92.69;67.19;57.64;68.99;71.58;74.38;79.35;62.26;75.6;68.26;50.75;70.55;79.05;72.51;61.41;70.04;63.23;69.73;70.8;68.61;66.69;73.5;63.34;72.11;54.93;49.86;73.46;82.43;37;65.3;68.61;51.06;69.1;71.23;66.7;62.1;63.5
O3;uur;µg/m³;2023-07-20T20:00:00+01:00;2023-07-20T21:00:00+01:00;51.3;59.1;62.3;62.9;68.6;79.33;76.68;67;83.41;47.77;49.55;66.8;67.86;69.53;72.14;54.83;72.92;68.36;26.9;62.93;64.23;72.48;58.09;72.54;59.05;66.39;50.61;61.25;63.06;68.15;45.13;69.06;45.17;38.46;67.57;75.33;34.95;57.37;61.25;37.39;54.48;59.44;63.6;54.9;58.9
O3;uur;µg/m³;2023-07-20T21:00:00+01:00;2023-07-20T22:00:00+01:00;47.5;53.5;64.6;67.6;70.5;60.12;60.67;43.49;73.63;29.57;41.36;56.29;55.01;55.54;61.74;39.68;71.06;69.67;22.7;64;54.28;65.67;46.78;72.2;53.01;62.85;33.87;47.66;57.82;63.53;42.22;59.81;46.69;52.1;55.19;64.27;16.5;52.15;49.71;28.62;51.43;41.81;64.3;43.7;57.1
O3;uur;µg/m³;2023-07-20T22:00:00+01:00;2023-07-20T23:00:00+01:00;58.3;58.1;62.5;66.8;68.1;52.17;44;33.71;64.64;23.84;34.79;38.6;45.59;23.27;59.43;37.35;68.6;66.64;25.53;64.42;38.74;61.14;45.75;66.28;27.47;48.72;29;36.97;54.53;61.86;37.87;56.38;45.54;39.55;36.22;37.15;7.31;50.59;50.54;27.76;39.2;36.47;54.9;41;56.7
O3;uur;µg/m³;2023-07-20T23:00:00+01:00;2023-07-21T00:00:00+01:00;57;52.5;61;60.1;62.4;43.13;33.96;24.08;44.79;14.14;20.36;23.58;40.25;11.5;48.95;34.27;70.5;64.04;33.78;64.18;36.19;57.31;45.21;59.76;27.39;51.87;22.27;36.97;54.23;60.72;48.44;57.59;35.05;33.69;23.75;28.22;7.66;45.3;48.75;14.73;28.13;25.51;49.5;56.8;45.8
O3;uur;µg/m³;2023-07-21T00:00:00+01:00;2023-07-21T01:00:00+01:00;49;60.3;54.7;56;56.8;16.79;19.26;14.6;33.92;22.39;9.19;23.56;48.69;17.88;35.41;17.77;68.24;65.99;24.13;62.14;36.49;55.64;40.89;52.84;38.11;34.49;18.82;30.67;52.94;61.89;37.05;56.54;29.4;18.96;23.82;16.83;3.08;39.67;43.65;6.12;19.32;22.6;39.8;65;54.1
O3;uur;µg/m³;2023-07-21T01:00:00+01:00;2023-07-21T02:00:00+01:00;34.6;51.1;58.5;58.1;51.4;10.72;11.1;17.03;23.76;5.77;8.06;24.35;45.93;14.7;36.29;16.91;62.86;64.63;31.87;53.2;26.86;25.98;32.81;46.29;43.52;29.96;21.22;22.83;47.63;58.78;35.25;46.33;22.52;17.41;13.61;7.68;2.12;34.57;36.13;8.79;23.15;18.89;35.9;54.6;42.3
O3;uur;µg/m³;2023-07-21T02:00:00+01:00;2023-07-21T03:00:00+01:00;39.8;38.3;42.4;53.3;49.5;11.03;6.96;13.06;35.75;5.37;6.95;31.15;37.19;13.47;39.98;13.3;54.98;55.73;27.73;36.65;11.97;19.02;26.59;50.46;38.14;23.72;12.24;22.78;46.2;50.05;20.26;36.18;12.16;13.03;8.73;7.7;0.64;39.38;39.96;2.96;16.31;9.67;39.5;60.6;45.3
O3;uur;µg/m³;2023-07-21T03:00:00+01:00;2023-07-21T04:00:00+01:00;30.1;22.3;36.8;45.7;48.3;9.98;5.93;14.23;33.59;2.61;2.09;21.02;23.82;12.88;33.56;12.68;59.23;42.2;22.03;23.68;21.84;21.6;23.46;43.5;35.85;19.74;7.44;21.09;32.32;34.18;20.44;29.87;11.75;6.78;9.18;13.09;-0.69;31.16;35.29;0.24;21.47;8.47;43;59;32.7
O3;uur;µg/m³;2023-07-21T04:00:00+01:00;2023-07-21T05:00:00+01:00;11.3;10.3;23.7;44.7;48.7;10.37;2.58;10.08;29.3;0.5;-0.26;19.4;6.91;5.93;26.54;6.26;44.06;32.68;12.31;15.41;11.92;4.51;7.05;14.93;38.12;11.15;12.05;20.6;38.36;31.58;16.48;34.71;10.21;0.86;4.94;8.25;-0.87;28;33.5;0.5;25.52;6.79;45.1;31.4;30.1
O3;uur;µg/m³;2023-07-21T05:00:00+01:00;2023-07-21T06:00:00+01:00;4.7;7.3;10.8;26.9;46.1;5.34;3.14;4.04;29.78;1.76;0.92;14.93;4.55;3.74;31.13;9.89;30.84;36.66;11.57;7.61;4.33;17.18;1.03;8.72;31.11;10.67;14.11;18.84;25.4;21.44;14.3;23.61;15.12;-4.04;3.27;6.32;-0.62;22.43;30.89;6.41;23.66;11.68;35;25.3;26.5
O3;uur;µg/m³;2023-07-21T06:00:00+01:00;2023-07-21T07:00:00+01:00;6.7;15.2;25.2;34.1;8.7;12.93;13.08;9.37;31.88;6.36;0.94;16.21;6.55;4.46;38.5;10;37.32;28.38;9.06;16.76;14.81;31.07;3.7;7.69;41.55;14.5;29.58;12.29;26.63;21.1;7.49;32.35;19.94;3.27;7.47;12.52;2.62;31.44;30.65;17.4;32.71;21.3;31.4;31.5;25
O3;uur;µg/m³;2023-07-21T07:00:00+01:00;2023-07-21T08:00:00+01:00;42;11;15.1;23.3;31.1;31.93;31.7;32.74;45.65;20.06;9.53;27.67;20.66;32.5;55.21;29.28;34.77;21.36;31.93;40.03;30.39;27.71;13.52;18.77;49.71;27.06;60.04;25.27;43.81;37.05;17.5;50.84;32.6;22.59;39.98;32.09;13.04;50.87;57.59;47.75;47.7;53.72;33.8;42.3;30.2
O3;uur;µg/m³;2023-07-21T08:00:00+01:00;2023-07-21T09:00:00+01:00;52.6;14.9;21.7;40.9;50.3;50.81;47.19;42.27;54.5;39.61;20.07;49.25;32.36;57.7;63.84;45.18;35.95;29.83;44.46;45.58;53.5;52.39;46;28.59;52.67;39.41;64.39;39.94;47.86;43.32;30.26;53.8;38.7;50.38;63.4;36.47;40.55;62.15;67.83;63.43;52.11;65.95;56.6;42.2;40.5
O3;uur;µg/m³;2023-07-21T09:00:00+01:00;2023-07-21T10:00:00+01:00;61.3;27.1;51.2;56;65.5;69.12;59.59;43.22;60.88;58.54;45.3;64.52;53.94;73.47;58.51;67.2;50.46;48.79;57.91;52.69;72.36;45.94;60.6;38.41;62.78;52.76;58.83;58.89;59.32;61.74;45.61;62.73;52.04;66.93;67.71;64.14;66.04;64.85;73.06;69.87;65.71;67.78;59;49.6;62.8
O3;uur;µg/m³;2023-07-21T10:00:00+01:00;2023-07-21T11:00:00+01:00;55.7;36.7;68.1;63.4;75.5;84.04;75.48;60.72;71.94;68.82;50.73;73.53;72.95;76.67;75.42;76.14;71.34;53.35;61.32;66.56;73.48;63.76;71.05;66.91;69.43;59.98;65.32;64.17;67.04;73.67;58.83;71.31;58.08;70.74;73.91;67.52;71.87;66.74;74;74.18;69.13;70.42;64.2;57;67
O3;uur;µg/m³;2023-07-21T11:00:00+01:00;2023-07-21T12:00:00+01:00;69.1;54.5;79.1;71.2;80.5;87.85;85.41;81.05;86.14;70.25;61.91;73.97;68.49;80.63;81.93;81.83;80.42;60;70.17;71.59;86.05;78.82;77.53;76.08;69.09;69.63;72.41;59.09;68.86;69.95;61.23;72.88;64.15;74.75;79.62;72.65;74.44;74.93;72.52;75.65;69.48;70.49;72.6;67.4;73
O3;uur;µg/m³;2023-07-21T12:00:00+01:00;2023-07-21T13:00:00+01:00;65.7;59.8;80.4;73.6;78.5;94.16;85.57;86.25;92.33;68.4;76.8;74.66;82.06;78.08;82.42;78.38;85.79;80.14;69.46;77.56;90.96;82.01;78.75;82.18;74.87;75.07;76.05;57.33;53.83;58.62;50.52;57.48;54.9;;83.03;81.49;75.01;79.39;72.77;79.35;70.9;77.19;79.9;74;82.8
O3;uur;µg/m³;2023-07-21T13:00:00+01:00;2023-07-21T14:00:00+01:00;66.1;60.1;81.4;69.5;77;80.8;83.02;82.88;90.43;62;80.46;67.27;85.93;75.98;79.59;75.04;80.97;83.11;72.27;75.6;86.88;82.52;76.34;80.02;81.59;75.54;75.4;74.77;52.3;56.95;47.69;56.86;59.89;;74.77;81.16;80.23;73.52;75.87;83.59;70.72;71.03;84;77.7;84.7
O3;uur;µg/m³;2023-07-21T14:00:00+01:00;2023-07-21T15:00:00+01:00;66.3;59.8;77.5;63.4;72.6;68.73;79.49;73.8;80.11;79.33;79.26;65.9;82.56;83.7;77.16;75.7;79.21;80.87;71.64;75.74;83.39;79.58;71.76;76.68;79.41;72.72;77.98;79.7;60.67;67.53;72.99;65.98;74.92;;73.24;72;72.78;71.1;82.69;78.51;68.69;68.66;80.6;77.1;81.1
O3;uur;µg/m³;2023-07-21T15:00:00+01:00;2023-07-21T16:00:00+01:00;62.9;58.4;74.9;62.3;72.2;56.45;75.94;68.79;74.42;79.53;76.07;74.7;75.48;88.25;82.19;79.11;76.54;76.53;71.7;73.83;80.41;74.75;70.12;73.41;72.79;69.26;76.33;75.15;75.96;81.21;72.17;80.31;76.14;;79.7;66.33;75.37;71.42;77.49;70.21;70.18;67.33;76.3;73.4;76.9
O3;uur;µg/m³;2023-07-21T16:00:00+01:00;2023-07-21T17:00:00+01:00;58.5;56.8;74.7;66.5;69.8;75.53;82.03;77.41;83.61;75.19;75.25;72.56;74.93;83.05;85.37;74.85;77.19;75.6;72.05;70.28;76.2;73.78;71.18;74.78;69.03;63.26;80.03;71.88;71.86;76.86;69.11;76.47;71.47;55.57;80.83;80.08;76.66;71.44;70.08;75.28;73.79;70.51;67.3;63.8;69.2
O3;uur;µg/m³;2023-07-21T17:00:00+01:00;2023-07-21T18:00:00+01:00;62.6;56.2;72;62.6;74.9;79.05;82.3;69.19;77.65;74.49;78.34;68.9;76.94;79.11;87.59;81.18;79.98;74.09;72.28;70.08;78.98;77.52;67.23;75.08;63.73;67.01;74.99;71.64;67.43;72.82;66.21;71.86;69.04;58.95;78.08;81.37;78.04;68.45;67.75;74.26;71.05;71.19;62.6;59.6;65.8
O3;uur;µg/m³;2023-07-21T18:00:00+01:00;2023-07-21T19:00:00+01:00;70.5;55.7;73.1;65.3;73.7;78.77;77.87;72.58;77.7;73.98;78.23;67.27;75.18;79.11;86.68;84.15;79.3;70.78;74.7;70.51;79.78;74.97;74.64;71.99;63.85;69.24;65.86;73.83;69.58;75.05;68.2;74.87;71.27;67;73.98;72.7;76.66;64.52;63.55;68.34;69.25;66.74;67.3;63.9;70.1
O3;uur;µg/m³;2023-07-21T19:00:00+01:00;2023-07-21T20:00:00+01:00;41.4;57.3;61;23.6;29.1;73.4;70.56;69.49;77.02;68.94;78.95;61.66;76.24;73.33;89.7;86.53;73.78;65.89;71.11;72.79;73.99;70.37;51.84;65.11;60.87;64.88;63.62;71.59;69.13;72.17;67.32;73.61;66.65;49.46;70.38;65.75;69.5;60.08;64.03;63.33;59.66;63.65;70.1;65.5;70.1
O3;uur;µg/m³;2023-07-21T20:00:00+01:00;2023-07-21T21:00:00+01:00;29.5;29.8;38.1;28.2;46.6;65.29;52.5;45.19;68.07;63.93;72.77;55.2;74.11;68.74;85.4;70.2;72.02;48.55;46;61.42;72.6;57.65;24.14;55.42;57.46;61.09;62.65;60.63;62.11;65.17;58.7;66.1;59.38;44.67;71.88;64.83;60.4;56.45;61.65;51.88;48.93;53.9;68.5;63.5;67.6
O3;uur;µg/m³;2023-07-21T21:00:00+01:00;2023-07-21T22:00:00+01:00;32.7;20.6;32.1;19.8;59.9;48.51;44.93;23.85;35.48;39.52;48.78;48.46;65.07;60.29;80.12;61.48;64.41;32.94;37.18;43.76;62.62;49.64;9.98;47.77;54.62;54.83;53.99;44.82;47.95;52.2;46.6;54;48.29;40.49;68.87;61.94;51.61;50.37;58.53;49.72;54.52;52.67;64.4;56.1;61.8
O3;uur;µg/m³;2023-07-21T22:00:00+01:00;2023-07-21T23:00:00+01:00;23.5;14.3;36.5;13.3;49.6;33.99;37.65;18.05;17.37;35.32;55.47;53.16;59.72;43.77;72.98;56.6;57.83;21.85;27.27;39.46;51.38;24.37;35.28;47.46;53.47;48.81;44.96;36.13;35.39;38.68;39.44;44.06;35.55;41.02;64.77;56.58;47.39;49.98;58.49;42.94;51.48;54.96;58.5;50.8;54.3
O3;uur;µg/m³;2023-07-21T23:00:00+01:00;2023-07-22T00:00:00+01:00;24.2;7.6;34.7;23;61.7;12.1;41.55;12.49;11.59;36.12;52.96;51.97;61.04;47.73;70.66;57.69;59.86;20.29;33.04;34.52;61.21;15.54;33.75;42.44;50.62;44.75;42.31;28.35;31.16;41.7;28.01;42.22;24.18;41.77;49.23;49.46;36.04;54.06;60.89;39;43.6;51.37;48.7;49.2;27.7
O3;uur;µg/m³;2023-07-22T00:00:00+01:00;2023-07-22T01:00:00+01:00;30.7;11.8;35.8;22.8;48.1;11.49;42.63;16.32;13.27;40.48;49.73;51.8;50.08;45.46;67;49.16;62.71;13.48;38.94;39.44;66.5;13.01;34.88;50.12;48.8;42.8;42.61;20.27;28.13;26.84;20.8;36.53;19.02;38.72;43.75;38.81;34.16;55.73;60.03;41.74;44.99;49.09;51.9;42.9;38.9
O3;uur;µg/m³;2023-07-22T01:00:00+01:00;2023-07-22T02:00:00+01:00;43.5;33.5;39.8;10.4;36;21.5;47.62;19.29;19.3;43.37;49.25;53.76;47.97;48.13;51.71;44.16;62.56;34.25;41.84;47.9;67.02;19.05;34.04;51.15;49.22;39.78;41.05;19.2;27.47;30.3;16.98;32.66;21.4;33.35;41.64;40.88;33.09;54.05;57.35;34.42;37.35;51.18;46.1;41.4;42.1
O3;uur;µg/m³;2023-07-22T02:00:00+01:00;2023-07-22T03:00:00+01:00;40.7;27.7;31.4;21.4;40.8;25.82;44.36;24.76;19.08;37.68;49.28;49.67;45.31;45.39;43.09;36.96;56.05;41.26;45.09;45.68;65.96;21.25;33.23;38.23;43.08;31.97;38.46;16.75;29.3;24.56;17.27;29.65;17.9;29.28;27.39;36.11;23.55;52.88;50.08;26.38;32.38;44.87;41.4;33.6;34.1
O3;uur;µg/m³;2023-07-22T03:00:00+01:00;2023-07-22T04:00:00+01:00;42.9;16.2;19;14.7;31.4;33.01;44.77;21.42;23.44;26.41;40.23;45.96;45.31;44.85;30.92;33.08;59.04;33.14;37.36;41.48;64.66;16.54;35.55;32.34;25.6;27.87;33.1;10.63;23.54;18.11;13.86;22.29;21.04;24.88;18.16;37.28;26.59;42.85;49.68;24.35;26.96;38.63;28.3;25.3;24.9
O3;uur;µg/m³;2023-07-22T04:00:00+01:00;2023-07-22T05:00:00+01:00;27.7;26.5;26.8;24.5;44.3;34.27;41.44;28.27;45.79;28.8;29.65;43.19;36.39;40.11;34.75;32.42;50.19;26.39;31.43;37.71;64.34;9.24;19.48;21.59;44.1;26.18;29.54;13.65;26.12;20.59;11.34;27.43;20.88;22.51;15.57;32.71;20.14;35.43;45.89;27.17;23.26;37.35;29.7;23.4;26.6
O3;uur;µg/m³;2023-07-22T05:00:00+01:00;2023-07-22T06:00:00+01:00;24.1;21;23.4;20.7;33.5;32.31;39.9;29.58;48.46;33.31;28.46;41.19;26.96;40.2;36.73;32.61;22.94;23.65;33.49;28.96;59.55;28.74;13.98;15.26;41.56;30.63;28.77;23.46;29.4;23.48;18.41;33.52;20.16;15.62;21.76;26.92;25.54;27.65;38.8;26.94;28.94;39.02;21.5;25.1;28.3
O3;uur;µg/m³;2023-07-22T06:00:00+01:00;2023-07-22T07:00:00+01:00;26;22.9;24;25.1;29.7;33.96;40.66;43.1;49.63;38.01;26.63;41.32;32.94;39.95;33.06;36.09;21.45;29.3;32.75;26.89;41.06;21.51;24.86;16.69;28.06;28.26;30.19;24.12;22.94;23.12;19.87;27.43;23.39;18.7;23.62;34.6;30.92;28.08;36.46;32.48;33.26;43.26;22;23.8;25.1
O3;uur;µg/m³;2023-07-22T07:00:00+01:00;2023-07-22T08:00:00+01:00;28.4;25.4;28.5;24.8;36.8;37.48;44.29;44.65;52.76;40.8;30.32;43.28;35.79;44.5;36.97;39.88;34.06;30.5;37.21;32.57;29.5;30.26;27.69;23.82;36.21;21.33;32.97;26.41;25;28.1;21.86;29.5;26.8;33.37;31.55;40.44;30.37;28.68;46.44;33.62;43.48;49.89;28;24;27.7
O3;uur;µg/m³;2023-07-22T08:00:00+01:00;2023-07-22T09:00:00+01:00;31;27.7;29.2;23.7;35.5;42.89;46;48.01;58.78;44.37;36.59;45.79;39.11;49.42;40.71;46.16;40.25;33.47;37.35;36.22;34.18;34.55;29.87;27.85;40.63;18.19;40.07;29.39;29.02;33.6;28.4;34.49;32.38;41.69;41.55;44.99;39.33;29.31;50.41;41.65;50.06;56;26.9;20.6;25.6
O3;uur;µg/m³;2023-07-22T09:00:00+01:00;2023-07-22T10:00:00+01:00;37.6;33.9;37.5;37.9;43.8;52.32;54.25;50.79;61.61;50.88;51.09;51.69;50.1;54.27;56.01;53.66;42.72;42.16;45.91;43.02;60.41;38.87;42.34;31.83;40.57;38.28;44.95;35.49;35.1;39.59;34.74;40.89;39.37;53.68;55.67;51.14;51.34;36.8;50.58;45.12;50.84;54.14;33.6;25.5;32.5
O3;uur;µg/m³;2023-07-22T10:00:00+01:00;2023-07-22T11:00:00+01:00;51.4;42.4;45.8;36.7;44.4;58.59;62.17;59.96;66.75;62.23;54.75;58.53;59.26;63.11;60.77;57.53;55.16;53.49;56.71;58.25;62.85;52.03;54.8;40.5;38.47;50.37;54.1;40.9;44.04;47.15;33.3;48.47;50.05;59.54;62.54;56.46;60.3;48.9;50;50.53;53.85;59.22;41.3;31.8;42.8
O3;uur;µg/m³;2023-07-22T11:00:00+01:00;2023-07-22T12:00:00+01:00;55.5;41.9;52.9;46.3;55.5;63.4;66.61;70.24;73.33;65.11;63.12;63.57;62.75;67.67;60.33;62.23;61.46;59.43;58.99;60.32;68.55;50.95;54.93;42.84;53.9;55.72;49.07;48.11;52.1;54.78;43.29;55.9;55.76;64.63;64.35;64.43;63.97;49.3;47.62;52.94;47.59;51.19;49.2;49.6;53.4
O3;uur;µg/m³;2023-07-22T12:00:00+01:00;2023-07-22T13:00:00+01:00;57.7;48;59.5;55.1;60.9;70.94;69.66;76.31;80.61;69.44;66.17;67.01;65.62;72.77;58.71;55.76;69.48;63.39;58.2;58.62;71.27;62.62;63.29;54.95;59.95;61.45;53.6;57.05;42.52;48.72;53.2;46.81;57.38;65.17;67.16;70.59;64.22;53.33;52.43;45.33;47.45;51.3;55.5;53.8;57.1
O3;uur;µg/m³;2023-07-22T13:00:00+01:00;2023-07-22T14:00:00+01:00;56.4;46.1;57.8;54.4;63.5;74.85;71.6;77.32;81.33;72.27;59.41;71.37;63.7;77.81;71.25;60.75;70.79;59.42;56.44;54.82;73.01;64.86;61.21;55.35;67.59;61.99;57.33;62.58;41.56;37.95;59.1;49.26;56.26;70.73;65.06;72.5;60.92;50.38;62.61;50.65;54.31;50.88;61.6;62.1;68.7
O3;uur;µg/m³;2023-07-22T14:00:00+01:00;2023-07-22T15:00:00+01:00;62.3;45.5;60.8;59.3;68.6;74.98;75.46;76.06;80.69;75.05;61.19;74.66;62.47;80.44;73.66;65.4;75.93;63.35;54.95;60.91;75.78;70.86;66.81;57.2;64.05;65.23;52.57;59.12;54.52;51.44;56.08;59.8;56.38;70.66;55.7;75.26;50.83;55.05;68.31;54.45;53.64;51;61.3;63.9;69.5
O3;uur;µg/m³;2023-07-22T15:00:00+01:00;2023-07-22T16:00:00+01:00;68.7;51.7;70.3;64.1;67.4;75.3;76.73;76.57;79.26;69.29;65.46;76.01;62.85;83.2;80.29;71.12;77.08;67.68;62.01;64.8;79.67;76.47;68.77;60.67;61.3;66;59.44;65.03;51.98;50.34;58.29;58.47;59.49;66.02;55.67;71.13;49.37;53.29;63.54;52.36;56.07;47.06;66.9;69;75.2
O3;uur;µg/m³;2023-07-22T16:00:00+01:00;2023-07-22T17:00:00+01:00;72.9;52.2;75.9;68.8;67.9;75.95;79.3;77.27;79.32;63.61;70.66;71.1;66.33;80.36;77.6;68.34;76.17;76.12;68.98;64.87;80.42;74.28;74.17;60.29;61.09;69.74;60.78;63.69;56.58;53.49;59.56;61.56;61.52;65.94;58.03;52.46;48.16;50.74;59.5;52.58;59.07;56.75;69.6;69.9;78
O3;uur;µg/m³;2023-07-22T17:00:00+01:00;2023-07-22T18:00:00+01:00;68.1;49.5;70.7;62.5;65.3;73.84;71.77;75.96;79.28;67.37;67.82;60.26;69.25;73.34;70.85;66.73;71.68;72.97;68.8;67.43;76.03;68.82;67.39;58.63;70.85;67.09;59.07;70.44;57.12;60.03;58.6;63.17;64.96;58.33;59.13;58.11;45.27;54.33;57.33;48.9;56.3;63.69;69.9;68.7;73.4
O3;uur;µg/m³;2023-07-22T18:00:00+01:00;2023-07-22T19:00:00+01:00;61.2;56;63.1;58.6;61.5;70.66;68.73;72.6;75.97;68.77;63.62;64.21;67.2;70.74;64.92;55.98;70.64;61.84;62.25;61.12;72.74;68.3;61.93;60.38;67.29;64.17;56.55;66.09;58.21;61.71;61.44;65.76;62.11;47.22;59.7;59.67;43.58;53.64;65.79;43.8;50.99;58.67;63.6;62.7;68.2
O3;uur;µg/m³;2023-07-22T19:00:00+01:00;2023-07-22T20:00:00+01:00;54.1;50.7;54.4;41.7;57.2;67.1;64.11;69.28;71.42;60.93;42.14;62.27;61.86;68.42;56.76;47.97;60.08;60.22;56.65;57.54;69.96;57.77;54.26;50.12;62.61;62.7;55.9;60.73;52.08;54.19;60.65;60.68;55.87;34.34;52.38;67.44;32.33;41.39;59.88;36.89;52.12;51.18;63.9;63.6;65.9
O3;uur;µg/m³;2023-07-22T20:00:00+01:00;2023-07-22T21:00:00+01:00;53.9;52;51.9;43.9;57.7;59.81;50.8;47.79;67.04;45.2;46.92;47.77;50.74;56.35;54.48;50.99;58.56;48.17;56.12;54.48;61.13;53.9;48.94;44.56;66.1;56.46;63.09;49.34;47.35;48.34;41.83;54.61;50;32.78;49.17;64.84;34.6;43.03;56.21;35.43;49.81;44.58;60.3;48.1;52.8
O3;uur;µg/m³;2023-07-22T21:00:00+01:00;2023-07-22T22:00:00+01:00;50.7;49;49.4;38.6;56.3;43.4;31.52;31.15;44.69;27.66;44.81;42.22;47.06;46.55;55.34;44.36;58.28;46.22;56.27;56.68;60.62;54.87;45.12;47.87;58.58;52.23;60.39;50.61;46.24;49.34;44.13;52.13;50.74;46.07;55.43;51.79;41.09;56.95;64.74;38.23;54.3;48.08;54.7;47.7;52
O3;uur;µg/m³;2023-07-22T22:00:00+01:00;2023-07-22T23:00:00+01:00;47.1;47.6;49;46;53.1;32.52;17.08;34.24;32.81;27.18;23.79;41.8;41.38;41.95;57.3;46.22;53.25;50.68;54.29;49.74;55.24;51.34;49.72;41.92;57.83;49.27;57.93;46.57;44.01;47.92;42.5;50.58;47.94;33.72;50.71;44.92;52.46;54.21;59.57;43.69;62.34;54.33;50.4;44.2;48
O3;uur;µg/m³;2023-07-22T23:00:00+01:00;2023-07-23T00:00:00+01:00;45.3;43.3;46.5;46.1;51.1;20.08;16.1;32.46;47.88;27.5;20.21;47.09;36.34;42.64;49.06;26.04;54.43;51.59;47.57;47.59;54.08;51.81;48.79;45.63;52.31;45.65;55.65;44.92;38.52;43.14;40.38;44.56;43.5;19.55;44.99;35.9;45.56;51.33;58.01;49.42;58;51.2;48.4;43;45.3
O3;uur;µg/m³;2023-07-23T00:00:00+01:00;2023-07-23T01:00:00+01:00;40;41.5;42.2;38.1;47.8;27.38;21.35;21.09;75.56;27.48;27.82;36.33;33.38;40.92;43.44;16.49;50.41;48.85;36.17;39.96;54.68;48.85;36.7;41.02;50.17;48.47;53.1;45.28;39.42;48.16;40.96;47.77;41.37;14.16;40.6;45.3;44.9;47.93;59.49;57.06;53.28;53.01;51.1;47.8;48.6
O3;uur;µg/m³;2023-07-23T01:00:00+01:00;2023-07-23T02:00:00+01:00;29;30;28.9;40.6;41.3;27.92;29.49;25.51;77.4;27.34;26.18;36.98;28.3;32.38;48.91;26.31;48.82;36.45;35.46;37.1;49.02;42.78;40.23;39.57;53.84;45.63;53.68;41.31;35.16;41.79;43.02;41.9;34.19;17.42;37.9;43.15;45.52;50.95;62.78;51.81;53.41;53.82;49.1;42.7;44
O3;uur;µg/m³;2023-07-23T02:00:00+01:00;2023-07-23T03:00:00+01:00;26.6;25.9;18.7;40.7;43.5;;;;;;;;;;;;;;;;;;;;;;;;;;;;;;;;;;;;;;46.3;41.7;42.3
O3;uur;µg/m³;2023-07-23T03:00:00+01:00;2023-07-23T04:00:00+01:00;27.4;35.4;27.3;27.8;41.4;60.42;24.62;72.75;75.8;30.45;28.96;36.7;31.8;36.9;35.28;41.48;44.41;43.71;37.62;;45.28;28.06;18.38;36.92;50.06;;49.81;31.17;25.13;29.96;;31.15;27.48;19.75;38.09;44.29;36.69;45.02;57.79;51.41;59.27;60.58;41.5;36.5;36.3
O3;uur;µg/m³;2023-07-23T04:00:00+01:00;2023-07-23T05:00:00+01:00;27.7;30.5;27.5;23.4;39.1;64.56;37.48;70.5;73.87;40.2;39.12;48.01;38.13;49.76;46.11;44.45;25.67;35.36;35.24;33.17;32.48;25.12;25.39;21.19;49.97;;40.78;26.88;24.78;33.16;;30.69;25.49;14.68;36.21;36.98;32.33;38.69;57.09;40.53;58.33;59.27;36.9;31.3;32.3
O3;uur;µg/m³;2023-07-23T05:00:00+01:00;2023-07-23T06:00:00+01:00;42.9;36.2;36.6;33.2;45.5;61.45;50.36;66.77;70.69;45.61;48.25;50.82;38.99;55.22;46.31;46.82;42.52;31.96;42.52;32.61;34.93;38.27;39.61;37.99;45.71;;40.12;27.96;25.63;31.05;;31.39;26.61;18.34;33.08;39.66;28.24;35.61;54.42;35.84;53.86;52.56;33.5;32;31.1
O3;uur;µg/m³;2023-07-23T06:00:00+01:00;2023-07-23T07:00:00+01:00;45.9;45.3;43.6;39.6;49.8;60.36;55.79;63.88;67.92;49.39;48.7;54.8;45.82;58.48;49.62;48.95;47.79;42.78;49.92;43.12;43.3;45.8;41.29;42.91;40.26;;39.8;33.58;29.69;35.05;;35.65;35.45;29.34;37.22;46.37;32.73;32.16;44.74;32;51.26;48.19;32.5;31.3;31.2
O3;uur;µg/m³;2023-07-23T07:00:00+01:00;2023-07-23T08:00:00+01:00;42.4;45;43.4;41.5;48.8;58.31;56.35;59.19;64.42;49.97;46.53;55.63;49.93;57.24;52.1;50.71;49.14;44.67;48.56;47.83;48.35;47.21;45.15;45.56;36.45;;40.57;42.33;38;40.75;;41.94;42.38;36.37;43.63;50.84;35.92;37.82;43.84;33.09;45.67;42.05;39.7;37.9;39.4
O3;uur;µg/m³;2023-07-23T08:00:00+01:00;2023-07-23T09:00:00+01:00;42.3;41.5;40.2;43.4;49.4;55.16;55.31;53.33;58.09;47.97;46.14;53.08;48.94;54.72;50.99;48;49.2;45.57;50.1;46.81;49.44;49;45.08;46.04;42.95;;43.43;41.38;38.55;43.95;;44.53;43.4;42.41;49.44;51.63;46.75;40.88;44.11;38.01;43.67;40.64;44.2;40.9;42.6
O3;uur;µg/m³;2023-07-23T09:00:00+01:00;2023-07-23T10:00:00+01:00;44.6;42.2;41.4;40.8;47.2;49.76;52.91;49.55;54.66;48.61;44.7;49;48.74;50.46;46.72;44.2;47.74;44.59;49.24;46.07;49.73;46.67;42.12;43.72;45.03;;45.78;41.56;39.3;44.23;;45.31;41.93;44.17;48.21;49.36;47.52;44;48.01;42.03;42.95;42.04;42.3;38.3;40.8
O3;uur;µg/m³;2023-07-23T10:00:00+01:00;2023-07-23T11:00:00+01:00;40;40.4;36.5;34.5;44.1;46.4;49.31;48.3;53.48;44.76;41.61;44.62;44.71;47.29;44.2;43.23;44.48;41.15;45.34;43.73;46.68;43.84;40.8;38.99;43.59;;47.11;40.43;37.21;42.54;;43.78;41.93;42.9;47.31;48.84;46.99;45.34;46.83;45.32;45.14;43.34;42.7;37.1;40.1
O3;uur;µg/m³;2023-07-23T11:00:00+01:00;2023-07-23T12:00:00+01:00;39.8;36.2;37.4;35.8;46.4;47.34;45.05;48.05;53.81;41.89;42.1;41.11;42.77;42.76;44.63;40.63;46.12;37.69;43.74;40.74;45.16;43.3;39.28;36.78;42.7;;45.96;37.97;35.44;40.18;;41.85;39.38;41.84;45.09;43.99;46.78;44.31;45.99;44.91;44.36;44.02;39;35.6;37.8
O3;uur;µg/m³;2023-07-23T12:00:00+01:00;2023-07-23T13:00:00+01:00;43.8;40.4;42.6;46.6;62;45.97;43.01;45.54;51.06;43.58;43.72;40.42;44.91;43.19;58.69;44.61;64.31;45.96;46.72;42.76;65.25;60.66;45.02;59.23;49.78;;44.93;41.28;37.51;39.1;;42.49;42.19;35.84;42.09;41.11;44.41;43.61;46.07;43.65;43.83;44.68;45.1;39.1;43.3
O3;uur;µg/m³;2023-07-23T13:00:00+01:00;2023-07-23T14:00:00+01:00;56.6;49.4;60.3;66.5;68.5;45.1;43.82;46.35;50.26;46.16;43.17;43.47;45.3;46.54;77.21;56.73;70.82;62.51;60.31;49.51;72.9;70.1;67.32;62.35;65.27;;48.88;52.54;40.03;43.47;;46.52;48.1;32.05;43.9;44.47;44.12;47.82;48.52;41.15;43.78;43.77;59.7;60.4;64.1
O3;uur;µg/m³;2023-07-23T14:00:00+01:00;2023-07-23T15:00:00+01:00;67.1;45.1;66.6;68.7;69.1;47.99;49.12;47.25;50.78;47.61;50.4;47.14;48.33;50.42;76.77;57.67;70.61;72.35;72.45;55.55;76.47;71.61;70.93;62.42;69.07;;56.8;68.08;61.9;64.69;;66.73;68.59;35.74;47.2;47.13;46.28;54.92;63.2;47.02;55.52;47.53;66.7;67.9;69.8
O3;uur;µg/m³;2023-07-23T15:00:00+01:00;2023-07-23T16:00:00+01:00;69.6;45.4;69.9;66.9;64.7;49.05;51.85;51.85;53.84;52.43;54.15;48.89;54.17;49.57;75.54;57;66.84;71.73;71.53;68.77;78.94;68.26;71.19;58.96;73.62;;71.07;69.03;69.48;73.08;;74.75;71;37.81;55.46;49.49;51.17;63.1;68.28;53.71;61.25;60.15;66.8;69.7;72
O3;uur;µg/m³;2023-07-23T16:00:00+01:00;2023-07-23T17:00:00+01:00;68.6;54.6;66.8;65.9;59.3;53.91;49.61;50;53.44;51.5;45.41;49.43;55.78;49.74;80.05;61.23;64.08;71.95;68.84;68.69;71.6;68.32;70.1;58.63;74.35;;73.44;69.66;70.8;71.78;;74.28;73.24;39.57;62.87;52.99;54.83;70.57;71.55;57.88;69.75;72.38;58.5;65.3;68
O3;uur;µg/m³;2023-07-23T17:00:00+01:00;2023-07-23T18:00:00+01:00;72.6;58.1;66.5;71.2;73;47.87;46.53;46.39;49.44;46.73;44.87;41.81;48.25;42.81;81.31;58.95;73.87;72.37;69.68;64.87;73.04;74.99;74.05;64.18;68.82;;71.12;68.09;68.16;71.28;;72.34;69.11;45.4;59.79;54.86;55.78;71.86;70.04;62.9;73.94;77.73;61.6;63.5;61.2
O3;uur;µg/m³;2023-07-23T18:00:00+01:00;2023-07-23T19:00:00+01:00;73.8;64.6;65.7;68.7;68.9;43.86;43.93;41.96;45.36;42.11;40.65;36.47;45.94;36.76;76.61;54.09;76.25;74.9;70.16;52.82;81.74;73.09;74.24;67.16;77.57;;69.31;72.47;64.77;63.65;;69.47;63.11;43.51;54.19;49.34;53.2;68.75;69.04;67.81;72.26;79.64;62.9;64;63.7
O3;uur;µg/m³;2023-07-23T19:00:00+01:00;2023-07-23T20:00:00+01:00;67.9;56.4;61.6;67.3;66.8;36.96;40.53;34.93;39.18;39.46;38.45;35.86;41.08;36.58;68.82;49.33;76.27;68.02;64.8;47.5;79.42;72.69;70.51;65.77;68.23;;68.95;67.67;46.24;47.59;;52.33;47.82;32.45;47.37;44.76;51.24;69;68.12;63.45;68.3;74.01;66.7;70.3;72.2
O3;uur;µg/m³;2023-07-23T20:00:00+01:00;2023-07-23T21:00:00+01:00;54.5;50.6;58.3;65.8;52.6;31.45;37.71;34.17;38.06;38.43;39.63;32.73;40.38;33.69;52.63;47.89;72.13;51.19;46.43;39.95;79.17;72.27;64.74;63.7;71.9;;63.29;54.98;36.96;40.18;;43.29;37.53;30.34;43.81;39.35;43.22;69.96;68.91;52.01;63.2;67.87;64.4;68.6;63
O3;uur;µg/m³;2023-07-23T21:00:00+01:00;2023-07-23T22:00:00+01:00;41;37.1;41.4;43;46.7;32.34;36.16;33.31;38.39;40.17;41.41;32.22;40.85;35.85;49.01;43.51;63.22;39.21;47.32;39.55;78.53;57.51;41.28;46.95;63.44;;54.83;49.3;35.54;38.72;;39.33;34.73;29.75;42.27;38.15;38.73;65.65;71.8;43.29;61.7;63.59;56.5;63.9;63.2
O3;uur;µg/m³;2023-07-23T22:00:00+01:00;2023-07-23T23:00:00+01:00;46.1;40.6;45.1;37.1;45.7;30.18;43.41;36.83;42.98;37.32;34.59;40.22;39.35;42.89;44.96;39.64;52.39;42.21;45.85;40.77;69.91;46.51;43.15;46.04;63.4;;45.7;39.4;34.36;36.84;;37.61;40.14;26.1;44.06;38.61;38.42;60.75;68.81;38.63;67.56;63.85;61;64.1;64.3
O3;uur;µg/m³;2023-07-23T23:00:00+01:00;2023-07-24T00:00:00+01:00;43.7;46.2;39.1;37;46.1;29.19;41.36;33.66;39.19;38.37;33.97;36.26;35.73;37.38;44.1;41;54.33;45.32;38.66;35.86;69.4;44.23;39.09;44.39;64.03;;42.21;47.6;39.43;45.79;;43.66;43.46;22;42.88;38.16;44.28;58.49;66.6;33.23;66.07;68.45;53.3;49.9;48.7
O3;uur;µg/m³;2023-07-24T00:00:00+01:00;2023-07-24T01:00:00+01:00;40.2;41.9;37.2;32.8;51.3;20.27;41.43;26.86;30.29;35.01;37.53;34.05;33.35;35.32;44.33;42.41;59.96;43.1;34.37;37.61;66.54;49.39;31.96;51.16;59.94;;48.99;47.13;40.39;45.6;;44.15;39.08;22.92;42.03;38.38;40.99;45.54;60.27;27.99;63.43;67.47;55.7;58.4;60.7
O3;uur;µg/m³;2023-07-24T01:00:00+01:00;2023-07-24T02:00:00+01:00;43.3;42.1;34.3;44.3;40.6;15.41;40.92;31.52;32.6;32.22;33.41;35.97;31.91;33.7;45.88;37.04;59.12;40.79;40.44;34.82;65.5;53.66;35.81;55.52;61.04;;47.94;47.68;40.23;45.12;;43.89;37.31;22.21;41.5;33.53;40.06;41.6;57.38;34.69;62.38;65.17;55.5;56.5;56.3
O3;uur;µg/m³;2023-07-24T02:00:00+01:00;2023-07-24T03:00:00+01:00;40.6;41.1;35.7;51.9;55.1;23.12;35.21;31.8;33.83;30.98;33.63;32.44;27.51;29.46;52.17;39.99;58.61;34.38;46.02;37.94;66.21;63.92;45.19;57.35;54.51;;48.46;42.52;41.6;44.56;;45.52;34.73;20.51;37.92;31.35;36.17;41.15;54.63;35.41;57.98;55.46;47.5;50.6;45.9
O3;uur;µg/m³;2023-07-24T03:00:00+01:00;2023-07-24T04:00:00+01:00;48.3;45.5;43.9;54.1;57.4;26.27;26.02;32.56;35.41;33.96;36.17;29.67;27.15;26.98;48.35;40.04;65.28;43.38;44.58;40.77;62.35;63.7;44.08;58.2;53.78;;45.21;41.42;39.79;41.39;;43.01;40.45;25.52;35.03;30.5;33.39;38.75;55.21;33.66;54.4;43.03;47.6;46.9;46.5
O3;uur;µg/m³;2023-07-24T04:00:00+01:00;2023-07-24T05:00:00+01:00;46.3;43.1;44.7;52.1;47.3;28.25;33.97;27.16;31.75;36.97;37.43;35.69;34.66;39.76;47.48;41.09;61.26;38.4;44.23;44.4;61.16;53.57;44.23;40.54;47.7;;43.43;50.97;41.86;43.37;;46.14;39.73;18.81;37.42;31.33;27.78;39.03;53.7;33.4;51.48;45.89;49.3;46.7;50.3
O3;uur;µg/m³;2023-07-24T05:00:00+01:00;2023-07-24T06:00:00+01:00;46.2;39.8;45.4;21.1;41.7;26.57;42.48;25.7;31.27;43.5;35.52;38.5;32.95;46.23;43.57;40.97;59.44;44.61;44.15;45.44;63.19;46.14;40.39;35.2;49.17;;41.3;47.09;35.66;35.37;;40.13;38.61;16.41;36.25;36.95;22.52;40.03;50.66;33.67;51.04;43.37;51.4;47.6;48.5
O3;uur;µg/m³;2023-07-24T06:00:00+01:00;2023-07-24T07:00:00+01:00;50.5;43.1;45.1;43.2;50;27.27;41.3;30.3;37.57;40.56;32.6;37.37;34.2;41.07;41.26;39.04;60.22;46.66;42.24;40.04;58.88;48.77;45.48;43.73;51.5;;37.66;44.62;33.88;35.67;;40.04;39.85;24.68;35.04;32.93;23.73;38.42;48.69;32.58;48.81;37.53;44.7;45.2;40.8
O3;uur;µg/m³;2023-07-24T07:00:00+01:00;2023-07-24T08:00:00+01:00;51.3;42.5;47.9;51.3;50;29.94;41.42;40.13;45.65;36.71;41.04;34.79;35.11;38.8;46.93;42.61;54.05;49.39;43.72;44.24;58.42;51.68;49.58;44.79;49.19;;47.46;53.21;39.07;42.55;;43.89;43.75;27.18;40.66;32.19;36.01;46.97;49.22;33.33;49.73;38.35;45.5;43.3;48.1
O3;uur;µg/m³;2023-07-24T08:00:00+01:00;2023-07-24T09:00:00+01:00;45;41.4;53.6;42.6;56.6;32.43;41.69;47.98;50.54;42.65;44.28;42.94;43.68;44.71;52.77;49.73;60.35;44.39;47.18;45.69;63.85;58.73;59.08;47.79;51.58;;49.87;56.39;46.98;47.39;;49.15;46.38;28.71;45.15;38.71;43.75;50.57;49.84;42.96;52.66;43.57;45.1;44.8;44.6
O3;uur;µg/m³;2023-07-24T09:00:00+01:00;2023-07-24T10:00:00+01:00;48.7;42.5;51.2;51.3;58.6;41.06;49.06;49.74;58.4;42.32;42.78;44.9;45.8;47.65;55.41;53.11;65.64;48.15;54.15;51.14;70.17;59.37;57.42;50.6;50.12;;58.03;52.84;47.8;51.7;;52.47;53.38;36.1;48.8;44.04;53.11;50.46;52.04;52.23;57.98;49.94;55.6;51.8;58.7
O3;uur;µg/m³;2023-07-24T10:00:00+01:00;2023-07-24T11:00:00+01:00;58.1;47.4;61.8;56;61.3;43;54.77;55.45;62.76;44.37;50.59;44.6;49.55;51.58;53.14;59.86;66.09;54.28;56.14;55.94;67.67;64.75;64.42;56.57;52.4;59.75;64.7;54.01;52.21;52.1;;57.17;53.15;40.84;56.24;51.45;54.64;61.31;61.03;61.37;61.17;56.75;63.8;64.8;68.1
O3;uur;µg/m³;2023-07-24T11:00:00+01:00;2023-07-24T12:00:00+01:00;64.5;50.3;68.7;63.8;71.7;42.35;51.36;46.31;55.12;44.86;54.49;38.24;59.27;44.03;61.67;62.05;75.57;60.54;53.66;57.41;65.7;69.02;74.4;64.79;57.74;53.33;67.02;63.13;54.39;58.56;;60.94;55.31;54.35;63.92;51.75;66.07;65.61;66.09;67.76;62.07;69.4;75.2;66.8;72.7
O3;uur;µg/m³;2023-07-24T12:00:00+01:00;2023-07-24T13:00:00+01:00;65.3;57.4;74.6;67.9;59.2;67.56;48.22;57.48;56.26;52.23;62.98;39.87;66.4;48.99;68.79;64.35;65.77;70.54;60.42;59.08;69.97;62.71;77.8;63.61;62.59;53.03;75.52;76.14;58.01;61.94;;64.89;59.66;49.39;68.45;54.64;69.02;69.59;64.56;75.26;66.01;67.98;64.4;55.7;61
O3;uur;µg/m³;2023-07-24T13:00:00+01:00;2023-07-24T14:00:00+01:00;68.7;48.8;70.8;57.5;69.7;58.13;55.01;60.36;65.67;56.49;61.82;47.58;61.2;52.77;74.32;72.26;72.59;71.16;59.86;61.91;77.06;68.15;64.66;71.29;63.7;63.88;76.61;67.71;48.31;60.66;;58.7;65.76;54.76;69.48;64.11;72.74;75.62;68.28;83.44;68.73;68.77;64.6;58.9;66.8
O3;uur;µg/m³;2023-07-24T14:00:00+01:00;2023-07-24T15:00:00+01:00;52.3;49.9;65.6;60.6;71.7;61.17;62.68;59.64;64.65;57.68;68.35;61.88;73.29;63.23;70.37;73.34;71.51;69.84;60.87;66.53;74.62;68.61;56.27;70.27;65.74;61.96;62.86;70.96;60.35;57.71;;67.24;65.92;64.33;71.22;73.27;79.24;71.74;67.84;85.89;69.27;60.4;69.8;64.3;65.3
O3;uur;µg/m³;2023-07-24T15:00:00+01:00;2023-07-24T16:00:00+01:00;56.9;52.2;64.5;63.4;74.7;70.2;66.64;70.87;72.54;67.27;68.56;58.67;75.76;66.29;65.14;72.34;73.78;68.57;57.28;66.19;76.77;68.15;61.86;70.37;66.77;60.28;70.44;66.55;62.84;69.7;;70.77;64.84;74.05;61.03;65.04;65.51;66.95;65.22;62.56;65.14;66.46;66.3;62;
O3;uur;µg/m³;2023-07-24T16:00:00+01:00;2023-07-24T17:00:00+01:00;62.4;57.6;69.3;70;81.1;75.48;63.51;74.73;79.73;64.21;67.44;57.99;65.58;57.8;75.4;67.48;82.05;71.21;59.86;65.05;80.9;77.95;67.42;79.86;63.87;57.74;73.46;63.54;60.29;64.24;;67.8;62.23;61.97;57.34;64.81;57.89;63.23;68.32;60.68;67.84;63.09;71.1;67.8;
O3;uur;µg/m³;2023-07-24T17:00:00+01:00;2023-07-24T18:00:00+01:00;67.1;63.7;78.8;73.2;76.2;69.41;66.24;71.33;78.12;62.19;68.06;53.4;66.93;64.12;78.92;77.94;72.58;79.07;74.75;73.62;73.47;73.15;75.91;72.62;59.25;60.49;78.84;63.64;63.78;65.16;;71.01;62.98;53.7;66.97;65.12;63.5;64.7;69.39;58.14;72.42;68.49;69.9;60.5;
O3;uur;µg/m³;2023-07-24T18:00:00+01:00;2023-07-24T19:00:00+01:00;58.6;52;67.1;64.7;69.5;60.48;56.19;65.29;67.77;64.11;75.71;59.48;78.09;56.82;68.44;74.31;68.58;67.85;67.45;73.01;70.7;65.49;64.6;66.56;59.09;57.49;72.26;60.38;66.36;71.03;;72.9;60.73;48.37;72.06;63.34;62.14;61.33;59.8;57.03;65.07;72.74;60.9;58.2;
O3;uur;µg/m³;2023-07-24T19:00:00+01:00;2023-07-24T20:00:00+01:00;54.3;53.9;64.7;63.6;69.7;54.96;54.9;58.15;65.23;73.89;66.85;55.44;69.58;54.72;65.86;66.03;67.83;65.21;59.98;68.16;70.64;63.78;63.09;65.38;64.57;62.14;65.81;56.75;61.46;64.42;;67.44;55.28;48.48;70.47;66.37;65.37;59.44;62.32;64.27;61.67;62.23;61.4;60.1;
O3;uur;µg/m³;2023-07-24T20:00:00+01:00;2023-07-24T21:00:00+01:00;53.3;41.9;60.2;63;69.6;47.86;60.05;48.84;56.73;64.79;59.88;49.09;64.95;51.78;63.71;66.28;69.52;61.72;56.3;61.59;70.53;65;58.56;67.08;63.33;60.15;64.47;54;56.15;60.45;;62.02;45.29;54.76;62.82;62.39;52.37;56.8;61.03;59.47;63.92;49.46;61.7;60.5;
O3;uur;µg/m³;2023-07-24T21:00:00+01:00;2023-07-24T22:00:00+01:00;55.6;35;57.1;58.3;67.9;44.53;55.03;40.71;46.79;60.47;50.81;49.83;59.22;50.99;61.48;65.52;68.17;59.93;49.2;56.85;69.04;61.18;50.68;65.99;59.35;60.8;64.91;41.36;46.52;52.81;;54.42;42.86;35.34;48.3;59.04;53.34;54.27;58.61;49.44;67.42;51.05;55.3;46.2;
O3;uur;µg/m³;2023-07-24T22:00:00+01:00;2023-07-24T23:00:00+01:00;47.3;28.7;50.2;54.5;66.8;42.77;51.87;30.85;52.13;51.37;38.83;47.98;50.07;44.21;56.69;62.6;65.7;56.48;38;42.61;64.52;58.15;32.97;63.9;55.84;57.35;54.63;38.56;39.85;42.1;;40.95;41.43;18.79;33.87;52.81;53.78;51.46;56.21;43.38;65.37;49.53;49.2;41.4;
O3;uur;µg/m³;2023-07-24T23:00:00+01:00;2023-07-25T00:00:00+01:00;39.6;26.6;46;49.6;64.2;30.95;33.93;11.89;47.32;41.99;27.66;39.51;42;35.01;57.9;62.93;62.69;55.58;28.03;33.14;63.77;54.7;32.22;60.23;52.16;53.78;50.85;41.09;33.83;37.73;;38.36;35.43;21.3;22.85;50.15;44.88;49.35;56.39;38.19;40.28;50.79;44.7;41;
O3;uur;µg/m³;2023-07-25T00:00:00+01:00;2023-07-25T01:00:00+01:00;47.9;21.3;42.1;45.6;62.5;23.58;23.96;6.68;34.96;31.31;17.31;29.69;34.49;18.57;53.88;61.59;59.32;47.53;25.34;33.02;62.12;56.44;25.38;59.92;46.87;56.26;51;37.14;23.81;34.07;;24.58;13.35;17.16;21.91;50.58;22.76;47.98;53.6;37.73;35.02;50.73;44.7;39.5;
O3;uur;µg/m³;2023-07-25T01:00:00+01:00;2023-07-25T02:00:00+01:00;51.1;23.9;40.3;50;60;18.51;16.94;18.64;39.93;15.13;13.01;24.17;24.76;26.47;52.91;58.51;56.02;45.05;27.84;37.46;61.73;51.42;17.87;57.8;45.39;47.15;43.18;29.92;28.9;38.69;;24.9;22.15;14.05;26.38;42.56;16.67;48.08;53.9;33.74;34.67;49.34;41.1;38.4;
O3;uur;µg/m³;2023-07-25T02:00:00+01:00;2023-07-25T03:00:00+01:00;44.8;20.1;37.8;46.2;59.9;32.82;8.98;27.37;37.13;7;17.16;20.69;20.72;25.82;49.41;57.12;55.82;42.38;23.58;32.55;60.85;37.36;21.81;56.75;48.38;49.19;37.99;20.93;26.11;28.97;;23.82;19.34;8.35;21.44;27.5;11.99;47.2;53.67;25.83;57.24;46.59;29.2;28.3;
O3;uur;µg/m³;2023-07-25T03:00:00+01:00;2023-07-25T04:00:00+01:00;47.3;26.3;37.2;46.4;59.7;38.86;6.97;16.19;35.34;3.13;10.8;20.45;17.13;21.74;43.9;57.18;56.6;41.16;19.27;23.95;61.5;26.95;15.88;56.67;46.84;53.07;32.34;16.56;25.32;25.5;;22.26;12.71;5.59;9.94;24.44;3.58;43.14;46.24;22.57;53.49;44.35;31.2;32.1;
O3;uur;µg/m³;2023-07-25T04:00:00+01:00;2023-07-25T05:00:00+01:00;40.7;31.2;45.3;54.2;61.1;30.54;7.69;15.92;33.11;3.69;7.91;18.08;9.62;20;44.31;53.01;61.49;47.78;23.35;14.44;62.79;39.63;24.88;58;52.87;55.46;27.87;16.06;22.88;30.64;;21.18;28.62;4.45;3.64;17.03;3.15;44.73;46.13;29.21;54.93;49.5;46.7;45.4;
O3;uur;µg/m³;2023-07-25T05:00:00+01:00;2023-07-25T06:00:00+01:00;38.1;10.3;32.3;52.8;62.8;25.64;9.82;18.68;24.4;2.39;3.72;13.33;4.34;20.87;51.8;47.2;61.55;45.33;39.57;20.39;64.29;48.94;27.4;58.67;51.44;55.89;36.46;26.48;28.58;19.86;;30.26;23.44;4.88;1.18;10.01;3.51;44.47;50;28.11;51.37;36;36.9;34.9;
O3;uur;µg/m³;2023-07-25T06:00:00+01:00;2023-07-25T07:00:00+01:00;36;12.7;36.3;52.9;62.2;24.41;26.28;22.2;32.27;8.19;16.31;19.19;19.54;24.36;46.64;54.07;61.17;35.32;28.16;39.66;65.53;48.31;39.49;59.08;56.11;52.81;24.21;37.6;46.15;48;;49.15;32.34;9.62;7.64;11.96;8.28;41.23;54.82;29.81;54.83;35.76;39.4;41.3;
O3;uur;µg/m³;2023-07-25T07:00:00+01:00;2023-07-25T08:00:00+01:00;43.1;29.8;46;56.9;62.5;36.4;32.74;34.58;43.75;22.35;42.82;31.22;48.32;30.33;57.96;58.44;61.74;44.49;40.17;43.74;67.79;55.61;50.22;60.36;58.59;53.51;48.83;40.28;43.66;46.46;;48.22;41.03;22.92;15.28;26.11;30.69;50.52;60.55;38.63;59.75;46.1;48.6;46.4;
O3;uur;µg/m³;2023-07-25T08:00:00+01:00;2023-07-25T09:00:00+01:00;50.2;39;55.6;58;63.6;43.97;39.88;43;50.72;41.07;42.32;41.74;47.14;40.34;63.04;58.27;64.87;56.88;52.9;50.48;68.39;58.67;56.42;62.32;61.29;56.8;58;51.03;53.49;56.43;;58.01;51.46;35.58;43.36;41.39;43.15;57.8;62.7;52.34;66.58;61.46;58.3;55;
O3;uur;µg/m³;2023-07-25T09:00:00+01:00;2023-07-25T10:00:00+01:00;54.2;47;59.4;61.1;67;49.74;46.54;45.15;52.76;54.67;50.49;43.64;59.05;49.48;65.36;63.78;66.9;60.41;60.8;56.61;70.43;63.57;59.57;65.6;63.59;60.23;64.68;57.42;57.13;60.23;;62.52;53.37;39.08;60.89;53.08;59.67;61.3;62.66;61.67;66.48;66.04;62.5;57;
O3;uur;µg/m³;2023-07-25T10:00:00+01:00;2023-07-25T11:00:00+01:00;60;46.9;62.3;63.6;69.6;55.67;51.28;51.48;58.11;60.52;59.79;53.93;61.08;60.75;68.91;67.08;66.95;65.12;63.22;63.37;68.76;64.49;65.03;66.13;62.09;58.83;66.87;60.6;60.4;63.63;;66.3;59.44;42.86;64.67;57.28;62.82;63.47;63.95;65.29;66.86;65.58;64.1;57.8;62.4
O3;uur;µg/m³;2023-07-25T11:00:00+01:00;2023-07-25T12:00:00+01:00;60.1;47.4;64.6;64.7;70.2;53.46;57.58;55.8;62.57;59.27;65.09;59.93;69.03;66.14;73.43;71.84;66.41;67.46;64.98;54.58;69.42;64.07;66.81;66.72;65.7;60.82;68.33;63.83;63.08;67.35;;69.37;65.81;52.45;67.62;65.41;67.95;63.95;63.93;68.12;68.48;68.87;61.4;56.5;60.6
O3;uur;µg/m³;2023-07-25T12:00:00+01:00;2023-07-25T13:00:00+01:00;56.9;50.4;63.4;63.3;69.9;54.51;66.53;58.17;64;66.9;69.85;60.98;72;60.66;74.28;75.01;67.65;67.51;67.04;69.07;70.41;65.6;67.26;67.72;66.43;61.8;66.04;64.1;58.45;63.87;;66.07;63.08;61.17;69.39;69.71;68.89;63.68;65.03;64.69;68.56;69.87;62.8;58.2;61.6
O3;uur;µg/m³;2023-07-25T13:00:00+01:00;2023-07-25T14:00:00+01:00;59.1;53;67.2;64.1;70.2;60.55;75.14;62.7;69;76.3;75.23;68.58;72.91;73.12;76.18;76.48;69.81;71.04;65.96;67.6;73.58;68.27;67.56;69.86;66.02;64.27;66.03;64.88;59.57;63.46;;66.41;64.69;67.52;67.49;73.02;68.52;63.38;65.01;64.63;68.38;68.77;65.6;58.1;62.4
O3;uur;µg/m³;2023-07-25T14:00:00+01:00;2023-07-25T15:00:00+01:00;60.2;53;70.4;70.1;73.3;62.34;78.01;64.5;69.69;75.61;75.63;72.04;72.51;78.18;75.62;77.47;69.7;73.08;67.19;71.39;75.84;68.65;71.7;69.27;66.83;65.06;67.3;69.52;58.26;64.44;;65.51;64.97;69.38;68.26;71.58;65.41;62.21;68.16;63.02;68.02;68.84;68.7;64.1;66.6
O3;uur;µg/m³;2023-07-25T15:00:00+01:00;2023-07-25T16:00:00+01:00;61.2;53.7;72.4;63.7;77.2;71.94;76.3;56.8;64.91;74.56;74.58;69.09;75.26;76.95;81.7;79.87;74.56;73.86;68.23;73.55;78.33;70.97;71.84;72.71;74.9;66.82;67.81;70.2;66.01;72.89;;73.81;68.9;65.86;68.31;71.08;62.93;64.39;66.21;63.31;71.16;68.68;70.5;62;66.2
O3;uur;µg/m³;2023-07-25T16:00:00+01:00;2023-07-25T17:00:00+01:00;63.8;55.7;75.9;66.4;72.9;75.34;73.37;65.52;74.23;76.38;78.17;68.43;76.54;75.01;84.29;81.24;73.7;76.37;67.11;74.76;80.69;73.81;75.28;72.5;77.52;69.11;72.61;71.44;66.62;73.48;;74.41;71.84;65.54;71.37;69.12;67.82;65.7;69.75;62.66;67.22;70.05;72.2;63;70.3
O3;uur;µg/m³;2023-07-25T17:00:00+01:00;2023-07-25T18:00:00+01:00;60.9;54.3;71.4;63.6;75;77;74.59;68.43;78.53;77.86;79.79;70.66;74.29;76.59;83.3;76.48;74.9;73.2;67.73;74.61;79.85;71.57;70.24;73.07;76.99;68.72;80.94;74.02;68.79;74.68;67.73;75.65;73.31;69.62;72.92;73.6;67.68;64.72;76.89;63.86;65.08;65.34;67.4;64.4;73.7
O3;uur;µg/m³;2023-07-25T18:00:00+01:00;2023-07-25T19:00:00+01:00;69.4;54.2;71.2;63.3;65.8;73.44;74.76;68.49;75.29;76.22;79.96;72.29;75.92;75.66;79.21;73.06;74.76;72.71;73.65;69.97;71.92;72.24;69.99;71.91;77.89;66.91;76.12;70.58;68.92;75.52;67.21;76.95;67.89;68.51;75.14;73.85;67.88;74.03;72.41;61.48;63.53;61.46;70.2;63.6;70.7
O3;uur;µg/m³;2023-07-25T19:00:00+01:00;2023-07-25T20:00:00+01:00;68;55.1;71.2;61.6;64;72.35;71.91;69.51;75.47;66.16;74.03;68.9;76.78;71.45;79.76;70.66;73.26;71.64;64.82;70.39;69.54;69.33;72.06;67.22;71.37;56.88;71.74;66.17;66.02;69.47;61.82;72.75;65.6;65.57;69.56;64.6;70.68;69.69;68.21;60.18;55.52;59.34;64.1;57;68.4
O3;uur;µg/m³;2023-07-25T20:00:00+01:00;2023-07-25T21:00:00+01:00;65.3;44.1;67.8;56.2;62.5;65.47;61.03;34.02;70.89;64.74;69.07;61.67;72.42;64.11;80.38;68.27;70.15;66.04;62.57;66.79;75.2;71.85;65.13;66.21;59.51;65.05;66.98;60.41;62.35;67.43;47.94;67.64;56.79;49.52;66.04;68.63;65.3;66.92;66.98;52.09;52.44;54.23;59.7;51;63.9
O3;uur;µg/m³;2023-07-25T21:00:00+01:00;2023-07-25T22:00:00+01:00;64.5;46.7;59.9;53.2;68.8;61.5;44.78;19.85;56.78;52.23;68.44;45.33;65.37;50.41;83.05;50;69.98;63.36;59.9;60.73;73.05;67.42;57.44;64.51;62.85;63.12;63.6;58.82;56.53;63.29;46.4;62.42;55.14;42.94;67.21;61.29;59.64;65.71;64.9;38.82;46.16;57.2;50.5;49.4;63.3
O3;uur;µg/m³;2023-07-25T22:00:00+01:00;2023-07-25T23:00:00+01:00;65.8;45.7;64.9;57;74.2;53.19;24.16;28.86;28.91;46.87;66.61;43.95;57.01;43.25;77.93;46.61;70.65;60.8;57.66;57.97;71.71;68.42;65.22;68.13;60.92;57.48;54.53;51.66;55.4;59.93;45.73;62.96;50.23;38.48;60.25;55.12;53.73;62.21;60.64;29.88;46.16;55.87;41.2;46.1;49.8
O3;uur;µg/m³;2023-07-25T23:00:00+01:00;2023-07-26T00:00:00+01:00;53.1;52.7;66.2;58.1;69.5;36.88;22.84;22.98;21.42;38.09;54.39;50.19;58.6;46.31;83.58;44.49;69.91;64.61;51.84;63.48;71.01;66.99;63.55;67.16;54.26;58.31;48.78;35.32;50.2;51.34;42.13;57.19;50.59;35.55;54.62;49.01;47.42;57.74;58.33;32.22;43.61;54.95;34;39.2;49.6
O3;uur;µg/m³;2023-07-26T00:00:00+01:00;2023-07-26T01:00:00+01:00;60.3;39.2;62.7;43.2;67.1;35.15;30.43;25.93;43.32;33.48;51.77;52.87;53.88;38.04;73.91;39.9;72.07;60.62;50.95;57.28;68.66;66.99;52.29;69.34;48.8;58.44;39.52;31.02;46.13;52.46;39.79;51.49;37.34;27.12;45.12;42.9;44.4;55.77;56.8;34.62;40;51.03;39.3;43.4;48.7
O3;uur;µg/m³;2023-07-26T01:00:00+01:00;2023-07-26T02:00:00+01:00;54.5;40.1;52.3;45.3;61.9;38.77;30.21;23.36;44.1;28.32;44.6;48.77;49.83;41.76;67.42;38.22;71.43;54.1;44.17;45.76;70.41;63.35;23.82;68.61;46.73;53.2;41.22;35.16;38.9;47.73;35.63;39;30.83;27.66;42.66;46.07;40.62;54.86;55.27;28.22;40.3;50.98;39.8;46;43.6
O3;uur;µg/m³;2023-07-26T02:00:00+01:00;2023-07-26T03:00:00+01:00;51.9;43.2;46;19.6;63.7;37.77;32.08;23.34;45.89;37.01;42.31;44.38;42.88;46.78;57.4;32.75;70.95;50.42;45.22;33.78;71.33;50.45;15.22;66.59;47.47;48.4;32.65;29.61;39.36;39.77;29.33;32.9;22.63;31.61;38.19;44.55;37.15;54.12;53.63;25.64;40.81;47.29;36.6;41.2;33.8
O3;uur;µg/m³;2023-07-26T03:00:00+01:00;2023-07-26T04:00:00+01:00;57.9;24.5;34.2;29.3;60.4;34.41;21.77;29.65;39.7;51.04;45.73;57.38;43.55;62.61;42.55;32.84;65.73;32.09;36.67;26.13;67.67;28.45;6.47;47.89;43.3;39.34;26.46;27.85;33.96;25.71;30.79;25.01;13.82;27.41;36.85;30.07;30.54;48.62;48.13;25.46;36.66;46.02;27.4;35.8;22.9
O3;uur;µg/m³;2023-07-26T04:00:00+01:00;2023-07-26T05:00:00+01:00;33;7.6;39.9;34.1;49.4;28.58;15.91;30.4;37.29;43.14;33.06;54.17;35.58;41.26;41.87;24.51;63.45;13.14;25.77;25.67;63.31;16.8;5.09;30.63;41.17;34.15;27.38;24.2;28.17;13.31;18.52;23.96;16.92;18.87;39.38;25.69;28.85;37.93;49.83;26.17;39.16;42.72;25.5;27.8;18.2
O3;uur;µg/m³;2023-07-26T05:00:00+01:00;2023-07-26T06:00:00+01:00;34.8;10.2;20.9;21;58.4;25.23;23.32;28.48;35.83;25.24;25.83;34.28;27.72;20.34;52.38;21.53;51.23;35.58;25.78;21.45;65.57;8.29;8.98;14.95;40.92;33.82;32.69;24.51;15.95;15.55;12.5;22.47;20.48;15.26;31.02;20.92;25.73;31.51;57.93;23.71;36.38;40.83;31.4;25.3;26.2
O3;uur;µg/m³;2023-07-26T06:00:00+01:00;2023-07-26T07:00:00+01:00;32.1;16.3;26.2;24;54.3;26.51;34.15;32;41.05;26.81;22.61;29.28;22.69;27.67;57.57;22.03;64.42;19.6;40.77;19.15;64.51;42.53;23.3;54.89;54.33;25.6;29.08;30.65;16.35;20.52;13.29;25.96;21.77;17.1;25.09;23.08;30.54;22.3;43.44;36.62;41.49;42.15;32.7;23.2;29.2
O3;uur;µg/m³;2023-07-26T07:00:00+01:00;2023-07-26T08:00:00+01:00;29.2;19.7;27.7;38.6;53.9;36.87;38.7;37.13;44.48;26.94;21.74;32.92;20.29;36.32;54.75;29.72;56.62;27.82;40.46;42.87;61.24;49.77;30.19;55.06;53.34;32.26;29.3;48.68;29.23;38.43;24.02;44.03;24.97;34.48;26.55;28.9;34.73;33.44;57.38;34.73;49.56;47.4;28.1;20.1;20.6
O3;uur;µg/m³;2023-07-26T08:00:00+01:00;2023-07-26T09:00:00+01:00;30.2;40.2;54.6;42.1;54.7;48.99;35.57;50.56;49.23;30.38;29.03;28.82;32.96;37.06;56.62;53.03;58.19;53.74;48.97;41.5;63.87;54.69;46.46;56.86;53.67;42.1;37.4;41.57;32.23;32.92;37.21;44.2;40.68;42.03;36.88;27.36;37.12;48.69;60.46;33.59;58.57;58.43;37.9;24.3;35.7
O3;uur;µg/m³;2023-07-26T09:00:00+01:00;2023-07-26T10:00:00+01:00;47.3;43.8;58.3;50;60.4;53.32;41.68;51.46;56.82;43.42;55.45;40.29;53.31;47.69;59.83;64.7;63.48;58.64;51.44;40.63;65.2;61.08;53.13;60.55;57.8;55.76;54.96;47.61;35.95;40.16;43.06;44.6;50.51;40.46;51.94;38.09;43.13;52.83;61.47;39.86;61.8;62.49;45.8;41;49.6
O3;uur;µg/m³;2023-07-26T10:00:00+01:00;2023-07-26T11:00:00+01:00;51;45.5;58.4;51.1;65;58.98;56.66;57.03;64.27;47.78;61.5;51.92;62.62;56.78;68.8;68.84;65.24;62.9;58.89;56.78;67.45;64.65;54.2;62.74;61.54;55.56;61.69;57.5;47.71;53.49;52.98;52.2;62.93;44.76;58.23;48.97;51.2;56.64;61.93;51.21;62.11;63.73;60.4;56.7;60
O3;uur;µg/m³;2023-07-26T11:00:00+01:00;2023-07-26T12:00:00+01:00;57.2;46.4;60.6;58.9;71.4;60.28;61.72;63.77;70.59;55.52;66.58;56.84;65.39;61.44;75.27;72.1;69.46;62.55;64.55;62.04;69.58;66.89;66.44;65.7;62.47;56.52;61.12;64.43;56.13;61.24;59.97;63.38;64.47;67.55;56.06;50.79;66.82;61.95;61.6;64.07;55.68;66.09;61.9;56.9;59.1
O3;uur;µg/m³;2023-07-26T12:00:00+01:00;2023-07-26T13:00:00+01:00;62.7;55.3;69;67.2;75.8;67.18;68.68;70.57;71.47;68.57;70.47;61.82;69.33;66.95;80.41;75.91;75.38;71.12;68.48;67.62;73.7;72.06;73.09;70.07;68.57;63.05;65.19;65.62;63.03;67.12;61.8;69.28;69.39;60.48;61.89;56.06;68.34;57.44;63.69;66.03;62.22;60.79;66.5;60.6;65.8
O3;uur;µg/m³;2023-07-26T13:00:00+01:00;2023-07-26T14:00:00+01:00;61.4;59.3;72.6;67.8;76.4;73.33;69.7;76.37;78.95;72.57;73.71;67.33;72.8;74.46;80.54;77.55;81.47;73.29;67.94;71.64;77.33;76.35;74.88;76.16;71.34;63.58;69.87;67.68;63.69;68.92;64.91;70.74;70.51;60.17;69.79;70.3;62.2;56.86;68.4;65.58;67.49;61.42;70.6;64.1;68.9
O3;uur;µg/m³;2023-07-26T14:00:00+01:00;2023-07-26T15:00:00+01:00;62.4;60.7;72.7;67.3;73.5;80.24;76.15;80.16;83.24;74.88;78.48;69.7;74.1;77.36;80.24;77.98;81.62;74.77;67.8;70.92;83.61;75.11;73.38;75.22;73.84;66.85;75.08;72.27;65.1;72.11;67.45;72.37;72.76;64.31;73.2;72.81;64.41;63.55;70.93;62.21;69.67;64.73;67.1;64.6;70.3
O3;uur;µg/m³;2023-07-26T15:00:00+01:00;2023-07-26T16:00:00+01:00;65.3;56.9;72.9;66.7;72;85.01;75.78;84.78;88.61;78.39;79.07;70.54;76.76;81.55;77.7;76.96;75.36;72.58;69.72;70.55;87.59;73.38;74.84;68.18;72.63;71.64;76.28;73.42;69.81;76.16;71.16;76.54;73.9;69.02;73.03;76.38;69.18;67.89;74.67;63.33;67.85;69.45;73.4;67.6;73.3
O3;uur;µg/m³;2023-07-26T16:00:00+01:00;2023-07-26T17:00:00+01:00;67;57.6;72.8;62.1;68.7;85.94;81.29;90.32;93.85;81.28;81.01;74.77;78.02;87.64;77.38;73.93;74.38;73.03;70.77;72.97;88.7;70.15;71.48;62.98;73.4;72.77;75.93;73.41;70.74;75.82;70.78;77.45;72.63;69.02;77.53;77.13;76.31;71.25;73.02;66.2;67.83;66.19;76.5;69.4;76.2
O3;uur;µg/m³;2023-07-26T17:00:00+01:00;2023-07-26T18:00:00+01:00;64.6;54.2;69.7;61.8;63.1;89.65;82.94;89.55;94.5;82.86;80.49;78.6;80.04;89.83;78.57;70.2;74.33;66.83;68.87;75.11;84.94;70.45;70.92;64.34;77.51;72.02;75.82;69.62;70.21;75;68.61;77.67;71.45;60.13;79.44;77.63;76.37;72.58;69.77;70.17;71.56;69.16;76.3;70.7;77.8
O3;uur;µg/m³;2023-07-26T18:00:00+01:00;2023-07-26T19:00:00+01:00;68.3;60.4;72.2;59.3;58.5;86.25;82.18;89.09;91.6;78.03;76.91;80.83;78.98;86.09;81;73.6;72.92;69.47;66.99;76.29;81.68;67.75;70.44;59.81;76.06;71.95;74.5;66.03;64.17;69.25;60.55;72.92;66.37;59.42;77.74;77.49;74.54;73.04;69.99;69.45;68.86;70.63;67.2;68.2;72.9
O3;uur;µg/m³;2023-07-26T19:00:00+01:00;2023-07-26T20:00:00+01:00;67.8;57.9;67.8;57.3;64.3;80.4;61;73.18;85.75;62.78;72.56;71.21;77.17;80.07;77.08;74.32;68.11;69.13;54.78;67.82;66.23;58.59;71.53;48.96;72.46;64.11;66.85;54.52;56.89;60.22;47.13;67.13;60.92;57.99;70.75;72.83;69.57;70.59;66.19;63.44;65.01;68.09;47;62.9;68
O3;uur;µg/m³;2023-07-26T20:00:00+01:00;2023-07-26T21:00:00+01:00;61.8;57.9;66;32.7;67.4;54.74;41.83;44.61;75.02;41.8;60.28;68.01;73.78;65.93;74.32;48.99;66;67.2;58.12;62.9;55.88;64.42;60.91;53.2;53.31;52.34;50.96;43.33;49.3;63.03;34.07;61.79;56;60.46;45.31;54.08;58.49;56.4;61.82;49.29;47.47;64;57.1;50.5;43.1
O3;uur;µg/m³;2023-07-26T21:00:00+01:00;2023-07-26T22:00:00+01:00;63.4;58.5;65.4;57.1;59;53.67;32.74;31.66;67.17;28.86;48.38;64.61;64.22;59.05;65.8;50.16;62.32;56.3;44.3;47.1;51.56;62.53;57.66;46.98;60;50.04;37.46;45.44;50.31;46.36;28.76;63.01;41.94;58.59;11.47;40.8;26.56;38.02;61.32;38.21;40.09;57;50.3;29;33.8
O3;uur;µg/m³;2023-07-26T22:00:00+01:00;2023-07-26T23:00:00+01:00;54.1;51.8;57.8;50.3;60.9;53.52;48.03;37.71;66.22;22.62;42.27;46.16;58.94;46.97;58.02;54.48;48.39;53.2;25.76;38.24;45.62;59.25;49.75;44.28;56.18;44.79;28.9;43.07;40.51;25.85;27.9;42.92;26.55;50.68;22.96;46.15;22.62;30.75;54.42;46.02;37.53;56.79;57.6;45.8;49.3
O3;uur;µg/m³;2023-07-26T23:00:00+01:00;2023-07-27T00:00:00+01:00;45.8;40.5;54.9;29.2;48.4;51.82;46.48;60.37;66.23;18.16;55.58;55.12;58.33;49.03;57.62;49.69;51.48;57.58;39.87;50.15;53.91;54.86;46.45;45.32;45.48;50.08;28.5;42.53;47.71;35.79;30.91;48.24;29.25;39.1;39.96;55.61;40.19;38.84;53.61;36.92;38.38;62.46;60.4;51.2;56.1
O3;uur;µg/m³;2023-07-27T00:00:00+01:00;2023-07-27T01:00:00+01:00;50.7;46.1;47.7;36.4;52.9;52.09;47.37;65.56;69.79;23.4;47.22;53.6;53.03;53.64;53.45;44.22;56.77;43.12;52.62;52.13;57.3;53.33;47.78;49.61;28.85;50.22;41.97;42.78;33.52;35.93;40.52;36.37;29.51;36.78;29.66;60.74;38.85;41.85;47.72;30.73;37.83;55.43;54.8;49.4;54.1
O3;uur;µg/m³;2023-07-27T01:00:00+01:00;2023-07-27T02:00:00+01:00;48.3;49;50.2;39.2;44.2;55.23;46.08;66.41;70.18;24.83;28.2;56.55;47.55;51.92;48.7;46.97;50.67;50.45;53.13;44.23;56.59;47.68;50.74;48.31;47.59;43.61;38.77;39.19;37.73;43.73;39.05;41.73;38.24;37.08;40.6;41.23;37.13;37.76;57.27;28.32;33.31;45.82;56.9;50.4;53.1
O3;uur;µg/m³;2023-07-27T02:00:00+01:00;2023-07-27T03:00:00+01:00;36;50.4;44.5;31.9;42.7;;;;;;;;;;;;;;;;;;;;;;;;;;;;;;;;;;;;;;42.6;39.8;39.1
O3;uur;µg/m³;2023-07-27T03:00:00+01:00;2023-07-27T04:00:00+01:00;36.2;45.2;41.8;37.2;43.5;47.71;35.37;61.41;69.27;37.85;45.1;42.27;36.46;35.38;52.68;46.11;47.62;50.16;42.4;43.28;49.16;45.09;36.76;41.95;42.83;41.46;45.53;45.55;50.29;58.19;47.52;58.39;44.5;22.85;45.89;33.99;43.06;40.06;49.88;31.54;34.41;40.59;43.7;39.2;39.2
O3;uur;µg/m³;2023-07-27T04:00:00+01:00;2023-07-27T05:00:00+01:00;38.1;43.7;41.3;40.5;44.5;52.02;37.86;49.25;60.59;38.84;40.84;33.87;44.79;34.69;43.08;42.98;46.1;52.55;48.63;46.36;51.89;41.72;37.29;38.19;40.39;47.73;52.86;43.56;40.1;46.75;50;48.27;39.81;21.25;40.91;39.55;42.09;38.24;49.6;36.07;35.99;40.22;51;52.6;48.8
O3;uur;µg/m³;2023-07-27T05:00:00+01:00;2023-07-27T06:00:00+01:00;36.3;34.1;34.4;33.6;37;46.99;47.96;45.23;52.27;40.38;36.09;42.89;41.7;46.39;40.23;37.9;37.51;43.6;42.14;43.96;47.43;35.84;35.6;29.01;50.62;43.05;48.61;43.37;35.8;43.04;44.21;42.91;42.49;29.65;41.66;45.77;35.79;42.05;45.48;39.7;39.22;39.14;47.6;48;49.4
O3;uur;µg/m³;2023-07-27T06:00:00+01:00;2023-07-27T07:00:00+01:00;31.2;22.4;25;26.4;44.1;42.1;47.67;44.9;47.01;40.44;26.76;41.09;34.44;42.57;48.16;37.42;38.69;26.74;38.81;37.13;41.86;34.23;23.06;30.22;56.12;33.05;48.28;37.62;30.49;36.52;36.64;40.83;37.24;39.85;43.17;45.37;40.48;41.14;48.17;38.84;37.87;39.35;42.5;36.2;40.1
O3;uur;µg/m³;2023-07-27T07:00:00+01:00;2023-07-27T08:00:00+01:00;42;26.2;27.3;34.3;33.5;39.38;41.66;39.8;43.67;36;36.98;33.98;29.32;36.13;47.5;40.19;42.46;34.59;43.49;29.52;48.83;40.75;30.78;34.26;44.12;25.44;44;29.53;23;28.14;23.13;31.33;31.95;39.16;37.7;40.44;45.37;39.15;47.38;40.82;42.98;43.65;34.1;25.6;30.4
O3;uur;µg/m³;2023-07-27T08:00:00+01:00;2023-07-27T09:00:00+01:00;40.4;31.2;30.8;35;35;34.02;36.32;32.95;37.48;31.92;38.43;26.82;35.44;31.95;42.78;39.31;47.56;38.93;40.41;38.79;48.76;36.46;36.68;40.91;36.97;33.94;37.05;32.44;26.95;27.16;24.64;30.94;34.55;33.12;35.35;33.39;44.65;36.64;42.15;43.68;51.71;52.32;22.6;16.7;23
O3;uur;µg/m³;2023-07-27T09:00:00+01:00;2023-07-27T10:00:00+01:00;38.5;31.4;29.8;32.8;34.4;32.8;33.15;29.99;35.96;34.5;33.67;26.39;36.13;32.98;40.39;37.77;45.37;36.42;39.39;37.75;48.2;36.69;30.27;39.09;29.06;33.48;33.63;36.82;30.74;32.33;34.54;35.19;33.68;32.4;32.33;30.77;40.33;34.05;37.5;42.59;52.39;52.37;32;36.8;35.6
O3;uur;µg/m³;2023-07-27T10:00:00+01:00;2023-07-27T11:00:00+01:00;38.2;29.2;26.9;34.3;39.8;34.62;34.27;30.76;34.58;35.19;32.87;31.34;32.79;33.95;45.61;36.58;48.21;37.83;37.56;36.01;48.3;38.14;31.31;37.57;39.94;34.64;35.14;37.45;28.47;29.6;33.57;32.35;33.81;27.99;31.87;30.62;33.82;31.38;34.92;40.46;49.46;48.12;17.8;32.1;36.3
O3;uur;µg/m³;2023-07-27T11:00:00+01:00;2023-07-27T12:00:00+01:00;39.6;34.7;29.8;36.5;40.4;35.45;37.41;33.34;36.62;36.05;33.85;32.96;33.25;37.42;48.3;37.99;46.39;36.36;40.2;35.5;48.97;39.7;39.36;39.32;;36.33;40.37;38.85;29.77;30.65;36.69;32.14;33.38;22.77;35.82;32.18;29.29;29.72;37.01;35.71;44.79;41.74;37.2;36.6;40.4
O3;uur;µg/m³;2023-07-27T12:00:00+01:00;2023-07-27T13:00:00+01:00;41.9;34.8;33.8;39;40.4;32.6;38;32.19;35.16;33.65;36.41;31.67;32.81;32.52;49.98;40.77;47.07;34.45;45.79;35.17;47.23;39.02;41.34;37.28;;34.59;42.44;39.98;31.28;33.35;38.18;33.67;42.19;26.06;37.31;33.17;29.87;36.01;44.94;31.95;39.84;38;35.8;38;40.9
O3;uur;µg/m³;2023-07-27T13:00:00+01:00;2023-07-27T14:00:00+01:00;42.6;35.5;36.5;39.2;41.7;34.85;34.6;29.93;30.8;33.45;40.79;29.3;36.91;32.83;54.26;41.78;48.85;35.97;46.03;44.33;47.87;39.01;39.45;39.5;;32.08;47.71;40.27;34.78;37.89;37.71;37.15;45.22;27.59;36.12;34.63;32.21;40.91;47.38;34.66;38.1;33.84;36.7;35.8;39
O3;uur;µg/m³;2023-07-27T14:00:00+01:00;2023-07-27T15:00:00+01:00;46;37.3;40.3;43.5;42.5;32.74;34.88;31.8;32.48;35.44;40.17;29.4;38.56;33.14;55.9;42.61;51.6;46.72;48.45;47.09;51.22;42.43;42.85;41.01;44.61;37.63;46.11;41.64;38.18;38.15;38.16;40.06;46.92;23.82;43.33;33.72;36.18;42.68;48.06;37.27;41.01;35.53;37.8;37.1;41.6
O3;uur;µg/m³;2023-07-27T15:00:00+01:00;2023-07-27T16:00:00+01:00;46.6;39.2;41.7;42.3;48.1;34.3;34.26;33.95;35.04;36.91;41.81;30.21;40.47;32.31;54.83;43.65;53.53;49.9;51.19;49.61;55.42;47.53;40.05;43.78;44.48;40.54;46.4;44.39;36.41;43.38;39.51;38.37;47.56;26.13;47.14;32.02;41.21;42.19;44.07;38.49;45.22;39.59;41.4;43.8;45.3
O3;uur;µg/m³;2023-07-27T16:00:00+01:00;2023-07-27T17:00:00+01:00;45.9;40;39.1;43.9;44.3;35.32;34.34;33.87;35.84;37.93;42.3;30.75;41.71;34.05;55.36;42.84;52.81;47.71;50.34;48.98;54.49;44.56;36.73;42.05;49.33;41.79;48.18;45.21;35.57;43.7;41.51;40.57;46.59;28.11;47.14;35.75;42.5;41.22;42.99;45;49.23;46.49;43.3;43.7;46.5
O3;uur;µg/m³;2023-07-27T17:00:00+01:00;2023-07-27T18:00:00+01:00;49.7;43.3;44.3;46.9;42.9;32.9;34.17;34.17;35.65;36.89;42.32;30.7;42.51;35.01;57.34;43.69;53.11;50.88;51.68;49.74;52.19;48.11;41.76;42.25;49.59;37.21;49.37;42.58;37.82;43.9;40.32;39.87;47.69;30.79;46.2;36.4;42.48;41.18;46.82;43.42;46.1;46.18;31;43.5;46.3
O3;uur;µg/m³;2023-07-27T18:00:00+01:00;2023-07-27T19:00:00+01:00;49.6;36.9;39.6;43.3;49.7;34.33;34.88;36.99;38.53;37.75;41.62;33.62;41.7;36.11;54.67;43.34;52.35;51.31;53.14;49.28;55.08;48.07;37.47;39.52;49.83;41.87;46.49;46.61;38.26;45.75;42.35;42.41;49.41;30.4;45.86;36.91;41;41.88;44.93;37.94;47.48;46.3;31.1;45;46.4
O3;uur;µg/m³;2023-07-27T19:00:00+01:00;2023-07-27T20:00:00+01:00;49.3;32.6;44;46.9;42.7;34.26;34.93;38.69;40.58;35.35;36.18;34.38;41.02;35.32;55.04;41.8;49.12;50.59;51.35;46.74;54.53;43.65;34.26;39.61;45.36;42.99;44.62;45.35;39.52;45.16;42.82;44.14;49.63;30.5;47.76;33.97;39.46;39.32;46.7;38.66;42.4;42.91;30;46.3;47.9
O3;uur;µg/m³;2023-07-27T20:00:00+01:00;2023-07-27T21:00:00+01:00;48.5;32.2;39.6;47.7;42.3;38.13;33.48;37.42;41.25;37.21;37.77;32.76;38.09;32.36;49.21;41.12;48.23;50.79;52.11;42.22;53.26;46.93;32.47;37.76;46.22;42.38;45.71;45.5;39.72;45.04;43.05;42.94;47.7;26.28;46.27;32.6;40.25;41.72;45.12;39.11;43.52;40.02;10.9;46.3;46.3
O3;uur;µg/m³;2023-07-27T21:00:00+01:00;2023-07-27T22:00:00+01:00;44.7;36.2;42.7;47.2;42.2;37.18;33.96;38.41;43.53;33.69;35.31;33.37;38.52;35.17;42.83;36.02;45.67;49.53;42.8;40.29;50.23;45.6;33.18;36.11;44.84;39.87;44.98;43.62;37.82;44.69;41.76;41.44;44.75;22.73;44.48;29.71;41.5;41.14;45.23;38.96;42.75;39.07;10.9;44.6;43.5
O3;uur;µg/m³;2023-07-27T22:00:00+01:00;2023-07-27T23:00:00+01:00;41.8;35.4;40.9;44.8;37.1;34.98;35.17;36.75;41.83;32.37;26.92;32.95;35.15;34.09;37.3;34.62;45.42;44.41;41.62;39.01;50.79;45.72;32.41;40.48;41.04;38.28;44.4;44.13;38.09;43.04;41.67;40.95;38.72;20.68;41.14;29.28;40.61;38.96;42.16;37.64;40.27;37.5;9.6;43;43.6
O3;uur;µg/m³;2023-07-27T23:00:00+01:00;2023-07-28T00:00:00+01:00;40.2;37.8;36.2;37.3;36.7;33.02;31.87;35.33;41.61;31.49;29.64;31.72;30.43;32.48;41.31;33.77;45.95;39.3;36.27;35.29;49.99;43.67;39.65;37.53;38.68;40.68;43.51;43.03;33.95;37.07;42.22;37.16;33.72;20.03;36.85;28.14;39.26;36.32;40.09;36.82;39.43;35.98;7.6;44.1;42.2
O3;uur;µg/m³;2023-07-28T00:00:00+01:00;2023-07-28T01:00:00+01:00;40.2;38;35.9;38;31.6;32.18;27.92;32.63;40.46;27.81;31.52;28.8;28.54;30.5;44.02;36.39;40.89;42.11;40.26;32.73;46.23;41.05;34.88;33.75;39.22;37.57;43.77;39.87;29.93;35.33;39.95;31.53;38.3;20.41;36.74;26.6;38.76;35.99;38.36;36.95;39.52;38.08;38;41.9;41.6
O3;uur;µg/m³;2023-07-28T01:00:00+01:00;2023-07-28T02:00:00+01:00;39.1;35.7;34;35.2;26.1;32.7;26.75;29.66;36.33;24.69;30.39;27.32;30.65;28.91;44.9;35.34;33.24;40.06;41.67;39.25;41.07;35.93;33.1;32.12;37.54;33.02;42.56;34.42;29.3;36.62;35.5;30.75;40.9;18.69;34.24;24.42;36.4;35.45;36.5;36.52;39.2;38.99;34.8;38.2;37.4
O3;uur;µg/m³;2023-07-28T02:00:00+01:00;2023-07-28T03:00:00+01:00;36.9;24.8;22.2;33.6;28.3;30.35;25.96;31;34.34;23.48;31.68;26.2;32.52;27.16;41.92;30.58;27.15;37.88;41.87;39.95;36.92;31.21;22.39;26.83;34.43;30.04;38.47;31.87;30.4;36.22;32.47;31.29;39.1;14.08;34.91;23.57;32;34.87;32.46;32.82;37.68;36.92;31.5;34.1;34.3
O3;uur;µg/m³;2023-07-28T03:00:00+01:00;2023-07-28T04:00:00+01:00;32.1;21.8;23.9;28.6;21.3;29.38;25.96;30.49;32.72;26.17;27.98;23.63;30.63;25.11;34.99;28.35;30.4;33.65;39.51;37.3;32.44;30.23;17.84;23.67;28.68;26.31;35.09;28.65;28.52;36.49;28.79;30.99;34.56;14.87;34.61;24.55;28.77;33.1;30.05;31.87;36.3;35.02;27.4;30.8;30
O3;uur;µg/m³;2023-07-28T04:00:00+01:00;2023-07-28T05:00:00+01:00;29.4;15.3;17.8;25.4;18.2;27.25;24.1;29.64;30.58;28.32;22.88;24.52;26.22;24.81;32.58;27.24;31.23;25.58;33.67;32.3;29.97;23.63;15.76;18.45;26.13;21.48;30.85;24.83;27.86;32.61;23.79;29.72;32.98;9.46;33.47;24.87;25.71;29.27;26.84;29.94;30.1;32.33;22.4;25.9;25.4
O3;uur;µg/m³;2023-07-28T05:00:00+01:00;2023-07-28T06:00:00+01:00;25.9;14.1;15.5;24.4;12.3;23.81;24.83;27.83;30.22;23.49;21.89;23.43;20.77;20.84;33.5;25.42;27.28;15.51;30.72;26.19;28.32;17.49;13.45;14.16;17.14;17.92;26.98;23.09;22.06;26.41;19.67;25.44;28.11;10.36;30.93;24.24;24.19;27.83;25.69;27.45;30.65;30.35;19.9;21;22.1
O3;uur;µg/m³;2023-07-28T06:00:00+01:00;2023-07-28T07:00:00+01:00;24.2;12.8;15.9;20.1;9.3;21.5;26.65;25.16;28.6;15.98;18.75;17.55;16.15;19.35;31.76;26.71;22.1;12.98;29.95;24.53;24.96;14.53;17.89;11.14;20.11;14.89;24.97;20.51;18.05;20.43;18.68;21.93;23.9;12.39;28.89;20.85;25.24;25.27;26.4;24.52;31.14;26.24;16.3;17.8;19.5
O3;uur;µg/m³;2023-07-28T07:00:00+01:00;2023-07-28T08:00:00+01:00;24;13.4;20.6;21.9;13.6;22.07;21.83;23.15;23.53;16.41;22.59;18.47;19.48;20.34;27.95;25.97;23.32;18.8;28.5;19.52;24.3;14.67;24.78;13.3;23.59;15.41;25.92;19.16;16.03;17.98;18.2;19.46;23.15;12.53;26;19.42;26.57;24.85;26.69;23.83;37.25;26.74;17.3;16.5;17.4
O3;uur;µg/m³;2023-07-28T08:00:00+01:00;2023-07-28T09:00:00+01:00;21.4;17;21.4;20;18;21.21;22.87;22.99;22.76;22.6;24.83;21.53;20.87;23.38;23.03;27.23;26.55;22.76;26.44;21.44;24.07;21.27;20.52;14.91;28.57;13.68;25.6;22.43;18.2;20.23;19.46;19.98;27.2;12.85;27.74;18.93;25.09;26.26;27.38;27.59;39.91;35.71;17.9;17.7;20.4
O3;uur;µg/m³;2023-07-28T09:00:00+01:00;2023-07-28T10:00:00+01:00;22.1;14;21.1;20.5;20.6;23.81;24.84;27.19;27.09;25.6;25.39;20.8;22.76;22.64;27.34;26.17;27.08;23.98;21.57;21.67;27.51;24.26;20.98;18.59;32.34;17.46;23.68;33.44;25.78;30.16;26.99;29.43;27.22;14.89;28.23;21.32;23.76;26.95;32.22;29.17;41.57;34.37;24.1;22;24.7
O3;uur;µg/m³;2023-07-28T10:00:00+01:00;2023-07-28T11:00:00+01:00;25.3;17.1;19.8;21.9;24.1;31.13;25.89;29.86;32.26;30.53;28.75;22.24;25.78;27.04;27.63;26.87;28.34;24.73;25.15;20.08;30.1;21.96;28.48;22.48;34.35;19.28;27.01;36.01;27.59;32.59;32.39;31.41;28.03;16.27;32.92;22.39;22.35;25.5;38;35.52;41.35;42.28;30.3;25.9;27.9
O3;uur;µg/m³;2023-07-28T11:00:00+01:00;2023-07-28T12:00:00+01:00;29.4;19.6;28;28.1;35.9;34.6;28.8;31.39;32.86;38.1;28.53;28.15;;33.41;29.28;25.81;40.78;27.51;29.91;28.21;35.39;35.26;33.93;30.49;40.87;25.8;41.83;32.71;31.07;35.53;31.11;34.84;30.74;22.33;40.99;29.47;32.7;28.22;38.85;47.14;44.55;48.36;28;23.9;27.2
O3;uur;µg/m³;2023-07-28T12:00:00+01:00;2023-07-28T13:00:00+01:00;33.1;23.7;33.5;28.5;38.2;39.03;38.76;28.58;31.87;48.24;24.91;38.26;;43.13;24.29;30.84;46.73;25.5;37.41;35.61;37.53;36.88;36.18;37.75;40.86;28.97;38.6;40.26;29.9;34.72;31.62;33.73;36.45;36.85;42.99;36.85;43.81;42.16;42.93;44.35;53.52;52.23;36.3;32.2;36.3
O3;uur;µg/m³;2023-07-28T13:00:00+01:00;2023-07-28T14:00:00+01:00;31.9;26.1;38.1;26.8;34.1;36.79;48.06;32.15;36.05;42.78;26.24;37.17;;41.09;27.91;35.31;42.54;38.27;31.96;43.61;53.05;35.02;37.68;30.23;40.88;38.51;43.26;41.71;35.27;38.6;37.05;38.47;42.08;49.23;47.08;48.86;52.73;47.02;43.68;48.55;60.95;60.86;40.6;36.2;39.3
O3;uur;µg/m³;2023-07-28T14:00:00+01:00;2023-07-28T15:00:00+01:00;27.6;19.6;29.9;32.6;40;36.27;48.23;34.59;41.7;34.77;27.51;37.78;;41.25;28.26;42.98;36.32;31.48;28.83;30.72;52.89;36.88;26.58;27.3;45.03;45.96;48.93;49.17;42.66;45.39;45.02;48.43;44.22;54.35;58.62;54.68;48.11;56.31;45.65;60.49;65.2;67.01;55.1;52.4;56.4
O3;uur;µg/m³;2023-07-28T15:00:00+01:00;2023-07-28T16:00:00+01:00;29.8;22;31.6;28.1;40.4;39.06;45.81;38.85;41.53;40.3;39.21;40.16;24.92;47.63;33.51;50.84;42.31;33.43;33.47;31.02;44.93;42.03;33.05;30.6;48.59;42.16;53.45;38.6;43.8;47.14;43.63;48.89;38.16;59.88;69.45;58.68;49.94;56.67;50.49;65.97;70.44;68.89;59.7;55.3;56.1
O3;uur;µg/m³;2023-07-28T16:00:00+01:00;2023-07-28T17:00:00+01:00;31.2;20.8;31.8;36.5;45.1;44.12;47.31;46.3;51.07;37.88;45.92;39.57;30.31;50.87;48.64;54.39;45.08;32.07;38.02;35.3;50.83;46.94;29.16;34.79;60.69;39.16;62.76;37.26;36.56;38.63;34.68;40.98;38.14;60.7;61.77;57.1;58.87;59.36;52.33;71.63;71.86;69.58;43.4;40.8;42.8
O3;uur;µg/m³;2023-07-28T17:00:00+01:00;2023-07-28T18:00:00+01:00;31.5;20.9;40.7;41.1;56.4;50.4;50.32;56.78;54.76;51.6;53.31;39.82;42.82;53.47;50.15;51.18;52.25;32.71;40.43;45.63;50.44;52.96;44.6;37.6;59.06;41.08;59.35;39.17;36.06;42.89;36.1;40.59;40.52;56.52;49.46;42.38;62.07;65.65;54.28;67.81;68.96;67.15;35.2;36;36.1
O3;uur;µg/m³;2023-07-28T18:00:00+01:00;2023-07-28T19:00:00+01:00;43.3;24.2;46.8;32.8;50.8;54.15;51.14;58.3;62.05;59.26;46.75;48.4;44.02;58.17;47.89;50.52;53.53;35.74;40.24;42.36;56.46;53.29;49.64;43.14;37.52;44.08;43.16;37.62;32.8;36.88;29.39;38.68;39.55;40.62;40.25;26.06;57.88;63.66;55.82;63.63;58.74;61.72;35.2;37.8;39.5
O3;uur;µg/m³;2023-07-28T19:00:00+01:00;2023-07-28T20:00:00+01:00;42.6;34.5;44.9;17.5;44.7;43.79;35.2;39.24;55.52;54.9;43.74;50.49;44.5;51;44.03;43.02;45.12;47.66;43.52;39.03;55.43;46.52;41;35.47;36.54;44.92;41.34;28.25;31.38;39.62;21.74;39.84;32.66;34.02;40.72;26.51;50.84;55.38;50.59;44.36;43.49;58.94;42.9;44.1;46.9
O3;uur;µg/m³;2023-07-28T20:00:00+01:00;2023-07-28T21:00:00+01:00;33.7;19.8;34.8;13.9;45.6;43.02;28.9;41.52;45.65;36.83;35.9;42.88;36.1;40.36;46.72;34.44;42.78;39.35;41.05;39.3;50.35;44.91;31.35;33.17;40.44;41.45;36.97;27.52;24.66;29.59;15.36;35.8;26.35;17.24;34.48;20.55;41.32;36.75;43.65;26.37;45.86;52.59;44.9;37.1;39.8
O3;uur;µg/m³;2023-07-28T21:00:00+01:00;2023-07-28T22:00:00+01:00;32.8;22.9;28.8;16.3;36;46.2;31.31;38.18;51.34;35.72;14.28;24.21;37.83;37.87;41.32;30.05;34.37;29.85;38.79;30.43;46.41;34.26;21;28.25;32.75;40.45;25.9;31.32;28.07;33.34;15.61;34.34;33.89;14.82;20.06;12.48;26.12;30.8;39.8;15.35;39.91;36.52;41.5;24.9;31.3
O3;uur;µg/m³;2023-07-28T22:00:00+01:00;2023-07-28T23:00:00+01:00;28.3;21.2;33;27.7;33.3;37.61;30.46;23.8;38.98;19.08;3.52;32.68;20.17;31.1;36.45;30.07;33.57;23.77;30.66;25.33;39.31;29.92;36.94;26.42;29.08;32.41;24.83;24.62;32.6;33.84;17.97;38.9;23.53;13.15;17.22;10.77;11.09;22.1;38.02;19.44;36.94;47.86;38.7;25.7;35.4
O3;uur;µg/m³;2023-07-28T23:00:00+01:00;2023-07-29T00:00:00+01:00;29.3;16.1;24.6;12.8;38.3;20.82;32.73;13.91;28.42;8.12;1.48;27.43;16.08;26.19;29.42;33.27;33.15;12.76;25;15.69;36.3;30.44;23.66;26.85;34.65;27.51;29.07;19.25;26.84;31.06;10.69;33.32;18.59;6.3;15.38;18.48;6.69;20.33;36.37;31.22;30.94;40.91;34;24.4;25.8
O3;uur;µg/m³;2023-07-29T00:00:00+01:00;2023-07-29T01:00:00+01:00;23.3;13.2;22.2;13.5;40.9;16.39;31.52;19.24;19.62;4.16;19.93;18.99;13.92;19.03;34.31;32.16;38.29;12.26;20.53;10.84;46.64;35.3;21.59;33.29;34.39;28.18;26.31;16.12;29.21;29.79;15.96;34.53;16.04;6.12;25.95;8.76;4.29;20.98;35.89;27.6;29.59;30.44;28.3;20.1;23.3
O3;uur;µg/m³;2023-07-29T01:00:00+01:00;2023-07-29T02:00:00+01:00;24.1;16.3;21.1;19;36.8;15.52;25.53;20.62;30.13;3.16;32.8;17.04;20.9;13.69;37.47;29;42.84;9.67;25.1;21.69;48.75;39.06;29.5;39.05;31.57;30.81;28.62;17.29;30.54;26.07;17.41;34.52;9.7;5.43;24.23;5.56;5.7;22.49;36.81;20.01;28.38;31.09;26.3;21.4;23.9
O3;uur;µg/m³;2023-07-29T02:00:00+01:00;2023-07-29T03:00:00+01:00;34.1;27.5;14.8;20.9;35.7;19.76;18.52;22.23;27.67;12.21;28.8;17.19;27.2;16.38;37.29;30.51;36.14;26.32;36.15;29.84;46.15;25.37;29.43;30.78;25.68;32.92;30.61;15.69;22.49;23.24;13.18;26.51;12.84;4.17;19.08;3.94;5.4;21.04;34;19.23;23.45;30.41;32;31.3;31.7
O3;uur;µg/m³;2023-07-29T03:00:00+01:00;2023-07-29T04:00:00+01:00;33.7;27.8;17.7;20.5;24.4;19.62;20.99;20.06;23.86;21.97;32.58;24.84;30.59;21.23;36.77;31.02;32.41;25.79;35.62;37.94;44.5;26.71;28.89;29.92;28.71;34.42;30.14;18.21;23.45;28.1;17.28;27.82;26.25;2.43;22.16;8.87;3.23;26.1;34.12;17.67;23.07;27.17;34.3;31.4;34.1
O3;uur;µg/m³;2023-07-29T04:00:00+01:00;2023-07-29T05:00:00+01:00;33;27.9;18.6;18.6;29.3;23.03;20.58;23.42;25.41;15.03;37.49;22.88;30.63;18.15;32.69;30.41;31.65;27.76;36.32;35.27;40.62;26.17;28.07;26.77;22.35;27.77;21.88;20.13;29.92;30.63;16.29;33.81;22.28;0.37;22.7;18.76;5.06;25.76;33.08;16.64;22.38;25.22;29.6;26.1;28
O3;uur;µg/m³;2023-07-29T05:00:00+01:00;2023-07-29T06:00:00+01:00;28.7;27.1;17.8;15.4;26.8;25.37;20.02;20.92;28.61;13.91;33.04;24.28;27.77;25.21;32.73;29.85;31.09;27.36;35.76;30.32;38.03;22.32;26.11;22.83;25.2;27.15;21.74;23.27;29.43;31.14;25.52;33.18;27.73;0.37;25.89;24.33;9.71;15.04;30.69;18.66;22.94;24.9;26.6;23.6;27.2
O3;uur;µg/m³;2023-07-29T06:00:00+01:00;2023-07-29T07:00:00+01:00;26.9;21.2;14.1;14.7;31.4;22.03;23.89;19.68;25.2;22.05;34.81;32.94;27.97;30.82;31.18;30.64;35.65;26.93;31.84;31.57;36.27;21.74;17.58;21.65;27.01;28.19;29.35;23.44;26.97;31.17;23.29;30.63;28.62;6.8;30.26;25.52;14.91;21.14;31.62;23.6;26.69;28.35;27.1;19.5;25.9
O3;uur;µg/m³;2023-07-29T07:00:00+01:00;2023-07-29T08:00:00+01:00;27;21.1;16;20.2;38.4;28.02;34.26;23.46;27.29;31.54;36.81;36.65;31.73;39.07;36.89;32.72;38.22;26.86;33.84;33.53;38.78;31.5;25.48;31.52;34.21;30.19;30.49;22.39;27.64;31.96;21.58;30.85;29.11;19.39;31.5;29.16;25.8;26.92;31.48;25.8;30.97;29.72;24.3;16.2;20.6
O3;uur;µg/m³;2023-07-29T08:00:00+01:00;2023-07-29T09:00:00+01:00;29.8;26.2;34.3;40;47;39.71;40;37.11;39.94;40.59;38.9;40.17;42.19;43.84;41.32;38.01;47.98;27.26;38.4;38.18;44.49;48.26;37.54;44.09;38.59;30.46;33.08;28.83;27.72;31.14;23.67;31.5;32.13;25.08;33.7;35.73;32.74;32.21;34.81;30.82;35.96;33.87;25.6;28.2;21.7
O3;uur;µg/m³;2023-07-29T09:00:00+01:00;2023-07-29T10:00:00+01:00;39.3;30.1;38.5;38.4;46.3;46.82;45.63;39.12;43.97;46.1;43.24;43.47;42.45;47.14;41.1;46.39;51.72;38.65;43.67;43.17;49.5;50.26;41.06;45.36;39.68;38.26;35.58;46.43;31.04;36.15;41.37;34.07;38.31;32.63;36.24;37.75;35.64;33.35;39;37.74;42.55;39.55;28.2;38;37.5
O3;uur;µg/m³;2023-07-29T10:00:00+01:00;2023-07-29T11:00:00+01:00;39.5;30;38.5;26.7;43.4;49.43;48.03;38.01;47.06;49.6;46.93;46.97;43.76;50.08;39.26;45.57;46.4;43.05;41.57;42.78;49.39;41.98;40.15;39.89;42.89;39.71;41.49;47.98;34.95;36.71;47.06;39.53;43.66;34.56;43.4;43.67;39.17;37.51;39.92;46.81;44.5;46.85;38.4;43;45.3
O3;uur;µg/m³;2023-07-29T11:00:00+01:00;2023-07-29T12:00:00+01:00;37.3;35.4;32.7;28.2;45.3;51.77;53.13;50.17;55.6;55.31;42.3;50.36;45;52.23;40.87;40.98;45.93;39.73;41;45.54;52.99;46.16;39.3;36.15;51.66;41.29;55.52;44.92;33.91;37.84;43.05;39.16;40.82;37.97;52.74;52.94;40.09;44.33;45.85;47.3;47.68;50.14;43.6;43.1;47
O3;uur;µg/m³;2023-07-29T12:00:00+01:00;2023-07-29T13:00:00+01:00;36.8;33.1;32.8;23.7;46.4;53.75;57.47;52.6;57.46;49.32;40.59;52.01;41.82;54.04;49.62;47.29;46.89;38.87;45.62;43.93;54.33;43.81;39.79;34.4;55.04;46.22;53.9;41.52;37.36;40.96;39.54;42.64;41.14;43.58;48.87;56.34;47.73;54.61;53.79;52.84;52.12;51.71;40.8;46.4;48.7
O3;uur;µg/m³;2023-07-29T13:00:00+01:00;2023-07-29T14:00:00+01:00;42.8;32.5;47.1;46.6;66.2;56;53.11;54.06;57.96;47.62;51.8;54.63;46.18;54.74;64.38;55.75;67.21;48.6;51.48;51.45;58.21;57.15;51.76;48.89;56.34;48.49;54.05;45.91;41.66;47.19;43.72;46.97;49;44.22;42.58;45.23;51.46;55.85;53.1;61.72;56.45;57.67;34.8;46.3;40.4
O3;uur;µg/m³;2023-07-29T14:00:00+01:00;2023-07-29T15:00:00+01:00;53.4;38.9;53.6;51.7;67.2;53.78;61.29;51.11;61.98;54.1;60.07;57.47;59.69;57.99;63.99;51.66;72.43;59.18;62.02;65.44;64.25;66.27;59.74;58.44;68.18;51.33;57.09;59.05;47.26;55.8;54.97;51.83;58.74;43.35;51.79;44.46;50.59;52.68;64.59;69.79;70.49;62.17;54.1;55.9;61.5
O3;uur;µg/m³;2023-07-29T15:00:00+01:00;2023-07-29T16:00:00+01:00;54.1;45.5;57.4;55.6;63.7;57.49;62.04;51.15;62.53;64.26;53.23;54.33;63.71;55.26;61.33;48.15;71.02;58.69;60.85;65.32;73.71;63.51;59.77;59.75;69.43;57.28;62.04;63.43;55.95;59.14;62.06;59.93;60;53.3;61.29;54.54;59.25;59.61;71.34;64.61;76.4;68.1;68.7;66.6;73.3
O3;uur;µg/m³;2023-07-29T16:00:00+01:00;2023-07-29T17:00:00+01:00;63.9;48.3;64.8;66;74.9;56.85;55.75;52.99;61.46;60.43;51.17;54.28;53.69;53.2;78.64;65.49;74.62;63.01;61.08;60.38;81.72;71.33;70.78;64.11;68.24;68.89;68.53;64.44;57.48;59.55;62.51;61.19;56.49;59.74;65.35;59.5;63.89;66.73;68.85;59.27;74.03;72.44;75.8;74.2;79.4
O3;uur;µg/m³;2023-07-29T17:00:00+01:00;2023-07-29T18:00:00+01:00;77.7;60.8;80.1;74.5;86.2;53.25;56.76;47.88;56.77;57.84;59.72;50.76;49.19;51.95;82.77;77.37;85.65;74.83;73.96;55.37;86.69;79.88;85.03;74.79;68.51;76.08;72.77;72.9;53.45;59.25;68.47;59.74;59.55;61.71;63.57;54.86;65.4;69.89;69.29;63.65;73.26;74.65;76.8;74.8;78.9
O3;uur;µg/m³;2023-07-29T18:00:00+01:00;2023-07-29T19:00:00+01:00;74.5;64.1;75.7;55.3;79.2;50.59;48.75;45.56;53.01;57.33;72.72;40.83;59.59;52.21;78.07;75.19;84.03;73.51;77.91;76.99;79.69;79.13;74.43;72.86;73.36;71.28;74.09;77.74;65.21;67.31;76.01;68.79;73.44;54.54;65.12;54.35;60.3;77.85;66.2;66.98;68.15;72.65;79.7;77.1;81.5
O3;uur;µg/m³;2023-07-29T19:00:00+01:00;2023-07-29T20:00:00+01:00;70.1;57.8;68.3;47.2;67.5;41.65;46.07;52.79;56.88;63.66;71.8;46.18;75.06;46.96;75.88;71.89;74.42;72.09;74.05;72.31;72.36;71.39;67.78;63.03;69.16;65.22;78.38;72.6;69.19;74.06;66.53;74.92;72.75;52.38;61.16;48.94;55.06;71.07;67.71;54.8;62.03;69.43;73.9;72.9;77.7
O3;uur;µg/m³;2023-07-29T20:00:00+01:00;2023-07-29T21:00:00+01:00;67.4;50.9;65.9;30.4;66.3;42.24;40.06;48.62;54.32;58.14;66.84;45.8;64.56;60.36;74.25;68.21;69.19;69.43;72.05;69.89;70.5;70.81;57.12;59.04;67.58;55.41;64.18;62.94;57.04;65.67;59.14;66.48;66.85;42.2;76.78;50.77;51.09;67.86;65.58;50.76;56.45;65.39;67.5;65;70
O3;uur;µg/m³;2023-07-29T21:00:00+01:00;2023-07-29T22:00:00+01:00;64.1;49.8;61;22.8;64.5;40.86;39.61;44.64;51.98;48.53;64.15;56.85;58.73;54.6;70.4;63.22;65.46;64.79;70.23;66.92;74.92;64.74;61.64;53.19;60.28;63.87;61.2;60.01;56.68;64.67;56.49;64.82;64.49;35.92;70.11;61.26;37.39;63.74;54.97;44.06;39.96;59.08;48.1;57.9;50.9
O3;uur;µg/m³;2023-07-29T22:00:00+01:00;2023-07-29T23:00:00+01:00;63.9;52.8;55.2;21.4;62.8;41.89;39.32;45.08;52.05;51.6;61;55.65;58.49;57.54;62.07;61.46;63.86;64.63;63.6;60.91;69.46;65.13;62.18;55.79;50.57;60.79;58.78;52.79;54.46;61.7;51.93;61.91;66.61;28.23;66.92;52.86;36.72;59.5;50.99;39.4;37.54;58.92;57.6;40.8;52.8
O3;uur;µg/m³;2023-07-29T23:00:00+01:00;2023-07-30T00:00:00+01:00;57.2;47.9;53.8;14.9;56.3;45.31;46.69;51.88;57.11;45.99;60.43;55.92;57.41;55.16;56.49;56.93;59.57;58.39;58.49;61.53;69.99;60.07;55.04;53.97;59.48;57.8;53.79;50.61;55.97;62.8;41.67;62.38;59.53;30.37;62.47;39.08;48.66;58.75;51.06;42.88;37.95;58.53;53.9;42.7;
O3;uur;µg/m³;2023-07-30T00:00:00+01:00;2023-07-30T01:00:00+01:00;49.3;45.4;38.1;16.5;45.6;47.07;47.93;29.26;46.66;44.63;59.76;51.23;56.14;51.33;50.18;54;50.87;51.1;55.08;57.19;66.24;53;48.44;46.62;54.39;56.06;49.81;49.62;53.71;57.65;47.94;59.44;47.71;21.24;54.29;37.34;46.62;53.4;54.05;38.02;38.9;56.23;51.4;40.8;51.1
O3;uur;µg/m³;2023-07-30T01:00:00+01:00;2023-07-30T02:00:00+01:00;45.4;38.6;39.4;37.7;44.8;49.84;48.77;41.03;41.31;45.56;56.01;53.26;54.71;51.79;48.8;51.25;56.9;44.18;50.44;54.63;62.41;56.98;42.08;48.9;55.93;56.27;50.56;41.46;49.86;50.46;40.63;53.73;45.6;16.58;47.86;36.04;47.34;47.34;53.43;42.09;40.09;52.26;45.7;46.5;47.2
O3;uur;µg/m³;2023-07-30T02:00:00+01:00;2023-07-30T03:00:00+01:00;42.2;35.3;45.1;35.6;44.4;48.54;46.53;54.07;47.99;43.34;50.25;54.01;51.43;54.58;41.41;46.41;56.74;42.2;47.76;48.61;54.8;51.62;36.08;48.68;56.16;49.43;49.73;41.38;45.57;46.25;38.12;49.1;44.3;16.02;48.67;37.57;43.81;48.34;50.97;40.69;44.9;49.66;41.9;43;45
O3;uur;µg/m³;2023-07-30T03:00:00+01:00;2023-07-30T04:00:00+01:00;39.2;33.2;25.7;28.3;45.8;48.34;44.44;62.08;66.12;42.65;49.97;53;47.26;54.46;40.36;43.56;54.87;38.19;42.04;45.63;58.06;46.53;39.49;49.04;57.1;47.2;44.04;40.33;42.06;44.66;32.68;45.12;39.12;19.21;46.68;43.12;38.22;47.03;48.48;44.08;46.95;47.04;42.4;42.6;45.7
O3;uur;µg/m³;2023-07-30T04:00:00+01:00;2023-07-30T05:00:00+01:00;32.9;27.6;35.3;35;49.9;51.54;47.94;62.63;69.96;44.66;44.09;51.72;44.02;52.43;36.14;39.38;60.46;30.28;41;44.98;66.5;52.88;42.49;54.22;58.07;58.32;40.46;28.67;36.9;38.18;31.43;39.97;32.91;19.32;43.99;43.26;37.57;42.07;52.59;42.19;39.23;45.26;42.4;47.2;50
O3;uur;µg/m³;2023-07-30T05:00:00+01:00;2023-07-30T06:00:00+01:00;31.6;18.3;34.4;25.9;46.9;52.91;47.74;58.19;64.71;43.53;40.74;48.05;41.03;49.61;35.31;36.57;59.04;23.67;37.89;40.13;65.67;55.54;35.44;55.11;56.79;60.46;37.12;25.22;33.5;36.89;30.76;36.73;33.65;26.03;41.61;41.62;34.86;39.36;52.77;37.59;37.43;41.88;55.5;56.2;59.5
O3;uur;µg/m³;2023-07-30T06:00:00+01:00;2023-07-30T07:00:00+01:00;31.6;29.1;26.4;21.7;51.4;53.39;43.79;50.63;57.56;41.46;39.7;45.94;39.28;48.1;34.14;37.54;56.32;28.05;36.79;38.79;59.95;50.76;28.75;47.47;57.66;53.81;35.98;28.38;32.53;36.39;28.29;35.53;33.82;29.16;41.39;40.55;34.53;37.27;52.5;35.38;43.36;40.92;54.7;55;55.8
O3;uur;µg/m³;2023-07-30T07:00:00+01:00;2023-07-30T08:00:00+01:00;35.2;31.1;34.3;22.2;49.5;48.76;45.51;48.57;53.83;42.21;39.6;45.64;34.13;46.91;41.21;42.67;57.35;34.83;39.77;39.04;57.64;49.71;33.13;50.91;57.81;50.81;36.67;31.41;32.9;36.65;31.98;36.97;35.88;28.51;40.97;40.1;37.34;39.18;55.51;36.04;49.54;43.35;40.3;50.4;46
O3;uur;µg/m³;2023-07-30T08:00:00+01:00;2023-07-30T09:00:00+01:00;39.8;34.3;39;45.5;52.8;47.12;46.08;47.09;50.45;47.58;43.59;47.3;39.13;49.38;50.13;47.11;54.99;42.29;45.24;42.1;58.97;51.71;47.43;50.79;55.51;50.25;39.26;34.6;35.79;38.11;33.44;39.91;38.25;27.8;43.21;43.11;40.27;40.04;59.17;39.12;58.77;52.11;39.7;50.3;46.3
O3;uur;µg/m³;2023-07-30T09:00:00+01:00;2023-07-30T10:00:00+01:00;50.8;40.4;52.7;46.3;58.1;49.22;51.22;49.87;53.71;46.92;50.43;48.82;45.94;50.8;59.99;53.96;60.18;52.1;47.71;43.56;61.76;55.57;56.4;55.1;59.01;52.18;43.11;44.43;42.81;45.95;42.63;44.78;43.96;37.55;49.11;46.19;42.83;42.4;54.59;49.29;59.97;63.96;52.5;52.8;54.4
O3;uur;µg/m³;2023-07-30T10:00:00+01:00;2023-07-30T11:00:00+01:00;55.5;46.7;57.6;52.3;58.1;53.13;52.88;53.99;57.59;51.21;55.16;51.87;48.75;54.26;62.61;61.2;64.35;58.94;58.47;51.54;66.38;60.67;62.12;58.24;63.16;57.62;47.95;57.37;44.15;48.74;54.36;46.89;50.43;39.79;51.59;49.64;47.44;47.9;59.36;51.08;59.39;63.72;57.1;57;59.3
O3;uur;µg/m³;2023-07-30T11:00:00+01:00;2023-07-30T12:00:00+01:00;58.3;49.1;61.3;58.3;58.2;55.05;55.51;56.18;59.6;57.15;62.96;55.31;55.23;59.84;62.57;62.5;64.26;58.93;61.55;63.68;67.26;62.33;64.38;60.51;62.94;58.72;61.28;60.94;57.36;62.71;59.37;61.36;60.37;45.69;57.04;52.49;47.19;60.66;63.04;56.66;61.29;62.26;62.6;59.9;64.1
O3;uur;µg/m³;2023-07-30T12:00:00+01:00;2023-07-30T13:00:00+01:00;57.9;52.1;59.4;54.8;62.2;59.13;55.17;52.99;58.39;64.88;63.82;56.69;62.01;65.78;65.17;63.86;66.51;59.36;60.13;62.89;67.61;61.42;63.12;59.59;64.3;59.63;66.51;62.09;60.83;62.47;59.6;64.47;58.8;46.61;66.42;58.58;52.68;64.8;60.59;57.67;63.49;66.68;63.4;61.9;65.5
O3;uur;µg/m³;2023-07-30T13:00:00+01:00;2023-07-30T14:00:00+01:00;60.3;50.2;62.4;62.1;67.1;59.91;63.65;56.84;59.97;64.04;64.56;61.15;63.56;67;71.25;68.38;69.92;64.02;63.89;66.87;71.74;65.67;66.27;62.42;64.21;61.38;67.57;62.47;60.67;61.42;61.64;64.86;62.13;56.21;67.7;66;64.32;64.05;63.1;68.49;64.55;66.23;62.7;62.1;66.1
O3;uur;µg/m³;2023-07-30T14:00:00+01:00;2023-07-30T15:00:00+01:00;65.6;56.4;68.4;68.6;76.9;65.38;66.26;65.78;68.95;66.52;70.35;63.23;68.75;67.14;78.37;77.5;75.3;68.5;69.4;70.66;75.49;71.52;68.41;68.02;66.65;66.42;67.59;66.23;64.49;66.11;64.21;68.55;67.25;58.44;68.72;66.02;66.35;64.95;64.54;64.52;64.53;66.18;70.1;67.8;71.7
O3;uur;µg/m³;2023-07-30T15:00:00+01:00;2023-07-30T16:00:00+01:00;73;64.5;73.7;68.4;74.4;68.64;69.5;70.57;73.26;69.53;79.51;67.45;75.11;71.1;78.53;71.69;76.02;73.41;72.78;74.75;80.05;74.62;73.46;68.78;73.02;70.58;71.63;71.41;66.89;67.09;68.88;70.79;70.95;60.45;69.9;69.42;65.1;66.1;63.79;62.97;63.97;68.38;73.8;71.7;75.6
O3;uur;µg/m³;2023-07-30T16:00:00+01:00;2023-07-30T17:00:00+01:00;73.9;65;75.2;60.7;71;72.27;71.03;75.12;77.44;80.21;72.07;74.03;76.84;79.11;73.77;65.69;72.86;75.13;74.31;75.53;81.26;72.35;68.68;64.54;78.72;71.65;75.6;70.4;68.74;70.97;70.91;72.47;72.2;60.33;71.38;71.08;68.1;72.5;70.17;61.5;63.6;66.47;72.6;72.2;75.9
O3;uur;µg/m³;2023-07-30T17:00:00+01:00;2023-07-30T18:00:00+01:00;66.6;62.1;64.7;51.4;70.5;73.52;78.86;73.34;77.64;70.58;64.68;71.92;68.24;73.72;64.23;57.38;74.43;70.63;68.2;70.48;77.77;71.43;66.85;63.49;68.89;69.04;73.34;69.28;68.65;72.57;69.21;72.76;71.67;63.58;75;74.44;67.75;73.42;73.38;68.63;65.09;60.84;68.1;71.2;73.4
O3;uur;µg/m³;2023-07-30T18:00:00+01:00;2023-07-30T19:00:00+01:00;57.2;53.4;55.2;48.4;58.5;61.32;68.57;60.33;67.39;64.23;54.32;62.99;58.18;65.22;56.8;52.97;63.33;58.19;61.22;60.84;75.24;58.68;54.27;53.19;71.22;68.25;70.12;63.17;63.31;67.87;65.23;68.08;63.22;55.6;74.15;69.53;68.59;70.66;72.57;73.92;66.88;64.08;64.7;69.6;72.3
O3;uur;µg/m³;2023-07-30T19:00:00+01:00;2023-07-30T20:00:00+01:00;53.3;48.6;49.7;42.4;57.3;55.56;60.35;57.75;60.91;57.34;63.18;57.89;53.98;59.37;67.71;54.23;54.82;52.72;58.6;49.61;67.77;51.71;53;45.86;60.92;60.03;68.01;55.01;55.42;58.43;54.97;60.23;52.58;60.68;68.43;59.5;68.69;69.87;68.95;70.57;64.04;70.93;61.5;58.7;62
O3;uur;µg/m³;2023-07-30T20:00:00+01:00;2023-07-30T21:00:00+01:00;68.4;57.3;60.5;45;78.1;56.13;59.69;55.74;59.17;64.99;56.73;57.07;62.08;54.68;86.33;55.7;69.48;61.49;81.23;69.07;77.51;57.65;69.39;49.86;60.84;62.62;62.24;50.65;45.26;48.69;47.4;50.38;52.31;50.68;60.58;52.86;64.66;65.19;67.52;62.64;67.25;70.32;55.8;46.9;54.5
O3;uur;µg/m³;2023-07-30T21:00:00+01:00;2023-07-30T22:00:00+01:00;69.9;65.1;56.4;40.4;68.1;52.19;67.21;51.67;57.08;75.37;52.73;64.04;83.47;70.55;60.98;52.43;80.96;69.97;82.74;81.53;92.97;54.26;61.66;56.93;56.67;81.96;56.84;60.19;54.78;61.79;58.95;61.94;67.23;44.59;56.88;53.31;59.24;59.4;62.43;59.66;62.43;64.7;58.2;66.1;63.8
O3;uur;µg/m³;2023-07-30T22:00:00+01:00;2023-07-30T23:00:00+01:00;65.2;58.6;48.5;47.2;60.8;48.06;73.87;49.62;53.39;75.24;49.04;72.56;61.75;68.22;55.8;51.1;75.34;70.06;73.72;78.25;82.34;67.11;50.24;61.84;57.25;76.15;65.51;62.64;66.78;78.33;60.22;73.56;71.53;43.7;68.37;68.72;59.46;54.77;59.01;60.78;59.57;62.04;63.1;64.3;63.7
O3;uur;µg/m³;2023-07-30T23:00:00+01:00;2023-07-31T00:00:00+01:00;48.7;47.1;42.4;45.2;52.1;47.99;74.97;48.89;50.84;47.41;50.13;51.38;48.14;50.54;57.29;49.99;55.22;50.8;54.98;63.74;69.04;52.29;46.52;50.41;58.42;65.51;68.03;66.5;65.93;73.94;64.98;74.34;72.51;51.58;79.69;80.54;61.91;59.34;65.39;61.96;54.34;56.54;63.7;56.6;59.8
O3;uur;µg/m³;2023-07-31T00:00:00+01:00;2023-07-31T01:00:00+01:00;51.3;40.6;45.1;33;53.4;46.91;48.5;47.29;48.04;45.13;47.54;46.71;48.66;48.33;57.34;48.6;53.81;53.47;56.36;47.08;59.06;49.38;29.94;47.67;53.95;51.86;72.45;50.48;63.05;68.48;56.71;67.13;54.47;60.92;78.98;78.97;67.46;63.86;67.42;73.09;49.72;52.65;56.1;54.1;57.4
O3;uur;µg/m³;2023-07-31T01:00:00+01:00;2023-07-31T02:00:00+01:00;53.5;47.1;48.6;48.1;55.7;46.02;46.32;49.32;52.44;45.86;48.07;44.25;46.92;44.56;55.72;51.03;56.36;54.59;56.44;49.39;54.97;51.52;44.17;51.66;52.03;47.4;69.02;48.34;46.79;51.09;47.63;49.08;51.84;65.83;72.41;54.41;69.62;66.98;56.08;68.71;47.35;55.71;51.7;49.2;48.4
O3;uur;µg/m³;2023-07-31T02:00:00+01:00;2023-07-31T03:00:00+01:00;52.9;47.8;46.6;40.9;56.4;;;;;;;;;;;;;;;;;;;;;;;;;;;;;;;;;;;;;;46.5;46.9;49.4
O3;uur;µg/m³;2023-07-31T03:00:00+01:00;2023-07-31T04:00:00+01:00;55.1;42.7;48.8;32;60.9;43.8;47.56;45.76;48.97;48.82;53.42;46.7;50.76;47.21;57.03;55.55;59.13;58.09;52.83;49.86;59.73;55.61;39.43;50.89;48.93;;51.41;46.36;47.33;52.27;46.6;50.6;48.17;36.88;50.45;40.06;57.21;50.46;56.46;67.28;48.36;55.43;46.7;49;49.7
O3;uur;µg/m³;2023-07-31T04:00:00+01:00;2023-07-31T05:00:00+01:00;49.2;40.5;45.6;33.7;55.3;43.79;48.67;47.26;49.72;48;51.22;45.28;52.46;44.6;51.59;55.58;60.4;49.58;54.88;53.61;62.29;56.98;42.77;53.35;52.83;52.56;50.43;52.35;43.66;47.93;48.86;47.65;47.98;33.44;45.99;40.64;48.49;49.23;54.22;58.8;42.35;53.53;48.2;51;51.8
O3;uur;µg/m³;2023-07-31T05:00:00+01:00;2023-07-31T06:00:00+01:00;48.1;43.4;43;36.8;50.5;42.23;45.66;44.5;51.41;42.9;43.48;41.17;47.63;42.85;55.81;51.66;56.84;44.56;55.57;52.38;62.92;50.05;41.33;43.7;41.11;53.71;51.66;46.88;43.21;47.05;45.49;47.73;49.24;31.61;46.95;41.77;42.37;46.65;51.96;50.23;51.29;51.55;50.6;52.9;52.5
O3;uur;µg/m³;2023-07-31T06:00:00+01:00;2023-07-31T07:00:00+01:00;46;41.5;38.5;33.8;51.8;42.52;44.27;44.46;48.55;42.44;40;39.49;41.15;41.71;55.79;48.13;52.6;43.61;53.57;49.11;61.37;44.47;44.94;38.59;49.79;51.98;47.67;45.2;42.58;46.85;40.98;47.99;46.22;33.29;47.63;42.56;41.3;46.53;50.26;44.98;44.74;48.6;46.2;40.6;40
O3;uur;µg/m³;2023-07-31T07:00:00+01:00;2023-07-31T08:00:00+01:00;44.9;35.4;34.9;26.6;48.8;41.78;41.56;41.95;47.27;39.45;37.83;35.68;40.56;38.18;54.49;46.12;56.29;39.79;50.54;46.84;61.1;47.38;42.77;46.35;52.59;50.29;48.77;41.89;39.28;43.07;41.12;45.2;45.96;33.78;45.68;40.78;41.18;43.28;51.11;43.79;44.7;43.69;40.3;31.9;39.8
O3;uur;µg/m³;2023-07-31T08:00:00+01:00;2023-07-31T09:00:00+01:00;45.1;37.4;34.3;26.3;49.4;41.88;40.8;37.81;45.09;38.54;35.49;36.01;38.22;39.05;54.03;44.9;57.43;42.83;49.54;46.29;59.54;47.26;43.12;45.46;50.77;49.18;46.01;38.96;39.32;42.85;40.27;43.83;43.32;34.61;43.61;37.38;41.02;43.99;49.17;42.68;48.38;44.48;39.1;44;44.3
O3;uur;µg/m³;2023-07-31T09:00:00+01:00;2023-07-31T10:00:00+01:00;42.9;34.7;27.9;27.3;51;43.82;42.9;39.01;42.96;38.15;40.4;36.76;37.6;39.74;50.53;46.3;54.36;42.2;47.37;44.34;58.23;50.55;43.92;44.72;50.15;;46.65;39.54;40.36;43.78;37.96;41.57;44.07;32.73;45.16;36.32;38.74;41.52;48.23;41.66;46.12;43.65;46.3;45.6;49.3
O3;uur;µg/m³;2023-07-31T10:00:00+01:00;2023-07-31T11:00:00+01:00;41.6;31.5;34.9;21.4;53.2;43.11;41.69;39.32;44.4;39.31;42.53;37.23;39.63;40.29;50.03;46.55;54.36;41.25;45.84;44.43;58.16;49.63;40.35;43.63;47.99;;45.96;41.84;38.71;42.69;39.74;41.15;42.73;28.04;42.64;35.38;38.92;41.57;48.37;40.47;45.38;42.53;44.8;45;48.4
O3;uur;µg/m³;2023-07-31T11:00:00+01:00;2023-07-31T12:00:00+01:00;42.1;;40.3;35.4;55;45.67;41.33;42.28;47.41;43.23;42.67;38.59;42.65;41.91;50.33;46.23;57.18;41.6;44.87;43.33;59.24;56.75;41.92;46.47;50.37;46.34;44.98;43.61;36.36;41.33;40.9;40.27;42.04;26.97;43.36;35.73;37.84;40.27;48.21;40.45;48.34;41.39;47.4;46.7;49
O3;uur;µg/m³;2023-07-31T12:00:00+01:00;2023-07-31T13:00:00+01:00;44.6;;42.7;40.2;56.3;45.97;44.44;43.91;47.83;43.52;43.87;40.73;40.63;43.13;51.8;49.83;59.98;43.3;44.04;43.8;62.31;57.48;41.96;48.62;52.4;48.83;49.61;49.09;36.46;40.83;46.49;40.59;40.76;31.76;44.58;36.72;39.85;50.06;50.43;42.06;51.69;46.35;51.3;50.2;53.2
O3;uur;µg/m³;2023-07-31T13:00:00+01:00;2023-07-31T14:00:00+01:00;47.2;;42.5;35.7;53.6;48.69;45.14;43.73;49.08;45.38;42.23;40.13;38.26;46.24;50.42;49.28;60.27;48.42;45.29;46.95;63.7;57.38;40.84;50.2;59.6;50.48;55.85;51.86;34.62;38.44;47.98;40.07;40.74;32.31;46.86;38.79;39.97;53.81;56.82;46.39;49.33;49.07;54.1;52.4;56
O3;uur;µg/m³;2023-07-31T14:00:00+01:00;2023-07-31T15:00:00+01:00;41.9;;29.1;22.2;48.1;51.57;46.31;48.42;53.47;46.03;42.4;42.81;41.04;47.07;49.43;47.05;56.03;40.72;48.91;42.14;61.51;49.12;41.54;45.47;59.43;47.97;56.92;52.09;33.48;36.3;51.37;38.72;42.88;34.8;44.39;40.73;39.71;54.13;60.1;53.93;52.6;50.78;56.7;51.8;57.6
O3;uur;µg/m³;2023-07-31T15:00:00+01:00;2023-07-31T16:00:00+01:00;40.4;34.3;29.7;23.4;40.1;50.46;46.83;50.67;54.71;42.34;42.31;41.87;41.82;47.17;48.66;43.51;50.95;41.77;47.65;38.83;59.28;44.34;40.19;39.23;60.03;48.39;55.78;45.88;37.49;39.28;46.11;41.52;40.78;36.03;41.3;41.9;42.26;55.87;57.34;53.02;59.31;59.24;53.8;52.1;54.2
O3;uur;µg/m³;2023-07-31T16:00:00+01:00;2023-07-31T17:00:00+01:00;40;30.2;34.6;24.1;43.2;47.18;46.74;50.03;54.51;45.54;36.16;42.11;43.54;45.45;45.96;41.39;44.41;33.51;44.17;40.63;57.08;43.14;31.57;31.58;58.27;45.25;53.68;37.82;34.96;38.15;49.47;40.39;39.68;36.69;45.05;41.23;38;53.02;58.64;55.9;61.18;60.82;47.5;48.8;50.4
O3;uur;µg/m³;2023-07-31T17:00:00+01:00;2023-07-31T18:00:00+01:00;42;26.9;26.5;35;44;47.26;47.91;49.03;53.57;45.78;39.09;43.34;40.05;45.77;53.24;44.21;53.35;36.66;40.76;36.58;58.2;45.28;37.84;41.58;53.28;47.57;59.23;40.99;34.93;37.83;46.11;39.17;38.14;38.43;45.54;44.23;41.15;54.11;55.99;46.69;57.95;56.39;46.9;45.5;51.5
O3;uur;µg/m³;2023-07-31T18:00:00+01:00;2023-07-31T19:00:00+01:00;44.7;29.5;36.9;26.9;41.5;45.35;47.59;49.11;51.74;42.05;56.49;41.38;44.26;44.07;56.23;43.75;47.92;46.63;50.62;47.34;54.87;40.88;32.85;38.75;48.17;45.78;54.93;42.94;30.76;37.54;37.39;35.95;42.41;39.92;45.45;43.92;42.76;48.34;53.15;38.3;56.82;54.49;47.6;47.4;50.1
O3;uur;µg/m³;2023-07-31T19:00:00+01:00;2023-07-31T20:00:00+01:00;48.2;29.9;41.4;35.8;45.6;44.36;46.06;47.88;52.57;54.31;42.94;39.74;61.62;42.12;72.58;54.69;61.68;50.32;54.73;48.29;66.77;48.47;38.72;49.72;53.22;54.04;44.71;42.19;38.91;42.02;40.6;44.03;47.47;40.29;44.19;40.08;41.44;47.66;51.75;47.14;47.41;52.25;52.8;50.6;56.7
O3;uur;µg/m³;2023-07-31T20:00:00+01:00;2023-07-31T21:00:00+01:00;61.5;42.8;52.1;22.5;34.5;43.78;53.22;48.97;53.14;50.26;45.33;40.1;46.73;46.49;71.67;60.07;59.33;63;67.24;51.57;72.32;42.35;50.18;47.21;58.23;59.36;55.15;51.4;48.81;54.62;45.12;53.57;54.23;34.88;48.48;39.74;39.5;43.4;55.03;52.47;39.83;46.35;50.9;53.9;55.5
O3;uur;µg/m³;2023-07-31T21:00:00+01:00;2023-07-31T22:00:00+01:00;56.3;45.8;61;13.9;54.4;43.73;47.52;47.59;53.44;50.6;49.28;46.72;46.61;52.16;66.01;50.76;64.17;55.38;63.84;63.21;76.55;57.41;48.44;46.22;62.68;66.65;46.73;50.75;44.54;55.94;48.72;50.82;61.78;30.55;52.19;45.7;39.61;50.14;62.29;44.04;56.67;46.85;63.4;64.8;69.8
O3;uur;µg/m³;2023-07-31T22:00:00+01:00;2023-07-31T23:00:00+01:00;51.8;41.3;56.5;31.9;56.2;42.72;52.17;50.18;55.88;46.66;51.24;50.17;47.87;50.28;55.58;53.31;81.54;50.96;54.09;51.54;75.97;76.43;47.66;76.07;54.04;63.82;53.3;54.25;54.47;57.95;52.01;60.04;53.91;42.54;45.95;42.71;47.41;45.47;64.94;40;62.71;48.87;63.3;63.5;66.9
O3;uur;µg/m³;2023-07-31T23:00:00+01:00;2023-08-01T00:00:00+01:00;55.6;48.3;53.1;53.2;59.7;45.54;49.74;52.85;57.72;43.03;48.39;45.1;45.41;48.68;71.38;59.6;70.46;57;50.65;51.36;75.91;62.2;62.62;63.37;58.83;62.83;49.42;67.5;56.13;57.76;64.57;58.4;52.21;36.67;43.86;41.73;42.02;50.44;61.66;42.27;49.27;53.51;59.4;61;64
O3;uur;µg/m³;2023-08-01T00:00:00+01:00;2023-08-01T01:00:00+01:00;59.1;52;61.2;51.1;51.3;44.26;51.83;51.91;56.67;38.39;58.52;45.63;50.51;41.76;65.27;55.79;68.79;55.54;59.33;52.05;70.72;67.98;64.98;66.73;53.33;60.68;57.04;56.17;55.98;65.7;59.62;60.6;59.3;33.04;48.97;41.66;41.92;45.39;57.5;44.24;57.37;55.57;60.5;59.7;59.6
O3;uur;µg/m³;2023-08-01T01:00:00+01:00;2023-08-01T02:00:00+01:00;58.4;51.5;60.6;49.8;51.6;45.56;49.01;59.55;61.26;48;49.99;44.42;53.66;44.81;69.54;52.85;62.95;55.97;60.32;58.72;67.59;60.43;63.26;60.58;53.45;58.39;64.67;43.74;51.04;56.17;49.58;56.25;45.9;28.59;56.74;44.55;40.89;46.6;55.31;43.02;57.1;63.6;54.7;54.8;57.8
O3;uur;µg/m³;2023-08-01T02:00:00+01:00;2023-08-01T03:00:00+01:00;55.6;54;59.7;50.6;55.8;48.69;46.45;57.55;62.04;47.87;47.01;47.47;48.44;49.38;64.63;52.18;58.77;53.65;56.83;56.84;71.78;58.04;62.5;55.01;66.61;59.75;56.46;37.45;41.5;46.74;43.39;45.4;46.96;32.04;55.73;48.24;48.47;53.95;53.5;42.7;50.1;60.71;54;53.4;55.9
O3;uur;µg/m³;2023-08-01T03:00:00+01:00;2023-08-01T04:00:00+01:00;51.4;51.3;56.1;43.9;52.7;49.21;49.69;56.61;59.29;43.29;46.26;45.07;45.94;45.46;59.53;51.01;57.37;49.96;54.79;57.03;62.12;55.28;57.03;55.24;67.36;56.02;49.76;54.52;40.68;45.02;54.01;46.59;44.82;37.91;44.65;42.22;46.98;52.17;69.51;42.36;43.15;53.3;58.8;54.5;60.4
O3;uur;µg/m³;2023-08-01T04:00:00+01:00;2023-08-01T05:00:00+01:00;47.7;42;48.7;46;49.3;48.69;47.86;54.47;57.22;41.08;41.33;40.6;40.91;44.06;58.06;46.65;55.47;42.94;50.36;52.39;60.22;53.03;50.8;50.95;59.66;51.82;54.14;48.56;43.21;45.77;46.67;44.94;46.67;28.94;48.56;43.57;43.45;61.5;58.57;44.47;51.95;50.48;53.8;50.2;54.4
O3;uur;µg/m³;2023-08-01T05:00:00+01:00;2023-08-01T06:00:00+01:00;43.9;30.7;42.6;39.9;49.9;48.39;43.28;49.75;53.61;38.15;39.94;40.29;36.76;43.49;57.15;43.27;54.63;40.05;48.04;43.97;57.57;48.31;45.01;49.86;53.97;47;44.33;46.09;35.97;39.8;42.45;37.6;41.11;32.44;51.13;40.4;41.38;60.42;57.31;50.39;52.31;51.63;50.2;46.3;50.3
O3;uur;µg/m³;2023-08-01T06:00:00+01:00;2023-08-01T07:00:00+01:00;44.2;30.9;44.8;39.3;46.7;45.93;41.08;50.1;53.05;38.08;42.37;38.98;36.36;43.5;56.25;40.68;54.32;43.04;46.75;41.52;56.7;48.2;44.73;48.7;50.49;43.54;44.76;44.13;35.29;34.43;40.45;38.69;39.33;40.42;44.6;36.59;41.65;56.49;52.58;55.83;53.3;50.79;45.8;40.7;46.7
O3;uur;µg/m³;2023-08-01T07:00:00+01:00;2023-08-01T08:00:00+01:00;44.6;35.6;49.4;41.7;45.4;47.02;41.92;48.74;53.18;38.27;36.53;38.17;37.96;41.84;56.1;38.67;51.43;42.57;46.33;44.63;56.18;47.39;49.56;46.68;47.17;43.93;45.34;44.67;37.3;35.33;42.92;40.35;39.05;34.32;40.57;38.42;40.03;47.69;52.71;53.8;53.1;47.47;44.7;42.7;46.4
O3;uur;µg/m³;2023-08-01T08:00:00+01:00;2023-08-01T09:00:00+01:00;41.8;33.2;46.2;39.8;50.1;47.09;43.45;47.55;53.92;40.33;38.35;37.15;44.11;41.99;55.15;43.38;54.57;47.17;47.08;46.35;55.76;52.19;47.79;50.42;44.84;45.02;46.76;47.35;43.11;42.86;43.48;46.2;44.61;34.77;43.06;40.63;41.3;43.74;48.27;51.57;48.86;49.47;47.8;42.5;47.6
O3;uur;µg/m³;2023-08-01T09:00:00+01:00;2023-08-01T10:00:00+01:00;43.3;32.5;48.1;42.1;50.2;45.89;47.08;46.83;52.06;42.63;45.33;39.72;46.83;41.59;56.4;49.66;55.23;49.04;48.58;49.94;57.9;53.62;49.75;51.01;49.09;47.35;50.95;50.41;48.24;50.98;49.09;52.41;49.98;35.57;45.98;43.58;47.26;46.19;50.74;46.13;55.17;48.48;48.9;45.5;49.9
O3;uur;µg/m³;2023-08-01T10:00:00+01:00;2023-08-01T11:00:00+01:00;46.3;34.3;49.4;45.8;53.5;49.13;47.32;49.91;54.87;43.08;49.12;36.26;48;48.21;58.89;54.37;57.4;53.41;51.2;51.8;61.08;55.92;52.69;53.64;57.13;50.81;52.71;53.05;50.7;54.03;50.42;55.02;52.72;39.53;52.86;51.01;50.5;46.25;54.27;44.84;58.23;50.1;55;50.1;54.6
O3;uur;µg/m³;2023-08-01T11:00:00+01:00;2023-08-01T12:00:00+01:00;48.4;36.7;55.6;52.1;57.7;57.05;50.02;58.29;61.69;48.17;53.03;45.82;55.95;55.92;63.07;58.85;60.31;58.15;55.45;57.31;63.37;59.79;58.58;56.8;59.13;48.37;60.36;57.61;54.19;57.33;53.82;59.15;58.31;42.07;55.55;55.65;49.09;52.25;61.55;49.11;59.21;58.61;55.4;50.6;55.8
O3;uur;µg/m³;2023-08-01T12:00:00+01:00;2023-08-01T13:00:00+01:00;53.5;46.2;62;57.1;63.9;55.55;55.53;56.22;60.47;52.97;60.56;46.42;54.14;64.35;68.02;61.91;64.38;62.25;57.03;57.38;66.51;64.28;63.42;59.53;62.17;52.59;61.08;58;56.41;56.47;57.44;60.97;55.13;44.31;61.06;58.36;50.76;59.21;59.4;50.43;64.95;63.28;57.6;53.8;56.6
O3;uur;µg/m³;2023-08-01T13:00:00+01:00;2023-08-01T14:00:00+01:00;54.4;48.7;64.4;59.2;65.3;61.95;60.14;61.19;64.93;63.35;63.45;57.33;55.22;69.17;72.31;67.15;66.36;63.87;61.28;61.77;66.74;65.22;65.66;61.29;59.61;53.6;62.77;62.33;56.58;62.48;57.92;63.08;61.37;54.34;63.16;64.88;58.7;63.53;60.93;58.78;69.9;67.02;62.3;56.2;61.7
O3;uur;µg/m³;2023-08-01T14:00:00+01:00;2023-08-01T15:00:00+01:00;59.7;53.6;69.5;66.9;71;66.73;70.36;59.16;62.76;66.22;71.46;64.54;62.23;69.86;80.54;70.23;71.78;66.4;64.92;66.11;65.91;68.95;71.44;66.02;61.59;49.03;65.3;63.82;57.17;64.09;58.4;65.03;64.87;56.33;62.66;62.59;64.54;61.5;59.85;60.76;66.81;66.32;56;51.2;56.5
O3;uur;µg/m³;2023-08-01T15:00:00+01:00;2023-08-01T16:00:00+01:00;65.1;59.9;74.8;66.7;60.9;67.17;72.97;64.88;65.68;70.03;73.21;64.52;69.96;72.04;81.13;66.27;67.75;72.42;71.38;69.74;67.76;65.03;76.17;62.51;62.32;52.15;60.59;62.8;57.8;61.83;57.73;63.76;67.31;55.93;62.96;69.45;63.61;59.97;61.1;63.17;66.56;65.43;56.7;51.4;57.7
O3;uur;µg/m³;2023-08-01T16:00:00+01:00;2023-08-01T17:00:00+01:00;67.8;59.6;75.5;69.9;67.2;67.95;72.07;65.2;65.47;73.68;71.42;68.74;69.85;76.02;78.83;70.6;70.74;71.25;70.93;71.52;68.45;68.03;77.2;63.41;63.83;53.15;60.65;61.06;53.62;58.87;56.4;59.3;63.54;55.11;60.54;70.48;60.32;60.71;62.03;60.68;67.45;63.37;57;50.5;58.5
O3;uur;µg/m³;2023-08-01T17:00:00+01:00;2023-08-01T18:00:00+01:00;72.2;64.7;78.1;69.3;69.9;66.69;74.74;64.83;68.27;75.47;66.03;70.44;73.02;73.47;76.59;75.04;70.28;74.74;72.6;73.25;69.27;69.68;79.2;65.4;65.51;54.78;61.3;63.3;53.51;59.45;59.45;57.5;66.58;49.46;58.14;70.77;60.27;59.92;62.52;60.11;65;64.04;55.2;49.1;55.7
O3;uur;µg/m³;2023-08-01T18:00:00+01:00;2023-08-01T19:00:00+01:00;65.8;57.8;69.4;58.4;52.3;62.69;71.74;63.73;65.14;70.18;69.35;65.72;68.25;69.31;79.09;72.4;66.5;67.3;68.03;69.77;68.6;67.25;69.6;62.71;64.83;53.94;60;62.4;56.65;62.16;57.97;62.35;66.48;45.17;60.54;66.06;58;62.12;63.43;57.26;67.92;62.78;57.7;53;57.8
O3;uur;µg/m³;2023-08-01T19:00:00+01:00;2023-08-01T20:00:00+01:00;67.5;51.3;65;56.6;53.4;61.79;67.47;54.15;58.88;66.11;68.72;61.84;65.44;65.19;70.87;58.67;68.87;66.17;70.41;66.64;66.62;59.39;67.93;60.04;65.47;54.32;61.21;57.3;55.82;62.38;55.67;61.74;59.55;36.62;60.27;69.02;52.76;59.17;63.7;53.7;65.89;63.67;51.4;47.3;53.6
O3;uur;µg/m³;2023-08-01T20:00:00+01:00;2023-08-01T21:00:00+01:00;64.4;55.8;65.9;40;42.9;59.51;59.48;47.74;54.65;60.45;59.13;57.17;60.64;54.83;70.71;50.63;70.67;59.38;64.73;65.47;67.32;57.52;62.52;58.44;66.14;50.3;55.61;50.79;53.52;52.85;48.46;58.28;65.93;27.23;61;64.12;52.1;58.11;65.03;54.62;66.79;63.66;51;45.3;51.5
O3;uur;µg/m³;2023-08-01T21:00:00+01:00;2023-08-01T22:00:00+01:00;52.5;43.4;39.7;13;47.7;52.87;55.95;25.71;42.15;45.34;47.61;50.22;54.32;51.16;63.73;56.24;65.39;43.54;61.5;60.17;71.02;55.08;50.06;46.06;61.37;53.68;48.11;47.87;46.28;58.55;39.34;56.71;58.17;26.07;61.03;60.11;42.1;56.54;65.57;52.04;63.87;62.78;45.1;37.2;49.2
O3;uur;µg/m³;2023-08-01T22:00:00+01:00;2023-08-01T23:00:00+01:00;57.5;45.9;55.5;19.4;54.7;44.87;46.82;29.18;41.95;36.8;47.15;46.25;45.07;47.89;63.09;53.53;51.73;55.78;58.69;55.79;70.65;50.65;57.16;48.7;44.6;55.48;42.39;45.32;52.69;57.95;46.35;60.03;43.78;26.02;58.99;53.67;36.37;56.15;62.55;46.4;60.45;63.45;41;40.8;44.2
O3;uur;µg/m³;2023-08-01T23:00:00+01:00;2023-08-02T00:00:00+01:00;50.5;41.3;51.3;40.7;58.4;41.75;43.16;52.3;54.44;37.78;52.62;43.9;36.59;42.63;66.6;56.21;58.81;42.65;54.47;46.83;56.31;54.44;53.4;55.72;51.84;52.66;41.12;35.68;47.13;45.62;33.32;52.97;31.48;28.29;53.49;44.55;41.2;51.09;54.39;41.19;62.69;64.47;46.1;40.5;42.2
O3;uur;µg/m³;2023-08-02T00:00:00+01:00;2023-08-02T01:00:00+01:00;55.9;44.7;60.6;53.5;61.1;50.47;44.2;52.39;57.37;41.35;47.21;41.25;37.16;42.6;58.83;52.19;61.18;49.78;58.16;48.2;66.24;56.04;62.62;49.71;49.92;42.04;44.97;34.7;33.69;37.5;26.96;40.46;34.15;28.72;47.86;38.88;44.08;44.9;48.94;37.19;61.47;66.55;44.4;35.9;38.6
O3;uur;µg/m³;2023-08-02T01:00:00+01:00;2023-08-02T02:00:00+01:00;50.1;40.6;53.6;47;52.8;51.01;42.88;53.21;57.65;44.25;42.13;45.03;48.06;46.94;56.04;50.68;57.21;52.92;46.7;46.75;50.08;57.63;52.21;48.87;43.05;41.11;46.12;34.92;29.39;35.89;27.79;35.45;31.65;29.45;38.65;35.31;42.33;36.29;49.78;38;49.03;60.6;44.2;38.6;39.2
O3;uur;µg/m³;2023-08-02T02:00:00+01:00;2023-08-02T03:00:00+01:00;42.3;31.7;44.9;46.9;49.1;49.05;45.96;52.01;59.71;46.21;36.84;47.52;48.97;46.25;54;46.08;50.65;46.61;47.15;39.9;52.87;52.19;46.15;48.01;42.62;43.56;42.94;36.87;28.48;29.86;27.18;33.63;29.36;26.94;31.43;33.98;33.98;36.52;49.26;36.92;45.58;51.35;42.9;35;38.3
O3;uur;µg/m³;2023-08-02T03:00:00+01:00;2023-08-02T04:00:00+01:00;42.6;40.3;37.8;38.7;36.9;45.81;45.64;50.23;60.76;45.07;36.41;48.49;44.88;49.2;49.81;46.22;46.63;48.62;44.61;41.78;54.2;43.48;39.18;43.36;43.69;43.72;37.1;32.11;27.88;35.55;29.8;34.24;30.08;29.45;31.87;38.09;34.55;32.93;50.85;39.02;36.66;43.21;39.6;35.2;36.6
O3;uur;µg/m³;2023-08-02T04:00:00+01:00;2023-08-02T05:00:00+01:00;36.2;37.8;41.7;38.9;46.5;40.18;52.73;42.68;52.85;46.55;40.05;49.3;43.21;47.73;50.74;39.47;40.72;44.71;41.75;45.44;45.16;42.4;40.12;32.09;40.3;36.99;38.13;32.94;30.77;39;32;39.01;32.78;27.65;30.08;40.13;33.24;28.66;46.18;37.97;33.6;34.73;34.9;31;33.1
O3;uur;µg/m³;2023-08-02T05:00:00+01:00;2023-08-02T06:00:00+01:00;34.8;32.4;36.7;28.7;35.9;38.59;47.68;34.92;46.8;40.8;36.23;40.21;44.06;41.16;49.17;41.36;37.77;40.68;44.8;44.23;41.51;37.84;43.57;27.19;41.47;34.97;38.18;35.16;28.74;40.36;36.98;38.7;35.01;25.96;33.16;48.63;34.36;28.24;39.46;33.46;32.46;31.12;36.9;32.9;35.6
O3;uur;µg/m³;2023-08-02T06:00:00+01:00;2023-08-02T07:00:00+01:00;33.6;34.2;31.4;27.4;30.1;33.43;38.63;36.4;45.5;37.64;35.87;36.63;40.47;38.89;49.46;41.34;35.91;41.33;44.35;44.25;45.13;39.2;42.11;25.74;38.65;35.99;38.58;35.85;28.65;39.06;36.44;39.79;38.48;41.74;44.17;51.1;36.57;29.49;36.4;33.3;34.38;31.16;33.6;36.5;40.1
O3;uur;µg/m³;2023-08-02T07:00:00+01:00;2023-08-02T08:00:00+01:00;31.9;32.1;24.9;26.2;28.9;34.57;39.58;39.73;44.63;40.32;37.43;39.94;40.27;43.81;41.17;35.83;34.81;38.82;36.33;42.56;44.93;37.32;30.88;23.01;43.21;35.36;41.62;36.67;28.06;37.99;36.82;39.76;39.18;41.8;46.67;40.73;42.88;33.85;37.25;37.97;38.44;36.38;32.7;28.6;36.5
O3;uur;µg/m³;2023-08-02T08:00:00+01:00;2023-08-02T09:00:00+01:00;30.3;29.8;27.3;27.4;28.9;35.8;42.23;39.45;47.53;40.19;28.98;38.06;38.49;40.84;38.74;33.82;33.51;36.41;39.83;41.55;44.18;35.9;33.27;23.5;44.25;33.03;44.38;38.73;32.12;40.65;38.35;43.01;39.61;28.92;42.79;39.63;43.32;35.79;36.33;41.46;40.41;42.73;36.6;23.2;37.4
O3;uur;µg/m³;2023-08-02T09:00:00+01:00;2023-08-02T10:00:00+01:00;27.5;24.2;24.4;24.9;31.5;33.78;39.3;37.54;40.84;34.28;26.82;32.66;31.35;34.98;39.64;37.91;31.16;31.48;34.81;35.42;42.75;29.18;27.82;24.08;47.21;35.15;45.93;36.7;30.28;38.3;36.6;39.9;35.05;32.89;41.44;39.39;34.07;38.95;44.31;41.71;41.98;42.24;37.7;33.1;39.7
O3;uur;µg/m³;2023-08-02T10:00:00+01:00;2023-08-02T11:00:00+01:00;33.6;25.4;28.1;32.9;46.3;36.34;34.94;37.27;40.41;31.04;33.66;30.48;27.74;32.69;55.82;46.43;43.57;32.17;39.2;34.36;37.86;37;30.92;33.51;45.17;28.56;41.01;30.82;22.81;29.55;28.75;32.24;32.32;34.24;38.46;33.79;34.76;33.45;46.13;38.52;42.47;43.5;32.7;26.1;32.9
O3;uur;µg/m³;2023-08-02T11:00:00+01:00;2023-08-02T12:00:00+01:00;54.3;38.4;44.7;49.1;63.4;40.42;35.77;40.15;45.43;33.24;45.74;32.86;33.85;34.19;74.13;64.11;60.98;61.1;56.26;50.4;62.68;58.57;55.17;51.66;39.32;47.24;38.31;42.73;31.95;38.16;36.38;37.2;44.13;30.42;38.26;31.47;35.23;32.57;36.69;41.76;44.7;39.65;36.2;31.2;37.5
O3;uur;µg/m³;2023-08-02T12:00:00+01:00;2023-08-02T13:00:00+01:00;66.3;52.7;60.3;69.3;78.4;38.63;36.67;43.29;50.2;42.77;67;34.85;58.25;35.68;78.5;68.09;75.51;73.85;71.64;67.59;73.77;72.15;70.24;65.57;56.04;60.46;47.05;66.17;58.58;61.13;60.94;63.9;66.16;28.58;40.7;31.83;39.49;39.2;38.21;42.18;39.88;41.47;63.6;55.6;62
O3;uur;µg/m³;2023-08-02T13:00:00+01:00;2023-08-02T14:00:00+01:00;72.6;59.7;75.1;76.2;80.3;46.25;56.88;48.65;52.94;70.44;73.72;53.92;70.25;60.99;84.69;76.29;82.18;76.78;72.35;72.73;83.92;80.97;76.63;72.96;72.63;72.82;69.59;74.58;70.1;73.61;70.72;74.83;73.25;24.82;56.18;40.84;37.15;50.97;62.27;43.08;42.56;40.77;73.8;69.8;74.4
O3;uur;µg/m³;2023-08-02T14:00:00+01:00;2023-08-02T15:00:00+01:00;73.9;63.3;76.7;78.2;82.8;58.73;69.58;60.48;62.07;75.86;76.8;67.22;73.49;72.54;84.89;73.75;83.77;80.71;78.14;75.81;88.03;81.48;76.62;72.73;79.51;76.16;80.4;78.03;71.49;73.62;75.82;76.34;76.13;38.01;73.5;63.55;41.64;70.57;73.53;44.78;51.89;47.12;78.1;74.7;79.7
O3;uur;µg/m³;2023-08-02T15:00:00+01:00;2023-08-02T16:00:00+01:00;72.9;63;76.9;62.9;73.8;63.84;69.83;65.86;70.26;77.08;70.92;68.27;72.53;74.52;78.04;70.34;80.08;77.51;72.87;75.97;85.59;79.27;72.85;67.76;84.85;77.23;81.65;79.51;74.89;79.17;74.68;80.36;79.61;48.95;76.49;73.34;58.57;76.2;77.73;62.83;71.75;58.53;79.7;76.6;81.7
O3;uur;µg/m³;2023-08-02T16:00:00+01:00;2023-08-02T17:00:00+01:00;66.8;57;63.4;59.4;67.9;69.94;73.75;63.68;69.14;69.08;66.82;69.02;66.73;71.84;73.1;66.92;75.3;68;66.91;65.56;80.5;72.39;65.94;63.74;84.21;70.78;81.18;69.9;66.93;69.99;69.98;72.63;67.93;48.64;75.74;73.63;70.01;77.52;78.24;52.95;81.35;85.09;75.8;70.7;76.9
O3;uur;µg/m³;2023-08-02T17:00:00+01:00;2023-08-02T18:00:00+01:00;63.6;56.3;58.4;58.5;65.6;67.5;69.2;66.61;70.46;66.34;65.77;63.18;62.17;66.79;67.89;64.13;69.49;62.68;62.42;63.92;75.04;68.18;63.31;58.44;79.79;67.05;72.28;66.61;55;60.92;65.15;61.34;61.86;47.83;67.62;67.04;69.27;77.4;75.69;65.01;82.99;84.5;70.8;68.5;73.6
O3;uur;µg/m³;2023-08-02T18:00:00+01:00;2023-08-02T19:00:00+01:00;56.5;49.4;57.1;48.3;62.3;62.11;65.2;61.42;67.58;66.52;57.75;62.59;59.69;64.49;62.65;58.05;62.01;53.17;61.09;60.43;67.43;59.38;58.98;50.7;74;58.82;61.72;56.79;52.5;53.98;54.67;59.53;56.74;42.09;63.76;65.42;62.67;67.08;70.29;71.13;80.43;85.27;58;56.3;60.4
O3;uur;µg/m³;2023-08-02T19:00:00+01:00;2023-08-02T20:00:00+01:00;50.1;47.3;50.5;39.9;52.7;55.74;63.5;57.65;64.77;58.66;50.71;57.93;58.12;59.25;59.22;56.13;56.85;57.24;59.12;57.73;59.59;53.5;54.74;48.23;62.75;50.84;58.39;51.07;46.78;52.42;41.05;55.31;52.64;35.09;61.38;61.88;56.26;57.24;65.56;68.42;71.81;78.99;57.7;47.7;53.5
O3;uur;µg/m³;2023-08-02T20:00:00+01:00;2023-08-02T21:00:00+01:00;47.8;42.6;47.1;44.7;49.2;59.57;57.29;66.55;70.38;54.24;48.9;53.55;54.23;54.67;60.91;54.63;53.56;55.11;56.29;54.38;55.83;49.63;49.9;47.07;58.38;48.03;53.84;49.15;44.64;52.71;41.69;53.98;51.82;49.39;57.59;58.86;46.92;55.69;63.27;60;66.15;72.75;51.8;45.7;51.5
O3;uur;µg/m³;2023-08-02T21:00:00+01:00;2023-08-02T22:00:00+01:00;47.2;43.6;46.8;47;51.1;60.17;57.25;64.49;68.17;53.35;44.65;53.4;51.34;54.44;56.74;56.23;51.11;54.94;54.74;52.19;52.53;49.51;51.39;45.21;51.33;44.6;56.56;45.37;42.22;50.54;41.93;50.43;49.97;48.4;57.69;54.42;50.88;48.9;60.37;53.12;60.8;62.4;48.8;43.5;48.7
O3;uur;µg/m³;2023-08-02T22:00:00+01:00;2023-08-02T23:00:00+01:00;46.8;43.3;44.8;42.8;51.5;56.88;57.73;59.07;63.21;51.45;50.62;52.5;48.65;53.58;59.15;57.58;52.35;51.82;54.54;51.38;52.58;48.5;48.57;43.72;49.65;44.13;55.03;45.04;41.83;48.83;42.12;48.72;47.9;48.32;56.49;53.75;51.95;47.08;54.46;48.44;56.32;53.49;45.8;39.9;46.2
O3;uur;µg/m³;2023-08-02T23:00:00+01:00;2023-08-03T00:00:00+01:00;50.3;46.4;42;42.7;46.1;52.31;56.87;55.76;60.08;50.98;48;52.13;49.35;53.99;58.86;51.41;55.18;48.24;55.18;51.61;53.6;49.25;45.23;47.49;46.14;43.25;54.23;44.6;40.54;47.25;43.82;47.07;46.78;48.16;52.28;52.66;51.72;47.18;52.76;49.85;52.81;48.08;45.7;39.9;44.5
O3;uur;µg/m³;2023-08-03T00:00:00+01:00;2023-08-03T01:00:00+01:00;49.8;41;45.6;42.7;46.5;51.01;54.33;52.85;57.92;50.53;46.17;50.45;46.83;52.03;57.7;48.28;59.57;47.95;54.98;52.73;62.43;55.54;52.25;55.94;46.08;42.55;50.56;45.66;44.43;49.31;46;48.6;49.06;48.8;50.71;50.35;49.12;46.39;51.08;49.19;45.82;44.89;44.7;38;44.1
O3;uur;µg/m³;2023-08-03T01:00:00+01:00;2023-08-03T02:00:00+01:00;46.5;46.9;47.3;38.6;46.2;50.52;52.33;52.1;55.31;44.88;41.52;49.69;48.07;50.78;51.39;45.51;52.59;44.52;51.47;53.53;61.79;50.1;50.63;50.85;41.89;53.75;48.1;52.42;44.05;48.89;48.5;46.65;49.37;46.71;48.64;47.99;47.9;44.21;46.88;47.67;41.55;43.71;49.1;46.4;50.7
O3;uur;µg/m³;2023-08-03T02:00:00+01:00;2023-08-03T03:00:00+01:00;49.5;47.1;49.8;47.4;48.2;51.03;51.49;52.12;53.55;43.61;44.13;47.99;41.99;49.97;63.98;47.28;56.6;44.52;54.31;47.94;55.5;52.77;56.27;52.99;45.85;47.67;51.89;45.22;44.2;45.94;48.94;46.78;45.68;40.2;50.13;45.71;45.14;43.97;41.96;48.28;38.91;42.48;51.7;48.5;50.9
O3;uur;µg/m³;2023-08-03T03:00:00+01:00;2023-08-03T04:00:00+01:00;52.6;44.9;47.1;48.3;53.8;49.72;52.06;50.46;53.18;48.3;47.06;49.41;46.69;51.21;79.37;51.6;59.14;51.28;62.31;59.87;55.48;55.43;53.41;55.52;48.97;42.84;53.11;41.99;37.51;46.29;39.25;41.67;51.8;39.7;47.3;41.57;45.15;47.94;46.19;44.76;31.26;39.13;40.2;40;41.3
O3;uur;µg/m³;2023-08-03T04:00:00+01:00;2023-08-03T05:00:00+01:00;65.7;59.2;66;62.2;72.2;47.14;52.17;50.25;53.04;48.95;59.8;48.54;59.88;49.78;83.65;62.89;75.14;66.58;72.97;65.84;78.76;71.21;72.48;66.75;41.81;56.05;46.16;47.62;43.13;52.54;41.07;46.55;52.52;37.26;47.75;47.71;45.75;50.21;50.37;43.54;31.79;39.77;36.1;35.8;39.5
O3;uur;µg/m³;2023-08-03T05:00:00+01:00;2023-08-03T06:00:00+01:00;67.2;61.4;67.9;63;71.4;47.19;50.82;47.53;53.16;53.18;71.09;47.3;68.16;49.02;83.89;69.77;78.34;71.99;73.84;70.68;79.97;72.04;72.6;72.25;44.25;62.88;41.61;63.8;51.87;55.5;53.2;55.23;61.36;40.5;52.01;50.22;38.44;42.38;48.66;45.32;36.05;37.13;53.3;53.2;59.2
O3;uur;µg/m³;2023-08-03T06:00:00+01:00;2023-08-03T07:00:00+01:00;65.1;58.3;65;56.5;58.3;45.06;53.22;47.86;51.29;67.36;67.02;55.14;69.25;54.77;79.63;67.66;74.17;67.51;72.66;68.93;74.59;71;67.96;70.42;47.01;55.02;47.77;66.02;56.59;60.81;59.25;60.09;63.89;46.94;57.05;59.24;39.05;39.65;48.7;45.82;36.95;34.21;60.9;52.2;63.7
O3;uur;µg/m³;2023-08-03T07:00:00+01:00;2023-08-03T08:00:00+01:00;48.7;52.5;60.3;47;72.4;43.73;61.42;45.7;49.07;66.04;68.39;59.67;66.57;60.64;81.89;68.7;70.6;61.73;67.94;66.44;73.98;68.32;59.37;68.82;57.19;55.42;58.64;60.47;49.94;57.24;54.7;57.84;60.9;46.99;62.95;62.62;44.76;39.92;51.71;46.81;49.64;38.85;53.5;42.8;51.9
O3;uur;µg/m³;2023-08-03T08:00:00+01:00;2023-08-03T09:00:00+01:00;42.2;53.1;66.6;53.9;74.6;52.52;60.37;47.8;49.03;66.52;68.33;58.99;67.43;61.69;79.17;70.04;69.37;69.32;63.64;60.42;75.73;67.71;65.21;68.67;60.71;61.01;62.38;61.56;51.11;57.43;52.34;57.99;59.76;53.49;61.13;60.95;52.15;49.69;60.78;52;61.09;51.43;51.1;47.7;52
O3;uur;µg/m³;2023-08-03T09:00:00+01:00;2023-08-03T10:00:00+01:00;49.2;49.4;67.7;66.9;78.1;58.55;63.28;61.24;63.26;65.89;66.53;61.65;62.08;65.58;76.99;67.33;72.68;68.34;60.05;57.93;77.35;68.52;68.44;72.04;82.59;62.83;65.33;64.54;48.15;58.92;56.28;56.89;63.28;53.83;55.61;58.69;56.1;63.82;71.65;59.09;66.78;61.19;64.3;52.3;58.9
O3;uur;µg/m³;2023-08-03T10:00:00+01:00;2023-08-03T11:00:00+01:00;62.7;53.9;77.3;72.8;79.1;59.86;63.92;59.27;65.06;64.01;68.87;57;62.6;62.93;76.4;69.69;82.12;75.58;62.69;58.45;87.32;77.93;78.56;80.2;77.11;78.07;70.54;70.84;60.75;66.84;60.38;66.38;66.66;48.88;61.76;54.8;59.86;70.14;83.07;62.66;72.8;68.78;79.7;70.3;77.1
O3;uur;µg/m³;2023-08-03T11:00:00+01:00;2023-08-03T12:00:00+01:00;52.1;55.2;68.4;67.6;75;66.07;62.98;62.4;67.65;62.63;73.84;55.55;66.78;59.79;73.32;71.22;73.11;73.75;63.58;71.14;81.46;69.33;69.68;70.39;75.62;73.03;81.16;74.02;63.38;73.92;67.73;71.64;74.68;53.21;69.79;61.93;69.71;73.83;77.36;70.88;82.29;70.16;74.9;69.2;74
O3;uur;µg/m³;2023-08-03T12:00:00+01:00;2023-08-03T13:00:00+01:00;48.8;51;66.1;66.5;76;62.84;64.32;66.64;69.74;63.78;66.46;58.15;63.58;61.09;74.29;75.01;74.07;69.94;61.22;68.51;80.88;69.21;70.12;72.37;76.18;69.83;77.98;67.73;65.19;71.06;67.45;72.94;67.41;57.86;73.48;;75.2;74.88;78.07;78.94;82.6;81.78;75.4;69.2;71.7
O3;uur;µg/m³;2023-08-03T13:00:00+01:00;2023-08-03T14:00:00+01:00;56.1;52;70.4;70;78.9;60.45;66.74;66.29;71.61;64.85;66.27;60.98;63.4;63.72;79.97;79.9;76.32;71.89;64.75;68.59;80.66;72.32;70.01;74.86;74.64;73.41;78.71;69.04;63.71;67.76;65.68;72.03;67.5;61.48;73.71;68.1;74.84;71.78;72.13;83.06;81.61;82.43;73.7;69.8;76.2
O3;uur;µg/m³;2023-08-03T14:00:00+01:00;2023-08-03T15:00:00+01:00;56.7;50.1;74;72.4;80.3;59.92;67.62;67.21;71.55;62.14;62.55;59.38;65.48;63.86;80.7;80.98;77.53;75.27;66.16;72.03;81.39;74.31;73.48;77.08;70.61;72.67;75.64;70.08;64.58;72.05;66.63;72.19;68.9;66.92;75.59;69.3;71.84;65.1;68.57;79.31;81.08;81.51;73.4;67.2;72.7
O3;uur;µg/m³;2023-08-03T15:00:00+01:00;2023-08-03T16:00:00+01:00;62.1;52.1;75.3;74.2;80.8;64.36;66.29;65.64;69.37;66.51;64.36;57.53;69.8;64.46;80.84;80.22;77.89;75.07;71.4;72.95;83.93;74.85;75.83;76.45;71.9;72.7;70.67;71.55;65.34;73.49;64.46;72.85;66.65;65.11;73.63;66.82;66.15;63.27;69.54;77.56;81.27;76.41;71.8;64.6;72.8
O3;uur;µg/m³;2023-08-03T16:00:00+01:00;2023-08-03T17:00:00+01:00;60.6;58.6;76.7;72.4;79.9;61.66;69.58;62.47;72.38;70.46;67.41;63.72;73.6;67.29;81.4;78.06;78.25;77.01;69.48;73.63;81.97;74.46;75.1;76.37;76.81;70.68;68;71.66;63.14;70.97;62;71.08;68.52;59.29;69.15;65.88;65.23;63.58;69.65;76.56;81.68;76.87;70;62.4;67.5
O3;uur;µg/m³;2023-08-03T17:00:00+01:00;2023-08-03T18:00:00+01:00;59;55.9;74;71;76.4;57.49;70.92;60.95;65.13;70.05;68.42;64.74;71.77;65.81;75.74;74.61;75.51;74.33;68.35;68.24;79.4;72.88;73.6;73.24;78.5;66.18;70.6;69.22;64.5;73.05;64.71;72.42;69.79;53.55;67.11;63.05;64.57;64.66;69.46;73.42;79.38;74.95;63.8;54.1;58.7
O3;uur;µg/m³;2023-08-03T18:00:00+01:00;2023-08-03T19:00:00+01:00;60.8;52.7;71.7;69.3;74.7;52.99;67.56;56.21;61.62;73.01;69.82;64.12;68.24;65.74;74.03;73.72;73.46;70.88;65.58;66.91;75.85;70.6;70.88;70.51;76.95;65.93;74.27;66.26;63.15;69.76;60.34;69.94;63.89;57.38;65.22;62.22;66.24;64.02;70.43;70.92;76.42;72.89;70.5;62;61.1
O3;uur;µg/m³;2023-08-03T19:00:00+01:00;2023-08-03T20:00:00+01:00;57.6;50.4;69.1;65.8;70.6;59.97;65.74;54.54;62.67;62.53;64.38;59.15;61.58;63.47;70.95;70.33;70.4;68.87;57.85;64.66;75.3;66.21;68.03;67;74.05;69.13;71.51;64.58;57.67;63.06;57.64;66.03;61.57;53.56;59.71;65.24;64.33;64.84;72.83;69.5;76.69;68.48;68.1;52.5;58.6
O3;uur;µg/m³;2023-08-03T20:00:00+01:00;2023-08-03T21:00:00+01:00;54.5;47.9;63.5;64.1;70.8;61.26;66.23;52.97;57.54;61.48;48;59.24;55.35;58.04;67.12;61.57;69.99;65.29;51.96;64.14;75.17;65.14;65.37;67.06;74.64;65.92;66.13;61.6;54.8;60.92;51.67;62.8;54.43;25.52;52.63;57.46;66;62.64;70.77;65.65;77.09;64.76;65.4;55.7;58.2
O3;uur;µg/m³;2023-08-03T21:00:00+01:00;2023-08-03T22:00:00+01:00;52.7;42.3;60.6;60.6;70.3;49.81;66.82;46.57;52.88;41.92;44.41;58.34;46.71;55.33;65.11;49.86;68.54;61.37;44.36;57.04;72.75;60.98;56.22;64.6;69.71;65.67;66.45;58.94;50.46;59.93;47.06;58.46;51.85;29.22;48.29;56.45;54.75;61.72;68.98;59.43;78.14;62.69;64;53.7;58.9
O3;uur;µg/m³;2023-08-03T22:00:00+01:00;2023-08-03T23:00:00+01:00;55.4;38.2;56;59.9;67.2;40.97;58.62;29.52;47.93;35.37;36.5;47.58;37.2;42.4;62.01;25.76;66.72;54.32;33.18;47.11;70.43;60.14;52.58;63.8;66.05;60.7;62.02;55.25;45.66;45.16;46.14;51.78;50.01;27.06;42.61;50.25;46.47;58.89;70.02;56.62;76.25;66.15;63.4;47.5;52.9
O3;uur;µg/m³;2023-08-03T23:00:00+01:00;2023-08-04T00:00:00+01:00;53;36.8;54.5;57.8;66.8;30.81;42.72;34.06;44.76;34.82;24.23;38.84;34.09;32.78;63.15;35.72;65.87;50.1;33.66;37.76;67.43;59.37;51.1;63.27;63.7;56.87;61.67;47.6;48.97;44.98;40.48;52.38;41.92;19.1;35.57;42.98;45.88;60.76;68.55;60.59;73.52;65.65;58.9;44.8;49.8
O3;uur;µg/m³;2023-08-04T00:00:00+01:00;2023-08-04T01:00:00+01:00;56;39.3;55.1;57.8;64.5;29.12;43.68;34.63;47.04;33.47;24.11;34.83;31.89;32.16;63.03;39.59;64.45;51.92;33.79;24.63;68.64;61.44;53.9;62.25;59.58;59.55;65.28;43.46;46.81;48.92;37.56;51.49;39.05;10.86;35.19;41.56;39.61;60.95;67.04;61.17;58.37;61.73;60.3;48.2;46.2
O3;uur;µg/m³;2023-08-04T01:00:00+01:00;2023-08-04T02:00:00+01:00;48.5;44.8;58;58.4;66.2;29.36;32.88;36.55;45.7;32.07;35.19;31.34;28.06;29.32;63.59;40.19;65.54;54.93;38.15;26.31;69.59;61.62;52.55;63.18;61.4;61.49;56.31;39.34;44.55;47.66;32.47;46.13;35.56;9.02;32.46;44.97;28.76;56.37;64.24;57.58;54.32;61.88;42.1;47.1;35.1
O3;uur;µg/m³;2023-08-04T02:00:00+01:00;2023-08-04T03:00:00+01:00;53.9;45;58.9;59.7;66.8;;;;;;;;;;;;;;;;;;;;;;;;;;;;;;;;;;;;;;55.2;48;44.9
O3;uur;µg/m³;2023-08-04T03:00:00+01:00;2023-08-04T04:00:00+01:00;53.4;46.4;59.5;61.6;68.9;29.79;30.66;29.55;38.98;21.68;30.44;28.88;27.3;25.72;62.02;36.87;68.7;58.74;31.83;19.79;70.93;65.3;56.66;67.08;61.62;62.61;56.55;34.97;40.77;32.82;32.2;40.75;21.34;13.8;30.82;30.87;28.7;59.89;65.3;44.72;59.46;58.13;54.9;45.7;50.7
O3;uur;µg/m³;2023-08-04T04:00:00+01:00;2023-08-04T05:00:00+01:00;51.7;38.3;60;59.6;67.6;25.49;22.07;25.95;31.74;23.67;11.88;27.82;27.95;19.71;61.28;23.96;65.74;55.62;39.7;18.73;71.54;60.45;55.6;63.06;66.89;61.95;63.57;44.66;34.09;37.14;33.53;35.26;16.9;8.02;32.94;31.45;27.17;51.88;69.03;43.17;68.24;59.22;61.8;34.5;49.4
O3;uur;µg/m³;2023-08-04T05:00:00+01:00;2023-08-04T06:00:00+01:00;43.7;24;50.1;52.6;66;22.79;25.65;24.27;29.57;20.68;8.92;24.02;23.78;14.75;61.77;45.66;65.05;52.78;46.31;13.79;71.93;58;38.75;63.41;64.05;61.73;58.6;39.26;28.38;34.06;29.53;30.23;15.47;10.25;32.61;26.34;30.72;53.77;57.74;45.95;64.56;62.88;43.1;38.5;40.3
O3;uur;µg/m³;2023-08-04T06:00:00+01:00;2023-08-04T07:00:00+01:00;40.3;36.4;44;59.5;71.7;22.87;22.26;21.88;29.16;22.42;39.8;17.06;38.82;16.57;58.2;51.84;68.13;55.45;33.87;24.62;72.46;60.54;52.62;66.43;64.09;61.66;57.43;46.38;23.31;32.66;30.36;33.06;42.56;15.8;40.07;25.67;34.67;54.41;59.07;47.6;51.18;54.06;48.9;42.1;44.4
O3;uur;µg/m³;2023-08-04T07:00:00+01:00;2023-08-04T08:00:00+01:00;46.3;39.9;60.7;63.4;72.3;21.65;34.86;24.73;30.91;28.64;41.71;26.47;43.98;26.68;65.45;56.19;68.12;57.92;50.79;43.2;73.97;58.03;57.99;65.95;58.89;60.31;63.15;52.91;35.38;34.64;40.78;43.18;53.37;23.12;49.19;21.95;42.17;55.08;62.98;52.07;52.64;53.55;53.4;41.1;46.8
O3;uur;µg/m³;2023-08-04T08:00:00+01:00;2023-08-04T09:00:00+01:00;59.6;42.3;60.4;64.5;72.7;28.28;51.07;28.62;34.71;40.87;51.91;41.21;48.56;44.43;70.72;62.48;67.09;60.04;55.88;48.7;72.87;64.6;65.55;68.62;61.26;61.44;65.15;57.08;45.36;53.67;41.12;54.23;56.43;33.45;49;40.51;46.43;56.13;66.22;56.08;58.75;56.45;54.1;37.3;49.9
O3;uur;µg/m³;2023-08-04T09:00:00+01:00;2023-08-04T10:00:00+01:00;60.2;49.4;67.5;65.8;71.1;47.83;55.88;37.6;40.8;54.03;56.14;48.68;56.55;52.78;71.75;67.3;68.74;67.61;62.04;55.26;72.77;67.64;68.79;69.32;65.97;62.8;67.26;58.99;48.77;58.96;47.47;57.72;52.84;46.8;57.41;52.12;60.57;62.69;64.24;60.57;67.63;57.77;57.8;52.3;54.1
O3;uur;µg/m³;2023-08-04T10:00:00+01:00;2023-08-04T11:00:00+01:00;55.7;48.7;67.8;62.9;69.8;56.02;63.17;46.97;54.14;61.48;62.69;50.59;64.42;56.2;70.26;71.31;67.4;71.36;63.04;61.45;70.84;66.26;67.63;67.51;67.48;62.07;66.19;63.06;55.61;61.39;50.2;62.18;64.02;56.15;66.92;60.51;61.52;61.55;66.86;63.52;71.44;63.84;64;58.4;62.1
O3;uur;µg/m³;2023-08-04T11:00:00+01:00;2023-08-04T12:00:00+01:00;54.9;45;64.6;61.5;68.3;61.26;68.51;57.34;67.95;64.74;69.46;57.96;68.91;66.97;71.33;66.73;67;70.25;61.55;68.65;72.94;64.51;65.61;66.46;64.66;63.98;65.34;65.5;57.49;60.05;54.85;65.96;66.34;58.31;69.38;64.54;63.69;63;67.85;64.54;73.21;69.59;63.7;55.8;60.8
O3;uur;µg/m³;2023-08-04T12:00:00+01:00;2023-08-04T13:00:00+01:00;52.3;46.1;62.8;56.6;65.5;68.32;74.21;69.33;70.08;68.49;67.34;63.43;69.87;66.92;65.18;65.56;66.38;68.76;58.87;68.43;74.84;62.3;63.3;65.83;68.47;65.52;64.16;65.61;58.78;65.11;60.37;66.87;64.88;61.96;70.12;72.24;61.37;62.34;66.07;64.14;75.43;70.03;64;56.6;62.6
O3;uur;µg/m³;2023-08-04T13:00:00+01:00;2023-08-04T14:00:00+01:00;51.8;45.8;65.8;60.6;66.2;72.33;75.94;76.73;81.31;73.72;66.05;69.1;66.34;70.67;67.54;65.21;69.14;67.38;58.23;65.81;75.77;66.66;63.02;68.44;65.26;65.03;66.1;66.6;62.15;68.2;59.2;69.49;66.05;65.15;68.84;73.84;68.67;67.39;66.78;62.74;74.88;73.82;64.6;57.2;62.2
O3;uur;µg/m³;2023-08-04T14:00:00+01:00;2023-08-04T15:00:00+01:00;53.6;47.9;67.1;63.7;68.1;70.84;77.05;69.33;78.77;72.33;63.44;62.09;66.5;68.36;68.82;66.99;68.44;69.4;59.66;65.18;70.98;64.97;63.36;67.28;69.69;62.42;67.07;66.68;61.44;67.3;59.54;69.06;67.63;64.94;68.07;72.84;68.95;64.63;70.65;55.51;68.74;68.37;65.8;56.2;62.9
O3;uur;µg/m³;2023-08-04T15:00:00+01:00;2023-08-04T16:00:00+01:00;53.3;45.4;66.7;61.5;64.2;70.67;72.34;65.31;76.38;66.47;64.9;59.66;67.62;68.15;64.12;67.07;67.36;68.1;59.75;67.27;72.73;64.98;65.33;65.7;66.86;62.06;62.95;65.54;58.53;66.28;56.12;65.57;66.81;60.62;69.91;68.68;69.06;65.58;70.62;55.02;70.27;66.87;64.2;57.8;62.4
O3;uur;µg/m³;2023-08-04T16:00:00+01:00;2023-08-04T17:00:00+01:00;55;50.7;66.8;61.9;67.1;75.44;70.82;71.89;78.23;68.65;65.18;63.72;66.8;67.51;63.46;66.03;64.74;66.4;59.9;66.01;72.83;62.69;63.91;63.7;66.44;62.05;65.42;63.33;59.25;64.59;58.94;67.24;63.96;66.94;71.14;70.91;64.98;67.54;65.96;64.2;72.8;68.88;65.1;56.6;62.8
O3;uur;µg/m³;2023-08-04T17:00:00+01:00;2023-08-04T18:00:00+01:00;55.3;47.3;62.5;63.2;66.7;72.31;71.05;65.41;70.73;69.46;61.51;67.01;65.51;69.75;65.31;66.64;64.34;63.55;60.43;62.81;73.79;62.33;60.87;63.6;64.16;62.9;67.9;60.98;59.55;62.58;56.52;66.41;62.32;67.05;66.5;72.87;62.44;62.61;66.23;61.93;76.02;71.43;63.2;55;63.2
O3;uur;µg/m³;2023-08-04T18:00:00+01:00;2023-08-04T19:00:00+01:00;55.9;47.2;63.1;61.3;65.8;68.19;67.74;56.45;60.67;66.7;59.73;62.23;61.64;68.72;63.38;64.18;65.31;60.68;59.14;61.59;71.93;62.3;61.49;63.62;63.13;63.56;65.41;62.72;58.85;62.32;52.74;64.64;61.12;62.36;68.54;67.69;54.66;61.98;64.83;64.17;78;73.6;61.3;51.6;64.6
O3;uur;µg/m³;2023-08-04T19:00:00+01:00;2023-08-04T20:00:00+01:00;49.5;48.9;60.6;58.3;64.1;62.37;64.13;47.49;52.54;62.65;53.66;57.5;57.75;61.6;62.06;59.25;63.16;61.33;51.44;61.04;66.02;57.9;55.78;61.16;61.96;58.82;59.1;58.38;56.65;61.58;47.19;61.54;56.33;60.46;64.9;63.31;53.15;61.62;63.43;60.33;71.64;69.44;60.5;56.2;62.7
O3;uur;µg/m³;2023-08-04T20:00:00+01:00;2023-08-04T21:00:00+01:00;47.2;34.4;56.2;54.2;61.3;57.79;43.23;41.88;50.83;54.19;42.51;43.6;50.72;51.5;58.28;51.25;60.62;58.74;40.65;55.47;62.48;57.03;47.06;59.65;57.38;54.46;44.72;50.37;52.4;54.52;41.37;57.57;49.72;39.97;44.83;55.93;44.86;57.76;49.86;56.27;65.89;61.06;54.4;44.3;54.6
O3;uur;µg/m³;2023-08-04T21:00:00+01:00;2023-08-04T22:00:00+01:00;47.2;22.1;47.2;43.6;57.9;52.98;30.12;38.3;51.71;42.57;29.36;45.76;48.23;45.07;55.39;28.51;59.5;50.56;30.11;44.35;56.52;45.85;29.03;55.08;55.29;34.07;30.74;45.5;43.39;54.66;35.38;50.48;45.57;23.06;29.43;46.79;26.64;50.24;47.22;31.36;61.32;60.61;40.5;39.5;38.5
O3;uur;µg/m³;2023-08-04T22:00:00+01:00;2023-08-04T23:00:00+01:00;47.3;10.4;35.6;34.1;54.7;45.41;27.7;41.46;51.46;26.19;18.16;39.36;39.26;41.44;55.8;20.48;50.19;40.11;22.67;24.12;43.46;14.64;18.58;50.23;58.83;22.9;35.65;40.77;35.31;43.26;28.31;40.89;39.26;19.45;17.7;38.78;8.07;48.59;54.46;14.92;47.94;61.42;28.4;37.9;26
O3;uur;µg/m³;2023-08-04T23:00:00+01:00;2023-08-05T00:00:00+01:00;47;5.4;32;32.1;51;39.11;14.38;33.55;43.64;16.07;16.52;31.31;26.66;30.49;53.95;23.93;42.67;33.68;25.49;19.83;33.39;1.55;6.31;31.94;43.37;14.27;31.23;26.8;26.25;21.17;22.28;26.34;27.65;15.36;17.26;39.85;6.56;33.37;47.94;30.76;38.97;57.16;26.1;26.5;11.9
O3;uur;µg/m³;2023-08-05T00:00:00+01:00;2023-08-05T01:00:00+01:00;34.3;4.1;28.5;30.9;52.6;32.09;6.44;28.3;37.31;13.14;10.7;25.13;19.31;24.4;50.09;26.05;36.02;26.55;25.18;9.37;26.93;2.18;2.54;15.06;47.75;9.25;18.23;20.7;16.94;20.7;12.55;14.76;21.59;14.97;6.63;44.6;2.27;22.88;40.1;25.05;36.5;52.45;23.5;9.9;4.1
O3;uur;µg/m³;2023-08-05T01:00:00+01:00;2023-08-05T02:00:00+01:00;25.5;3.9;27.6;13;30.5;30.06;11.22;23.27;35.62;11.09;2.01;27.38;16.51;23.72;44.73;22.45;24.22;22.84;16.1;8.15;23.89;-0.56;1.69;14.64;42.29;10.22;21.13;19.6;12.67;14.16;7.17;13.24;18.37;14.15;2.99;40.31;4.07;26.62;46.12;20.14;35.04;51.16;10.6;4.8;-0.3
O3;uur;µg/m³;2023-08-05T02:00:00+01:00;2023-08-05T03:00:00+01:00;20.4;5.7;27.6;21.5;45.5;26.4;12.8;17.62;32.35;9.03;0.88;26.24;16.85;12.99;49.24;23.16;19.15;19.07;14.45;13.04;29.39;-0.59;3.61;18.9;50.69;21.21;23.29;17.96;10.09;13.89;15;8.7;9.79;9.53;2.38;34.69;5.27;22.5;48;24.37;30.82;45.43;25.5;21.9;10.7
O3;uur;µg/m³;2023-08-05T03:00:00+01:00;2023-08-05T04:00:00+01:00;15.4;12.5;26.6;32.3;44.8;23.41;9.41;23.41;26.2;10.12;0.1;20.02;20.82;11.36;48.9;21.8;12.04;22.38;17.04;15.07;40.43;7.42;13.53;20.2;48;28;41.83;13.97;11.12;14.74;15.15;12.55;14.2;4.21;4.37;17.78;2.15;25.31;54.3;22.9;29.08;42.11;39.7;31.3;31
O3;uur;µg/m³;2023-08-05T04:00:00+01:00;2023-08-05T05:00:00+01:00;20.2;25.5;16.9;38.7;39.4;17.44;10.47;19.16;19.06;9.49;-0.35;14.25;24.7;6.75;40.54;10.22;23.55;32.68;17.1;21.85;39.45;11.08;32.78;21.04;45.58;28.28;39.44;23.03;11.12;10.78;9.39;11.86;16.26;0.02;16.49;12.57;4.47;24.91;51.99;18.86;33.67;42.18;43.9;36.7;35
O3;uur;µg/m³;2023-08-05T05:00:00+01:00;2023-08-05T06:00:00+01:00;21.6;26.9;23.2;36.2;35.4;10.62;9.96;15.62;26.14;6.53;0.63;12.59;17.05;11.51;43.69;15.65;26.85;36.78;19.73;23.42;33.29;20.92;38.43;14.45;41.32;30.46;43.61;15.63;6.98;11.65;14.73;10.84;10.2;3.56;15.33;12.76;26.38;24.36;49.7;18.71;35.87;52.44;38.1;29.6;31.5
O3;uur;µg/m³;2023-08-05T06:00:00+01:00;2023-08-05T07:00:00+01:00;24.3;27.6;26.3;31.4;33.5;15.43;13.96;21.22;32.26;8.98;8.39;20.62;15.45;13.32;41.19;21.15;36.13;40.26;22.58;24.55;21.57;28.2;26.6;20.53;43.63;26.98;47.38;16.08;12.37;13.4;22.66;15.9;12.06;12.09;19.35;11.77;41.8;33.09;50.17;35.38;48.83;51.26;39.2;30.1;32.8
O3;uur;µg/m³;2023-08-05T07:00:00+01:00;2023-08-05T08:00:00+01:00;21.5;30.1;29.8;18.7;26.8;21.17;22.88;28.18;40.78;21.16;14.56;31.83;31.93;25.94;37.39;36.23;32.82;37.76;34.45;24.06;34.67;34.29;26.31;27.3;40.94;27.83;48.26;27.54;15.48;19.97;28.08;22.33;22.55;26.16;23.4;21.89;44.42;41.27;53.33;49.14;55.74;59.99;40.5;32;35.6
O3;uur;µg/m³;2023-08-05T08:00:00+01:00;2023-08-05T09:00:00+01:00;32.9;31.8;37.6;27.8;41.5;37.06;37.62;36.25;48.77;39.32;32.13;39.68;37.37;37.26;36.24;43.66;36.8;38.25;39.11;36.08;43.69;37.18;39.46;32.71;49.17;34.45;47.64;34.92;33.68;40.21;39.21;42.23;34.1;26.74;37.04;40.39;41.99;49.37;55.73;54.79;63.31;62.9;43.9;38.4;40.4
O3;uur;µg/m³;2023-08-05T09:00:00+01:00;2023-08-05T10:00:00+01:00;36.7;34.2;42.3;37.9;43.8;49.87;49.99;48.18;56.48;46.36;45.14;48.6;42.88;51.42;53.09;54.81;44.54;43.48;42.5;43.86;49.32;45.94;40.98;39.13;53.45;43.41;51.6;41.01;38.28;47.32;40.48;47.42;41.37;40.74;53.55;48.64;48.18;53.78;57.74;61.8;63.17;64.65;48;42.3;44.9
O3;uur;µg/m³;2023-08-05T10:00:00+01:00;2023-08-05T11:00:00+01:00;48.8;44.4;53.7;43;49.6;59.36;58.57;51.21;63.07;51.1;60.34;52.84;50.79;54.77;67;60.2;56.5;53.86;58.68;50.92;58.03;52.06;55.58;46.87;57.47;46.6;59.15;50.44;45.7;53.85;45.95;54.78;50.88;54.95;58.17;58.3;54.37;54.98;60.82;69.08;68.45;67.19;53.6;44.8;52.9
O3;uur;µg/m³;2023-08-05T11:00:00+01:00;2023-08-05T12:00:00+01:00;53.2;50.3;57.4;53.9;64.7;61.69;63.78;57.51;65.29;60.01;61.11;56.18;61.49;56.95;67.22;62.35;59.52;62.81;64;62.08;61.24;55.59;59.08;50.27;65.61;53.99;69.07;52.93;49.66;57.19;47.54;58.2;55.06;63.26;66.21;64.99;61.04;62.77;64.63;67.94;71.5;71.84;59.2;53;59.2
O3;uur;µg/m³;2023-08-05T12:00:00+01:00;2023-08-05T13:00:00+01:00;57.5;50.7;60.5;54;61.5;63.89;60.47;62.54;69.89;63.17;57.78;61.45;60.24;62.39;66.1;65.16;64.44;61.03;63.01;60.47;61.01;58.32;62.18;49.3;67.57;52.61;68.89;54.75;56.45;57.95;51.42;62.94;57.35;68.45;70.4;65.4;69.3;69.43;68.26;70.35;71.62;74.31;62.7;55.2;61.1
O3;uur;µg/m³;2023-08-05T13:00:00+01:00;2023-08-05T14:00:00+01:00;68.9;58.6;66.9;53;56.6;61.82;59.07;61.81;68.33;52.76;57.53;58.63;56.76;57.9;73.5;64.25;65.45;67.96;69.29;54.1;62.09;57.11;64.05;54.94;53.22;46.86;67.78;50.69;52.04;57.22;50.96;60.51;51.67;73.32;57.64;52.92;72.86;69.46;72.64;70.7;73.31;73.97;59.8;53.3;59.3
O3;uur;µg/m³;2023-08-05T14:00:00+01:00;2023-08-05T15:00:00+01:00;63.6;56.4;64;54.9;67.6;57.74;55.05;58.44;64.54;56.14;57.51;53.01;62.63;55.94;75.69;66.04;72.54;61.31;61.3;65.29;72.75;68.28;68.14;56.59;59.21;51.8;57.12;59.73;40.85;50.18;45.11;54.42;55.4;64.75;58.9;54.28;73.79;73.01;75.77;69.23;68.36;72.81;57.9;41.1;54.3
O3;uur;µg/m³;2023-08-05T15:00:00+01:00;2023-08-05T16:00:00+01:00;59.4;49.7;63;58;63.2;60.66;52.87;61.41;62.26;59.26;62.97;62.23;65.18;63.23;78.27;64.42;70.87;23.71;65.21;64.85;76.54;67.39;68.85;57.86;58.86;63.24;60.64;66.25;48.98;61.5;51.75;63.02;63.17;55.76;58.25;52.72;58.78;59.54;68.02;69.94;75.98;68.65;63;50.8;65.5
O3;uur;µg/m³;2023-08-05T16:00:00+01:00;2023-08-05T17:00:00+01:00;61.3;53.5;64.5;60.6;61.4;65.25;63.81;62.21;70.2;66.38;62.75;63.57;68.78;67.59;75.94;60.11;71.24;49.06;66.23;71.22;73.3;68.37;71;58.62;67.48;67;62.87;63.5;47.85;59.51;58.73;62.84;61.38;46.46;51.9;52.22;55.19;54.04;65.08;77.28;71.66;81.66;72.5;58.7;72
O3;uur;µg/m³;2023-08-05T17:00:00+01:00;2023-08-05T18:00:00+01:00;61.7;55.3;64.7;60;61.4;65.76;62.58;56.36;66.65;64.73;58;65.86;63.61;71.56;71.54;56.12;64.98;43.47;67.31;69.56;73.2;63.58;63.94;50.33;78.58;66.08;60.69;64.99;53.7;65.97;62.64;66.79;63.41;44.06;59.2;55.53;47.58;49.43;69.76;65.88;70.71;71.5;69.2;57.3;68.5
O3;uur;µg/m³;2023-08-05T18:00:00+01:00;2023-08-05T19:00:00+01:00;60.8;52.3;68.1;57.4;61.5;64.82;64.51;54.17;67.51;59.4;50.93;59.49;57.05;67;66.79;44.62;63.65;29.35;65.33;65.41;73.01;66.33;66.27;42.59;77.05;63.65;54.79;63.45;52.08;59.45;61.37;63.89;57.5;45.28;54.11;50.11;45.62;57.42;58.41;61.74;63.99;64.69;68.7;59.2;66.4
O3;uur;µg/m³;2023-08-05T19:00:00+01:00;2023-08-05T20:00:00+01:00;56.5;41.2;51;51.4;53.1;57.11;55.9;54.86;64.77;50.64;41.88;52.16;54.32;59.8;58.68;47.2;63.06;54.03;54.92;59.69;71.79;62.88;51.87;42.38;65.3;60.35;53.18;53.35;49.11;53.48;57.04;61.03;53.1;40.47;50.47;54.01;43.26;49.89;61.06;55.46;62.93;59.43;64.2;52.8;65.6
O3;uur;µg/m³;2023-08-05T20:00:00+01:00;2023-08-05T21:00:00+01:00;44;41.6;30.9;48;40.4;55.33;48.94;50.61;57.85;46.81;37.76;48.66;47.71;54.11;56.73;42.41;57.85;53.42;50.52;54.44;63.2;57.53;42.73;41.48;64.64;51.76;52;50.61;42.47;49.23;53.18;52.67;49.42;41.32;48.1;48.49;40.18;46.26;63.11;50.01;53.1;54.88;57.9;45.2;60.5
O3;uur;µg/m³;2023-08-05T21:00:00+01:00;2023-08-05T22:00:00+01:00;39.3;38.6;31.2;41;39.8;49.09;50.8;47.1;55.42;41.34;40.28;45.71;45.84;48.21;55.93;51.37;52.57;52.34;47.96;50.57;58.18;50.48;40.2;34.35;63.24;44.79;50.18;47.65;43.39;48.15;47.09;53.65;49.52;40.88;42.19;45.69;45.28;43.27;60.64;48.27;50.67;49.37;52.4;45.3;54.6
O3;uur;µg/m³;2023-08-05T22:00:00+01:00;2023-08-05T23:00:00+01:00;38.4;38.3;37.8;33.1;36.1;47.55;51.32;45.82;53.8;39.81;37.44;39.78;41.62;44.65;53.71;51.98;48.78;44.56;44.3;45.94;53.38;44.44;38.75;29.47;58.01;40.33;45.14;47.42;38.76;45.07;47.52;47.05;48.17;38.86;37.97;48.43;43.41;44.39;60.84;43.47;50.03;47.79;49;32.6;46.9
O3;uur;µg/m³;2023-08-05T23:00:00+01:00;2023-08-06T00:00:00+01:00;35.3;35.5;34.2;38;43.1;43.71;47.68;45.01;53.86;38.87;33.1;40.81;41.86;43.93;52.16;48.77;46.47;41.1;41.97;40.16;48.83;45.33;35.25;34.82;54.97;37.95;41.95;41.87;31.97;39.97;43.34;39.68;42.09;35.32;37.82;47.24;38.65;41.99;55.16;36.72;50.02;47.46;46.6;37;44.8
O3;uur;µg/m³;2023-08-06T00:00:00+01:00;2023-08-06T01:00:00+01:00;31.2;34.1;34;37.7;43.6;36.69;39.71;47.93;52.55;37.62;32.76;38.29;38.3;41.58;48.03;43.47;46.4;40.28;38.42;36.99;46.67;43.52;33.94;37.31;51.93;39.05;36.94;36.89;30.93;36.13;37.66;37.61;39.03;33.02;40.08;44.98;35.78;37.83;48.96;38.49;54.92;43.7;38.6;35.2;39.8
O3;uur;µg/m³;2023-08-06T01:00:00+01:00;2023-08-06T02:00:00+01:00;22.6;33.4;33;36;43.6;37.03;34.87;47.29;46.27;34.65;26.28;36.24;36.23;39.11;41.13;38.03;42.95;37.81;39.07;38.26;42.62;40.67;36.56;35.41;50.68;34.23;33.3;28.67;27.72;33.22;34.85;34.17;37.45;34.2;29.4;42.92;38.02;35.48;45.74;41.09;51.35;45.17;32.4;29.1;35.7
O3;uur;µg/m³;2023-08-06T02:00:00+01:00;2023-08-06T03:00:00+01:00;19.1;29.8;28.5;33.1;41.5;32.68;31.83;29.6;37.31;30.16;26.13;34.62;32.1;33.79;40.78;40.68;41.37;34.35;32.52;36.09;40.11;36.49;32.32;39.41;44.94;35.63;33.39;26.24;25.36;32.34;32.12;31.77;31.23;35.84;30.66;36.67;38.65;34.99;42.74;44.08;49.99;39.7;31;31.3;37
O3;uur;µg/m³;2023-08-06T03:00:00+01:00;2023-08-06T04:00:00+01:00;17.6;23.7;30;38.4;58;28.54;31.51;29.81;37.98;23.4;28.22;32.84;28.25;30.77;43.96;61.08;43.5;30.1;27.51;31.78;27.25;40.26;35.05;42.95;37.93;35.34;32.54;27.66;22.4;31.14;25.05;27.38;25.61;28.26;33;33.18;35.81;34.14;41.11;39.24;43.05;34.07;33;33.4;32.5
O3;uur;µg/m³;2023-08-06T04:00:00+01:00;2023-08-06T05:00:00+01:00;37.1;38;42.4;65.5;78;35.95;20.7;32.4;38.59;17.42;39.78;27.43;27.62;26.91;78.23;75.41;70.93;44.43;34.28;27.6;76.66;55.99;54.17;65.13;37.41;51.58;31.89;28.13;22.8;29.07;23.79;26.8;23.12;24.02;25.88;24.9;31.68;31.51;38.54;36.01;35.65;31.44;41.8;37.4;37.3
O3;uur;µg/m³;2023-08-06T05:00:00+01:00;2023-08-06T06:00:00+01:00;64.1;55.2;67.1;73.1;82.6;34.42;16.41;32.48;36.89;20.93;63.04;21.66;33.19;21.73;82.97;78.72;76.9;61.86;66.35;52.38;76.41;71.98;72.67;74.81;37.58;43.6;30.15;51.77;23.5;27.08;26.7;25.56;29.99;23.16;19.82;20.06;26.02;30.09;34.82;29.91;32.63;31.21;40.4;45.7;51.3
O3;uur;µg/m³;2023-08-06T06:00:00+01:00;2023-08-06T07:00:00+01:00;59.3;55;69;75.8;85.6;30.34;22.19;35.24;42.24;30.46;74.23;26.09;71.8;20.32;80.64;77.7;79.92;69.94;67.28;67.82;80.05;78.2;76.35;79.99;35.57;30.98;29.3;48.81;29.95;33.79;51.58;32.66;51.74;20.75;25.32;24.5;23.33;31.35;33.56;29.36;31.23;33.93;47.9;42.7;54.9
O3;uur;µg/m³;2023-08-06T07:00:00+01:00;2023-08-06T08:00:00+01:00;63.5;63.5;72.4;75.3;81.4;32.05;30.58;34.73;38.65;66.62;70.63;31.08;68.63;38.03;75.67;71.06;83.19;77.33;68.21;66.74;84.38;80.56;78.26;81.85;39.93;44.41;33.11;43.23;45.9;51.37;49.79;51.56;48.1;24.88;30.33;20.31;25.76;31.98;36.95;45.7;40.76;49.52;57.9;45.4;53
O3;uur;µg/m³;2023-08-06T08:00:00+01:00;2023-08-06T09:00:00+01:00;64.2;60.2;67.9;67.3;75.4;41.75;36.6;48.79;44.21;63.3;66.81;55.91;66.73;64.85;77.83;71.8;82.61;78.09;57.85;69.34;84.81;80.24;71.3;82.3;55.48;72.28;34.64;57.58;51.78;53.7;53.35;57.67;64.73;28.51;32.85;31.47;28.45;31.55;39.19;43.89;49.28;55.33;59.2;45.7;56
O3;uur;µg/m³;2023-08-06T09:00:00+01:00;2023-08-06T10:00:00+01:00;63.4;58.3;74.9;72;81.7;53.49;42.62;66.56;66.57;61.5;68.82;60.89;66.4;64.34;76.96;73.15;82.85;79.94;63.12;72.84;86.57;83.59;76.19;84.23;58.54;75.13;35.54;65.7;50.39;58.01;53.57;58.02;67.4;33.47;38.33;33.23;32.9;34.47;43.4;43.16;63.33;61.95;51.4;45.5;59.5
O3;uur;µg/m³;2023-08-06T10:00:00+01:00;2023-08-06T11:00:00+01:00;70.9;57.5;78.8;78.2;84.3;66.26;61.9;63.21;70.83;49.55;66.24;58.05;67.41;58.03;76.14;72.11;87.34;86.06;72.36;79.92;89.01;86.22;82.37;86.72;68.77;77.5;43.49;70.06;53.68;60.98;52.55;62.63;71.32;29.84;37.22;48.51;38.64;45.01;50.86;52.47;71.2;75.12;69.3;59.5;69.3
O3;uur;µg/m³;2023-08-06T11:00:00+01:00;2023-08-06T12:00:00+01:00;68.9;60.5;83.5;76;82.5;60.84;64.69;57.91;62.74;48.18;69.35;55.68;75.25;50.42;75.17;74.74;89.27;88.92;70.06;82.45;91.63;88.53;83.77;89.08;74.22;79.7;51.45;70.76;55.4;58.92;58.9;63.84;72.84;29.66;57.28;58.67;47.76;50.3;58.26;66.19;78.81;79.47;71.1;61.9;69.6
O3;uur;µg/m³;2023-08-06T12:00:00+01:00;2023-08-06T13:00:00+01:00;71.7;62.3;78.7;79.3;84.4;57.72;66.77;58.04;61.23;67.5;71.1;52.27;75.94;55.23;80.61;75.77;87.62;86.44;67.46;83.81;94.38;86.21;82.96;87.57;75.03;83.25;74.05;77.45;57.31;70.06;61.04;66.17;76.23;45.05;68.02;66.22;56.86;63.97;67.07;75.55;83.44;84.65;73.9;68.2;67.6
O3;uur;µg/m³;2023-08-06T13:00:00+01:00;2023-08-06T14:00:00+01:00;71.7;68.5;86.9;81.9;86;58.27;68.47;62.57;64.05;67.55;74.93;53.01;73.79;66.44;79.04;76.13;92.09;89.5;72.09;82.25;97.43;90.28;87.92;91.01;72.26;84.23;77.29;80.52;58.08;71.33;68.13;67.46;83.3;45.69;67.27;72.53;61.67;65.64;73.43;81.21;91.85;88.73;80.2;77.1;75.2
O3;uur;µg/m³;2023-08-06T14:00:00+01:00;2023-08-06T15:00:00+01:00;65.2;67.3;79.2;76.2;79.4;61.74;69.25;62.21;65.1;68.3;73.62;54.98;77.08;63.34;79.64;77.78;79.51;84.09;71.52;87.74;89.59;80.14;78.4;78.5;85.24;82.11;80.78;79.68;60.14;76.98;66.09;71.4;83.51;46.41;72.07;72.14;62.64;64.65;76.05;82.41;102.15;92.04;84.2;82;85.4
O3;uur;µg/m³;2023-08-06T15:00:00+01:00;2023-08-06T16:00:00+01:00;59.2;61.3;73;73.3;77.9;61.24;69.54;62.01;63.28;72.67;70.72;56.16;73.63;63.84;76.88;76.81;76.05;74.89;68.34;73.49;80.91;74.66;75.51;74.97;74.08;71.17;82.53;70.52;60.03;75.46;63.75;69.83;75.7;55.18;68.72;67.88;64.31;68.78;79.2;86.49;107.51;99.35;73.3;71.6;74.1
O3;uur;µg/m³;2023-08-06T16:00:00+01:00;2023-08-06T17:00:00+01:00;60.7;58.8;72.8;72.5;77.1;62.27;66.06;65.16;67.37;69.99;68.92;69.22;71.68;69.32;81.84;76.49;78.32;74.81;70.44;70.31;83.32;76.3;73.81;76.49;69.96;72.72;72.5;66.36;57.61;65.29;60.96;65.53;66.87;61.55;71.54;68.1;67.07;70.45;75.31;91.93;105.57;100.46;68.8;64.9;67.8
O3;uur;µg/m³;2023-08-06T17:00:00+01:00;2023-08-06T18:00:00+01:00;64.5;60.1;73.4;72;77.7;71.02;69.47;64.38;68.78;66.8;71.85;63.29;67.82;66.14;81.07;76.61;78.04;75.87;65.64;72.79;84.64;76.58;74.59;76.27;68.95;74.89;69.27;72.26;60.29;70.66;68.72;68.13;71.91;62.49;66.56;64.8;69.94;71.42;71.64;93.05;99.57;100.01;71.7;66.3;67.8
O3;uur;µg/m³;2023-08-06T18:00:00+01:00;2023-08-06T19:00:00+01:00;63.4;61.7;72.5;71.5;75.3;65.72;62.17;64.99;68.21;67.12;72.52;61.83;66.2;63.56;80.86;76.12;76.86;73.69;65.24;69.76;80.9;74.33;71.86;74.62;71.63;72.21;70.19;73.73;68.35;74.29;70.81;74.16;72.64;59.34;66.07;58.78;65.43;67.68;71.39;90.9;92.91;91.81;71.9;67.5;68.9
O3;uur;µg/m³;2023-08-06T19:00:00+01:00;2023-08-06T20:00:00+01:00;61.9;62.3;72.9;71.4;75.3;61.19;61.62;60.98;65.35;63.6;70.14;61.57;64.13;63.29;74.75;71.84;76.59;73.47;64.12;70.06;77.04;74.16;72.19;73.91;74.8;67.21;70.21;67.78;64.58;72;65.45;69.74;69.45;54.02;65.29;65.55;61.14;65.04;69.29;83.72;75.07;84.08;66.6;61.3;60.1
O3;uur;µg/m³;2023-08-06T20:00:00+01:00;2023-08-06T21:00:00+01:00;66.5;62.2;73.5;72.8;74.9;62;66.48;63.3;66.2;61.06;64.58;59.08;63.04;60.79;71.69;71.19;75.94;73.8;61.37;69.26;77.76;73.77;74.06;72.54;75.23;68.86;70.16;68.16;61;68.29;64;66.56;66.2;49.24;61.29;67.41;59.7;60.74;60.4;70.49;70.05;73.41;67.9;61.6;60.2
O3;uur;µg/m³;2023-08-06T21:00:00+01:00;2023-08-06T22:00:00+01:00;66.2;63.9;73.7;72.9;75.9;59.18;65.25;62.06;66.99;57.48;62.78;56.69;62.34;61;73.24;70.47;78.09;73.51;64.31;69.41;79.27;75.54;74.91;75.11;72.63;73.45;72.37;68.03;61.98;69.76;65.68;68.16;67.03;44.47;59.83;63.1;55.4;54.07;64.32;60.54;83.15;68.66;69.1;64.6;62.7
O3;uur;µg/m³;2023-08-06T22:00:00+01:00;2023-08-06T23:00:00+01:00;63.5;67.1;75.4;72.9;75;58.52;63.41;59.57;62.27;59.03;64.67;53.23;65.44;59.58;72.85;70.13;78.12;76.84;65.81;71.75;83.62;75.93;77.05;75.26;73.86;76.97;71.03;71.57;66.55;71.5;71.93;71.65;69.58;45.47;63.86;63.76;52.26;49.11;76.34;49.88;91.2;70.19;74.9;70.2;67.7
O3;uur;µg/m³;2023-08-06T23:00:00+01:00;2023-08-07T00:00:00+01:00;63.1;67.4;73.6;71;73.2;54.82;65.81;52.11;56.09;62.12;67.23;58.09;65.99;59.1;73.67;70.4;76.49;75.65;64.38;72.48;84.06;75.95;75.86;75.5;74.18;77.64;74.15;73.17;68.43;74.04;75.11;73.9;71.6;46.41;69.21;67.58;49.92;67.99;73.44;52.74;93;77.9;75.7;69;68.7
O3;uur;µg/m³;2023-08-07T00:00:00+01:00;2023-08-07T01:00:00+01:00;62.7;67.4;75.3;72.7;75;53.35;66.01;50.41;53.78;60.42;67.3;58.73;65.4;60.78;73.46;69.75;74.93;75.59;66.36;70.7;86.01;73.78;75.46;72.97;80.01;78.11;74.74;74.05;67.92;76.05;72.41;73.94;69.43;54.6;70.95;69.26;61.58;65.89;82.51;53.08;93.99;83.04;77;72;72
O3;uur;µg/m³;2023-08-07T01:00:00+01:00;2023-08-07T02:00:00+01:00;66.1;67.9;73.7;72.4;72.6;45.65;67.22;51.01;54.06;63.14;65.47;55.16;67.29;62.57;74.57;67.91;75.72;75.06;66;71.91;80.64;75.85;74.86;74.65;78.3;75.06;79.28;74.99;69.04;78.25;73.3;74.71;73.24;55.63;72.21;69.99;69.54;67.31;74.26;56.35;93.98;79.45;77.1;66.2;63.6
O3;uur;µg/m³;2023-08-07T02:00:00+01:00;2023-08-07T03:00:00+01:00;65.6;67.7;72.7;70.7;71.8;51.17;66.64;48.75;53.42;65.39;67.16;54.98;62.93;64.65;73.58;67.84;72.67;73.48;64.36;69.63;77.44;72.39;73.42;71.23;75.68;72.32;77.63;68.48;68.67;73.77;71.86;72.59;71.42;54.93;71.37;70.93;60.81;67.84;72.72;61.43;86.16;75.78;75.9;68.9;63.8
O3;uur;µg/m³;2023-08-07T03:00:00+01:00;2023-08-07T04:00:00+01:00;64;65.1;71;69.2;71.5;49.19;65.2;51.04;53.46;59.5;65.98;65.08;65.19;60.4;72.76;66.9;72.81;70.72;62.45;67.08;81.66;70.89;71.43;70.84;75.53;75.09;75.56;68.9;65.44;69.97;70.47;69.05;63.38;66.03;68.38;66.18;67.48;67.58;75.45;63.12;71.54;69.62;76.2;71.5;70.1
O3;uur;µg/m³;2023-08-07T04:00:00+01:00;2023-08-07T05:00:00+01:00;61.5;65.8;72.1;67.3;69.8;51.28;65.21;47.12;51.98;57.21;65.41;52.64;60.81;58.77;71.03;66.6;73.58;73.37;62.23;68.99;81.74;70.74;70.27;71.99;74.07;76.61;73.84;73.64;66.97;71.85;70.29;72.47;66.3;59.77;68.29;63.01;65.05;66.14;72.41;61.24;68.06;62.14;75.9;68.7;68.3
O3;uur;µg/m³;2023-08-07T05:00:00+01:00;2023-08-07T06:00:00+01:00;57.5;54.7;66.7;66.4;68.2;46.18;60.2;45.84;49.39;62.31;63.78;49.52;60.89;57.03;70.43;62.2;70.62;67.69;61.51;63.88;80.56;67.31;63.43;68.47;74.61;76.95;70.53;69.8;65.1;71.33;67.78;71.5;65.15;56.64;69.3;62.04;63.31;62.91;72;56.53;69.13;67.04;74.1;63.5;61.9
O3;uur;µg/m³;2023-08-07T06:00:00+01:00;2023-08-07T07:00:00+01:00;55.9;48.9;64.7;63.9;67.2;48.13;62.03;45.93;49.38;58.75;63.52;56.81;56.45;58.77;70.82;63.11;71.71;63.94;55.61;55.04;80.04;65.16;61.99;69.3;74.32;73.83;70.53;69.82;58.49;68.27;64.7;68.02;65.65;55.21;65.65;60.49;63.5;62.27;72.6;53.21;71.98;69.28;71.2;63.6;63.2
O3;uur;µg/m³;2023-08-07T07:00:00+01:00;2023-08-07T08:00:00+01:00;56.6;55.3;67.7;61.9;69.6;47.6;59.65;43.91;49;51.29;62.72;49.75;52.99;52.85;70.67;64.12;72.22;66.1;56.74;55.36;78.63;68.17;65.78;70.78;75.03;71.54;71.39;67.92;58.89;66.68;63.86;66.66;65.12;57.29;64.81;61.13;64.56;61.02;71.81;59.7;69.73;68.77;69.7;62.2;61.2
O3;uur;µg/m³;2023-08-07T08:00:00+01:00;2023-08-07T09:00:00+01:00;60.7;57;69.5;65.7;70.1;47.24;58.77;47.21;49.29;54.69;65.04;50.28;59.64;53.67;68.1;65.74;70.6;68.58;61.55;64.07;77.58;68.09;68.62;69.09;72.96;68.51;73.05;68.09;60.4;69.04;65.53;67.74;65.09;60.79;66.22;59.99;63.81;64.01;71.64;61.46;71.12;68.17;68.8;;60.6
O3;uur;µg/m³;2023-08-07T09:00:00+01:00;2023-08-07T10:00:00+01:00;60.3;52.8;69;64.5;69.3;54.42;64.68;55.02;57.16;63.74;63.97;55.74;65.63;62.12;68.76;67.22;70.68;69.32;63.26;67.38;75.6;68.37;69.49;69.16;72.5;66.6;72.99;69.09;65.38;72.64;64.34;71.47;67.64;59.57;68.18;65.21;68.19;67.93;69.52;64.87;72.35;69.41;66.3;55.6;58.6
O3;uur;µg/m³;2023-08-07T10:00:00+01:00;2023-08-07T11:00:00+01:00;60.2;53.2;68.8;64.9;70;63.24;69.74;60.63;62.06;68.69;66.23;65.11;67.12;67.82;70.91;69.6;70.63;70.12;64.47;67.62;75.14;68.96;69.93;69.32;72.58;65.35;72.72;67.25;60.27;67.64;60.75;66.63;68.25;66.78;64.91;65.03;71.25;67.71;68.8;67.16;74.63;73.72;67.1;57.1;58.7
O3;uur;µg/m³;2023-08-07T11:00:00+01:00;2023-08-07T12:00:00+01:00;60.5;54.4;69.5;65;70.8;70.34;74.35;65.6;69.9;71.8;69.49;67.65;69.54;71.39;72.42;71.48;72.35;72.35;60.64;68.77;76.14;70.56;71.07;71.07;72.4;66.4;74.48;66.73;62.15;68.65;62.98;68.27;68.73;65.27;68.88;68.87;70.32;66.29;68.61;71.42;73.84;71.38;65;58.7;63.3
O3;uur;µg/m³;2023-08-07T12:00:00+01:00;2023-08-07T13:00:00+01:00;54;53.8;68.8;62.1;68.3;73.71;75.7;71.66;73.43;70.17;69.93;68.63;70.4;72.29;75.06;71.52;72.51;74.03;64.34;70.1;75.94;71.81;68.51;71.54;71.91;68.26;72.71;69.34;63.82;70.77;65.41;70.74;69.82;67.26;67.84;68.22;69.14;66.85;68.76;70.62;70.45;70.03;68.3;63.7;67.9
O3;uur;µg/m³;2023-08-07T13:00:00+01:00;2023-08-07T14:00:00+01:00;58.5;52.3;65.4;53.1;61.9;72.94;77.81;74.84;78.28;67.05;71.56;66;70.13;69.71;79.58;71.8;70.89;67.11;69.51;60.16;77.98;67.87;63.29;69.27;73.2;67.1;72.76;68.93;65.04;71.8;67.85;72.34;70.04;68.12;67.18;69.53;69.76;68.32;67.84;70.94;69.96;65.99;70.3;67.1;72
O3;uur;µg/m³;2023-08-07T14:00:00+01:00;2023-08-07T15:00:00+01:00;64.2;52.2;65.6;55.2;72.4;75.54;79.02;79.13;81.4;68.17;70.44;63.18;72.46;68.22;75.99;72.9;77.35;68.43;71.73;64.06;75.52;74.07;69.4;73.19;71.25;68.96;73.36;70.84;65.68;72.03;67.62;72.05;67.38;67.25;71.97;70.84;69.83;68.3;66.63;67.89;68.42;67.8;71.2;66.4;72.8
O3;uur;µg/m³;2023-08-07T15:00:00+01:00;2023-08-07T16:00:00+01:00;66;54.6;67.2;59.8;68;74.96;72.19;80.09;84.32;71.71;70.15;60.74;73.2;70.93;81.57;77.27;77.46;69.36;72.42;70.44;80.73;75.8;73.81;74.51;69.74;66.24;71.73;70.23;66.03;71.07;65.91;72.32;67.48;65.98;71.74;73.27;71.78;68.94;65.33;67.06;69.66;66.54;69.2;64.9;71.5
O3;uur;µg/m³;2023-08-07T16:00:00+01:00;2023-08-07T17:00:00+01:00;65.1;53.7;65.7;53.2;64.5;74.04;71.83;75.3;78.9;70.76;72;63.25;70.98;71.93;83.87;79.8;75.11;69.27;73;68.95;81.91;72.25;67.89;70.54;73.08;70.57;74.67;69.58;67.85;68.42;71.81;71.6;67.31;67.46;73.7;65.87;69.73;66.68;66.1;69;71.19;67.04;66.3;62.7;71.8
O3;uur;µg/m³;2023-08-07T17:00:00+01:00;2023-08-07T18:00:00+01:00;71;50.9;68.9;62.9;74;72.62;70.89;72.59;77.59;69.38;72.71;64.53;73.53;70.03;87.22;81.1;78.31;67.9;75.92;71.12;78.69;75.41;75.59;72.05;73.74;70.3;71.32;69.85;62.05;70.09;68.58;70.91;69.32;65.46;70.47;68.48;68.49;65.98;68.33;67.95;70.97;68.58;70;67;73.1
O3;uur;µg/m³;2023-08-07T18:00:00+01:00;2023-08-07T19:00:00+01:00;70.9;56.1;73.2;67;72.4;69.4;68.88;68.85;73.5;71.76;66.72;62.02;74.15;68.91;81.87;79.55;77.2;73.85;73.38;73.84;79.68;75.24;75.43;71.93;71.75;68.94;71.81;68.09;61.59;67.73;66.4;67.19;67.19;63.58;71.85;69.79;69.12;67.55;66.92;67.92;69.73;67.28;71.5;69.3;71.6
O3;uur;µg/m³;2023-08-07T19:00:00+01:00;2023-08-07T20:00:00+01:00;70.5;61.4;73.3;59.8;58.4;67.27;65.89;62.72;67.43;70.91;63.19;64.45;74.8;68.34;78.63;72.56;72.81;63.84;70.84;70.16;78.86;69.4;73.53;66.65;74.34;69.85;68.66;66.49;62.94;64.74;63.39;69.08;62.45;42.83;66.13;63.44;63.3;63.66;66.44;65.69;67.05;65.38;73.5;70.4;71
O3;uur;µg/m³;2023-08-07T20:00:00+01:00;2023-08-07T21:00:00+01:00;66.6;56.7;56.6;58;57.1;57.05;58.66;49.06;63.83;57.03;65;57.4;66.92;57.54;68.93;57.92;74.45;66.44;67.13;68.89;78.34;58.59;64.34;57.99;71.6;65.09;65.69;54.55;52.6;57.03;50.23;65.26;51.43;35.18;60.52;53.33;54.78;61.9;69.12;59.69;57.59;63.65;69.4;63.5;65.6
O3;uur;µg/m³;2023-08-07T21:00:00+01:00;2023-08-07T22:00:00+01:00;60.4;45.9;62;51.1;55.2;48.15;44.44;26.96;56.79;46.65;52.01;54.2;59.78;47.42;68.54;57.78;69.45;57.78;62.95;59.9;78.69;60.16;47.28;48.64;63.31;66.88;58.94;39.98;44.27;44.74;43.47;54.34;45.78;28.93;55.74;51.18;50.03;65.66;70.61;53.43;58.56;62.73;63.6;56.4;60.1
O3;uur;µg/m³;2023-08-07T22:00:00+01:00;2023-08-07T23:00:00+01:00;59.7;46;58.3;50.8;44.2;49.37;53.38;19.12;47.97;42.65;57.28;49.3;57.19;48.59;63.06;54.93;70.66;55.34;61.2;55.46;75.79;52.67;41.51;51.17;55.83;69.49;55.17;45.69;47.54;44.58;25.69;56.8;53.14;28.42;52.66;53.54;54.62;63.92;67.73;53.07;59.53;63.14;63.1;60.5;62
O3;uur;µg/m³;2023-08-07T23:00:00+01:00;2023-08-08T00:00:00+01:00;54.8;39.8;47.8;44.7;38.4;43.05;50.23;31.56;51.84;37.29;49.08;49.32;53.29;49.87;52.07;49.75;66.86;54.95;58.92;53.95;77.98;49.22;34.9;64.49;61.88;63.92;53.21;38.68;45.59;51.95;36.89;52.4;50.39;21.5;47.51;53.26;50.74;55.65;60.9;48.99;55.65;62.27;58;55.8;39
O3;uur;µg/m³;2023-08-08T00:00:00+01:00;2023-08-08T01:00:00+01:00;55.6;34.3;46.2;48;50.9;44.88;50.69;46.29;51.75;41.43;47.63;52.41;47.41;53.15;50.82;48.18;66.79;49.93;52.52;48.76;80.25;59.87;42.15;61.94;68.94;66.01;52.78;39.15;42.25;51.79;32.18;48.59;48.47;28.1;42;51.17;54.48;51.69;63.91;48.92;56.41;64.72;34.7;33.5;28.3
O3;uur;µg/m³;2023-08-08T01:00:00+01:00;2023-08-08T02:00:00+01:00;49.7;41.3;48.3;40.4;70.8;48.08;48.69;45.45;47.38;42.57;45.27;48.58;46.18;48.37;43.08;42.95;75.82;43.03;48.87;44.83;80.21;72.42;50.75;73.2;74.56;72.56;46.44;38.7;39.84;48.06;33.06;44.11;49.49;47.85;40.79;44.02;53.96;50.4;68.19;50.85;52.27;64.4;18;45.5;32.2
O3;uur;µg/m³;2023-08-08T02:00:00+01:00;2023-08-08T03:00:00+01:00;47.4;48.4;61.7;66.4;72.2;;;;;;;;;;;;;;;;;;;;;;;;;;;;;;;;;;;;;;52.7;53;57.8
O3;uur;µg/m³;2023-08-08T03:00:00+01:00;2023-08-08T04:00:00+01:00;44.7;52.5;63;51.6;68.5;43.88;37.72;41.24;44;35.22;37.22;40.4;35.92;42.96;67.74;37.53;70.66;61.06;42.97;;72.57;69.8;65.16;68.07;65.23;66.71;55.79;57.79;36.19;40.06;49.58;39.04;29.44;26.16;36.89;43.2;38.44;49.72;66.4;43.82;56.83;62.51;52.7;47.8;62.5
O3;uur;µg/m³;2023-08-08T04:00:00+01:00;2023-08-08T05:00:00+01:00;39.4;48.8;62.1;47.3;59.7;41.4;36.94;40.15;46.08;31.66;33.29;36.71;27.51;40.09;65.32;34.94;68.94;60.39;48.05;29.42;69.42;67.79;58.31;63.67;61.85;62.49;59.55;54.62;38.68;44.63;46.91;44.13;22.84;23.97;35.23;33;35.83;56.57;63.22;41.67;54.66;63.61;54.1;56.8;62
O3;uur;µg/m³;2023-08-08T05:00:00+01:00;2023-08-08T06:00:00+01:00;47.4;41.8;53.4;40.6;57;37.85;31.67;38.94;44.53;27.46;27.41;31.48;24.2;35.1;64.87;34.18;66.77;55.63;48.1;32.25;67.47;62.81;44.9;61.33;59.31;59.07;50.44;41.94;36.06;42.46;41.59;45.2;46.39;20.8;33.03;27.57;31.08;53.45;60.47;45.82;47.86;63.84;47.1;37.1;56.2
O3;uur;µg/m³;2023-08-08T06:00:00+01:00;2023-08-08T07:00:00+01:00;47.8;34.6;49;39.3;59.4;37.25;31.97;37.82;41.97;26.07;28.79;28.06;23.02;32.77;65.63;33.84;64.27;50.46;47.65;41.35;65.72;61.52;45.54;60.45;58.12;55.19;53.9;46;33.46;39.94;43.08;38.74;48.39;21.82;33.03;25.45;34.22;52.28;58.08;50.73;51.57;56.78;45.5;37.8;55
O3;uur;µg/m³;2023-08-08T07:00:00+01:00;2023-08-08T08:00:00+01:00;51.3;37.4;55.5;44.9;58.4;38.09;34.11;39.18;40.74;29.79;34.14;30.86;26.47;33.69;67;33.74;61.91;55.24;50.29;46.64;64.25;57.78;52.94;57.92;57.65;54;56.62;53.83;46.22;49.41;46.94;55.15;49.74;24.2;40.12;30.19;45.85;55.71;58.44;56.28;59.09;54.36;52.6;47;56.5
O3;uur;µg/m³;2023-08-08T08:00:00+01:00;2023-08-08T09:00:00+01:00;55;45.8;59.9;54.3;59.4;37.77;39.32;42.36;45.55;38.63;30.11;34.02;37.95;37.62;66.83;32.84;64.96;58.53;59.74;58;64.55;61.29;60.77;57.53;57.74;52.21;59.29;57.03;54.58;56.69;54.36;59.56;54.94;30.91;52.95;40.26;55.79;58.91;56.98;59.96;60.34;60.47;55.8;50.9;57.3
O3;uur;µg/m³;2023-08-08T09:00:00+01:00;2023-08-08T10:00:00+01:00;58.3;51.4;62.1;54.6;62;40.17;52.29;48.17;51.87;43.18;37.18;42.51;35.15;44.11;60.93;40.66;63.77;62.38;60.54;60.79;64.87;63.37;62.69;59.31;59.75;55.04;60.46;60.17;57.01;60.07;56.65;62.45;57.86;49.57;60.78;51.59;57.93;59.49;58.35;63.82;57.89;61.45;58.5;55.6;59
O3;uur;µg/m³;2023-08-08T10:00:00+01:00;2023-08-08T11:00:00+01:00;59.4;47.5;60.2;55.8;61.4;45.57;56.22;52.5;56.86;50.75;41.81;42.46;44.64;43.69;64.75;56.14;65.66;60.63;60.71;63.17;68.15;65.58;62.18;61.91;63.97;57.61;61.55;61.46;57.11;61.33;58.89;62.32;61.37;55.96;61.78;62.53;59.95;58.29;61.66;63.4;62.37;61.89;59.1;55.7;61.2
O3;uur;µg/m³;2023-08-08T11:00:00+01:00;2023-08-08T12:00:00+01:00;58.1;50.9;62;57.9;63.9;49.37;59.26;60.08;64.73;56.31;62.77;50.32;54.54;54.01;68.12;65.34;66.32;63.14;61.79;62.83;69.94;65.18;66.31;61.33;64.88;60.47;64.51;62.28;59.25;64.45;60.97;65.28;62.15;56.46;64.71;67.78;58.72;59.65;65.87;60.93;64.57;63.8;62.7;60.7;64.6
O3;uur;µg/m³;2023-08-08T12:00:00+01:00;2023-08-08T13:00:00+01:00;59.5;52.6;62.4;60.9;64.8;47.27;62.41;59.19;63.18;60.6;67.55;49.46;65.4;58.89;70.51;67.13;67.52;64.77;65.25;67.12;70.47;64.84;65.67;61.48;64.81;61.66;67.74;63.64;61.11;63.67;62.23;66.15;65.57;61.83;66.57;69.21;60.05;59.57;68.24;68.29;63.59;67.12;64.7;61.6;67
O3;uur;µg/m³;2023-08-08T13:00:00+01:00;2023-08-08T14:00:00+01:00;61.9;54.7;66.8;64.2;67.8;56.61;63.69;62.13;67.76;69.72;70.16;62.84;68;70.48;74.69;73.99;71.37;65.86;65.39;67.42;73.23;66.35;69.73;64.81;65.78;64.13;68.74;64.06;60.68;64.79;62.3;66.15;65.65;64.95;68.53;70.34;65.72;60.94;70.5;71.82;61.84;62.18;66.1;63;66.7
O3;uur;µg/m³;2023-08-08T14:00:00+01:00;2023-08-08T15:00:00+01:00;65.3;59.2;72.3;64.7;72.5;61.63;72.84;65.69;68.42;73.1;73.01;67.22;70.25;76.2;69.92;77.35;72.3;69.9;69.76;68.2;75.02;70.7;74.08;64.04;67.65;63.57;67.99;66.36;61.64;64.53;63.49;66.5;67.75;63.11;68.17;71.25;67.77;64.7;71.55;71.95;64.58;64.24;67.1;63;67.9
O3;uur;µg/m³;2023-08-08T15:00:00+01:00;2023-08-08T16:00:00+01:00;66.5;60.5;74.1;67;70.1;74.5;74.82;72.23;74.89;76.31;73.03;70.54;71.64;74.56;74.79;68.03;71.22;71.81;67.9;69.16;79.98;71.09;74.89;65.16;69.27;66.43;68.62;67.95;63.19;68.03;65.67;68.6;71.27;61.92;66.64;71.37;66.61;66.53;71.82;72.22;68.82;64.28;69.3;65.7;71.6
O3;uur;µg/m³;2023-08-08T16:00:00+01:00;2023-08-08T17:00:00+01:00;66.8;60.9;70.4;64.5;66.9;76.83;76.84;73.05;75.79;74.92;70.39;69.66;71.38;75.66;73.11;61.52;75.15;67.81;65.8;65.61;74.92;71.19;72.82;68.27;70.42;66.38;68;64.94;62.77;67.73;65.04;69.55;66.58;60.33;70.69;71.35;66.24;65.92;69.44;73.23;69.66;68.82;71.5;67.7;73.9
O3;uur;µg/m³;2023-08-08T17:00:00+01:00;2023-08-08T18:00:00+01:00;71.5;59.3;72.1;65.8;65.1;72;76.15;73.78;76.75;73.37;56.53;63.94;71.03;74.27;70.75;54.97;74.84;67.95;69.66;67.94;76.55;67.64;74.5;64.71;71.82;64.99;67.66;66.91;64.7;66.74;63.11;69.74;58.1;60.67;70.34;71.15;67.54;65.86;69.38;68.37;70.16;69.13;68;63.3;69.3
O3;uur;µg/m³;2023-08-08T18:00:00+01:00;2023-08-08T19:00:00+01:00;67.8;56.3;69.5;51.4;58.1;66.35;73.47;67.22;72.02;61.23;51.92;58.59;59.29;61.51;64.85;53.7;74.12;65.75;65.98;68.69;75.95;66.1;68.59;65.14;68.88;67.02;66.46;61.54;57.87;60.88;58.9;64.07;60.74;55.64;66.92;62.74;65.08;64.53;65.88;67.91;69.44;67.87;68.7;65.7;71.1
O3;uur;µg/m³;2023-08-08T19:00:00+01:00;2023-08-08T20:00:00+01:00;60.9;36.9;50.5;49.6;36.7;62.76;66.37;63.08;67.85;54.86;51.64;50.13;59.42;51.76;60.95;52.84;69.46;47.51;63.75;67.17;74.76;50.11;56.91;53.44;64.79;64.91;62.55;56.99;57.04;57.99;55.89;62.84;58.13;53.42;56.34;57.32;60.68;61.77;60.97;64.66;65.99;65.27;69.7;62.9;66.7
O3;uur;µg/m³;2023-08-08T20:00:00+01:00;2023-08-08T21:00:00+01:00;53.4;16.5;26.5;30.6;43.3;53.34;58.13;52.81;59.79;45.8;51.06;43.19;54.23;44.95;51.4;49.74;59.72;36.74;59.94;56.11;67.87;37.08;44.54;36.24;57.6;58.56;59.97;48.46;45.74;50.36;44.13;55.53;54.27;49.89;57.91;58.02;53.53;59.8;55.76;58.91;57.36;62.97;39.7;57.1;59.7
O3;uur;µg/m³;2023-08-08T21:00:00+01:00;2023-08-08T22:00:00+01:00;50.1;22.1;30.5;23.5;64.7;51.82;47.25;51.78;51.86;46.09;42.4;47.21;50.05;50.67;53.63;49.31;63.73;36.32;54.86;56.61;69.96;48.94;40.18;46.74;49.81;52.13;57.25;43;47.49;50.72;39.89;55.61;51.59;44.23;52.71;53.09;46.19;54.12;43.93;50.99;49.1;56.05;39.5;49.3;30.3
O3;uur;µg/m³;2023-08-08T22:00:00+01:00;2023-08-08T23:00:00+01:00;29.8;34;39.8;30.8;50.5;47.17;50.04;48.72;50.87;45.23;45.05;46.17;42.12;48.96;61.11;48.95;62.53;44.93;48.77;53.03;69.89;57.24;39.96;52.23;53.18;49.07;51.36;38.52;41.23;46.49;36.55;48.35;42.63;40.64;49.68;49.52;45.94;53.77;45.28;38.74;47.53;59.64;42.8;47.4;39.5
O3;uur;µg/m³;2023-08-08T23:00:00+01:00;2023-08-09T00:00:00+01:00;16.7;39.8;49;32.7;62.2;46.75;47.82;46.04;50.65;45;44.87;45.49;52.8;47.87;63.94;48.41;63.6;52.58;39.13;53.43;68.65;48.67;46.03;48.4;42.27;50.91;44.35;30.5;37.31;44.79;31.66;42.59;44.34;39.39;44.8;54.28;43.39;50.88;42.51;34.66;43.67;52.59;37.6;48;38.1
O3;uur;µg/m³;2023-08-09T00:00:00+01:00;2023-08-09T01:00:00+01:00;33;37.5;36.4;41.4;65.3;46.54;63.4;44.66;48.56;63.31;47.6;57.29;53.87;54.17;62.85;47.06;59.75;53.92;38.11;47.53;65.8;35.54;24.58;52.29;43.73;42.31;40.02;31.81;31.99;41.68;20.4;36.97;40.57;39.4;42.18;56.44;36.53;44.54;48.99;34.77;45.92;47.79;41.3;41.8;32
O3;uur;µg/m³;2023-08-09T01:00:00+01:00;2023-08-09T02:00:00+01:00;33.5;26.8;26.1;48;62.2;44.26;58.15;42.63;47.89;58.99;40.57;62.58;48.35;61.75;59.46;47.18;56.81;41.76;39.98;32.47;64.03;26.79;22.71;40.82;41.52;50.55;33.12;32.63;32.41;41.9;17.56;37.05;28.77;31.93;39.71;50.12;29.82;37.59;50.72;41.76;41.06;47.6;26.9;35;20.9
O3;uur;µg/m³;2023-08-09T02:00:00+01:00;2023-08-09T03:00:00+01:00;27.8;18.7;27.5;27.4;54.8;56.74;46.54;40.68;45.89;45.9;28.13;59.76;34.21;56.09;61.78;40.87;47.75;40.3;35.72;22.91;59.66;22.41;13.02;26.87;44.41;33.86;27.81;25.33;31.5;34.02;20.87;35.21;18.39;21.17;40.94;45.37;28.39;33.34;48.57;43.09;38.62;53.73;25.8;27.9;12.4
O3;uur;µg/m³;2023-08-09T03:00:00+01:00;2023-08-09T04:00:00+01:00;29.7;22;27.1;16.4;52.1;60.43;30.24;45.5;51.11;32.27;20.91;43.5;31.45;42.01;55.55;31.3;39.01;26.09;25.31;23.52;57.18;19.96;6.34;32.62;47.35;17.95;25.38;19.86;34.19;34.3;23.23;29.36;15.71;19.13;39.34;43.56;31.32;29.03;48.8;40.07;38.76;53.44;14.1;20.1;9.3
O3;uur;µg/m³;2023-08-09T04:00:00+01:00;2023-08-09T05:00:00+01:00;29.9;1.3;4.5;9.9;51.6;51.07;20.1;62.67;67.98;33.14;14.3;31.05;30.88;28.48;44.18;24.67;31.97;-1.52;22.19;19.19;51.1;15.35;2.84;17.83;44.32;11.92;21.6;18.36;31.33;27.83;16.84;30.5;14.96;32.26;39.74;47.24;36.5;29.68;49.08;30.23;36.71;51.25;6.2;12.8;5.2
O3;uur;µg/m³;2023-08-09T05:00:00+01:00;2023-08-09T06:00:00+01:00;28.2;1;3.5;13.7;12.7;38.77;13.09;53.44;64.52;20.8;6.59;24.73;18.77;20.03;41.29;19.05;23.99;16.32;26.42;15.63;27.21;7.66;-0.32;8.66;39.01;6.84;27.2;13.27;25.09;21.86;11.43;27.76;10.86;36.61;42.53;47.7;38.43;29.68;47.9;29.38;40.12;48.19;2.4;8.1;3.4
O3;uur;µg/m³;2023-08-09T06:00:00+01:00;2023-08-09T07:00:00+01:00;35.3;2.2;5.1;10;21.1;41.55;25.11;49.52;58.96;28.22;9.34;30.61;19.1;29.85;38.24;20.99;12.13;13.5;33.9;19.1;18.05;5.38;2;2.81;40.61;11.52;27.34;16.01;16.29;14.99;11.25;22.83;17.25;40.19;42.92;41.54;39.98;29.96;39.29;33.35;43.11;50.45;3.5;9.2;2.9
O3;uur;µg/m³;2023-08-09T07:00:00+01:00;2023-08-09T08:00:00+01:00;36.3;8.1;12.1;20.8;25.5;49.99;38.72;47.9;58.76;34.52;19.01;30.5;27.91;33.34;39.74;32.73;12.42;19.29;44.94;34.81;34.27;21.23;17.45;6.63;43.84;19.63;30.81;18.34;13.42;17.33;19.73;22.63;30.24;40.93;43.31;37.38;40.89;32.12;45.67;38.29;48.02;54.12;12.3;11.8;10.9
O3;uur;µg/m³;2023-08-09T08:00:00+01:00;2023-08-09T09:00:00+01:00;38.6;23.7;30.6;31.3;42.6;51.85;48.71;54.18;58.64;39.7;26.12;32.62;43.46;40.25;43.91;34.1;39.22;36.54;46.66;44.99;54.94;34.07;36.84;30.09;59.81;41.7;34.74;35.43;29.61;36.76;34.46;38.09;44.85;44.26;44.72;42.13;46.33;34.65;61.94;46.69;56.93;57.5;31.9;30.9;32.9
O3;uur;µg/m³;2023-08-09T09:00:00+01:00;2023-08-09T10:00:00+01:00;;31.4;41.7;38.6;50;55.62;61.36;60.96;63.81;45.72;43.07;41.36;53.88;47.26;49.03;46.7;53.98;44.72;47.9;54;54.53;52.04;49.09;46.84;67.36;46.86;46.28;42.43;46.09;48.22;41.2;52.78;55.37;49.79;50.62;48.13;53.55;47.38;68.43;56.4;70.91;65.87;41.5;43.3;46.8
O3;uur;µg/m³;2023-08-09T10:00:00+01:00;2023-08-09T11:00:00+01:00;;33.8;46;39.5;54;66.12;66.12;66.17;69.7;59.17;43.26;51.62;57.31;55.31;53.31;55.2;64.36;55.73;51.75;55.66;67.51;58.87;52.16;60.86;66.5;56.35;57.05;56.45;52.47;57.86;51.63;58.73;56.57;55.98;56.56;57.87;61.73;55.54;67.9;62.81;70.74;71.53;59.9;55.3;61
O3;uur;µg/m³;2023-08-09T11:00:00+01:00;2023-08-09T12:00:00+01:00;52.2;37.5;56.6;46.1;58.2;73.39;71.09;72.61;83.33;72.19;55;60.31;59.68;69.28;58.91;65.97;69.46;63.27;60.05;65.52;75.7;66.12;52.97;67.04;71.44;68.66;65.72;71.12;61.2;61.88;64.99;67.93;62.18;57.4;62.24;67.84;66.51;60.73;68.37;68.68;73.12;73.5;66.4;62.4;71.4
O3;uur;µg/m³;2023-08-09T12:00:00+01:00;2023-08-09T13:00:00+01:00;57.5;43.8;57.9;54.4;62.4;78.49;78.06;82.84;85.83;73.37;70.06;72.33;72.39;80.72;61.92;72.6;65.23;68.41;68.03;74.42;76.73;64.44;62.25;63.53;69.52;63.41;72.93;75.56;73.51;78.93;74.56;81.61;73.12;61.63;;73.64;70.37;65.9;74.67;73.82;73.92;74.79;76.2;68.8;74.7
O3;uur;µg/m³;2023-08-09T13:00:00+01:00;2023-08-09T14:00:00+01:00;49.6;49.3;70.7;62.8;70.1;82.61;83.1;83.64;91.23;73.01;75.58;76.97;75.45;90.72;70.43;67.29;78.93;73.7;67.51;71.64;79.45;74.34;67.19;75.63;69.76;66.09;79.54;71.36;71.09;77.84;69.8;78.88;71.96;61.03;;78.32;69.81;70.95;72.21;77.21;72.5;74.17;65.6;62.5;67.6
O3;uur;µg/m³;2023-08-09T14:00:00+01:00;2023-08-09T15:00:00+01:00;56.4;52.9;71.5;59.9;74;87.14;87.52;88.92;89.56;82.53;75.3;72.61;79.05;80.88;73.83;70.74;77.53;76.07;67.48;69.36;82;75.35;69.58;73.79;70.81;70.82;73.76;75.06;69.07;74.59;68.83;76.31;73.17;68.07;;82.6;72.64;70.39;71.79;79.16;71.14;72.72;69;68;71
O3;uur;µg/m³;2023-08-09T15:00:00+01:00;2023-08-09T16:00:00+01:00;59.4;52.4;69.5;61.3;67.3;95.91;87.96;99.75;102.21;82.35;71.12;76.77;76.05;85.39;76.75;71.61;77.8;74.76;68.33;74.03;84.06;75.27;65.77;74.96;68.91;73.01;74.32;75.81;71.79;79.31;71.66;79.5;77.24;69.31;81.61;87.74;79.2;70.53;73.56;77.72;74.44;72.94;72.2;71;75.2
O3;uur;µg/m³;2023-08-09T16:00:00+01:00;2023-08-09T17:00:00+01:00;57.9;57.1;74.4;51.8;77.2;102.89;92.87;96.7;106.04;79.1;74.45;77.45;74.48;85.21;79.97;77.43;80.32;76.35;71.88;71.02;87.17;78.04;72.13;77.48;72.03;76.4;76.22;77.3;71.97;78.91;73.41;79.29;74.67;82.97;79.56;83.93;72.36;71.51;74.07;76.87;72.09;73.17;70.9;69.1;78.8
O3;uur;µg/m³;2023-08-09T17:00:00+01:00;2023-08-09T18:00:00+01:00;61.8;55.7;76.2;73.9;80.2;96.01;89.37;92.19;99.59;76;77.63;73.85;77.25;81.46;80.37;80.08;81.02;78.31;63.51;71.3;85.13;79.11;75.64;77.86;70.28;71.39;74.03;76.91;73.8;77.96;73.05;80.63;74.88;78.75;79.4;85.59;75.55;69.81;73.07;75.94;70.46;71.83;65.8;59.4;76.3
O3;uur;µg/m³;2023-08-09T18:00:00+01:00;2023-08-09T19:00:00+01:00;65.4;56.7;74.9;73.3;77.3;91.97;78.96;89.87;95.71;76.1;75.91;73.49;70.97;79;84.56;78.5;84.05;76.52;64.72;74.37;80.15;80.03;72.88;81.4;68.23;62.99;65.65;77.96;73.03;77.4;65.1;80.93;74.67;74.54;75.6;78.42;70.51;67.34;69.36;74.57;70.8;68.37;67.1;56.4;65.9
O3;uur;µg/m³;2023-08-09T19:00:00+01:00;2023-08-09T20:00:00+01:00;66.9;56.3;74.6;75.8;80.8;79.35;72.61;90.29;98.88;68.49;68.57;65.57;66.08;73.33;85.04;72.92;82.5;76.15;59.03;68.68;72.13;79.25;72.7;80.69;65.34;59.35;60.65;70.8;68.5;76.21;55.85;75.32;67.94;68.47;68.27;72.45;62.76;63.48;61.4;68.33;63.52;62.48;65.6;60.5;56.6
O3;uur;µg/m³;2023-08-09T20:00:00+01:00;2023-08-09T21:00:00+01:00;57.1;46.4;69.5;71.7;74.3;72.62;65.36;70.73;84.12;62.89;43.95;58.73;67.97;63.38;81.21;49.33;78.01;73;45.54;67.51;61.73;72.31;59.62;74.92;58.72;44.8;49.9;56.7;59.9;70.63;40.96;67.33;60.92;43.42;54.51;68.96;53.52;56.02;53.96;41.97;49.52;55.84;54.8;51.7;47.2
O3;uur;µg/m³;2023-08-09T21:00:00+01:00;2023-08-09T22:00:00+01:00;44.4;34.3;55.3;51.7;57.2;67.39;47.49;55.93;73.08;56.18;30.59;60.2;60.4;56.66;54.36;30.7;70.45;67.89;43.32;52.95;56.65;48.14;31.58;61.37;51.03;38.27;39.81;37.73;45.84;55.94;36.1;55.58;52.64;44.12;30.04;61.36;26.35;51.79;46.47;31.06;41.38;56.85;42.7;43.4;41.7
O3;uur;µg/m³;2023-08-09T22:00:00+01:00;2023-08-09T23:00:00+01:00;39.3;21.5;44.7;9.5;22.6;49.22;32.44;28.66;60.27;50.73;17.31;47.49;44.99;48.84;51.79;27.82;62.65;55.34;41.71;29.28;39.47;26.49;15.56;41.66;41.97;36.89;36.72;31.23;44.33;47.52;38.18;50.73;47.69;35.9;18.65;48.85;10.83;42.42;34.92;30.73;35.33;53.87;39.5;41.8;34.2
O3;uur;µg/m³;2023-08-09T23:00:00+01:00;2023-08-10T00:00:00+01:00;43.9;10.3;26.8;22.9;29.8;34.41;35.97;19.61;32.14;32.84;8.61;29.34;35.13;44.21;48.91;26.01;53.28;50.07;44.04;22.78;41.12;16.62;5.28;33.13;42.12;36.78;34.5;25.1;39.52;42.92;39.88;48.47;50.06;26.23;12.62;41.02;8.14;48.25;27.72;30.29;34.02;49.56;36.6;37.5;29.2
O3;uur;µg/m³;2023-08-10T00:00:00+01:00;2023-08-10T01:00:00+01:00;41.5;10.4;18.5;17;45;27.87;22.48;14.97;23.6;26.79;3.87;28.5;27.69;35.56;66.83;21.75;35.83;23.73;38.03;24.9;42.95;3.57;11.07;14.77;39.42;41.95;36.07;24.4;47.42;44.48;34.82;48.71;21.88;17.63;11.68;38.02;7.18;50.55;36.65;29.85;34.05;43.81;38.6;43.8;34.9
O3;uur;µg/m³;2023-08-10T01:00:00+01:00;2023-08-10T02:00:00+01:00;39.4;4.1;22;19.2;49.7;18.8;15.64;11.34;19.46;25.97;2.63;36.71;27.56;31.66;63.62;19.78;9.5;36.53;33.05;23.5;31.6;2.11;4.33;3.76;39.56;36.01;32.27;28.55;50.08;46.07;30.94;54.82;24.82;15.96;10.35;26.12;10.75;48.38;38.78;28.77;27.41;33.9;44.7;42.9;33.6
O3;uur;µg/m³;2023-08-10T02:00:00+01:00;2023-08-10T03:00:00+01:00;31.1;8.3;20.7;5.4;44.6;16.12;16.24;13.52;19.13;23.3;3.37;34.03;27.8;30.84;64.56;12.81;19.92;36.16;23.13;13.99;26.52;1.83;1.66;11.88;40.37;30.82;27.48;21.98;36.78;39.92;26.55;41.33;18.53;14.83;8.66;23.9;8.15;45.42;37.26;31.09;25.95;37.65;48.9;42.8;33.9
O3;uur;µg/m³;2023-08-10T03:00:00+01:00;2023-08-10T04:00:00+01:00;29.9;14;28.4;42.3;52.1;18.82;17.24;11.31;16.23;17.09;1.5;31.04;25.59;24.08;40.86;9.63;15.99;26.4;21.82;20.55;23.76;-0.75;3.88;11.96;31.13;27.15;25.52;15.31;28.49;30.19;23.49;27.83;9.44;13.15;6.55;25.63;9.81;46.31;38.32;25.58;21.57;33.34;44.6;49.1;32.9
O3;uur;µg/m³;2023-08-10T04:00:00+01:00;2023-08-10T05:00:00+01:00;26.5;13;31.4;42.3;51.6;11.6;18.22;15.87;16.21;12.85;5;26.41;14.15;14.8;41.25;9.71;26.15;49.36;15.48;16.33;23.19;3.9;13.31;6.84;14.89;25.46;14.44;7.64;19.89;15.98;18.05;18.8;7;11.09;6.39;20.19;7.34;47.05;36.95;20.64;24.38;37.8;28.7;30;20.2
O3;uur;µg/m³;2023-08-10T05:00:00+01:00;2023-08-10T06:00:00+01:00;28;12.1;13.5;49.2;33.7;6.72;10.94;8.26;12.35;7.18;4.32;19.25;8.09;1.59;50.9;10.25;39.22;58.52;20.86;13.59;33.04;14;31.23;17.88;18.26;20.77;14.91;14.66;14.29;6.92;9.95;21.05;9.42;5.7;8.43;21.74;10.1;22.27;22.03;17.22;20.71;35.61;32;20.6;13.7
O3;uur;µg/m³;2023-08-10T06:00:00+01:00;2023-08-10T07:00:00+01:00;26.2;22.8;21.2;29.2;35.6;13.65;17.23;6.97;10.11;6.97;4.53;6.95;7.43;7.47;44.49;14.11;31.07;30.59;22.11;22.37;34.97;7.18;20.71;16.38;33.7;25.76;16.96;34.84;18.17;10.07;17.82;28.68;23.52;10.55;22.75;15.72;17.22;19.55;28.72;20.54;26.78;33.26;36.4;26.1;24.7
O3;uur;µg/m³;2023-08-10T07:00:00+01:00;2023-08-10T08:00:00+01:00;20;17.1;22.3;24.2;35.2;31.2;44.42;27.43;31.07;27.35;10.42;24.68;27.26;32.54;47.51;23.94;30.31;30.38;28.91;41.71;28.94;21.08;25.41;19.84;40.85;30.98;33.76;42.53;37.93;32.17;38.18;47.75;34.44;24.97;34.91;30.47;27.14;32.1;46.37;35;45.23;41.35;37.1;27.9;31
O3;uur;µg/m³;2023-08-10T08:00:00+01:00;2023-08-10T09:00:00+01:00;30.1;21.8;32.4;37.1;40.9;54.42;61.36;52.63;60.93;54.34;37.3;52.24;49.19;57.92;54.91;36.99;33.7;34.55;37.41;54.9;37.27;31.89;34.74;22.06;48.15;39.87;44.56;39.11;42.61;42.92;39.17;55.37;45.19;33.84;53.83;45.2;39.62;41.14;54.86;55.84;60.64;59.12;48.4;39.5;48.4
O3;uur;µg/m³;2023-08-10T09:00:00+01:00;2023-08-10T10:00:00+01:00;46.1;25.3;35.6;42.9;41.9;65.13;66.79;60.97;64.81;65.33;49.75;63.37;61.79;67.03;68.55;39.06;43.45;34.69;39.25;60.59;44.37;51.71;37.91;31.75;48.09;37.73;50.75;46.72;46.55;49.64;44.34;56.92;55.77;51.02;66.84;59.97;53.28;55.93;63.21;64.14;58.64;62.17;54.6;43.8;47.1
O3;uur;µg/m³;2023-08-10T10:00:00+01:00;2023-08-10T11:00:00+01:00;66.7;25.7;50.9;53.6;64.5;73.71;76.15;69.99;70.71;73.56;72.83;74.6;77.86;76.79;72.48;63.97;59.97;36.03;69.22;67.6;53.9;61.12;53.85;45.06;45.89;41.09;63.69;60.23;58.19;61.53;55;66.92;62.72;59.62;65.15;69.83;57.71;57.78;64.39;60.82;61.17;61.01;42.3;39.9;28.2
O3;uur;µg/m³;2023-08-10T11:00:00+01:00;2023-08-10T12:00:00+01:00;79.8;46.3;69.2;68.8;77.2;82.69;84.3;75.35;80.14;84.72;87.35;80.64;87.23;86.56;82.24;87.51;71.14;68.63;91.87;81.35;59.53;72.19;79.33;46.88;57.77;55.51;75.09;64.93;65.78;71.97;63.02;74.08;61.85;67.31;78.04;75.85;62.82;64.23;62.21;60.67;63.89;63.15;32.3;37.9;28.4
O3;uur;µg/m³;2023-08-10T12:00:00+01:00;2023-08-10T13:00:00+01:00;82.4;46.3;75.4;78.3;92.2;90.16;93.3;87.06;87.2;96.13;99.11;89.58;95.54;93.22;89.31;96.81;85.61;91.41;97.53;94.37;57.54;92.52;89.87;70.69;71.41;60.31;82.19;73.49;67.33;70.8;72.3;76.16;69.89;77.3;90.23;87.31;76.08;73.01;59.6;65.46;68.45;68.35;52;47.3;56.9
O3;uur;µg/m³;2023-08-10T13:00:00+01:00;2023-08-10T14:00:00+01:00;100.2;64.1;86.4;81.9;91.6;91.5;96.97;90.08;89.22;98.6;99.87;92.51;102.5;97.6;99.61;108.33;85.2;104.01;106.73;101.22;63.72;101.44;95.21;87.27;78.16;68.85;88;86.67;72.23;77.9;73.36;81.9;89.62;85.8;97.16;94.97;83.99;83.36;68.13;70.05;67.32;68.6;69.1;58.9;71.6
O3;uur;µg/m³;2023-08-10T14:00:00+01:00;2023-08-10T15:00:00+01:00;118.9;90.1;96.8;88.9;84.2;92.54;101.15;92.09;93.21;95.39;105.79;93.39;103.72;96.47;115.1;103.3;90.35;122.03;107.56;103.39;83.32;95.11;101.91;91.77;91.88;74.35;87.05;92.27;79.38;88.32;80;88.26;102.63;90.79;96.72;99.67;91.68;87.26;81.88;67.93;68.14;64.56;78.2;74.6;82.1
O3;uur;µg/m³;2023-08-10T15:00:00+01:00;2023-08-10T16:00:00+01:00;140;99.2;117.7;88.1;88.9;93.75;97.38;92.8;96.29;92.85;110.07;96.99;100.64;93.86;119.22;112.37;108.99;138.23;108.2;103.79;97.96;104.07;113.27;103.03;96.63;82.7;87.9;107.6;90.85;100.05;82.61;100.37;107.75;88.94;96.62;101.48;95.86;81.92;87.14;68.31;65.12;65.35;87.8;84;89.9
O3;uur;µg/m³;2023-08-10T16:00:00+01:00;2023-08-10T17:00:00+01:00;141.2;106.5;146.9;104.3;105.1;92.67;95.45;95.3;97.76;93.04;98.83;99.11;100.79;95.14;117.43;116.86;113.94;131.89;105.21;102.46;121.94;111.44;134.21;106.74;95.59;92.05;100.02;122.67;105.73;107.9;90.83;114.59;106.9;93.11;99.39;102.97;95.49;84.87;87.07;67.85;65.87;63.32;89.2;82.5;96.3
O3;uur;µg/m³;2023-08-10T17:00:00+01:00;2023-08-10T18:00:00+01:00;117.8;103.4;144;106.7;118.9;91.44;94.8;90.41;95.24;93.78;91.75;97.58;100.32;98.25;128.88;116.41;115.08;131.39;107.76;99.33;127.92;113.58;143.94;111.6;98.25;105.91;96.86;125.46;113.12;107.13;99.5;120.78;114.09;81.62;103.81;96.38;97.12;94.38;88.44;61.78;63.15;60.61;91.9;65.1;100.9
O3;uur;µg/m³;2023-08-10T18:00:00+01:00;2023-08-10T19:00:00+01:00;121.6;100.3;126.2;104.8;125.3;92.89;94.94;85.58;93.9;89.36;86.88;90.03;99.67;100.09;128.28;115.4;108.92;116.67;107.12;107.72;125.03;111.64;104.96;104.55;98.77;102.98;96.41;113.68;111.46;94.9;89.22;118.3;104.81;63.26;107.09;96.17;67.47;94.16;81.51;58.83;58.39;56.19;91.1;57.1;95.2
O3;uur;µg/m³;2023-08-10T19:00:00+01:00;2023-08-10T20:00:00+01:00;87.7;78;104.5;102.2;113.6;78.82;72.27;71.18;85.41;78.84;78.12;82.95;96.15;92.55;120.66;103.94;108.07;106.29;82.46;99.4;101.17;108.46;85.21;88.66;89.91;88.07;63.48;82.67;93.98;87.61;64.41;101.32;86.92;72.76;89.58;90.09;69.5;81.77;74.95;57.23;44.45;52.67;83.2;79.8;87.6
O3;uur;µg/m³;2023-08-10T20:00:00+01:00;2023-08-10T21:00:00+01:00;62.3;74.7;86.1;83.4;92.7;70.1;54.46;32.47;46.06;60.66;63.38;69.25;71.59;86.43;123.99;96.99;107.06;89.12;63.09;79.53;78.65;92.77;61.9;74.68;53.85;73.58;41.47;65.6;84.33;75.71;50.12;78.43;79.39;58.63;51.99;72.61;44.5;47.52;74.05;49.94;45.49;50.74;75.3;65.9;76
O3;uur;µg/m³;2023-08-10T21:00:00+01:00;2023-08-10T22:00:00+01:00;45.2;61.1;72.2;80.5;60.3;61.15;43.97;15.44;31.7;50.25;50.69;49.07;59.14;69.31;84.76;87.88;99.73;76.17;67.39;72.3;68.45;88.18;53.55;61.47;49.91;44.12;25.7;51.3;61.05;69.78;49.48;76.04;76.67;48.27;28.06;55.49;21.56;32.57;71.21;43.76;45.29;42.64;69;60.4;72.7
O3;uur;µg/m³;2023-08-10T22:00:00+01:00;2023-08-10T23:00:00+01:00;25.2;52.4;56.6;72.6;65.2;33.28;39.27;13.71;33.08;42.87;44.5;58.76;62.28;54.86;67.7;79.89;85.06;67.41;48.43;64.5;64.33;81.4;39.38;58.13;62.58;42.59;27.31;55.83;66.52;55.04;55.22;69.55;68.45;35.11;44.42;67.16;10.92;39.75;65.91;37.14;47.62;48.97;60.5;62.1;55
O3;uur;µg/m³;2023-08-10T23:00:00+01:00;2023-08-11T00:00:00+01:00;37.3;64;19.7;56.4;56.1;41.15;32.61;12.09;34.99;37.26;35.64;62.07;59.51;64.13;76.19;72.63;69.63;69.2;47.23;60.16;63.06;63.52;25.86;50.75;71.23;56.61;53.11;47.72;57.92;60.15;49.35;68.67;62.13;25.95;54.28;65.54;11.24;34.81;56.6;35.27;47.38;61.98;55.5;54.4;49
O3;uur;µg/m³;2023-08-11T00:00:00+01:00;2023-08-11T01:00:00+01:00;44.5;57.3;38.4;44.1;33.6;28.23;57.82;6.01;50.26;33.14;42.95;60.85;61.34;60.21;63.47;72.61;63.69;71.77;46.64;55.24;69.54;52.47;35.11;43.73;65.4;62.24;59.19;42.66;54.64;57.9;47.42;65.82;55.39;31.08;50.79;79.17;10.65;41.05;44.66;45.14;47;48.24;59.9;74.5;69.4
O3;uur;µg/m³;2023-08-11T01:00:00+01:00;2023-08-11T02:00:00+01:00;45.4;45.9;46.8;37.1;27.7;30.93;52.58;10.53;45.23;33.06;43.13;59.29;66.41;60.19;59.96;68.55;60.08;54.35;45.04;47.51;61.73;53.28;25.2;42.75;61.17;62.69;52.78;37.21;52.98;50.73;44.97;60.64;47.71;37.68;45.64;77.38;14.35;32.29;42.97;47.57;44.77;63.43;54.6;73.2;69.5
O3;uur;µg/m³;2023-08-11T02:00:00+01:00;2023-08-11T03:00:00+01:00;47.3;55.1;54.5;33.3;51.6;28;49.98;12.69;42.69;35.78;30.05;55.69;65.06;53.46;42.22;56.81;59.16;48.33;47.96;52.2;56.15;45.51;20.68;40.48;58.64;63.51;51.79;32.92;42.76;43;44.36;51.12;37.39;35.32;43.76;73.5;46.67;32.75;45.83;39.98;55.03;65.36;41.5;66.3;66.6
O3;uur;µg/m³;2023-08-11T03:00:00+01:00;2023-08-11T04:00:00+01:00;48.2;67.1;70.1;46;58.1;32.68;41.88;17.55;36.3;37.52;24.57;51.89;61.89;43.02;35.39;44.92;63.13;14.6;43.03;51.66;54.73;50.15;25.38;43.82;60.51;61.57;54.98;33.66;36.24;38.11;40.83;43.96;35.23;32.41;34.93;69.81;42.92;39.56;48.34;36.13;48.96;64.33;48.3;58.2;61.5
O3;uur;µg/m³;2023-08-11T04:00:00+01:00;2023-08-11T05:00:00+01:00;45.9;60;64.5;53;55.8;29.02;23.96;32.38;29.92;31.91;29.31;44.08;54.95;37.1;42.81;34.9;58.21;7.38;37.04;45.28;53;55.06;60.05;28.5;60.85;55.97;42.22;32.7;33.13;33.32;28.52;42.26;31.79;30.36;29.2;62.63;38.61;32.2;49.42;35.58;55.06;56.15;40.4;55.5;59.3
O3;uur;µg/m³;2023-08-11T05:00:00+01:00;2023-08-11T06:00:00+01:00;52.5;37.7;54.4;47;52.6;21.21;28.86;30.88;19.83;22.4;34.06;35.07;46.44;29.5;41.75;30.92;57.41;47.15;42.91;54.74;52.39;49.16;60.56;27.7;55.05;53;35.27;32.03;28.22;30.84;32.44;42.24;34.78;26.67;28.61;56.84;39.5;21.98;45.57;32.55;51.67;53.92;30.8;52;59
O3;uur;µg/m³;2023-08-11T06:00:00+01:00;2023-08-11T07:00:00+01:00;43.1;30;35.9;31.2;28.4;18.37;38.21;33.62;13.23;31.42;27.86;32.33;40.79;30.42;41.84;31.65;47.91;54.76;37.17;50.38;52.05;33.69;43.55;25.4;56.52;49.52;40.89;38.66;28.07;32.41;39.6;44.44;39.26;20.95;34.99;61.6;39;20.25;44.97;34.34;51.53;47.39;25.3;48.8;58.2
O3;uur;µg/m³;2023-08-11T07:00:00+01:00;2023-08-11T08:00:00+01:00;41.7;33.1;26.8;28.5;26.1;35.37;47.53;52.45;68.78;41.1;24.48;39.43;42.55;36.61;42.98;40.84;37.3;52.02;41.33;45.81;53.09;31;34.43;20.52;67.44;49.32;58.94;47.97;34.55;42.24;45.22;47.62;41.53;31.19;52.59;59.85;42.82;41.12;52.75;40.75;55.38;50.99;52.1;51.2;58.8
O3;uur;µg/m³;2023-08-11T08:00:00+01:00;2023-08-11T09:00:00+01:00;43.3;32.5;35.1;33.7;52.4;49.85;53.9;70.94;82.16;57.74;36.6;50.72;54.06;51.74;45.33;53.3;48.16;51.08;52.68;47.43;56.41;43.7;41.12;30.95;76.05;49.43;77.22;52.42;42.85;47.53;48.43;56.63;51.25;49.7;66.33;58.41;60.31;55.81;67.22;52.54;72.53;67.05;63.3;50;56.2
O3;uur;µg/m³;2023-08-11T09:00:00+01:00;2023-08-11T10:00:00+01:00;51;30.1;32.9;35.1;57;85.46;67.1;86.86;91.08;72.22;47.35;63.2;70.72;72.95;56.48;60.14;63.58;47.79;61.66;51.76;69.87;54.22;47.54;38.48;71.33;53.47;82.17;61.22;51.51;54.71;54.91;64.36;60.33;62.04;77.65;66.57;73.1;73.25;87.42;70.72;92.69;86.17;65.3;56.3;64.5
O3;uur;µg/m³;2023-08-11T10:00:00+01:00;2023-08-11T11:00:00+01:00;63.5;38.4;48.5;61.4;62.4;90.83;85.85;93.12;99.82;83.86;68.59;81.95;89.81;87.55;59.77;69.99;78.02;59.05;68.09;72.46;90.93;73.04;62.53;55.16;78.67;74.8;89.32;71.01;65.36;73.65;64.18;76.86;67.45;75.21;93.89;82.37;87.05;86.19;98.25;88.15;112.95;103.21;71.9;52.2;68.6
O3;uur;µg/m³;2023-08-11T11:00:00+01:00;2023-08-11T12:00:00+01:00;80.5;59.2;67;72;75.9;101.84;98.83;98.93;106.01;102.26;74.56;97.01;108.41;106;67.76;79.23;81.66;80.07;71.32;88.96;93.14;89.54;78.28;70.33;84.4;83.85;101.51;88.28;79.38;90.96;75.78;89.46;84.01;90.17;104.89;98.53;99.99;99.63;106.5;108.89;116.5;114.76;84.8;77.1;89
O3;uur;µg/m³;2023-08-11T12:00:00+01:00;2023-08-11T13:00:00+01:00;78.6;65;79.9;55.3;65.3;117.49;104.71;108.14;104.78;;86.44;103.41;119.06;110.79;57.15;75.56;71.51;92.97;79.88;93.79;94.61;78.19;79.49;62.09;101.91;79.76;114.13;102.95;101.31;115.44;97.21;115.52;111.87;104.59;112.24;104.14;105.31;107.9;116.25;117.21;119.36;120.58;105;93.2;105.5
O3;uur;µg/m³;2023-08-11T13:00:00+01:00;2023-08-11T14:00:00+01:00;59.3;50.6;57.4;48.9;46.5;123.83;104.64;109.03;110.96;;84.85;104.9;109.41;111.66;72.8;68.72;61.12;66.88;65.05;83.06;66.28;63.97;61.98;51.21;87.64;60.15;118.79;107.38;111.09;123.57;97.73;126.71;106.75;112.19;115.72;109.21;110.01;106.89;118.9;119.98;122.08;123.45;97.5;83.8;90.1
O3;uur;µg/m³;2023-08-11T14:00:00+01:00;2023-08-11T15:00:00+01:00;64.4;41.2;60.1;63.4;63;116.72;100.89;104.65;110.78;;87.15;105.6;86.61;111.64;74.31;60.77;54.84;56.11;67.11;66.1;59.35;66.54;63.25;49.84;74.15;54.62;126.72;82.53;103.52;109.78;71.21;112.69;97.63;112.25;122.24;110.77;113.36;106.66;124.94;122.65;123.7;119.79;71.1;61.2;68.4
O3;uur;µg/m³;2023-08-11T15:00:00+01:00;2023-08-11T16:00:00+01:00;69.5;53.9;69.1;57.3;61.7;114.39;100.67;104.49;110.09;;83.59;105.91;75.75;114.65;70.96;68.02;74.37;67.46;65.38;69.13;74.68;72.5;71.43;57.07;61.72;57.57;106.35;62.84;84.8;83.6;64.35;92.75;67.12;107.7;129.01;113.15;113.05;113.93;81.56;123.95;135.65;119.78;66.9;59.4;61.2
O3;uur;µg/m³;2023-08-11T16:00:00+01:00;2023-08-11T17:00:00+01:00;67;47.2;60.3;51.1;56.3;113.74;105.69;104.99;111.58;98.01;75.92;108.5;82.88;115.45;66.81;70.61;68.99;56.73;59.03;65.33;77.74;63.52;65.52;52.01;52.07;66.9;82.18;69.83;61.35;61.4;61.5;69.38;67.26;96.83;132.16;114.32;111.24;85.31;65.64;120.3;132.53;122.42;65.6;64.8;72.1
O3;uur;µg/m³;2023-08-11T17:00:00+01:00;2023-08-11T18:00:00+01:00;64.5;48;59.1;50.6;48.7;101.52;104;92.18;113.52;85.67;63.05;98.88;79.86;110.29;61.93;59.36;63.86;56.68;62.79;60;63.49;61.08;67.91;47.81;62.98;59.98;71.72;59.29;64.39;67.28;59.7;72;62.75;89.82;95.45;105.85;103.89;73.66;52.41;113.28;91.89;125.19;70.4;64;70.5
O3;uur;µg/m³;2023-08-11T18:00:00+01:00;2023-08-11T19:00:00+01:00;56.9;42.9;53;40.9;44.7;86.96;97.98;50.39;100.51;76.26;56.6;77.44;66.58;82.44;58.23;50.3;53.83;50.53;54.66;60.92;;51.73;55.44;39.73;55.86;53.37;63.81;58.53;59.25;59.5;46.52;66.21;56.1;67.93;74.83;82.2;65.39;60.57;54.97;101.36;76.28;96.12;58.3;53.5;59.4
O3;uur;µg/m³;2023-08-11T19:00:00+01:00;2023-08-11T20:00:00+01:00;50.3;30.2;44.8;39.7;33.7;61.15;80.64;54.02;58.65;68.09;39.36;64.22;61.4;68.67;55.06;48.07;50.27;41.23;46.68;55.89;;42.74;47.33;38.45;58.51;52.79;58.17;43.9;59.17;58.62;35.25;65.57;45.59;66.29;63.98;74.53;49.81;64.36;61.69;96.31;61.22;76.56;51.4;51.1;55.8
O3;uur;µg/m³;2023-08-11T20:00:00+01:00;2023-08-11T21:00:00+01:00;46.9;26.1;38.9;41.9;24.7;84.93;75.94;101.98;97.77;52.31;18.78;50.6;57.2;61.41;42.56;33.5;41.77;39.77;40.34;51.95;;37.1;35.39;34.07;50.11;49.3;51.32;37.15;49.56;49.12;31.38;56.56;34.19;58.77;57.1;65.43;40.1;53.34;56.35;71.13;47.34;55.8;49.2;48.1;53.6
O3;uur;µg/m³;2023-08-11T21:00:00+01:00;2023-08-11T22:00:00+01:00;40.5;29.6;44.9;39.1;41.9;62.9;53.49;66.15;86.14;23.1;9.05;53.49;48.69;55.41;31.54;31.58;36.44;36.61;37.42;43.79;;46.18;34.31;32.32;40.88;47.4;43.94;32.77;37.43;37.26;29.95;47.24;35.48;46.34;43.68;52.84;32.02;46.5;46.91;44.62;47.74;38.14;43.5;46.6;46.4
O3;uur;µg/m³;2023-08-11T22:00:00+01:00;2023-08-11T23:00:00+01:00;41.7;22.8;31.3;15.7;44.1;50.31;30.51;37.59;67.38;14.71;6.76;47.3;34.8;31.69;25.75;33.95;44.54;29.07;30.55;29.76;;44.56;27.47;36.08;43.1;43.66;33.69;26.04;35.34;39.69;23.72;42.71;28.32;46.68;33.44;41.72;14.79;39.37;40.46;48.39;29.28;26.66;36.4;32.7;32.6
O3;uur;µg/m³;2023-08-11T23:00:00+01:00;2023-08-12T00:00:00+01:00;29.9;18.4;27.5;30.5;40.6;38.46;22.86;32.69;60.07;13.77;0.62;37.66;30.67;26.31;16.16;36.86;42.24;28.83;19.65;30.04;;37.33;32.75;31.56;44.2;35.32;37.55;21.66;33.8;38.24;16.07;40.13;21.39;18.8;28.51;31.12;10.23;31.57;37.68;30.11;37.86;25.65;37;28.2;35.9
O3;uur;µg/m³;2023-08-12T00:00:00+01:00;2023-08-12T01:00:00+01:00;19.5;19.8;17.6;22.7;31.7;28.34;24.23;28.98;55.98;15;-0.66;37.97;29.96;25.49;4.35;29.86;32.64;30.34;20.18;27.2;;30.25;23.5;25.46;37.75;34.99;39.25;25.53;29.97;28.98;19.25;35.26;21.01;18.84;28.33;32.93;24.65;33.77;41.5;25.03;34.9;45.88;35.9;31.8;36.5
O3;uur;µg/m³;2023-08-12T01:00:00+01:00;2023-08-12T02:00:00+01:00;16.6;19.4;7.3;17.2;28.2;36.44;34.18;14.73;49.25;19.64;0.07;30.99;26.93;21.45;7.92;31.19;32.21;24.32;13.42;23.79;;21.22;23.79;25.46;41.38;31.22;36.96;22.5;22.17;25.07;23.68;27.59;20.74;23.53;23.71;31.75;27.4;29.5;36.69;29.47;28.96;49.88;32.8;26.7;32.6
O3;uur;µg/m³;2023-08-12T02:00:00+01:00;2023-08-12T03:00:00+01:00;10.2;15.4;6.5;17.9;22;;;;;;;;;;;;;;;;;;;;;;;;;;;;;;;;;;;;;;29.4;25.7;28.4
O3;uur;µg/m³;2023-08-12T03:00:00+01:00;2023-08-12T04:00:00+01:00;12.2;17;7.5;19.1;26.6;23.11;39.38;17.71;41.06;26.44;14.46;34.86;26.24;29.27;25.67;39.45;26.31;18.34;15.94;23.69;;15.31;25.25;10.07;30.5;20.34;30.49;22.97;20.14;27.43;22.6;25.36;18.14;13.79;23.78;31.59;24.68;24.23;34.48;24.51;30.78;35.64;25.2;20.8;22.2
O3;uur;µg/m³;2023-08-12T04:00:00+01:00;2023-08-12T05:00:00+01:00;19;12.9;12.5;19.7;20.3;19.62;37.35;11.39;25.5;35.03;18.74;35.62;28.29;30.7;24.77;36.57;21.98;21.02;18.64;22.23;;18.32;25.79;15.46;28.46;12.82;29.81;19.97;17.42;25.05;21.74;23.48;18.45;19.94;27.03;34.45;25.27;23.43;38.37;20.9;28.59;28.93;24.4;20.5;20.1
O3;uur;µg/m³;2023-08-12T05:00:00+01:00;2023-08-12T06:00:00+01:00;18.1;13.7;9.6;10;19;20.03;36.87;23.7;36.47;32.8;18.05;33.47;31.18;29.39;42.57;34.44;23.66;18.67;33.52;25.62;;19.18;17.97;19.79;25.96;9.19;34.68;16.08;16.8;27.92;18.42;24.2;21.31;22.59;27.23;38.76;32.93;22.72;36.24;17.83;26.61;25.94;22.3;17.1;19.6
O3;uur;µg/m³;2023-08-12T06:00:00+01:00;2023-08-12T07:00:00+01:00;28.5;13.2;15.8;7.5;15.1;32.46;46.39;41.53;47.24;35.68;28.27;40.49;30.75;39.63;44.36;36.25;20.69;27.63;42.88;26.5;;19.5;12.25;13.18;24.71;8.78;31.25;17.93;16.6;25.21;17.55;23.49;19.32;30.07;31.72;38.08;31.95;26.13;30.77;19.93;28.37;28.33;21.9;15;18.4
O3;uur;µg/m³;2023-08-12T07:00:00+01:00;2023-08-12T08:00:00+01:00;40.2;32.4;26.3;25.7;35.5;42.02;52.1;39.04;48.77;41.96;26.89;41.26;37.46;42.43;70.1;61.54;35.96;27.83;39.6;29.12;;20.39;27.42;24.25;21.62;8.06;29.96;21.96;24.18;34.54;24.12;31.81;31.52;27.75;32.49;41.11;36.32;23.77;34.04;31.59;30.55;32.92;16.4;11.7;15.8
O3;uur;µg/m³;2023-08-12T08:00:00+01:00;2023-08-12T09:00:00+01:00;50.5;41.2;51.7;40.4;36.2;40.69;49.94;44.43;48.44;32.76;55.87;33.27;36.49;32.64;56.1;58.78;62.29;53.39;60.42;45.07;;57.45;59.35;59.19;19.5;44.58;43.68;39.76;25.28;25.17;26.98;32.22;36.76;30.84;43.44;46.02;33.83;27.1;33.64;36.66;33.77;35.21;18.7;13.9;22.6
O3;uur;µg/m³;2023-08-12T09:00:00+01:00;2023-08-12T10:00:00+01:00;49;37.3;40.2;33.8;40.9;37.91;36.09;39.65;44.6;31.31;52.53;26.57;61.86;30.27;49.13;54.76;67.87;47.14;55;56.98;;49.8;47.85;52.29;44.77;49.79;47.51;55.62;43.37;48.25;51.2;47.51;51.76;33.73;42.16;40.41;41.52;37.27;33.18;31.02;35.4;37.77;51.5;53.3;62.5
O3;uur;µg/m³;2023-08-12T10:00:00+01:00;2023-08-12T11:00:00+01:00;50.2;32.8;39.4;38.6;37.7;32.55;35.96;37.02;44.4;58.35;52.26;29.44;60.76;37.36;44.51;52.81;54.4;46.53;52.28;57.58;;53.17;53.56;52.52;35.66;46.81;53.68;59.94;46.14;54.55;51.49;52.92;54.32;33.17;42.45;32.82;41.8;47.27;50.71;36.87;33.73;34.29;53.6;47.2;54.5
O3;uur;µg/m³;2023-08-12T11:00:00+01:00;2023-08-12T12:00:00+01:00;44.3;31.8;38.9;37.3;41.9;30.13;43.3;33.44;39.09;63.26;61.72;43.43;56.89;55.41;55.27;60.58;47.37;47.55;44.57;55.48;;47.57;48.93;43.72;49.35;41.65;61.45;63.01;55.12;55.25;61.2;59.18;59.06;26.25;54.14;44.8;47.04;48.69;57.6;51.15;41.06;39.76;56.1;50.7;56
O3;uur;µg/m³;2023-08-12T12:00:00+01:00;2023-08-12T13:00:00+01:00;48.3;36.5;47.8;55.5;57.4;45.81;57.6;37.4;40.21;63.79;68.06;62;65.15;65.7;64.24;66.3;55.48;49.48;53.85;50.17;;50.51;59.37;47.06;56.56;49.8;65.79;59.01;52.25;60.25;56.48;58.29;59.31;38.42;68.32;59.02;45.24;55.89;58.78;58.97;54.6;51.87;59.1;54;58.4
O3;uur;µg/m³;2023-08-12T13:00:00+01:00;2023-08-12T14:00:00+01:00;60.6;49.9;65.1;63.8;65.2;51.34;70.56;57.21;58.68;75.94;72.68;63.12;60.23;71.68;81.77;71.29;67.34;66.14;62.54;64.08;;63.1;73.02;53.76;69.41;54.88;69.87;59.54;55.82;62.98;57.45;61.44;58.79;55.34;74.27;73.87;69.69;61.69;59.88;56.59;61.74;57.25;65.2;59.5;62.9
O3;uur;µg/m³;2023-08-12T14:00:00+01:00;2023-08-12T15:00:00+01:00;79.4;61.8;76.2;72;79.6;64.59;79.5;60.26;63.93;81.31;72.67;76.66;77.83;85.86;90.88;78.49;79.53;75.11;77.23;73.65;;74.3;79.55;63.58;73.07;63.37;73.49;67.28;66.11;71.71;58.39;70.07;69.87;67.31;79.21;73.82;73.4;63.96;72.14;66.68;63.53;66.34;64.5;64.7;67.2
O3;uur;µg/m³;2023-08-12T15:00:00+01:00;2023-08-12T16:00:00+01:00;82;67.7;81.3;78.5;81.4;73.47;85.67;68.95;70.99;84.49;75.97;84.75;79.13;88.29;89.89;78.42;86.55;81.74;80.79;85.75;;83.15;84.56;73.22;78.45;75.25;76.1;75.81;73.83;76.4;71.97;78.11;80.53;73.64;76.88;71.26;81.87;75.51;72.6;77.25;75.94;70.72;73.2;72.4;78.6
O3;uur;µg/m³;2023-08-12T16:00:00+01:00;2023-08-12T17:00:00+01:00;83.4;67.8;82.8;78.2;74.3;78.42;89.27;71.75;74.78;83.6;77.54;82.4;83.24;81.9;79.15;75.14;82.53;79.1;79.72;85.6;;82;88.21;71.58;85.49;75.49;79.44;79.72;78.63;82.81;76.29;83.03;84.06;72.52;79.14;79.91;79.66;77.54;73.74;78.15;77.04;78.25;80.2;78.4;83.9
O3;uur;µg/m³;2023-08-12T17:00:00+01:00;2023-08-12T18:00:00+01:00;77.9;62.5;76.5;70.4;67.4;80.16;82.26;78.53;80.17;81.31;73.61;74.24;82.23;77.65;76.02;75.01;75.54;78.63;76.82;86.29;;78.51;73.45;67.1;84.7;74.49;83.87;80.23;78.45;78.73;77.42;82.45;81.34;57.36;85.2;81.39;76.39;75.73;78.78;80.68;76.89;77.46;81.4;79.3;82.9
O3;uur;µg/m³;2023-08-12T18:00:00+01:00;2023-08-12T19:00:00+01:00;73.2;60;70;68;67.6;73.78;72.57;77.84;80.76;79.79;70;72.56;76.31;80.13;75.05;71.8;71.95;73.5;71.52;80.29;;72.05;65.6;62.45;83.9;67.84;81.31;73.8;74.31;73.42;72.56;78.8;78.17;50.47;82.36;82.31;75.67;77.45;73.56;76.13;78.95;76.59;72.9;71.8;76
O3;uur;µg/m³;2023-08-12T19:00:00+01:00;2023-08-12T20:00:00+01:00;68.7;52.9;65.9;66;60.6;57.76;53.66;42.42;69.78;71.02;61.5;63.28;68.5;73.1;72.06;66.49;68.58;68.1;68.09;69.77;;69.44;55.14;58.72;68.06;65.81;77.14;65.9;65.76;67.86;63.39;70.89;69.93;49.9;75.84;77.38;72.31;73.54;69.18;61.68;68.88;74.01;67;67.4;69.1
O3;uur;µg/m³;2023-08-12T20:00:00+01:00;2023-08-12T21:00:00+01:00;63;51;60.5;66.1;60.7;34.12;28.04;22.36;22.83;57.61;62.17;60.01;55.56;67.34;68.65;56.21;63.67;65.84;65.06;64.27;;65.16;61.65;56.58;69.05;62.84;68.67;62.4;56.7;58.48;57.2;65.41;59.08;60.55;63.06;62.37;53.6;67.63;57.57;56.62;54.69;68.38;58;62;59.5
O3;uur;µg/m³;2023-08-12T21:00:00+01:00;2023-08-12T22:00:00+01:00;60.1;52.9;52.4;52.6;60.3;22.22;29.63;13.95;13.94;45.67;48.64;54.7;50.32;49.53;62.99;58.41;59.89;56.76;60.66;59.6;;60.42;57.7;52.76;63.33;61.74;61.06;51.56;53.72;52;50.35;61.91;51.27;56.06;63.25;54.87;22.74;63.81;61.61;37.96;53.6;67.74;52.7;49.8;49.1
O3;uur;µg/m³;2023-08-12T22:00:00+01:00;2023-08-12T23:00:00+01:00;57.7;51.5;50.5;41.8;59.5;25.05;40.08;10.14;16.76;35.92;57.81;52.02;50.46;47.75;58.54;55.48;61.37;51.33;58.93;54.77;;56.63;55.09;49.35;57.74;52.29;56.79;44.31;52.95;48.82;38.89;57.76;34.68;37.15;56.82;44.13;41.38;56.29;60.69;51.39;53.71;67.45;59.5;48.9;59.4
O3;uur;µg/m³;2023-08-12T23:00:00+01:00;2023-08-13T00:00:00+01:00;53.2;49.1;47.5;54.9;53;20.02;47.42;11.47;14.15;36.3;50.41;53.11;50.23;48.98;57.07;53.1;58.62;44.76;59.27;51.83;;56.53;51.23;51.93;52.13;52.14;57.18;43.76;45.84;47.69;30.21;50.84;39.72;22.58;49.26;50.9;46.88;46.46;59.23;52.47;51.7;64.01;58.3;50.1;56.2
O3;uur;µg/m³;2023-08-13T00:00:00+01:00;2023-08-13T01:00:00+01:00;53.5;47.7;46;46.6;52.9;19.61;50.51;14.22;14.04;36.43;49.42;47.91;43.57;47.45;57.37;53;58.15;43.5;54.7;55.75;;55.62;50.45;53.41;48.45;56.06;53.89;39.7;43.34;45.01;39.7;46.98;39.95;14.85;47.58;49.28;49.86;44.81;53.88;49.85;45.92;60.65;54;43.2;51.9
O3;uur;µg/m³;2023-08-13T01:00:00+01:00;2023-08-13T02:00:00+01:00;52.9;49.7;51;46.7;54;17.85;47.49;14.91;26.79;43.54;52.29;47.13;41.8;47.13;55.75;50.79;55.54;44.57;52.29;50.89;;51.53;51.13;48.08;48.4;54.95;49.51;40.42;45.8;46.4;42.19;48.77;45.4;20.31;52.86;47.65;44.34;43.18;52.03;47.73;44.68;56.57;52.5;46.8;51.5
O3;uur;µg/m³;2023-08-13T02:00:00+01:00;2023-08-13T03:00:00+01:00;51.5;48.1;47.8;40.9;49.7;22.48;45.8;15.94;22.62;41.93;52.63;49.19;42.15;49.57;51.13;47.56;52.94;45.31;54.22;51.99;;50.18;45.58;47.48;55.85;53.11;47.23;42.06;47.12;47.3;44.41;50.11;44.25;21.21;49.79;43.58;38.73;40.53;51.12;45.9;42.32;53.09;50.5;44.6;50.6
O3;uur;µg/m³;2023-08-13T03:00:00+01:00;2023-08-13T04:00:00+01:00;49.5;43.8;44;43.5;43.2;23.07;46.43;12.75;19.14;43.64;47.54;50.12;40.72;47.94;50.91;44.22;50.83;45.06;52.58;52.28;;47.59;46.92;44.06;56.13;51.54;45.87;37.02;43.5;43.38;41.77;45.37;42.03;18.39;43.46;41.71;40.71;35.25;51.7;41.33;41.41;50.28;50.5;46.6;50.4
O3;uur;µg/m³;2023-08-13T04:00:00+01:00;2023-08-13T05:00:00+01:00;47.4;43.6;37.8;38.5;46.9;18.71;40.05;11.87;16.95;41.75;48.27;46.44;37.84;39.68;51.52;44.18;46.9;41.41;50.84;50.48;;46.1;44.77;42.23;51.51;49.46;43.18;37.44;39;40.2;38.3;42.43;41.78;23.85;40.96;41.4;38.7;35.82;50.06;41.31;36.26;47.06;45.9;43.6;46.2
O3;uur;µg/m³;2023-08-13T05:00:00+01:00;2023-08-13T06:00:00+01:00;46.3;38.8;44.4;35.5;44.5;14.68;34.08;9.47;15.99;34.99;36.38;38.88;37.53;32.13;47.28;42.99;43.86;38.52;45.44;39.52;;43.92;44.67;37.3;51.13;47.73;39.72;34.91;33.85;36.35;32.57;39.26;35.74;25.89;40.98;38.04;39.22;36.7;48.49;40.85;38.05;43.61;43.2;42.4;45.1
O3;uur;µg/m³;2023-08-13T06:00:00+01:00;2023-08-13T07:00:00+01:00;43.6;37.8;36.1;34.5;42.9;17.22;35.71;14.11;19.45;34.33;27.71;36.81;37.05;32.63;48.65;42.79;45.93;34.79;46.25;40.6;;44.61;42.48;37.61;49.05;39.3;40.22;34.92;35.78;39.4;32.52;40.08;33.69;27.25;41.24;38.72;39.51;37.49;46.25;41.21;39.18;42.46;41.1;41.4;44.1
O3;uur;µg/m³;2023-08-13T07:00:00+01:00;2023-08-13T08:00:00+01:00;46.6;41;47.1;39.2;43.1;21.64;41.17;16.74;26.28;40.25;20.33;38.98;39.8;39.35;48.61;43.55;45.01;40.27;46.99;40.4;;43.79;46.7;38.95;46.23;40.02;44.23;38.14;38.88;40.89;40.76;42;36.15;37.93;45.81;42.19;40.43;41.4;46.54;44.39;41.9;41.74;42;39.7;44.1
O3;uur;µg/m³;2023-08-13T08:00:00+01:00;2023-08-13T09:00:00+01:00;50.4;45.3;49.7;40.1;48.1;34.33;49.04;38.46;54.27;48.01;30.11;45.54;44.98;46.49;49.62;44.87;48.66;46.37;47.56;40.52;;49.62;51.75;42.33;45.86;43.42;48.36;43.67;40.33;42.78;44.99;44.93;40.99;44.39;51.71;46.92;45.89;47.38;46.81;48.49;47.62;46.54;48.9;44.6;48
O3;uur;µg/m³;2023-08-13T09:00:00+01:00;2023-08-13T10:00:00+01:00;48.5;43.9;47.2;45.5;;48.36;58.99;45.39;65.41;54.89;34.96;56.13;48.14;55.86;47.59;51.23;55.05;46.07;48.63;45.66;;52.22;52.12;47.16;57.36;46.1;53.54;48.59;39.58;44.98;48.01;45.68;43.16;53.68;55.49;55.54;55.79;52.01;49.81;53.46;54.16;52.06;49.6;43.6;48.9
O3;uur;µg/m³;2023-08-13T10:00:00+01:00;2023-08-13T11:00:00+01:00;49.7;42.2;47.2;46;;53.75;63.06;58.61;67.76;58.21;39.12;60.16;52.15;61.29;59.11;60.95;57.38;48.45;50.77;50.63;;54.97;52.84;46.63;62.36;49.24;59.35;49.28;47.24;53.8;47.25;53.5;47.16;54.39;64.17;61.45;61.95;59.55;53.8;60.6;60.17;60.74;52.2;48.1;52.2
O3;uur;µg/m³;2023-08-13T11:00:00+01:00;2023-08-13T12:00:00+01:00;59.6;48.9;58.6;46.6;;67.55;67.87;66.9;76.35;64.35;52.2;64.42;62.22;66.29;63.15;57.1;61.97;57.02;55.56;59.16;;59.7;53.13;49.32;57.4;55.57;61.46;52.14;48.14;56.18;49.09;55.63;54.03;61.11;67.51;65.4;66.72;64.31;56.33;66.88;64.6;65.44;56.2;52.3;55.5
O3;uur;µg/m³;2023-08-13T12:00:00+01:00;2023-08-13T13:00:00+01:00;57.5;50.9;59.5;50.7;;73.1;71.72;70.94;77.56;70.07;69.67;68.51;66.67;70.98;65.56;61.2;65.13;62.26;57.63;69.8;;62.89;64.21;54.03;66.41;55.76;64.33;56.4;50.62;64.01;54.78;57.34;63.44;64;72.31;69.66;67.74;66.83;63.33;67.21;66.12;68.56;61.8;55.9;61.5
O3;uur;µg/m³;2023-08-13T13:00:00+01:00;2023-08-13T14:00:00+01:00;57.1;48.9;54.1;47.9;;74.48;75.77;73.57;79.2;73.18;58.74;70.13;71.59;73.45;66.42;66.15;66.96;61.95;55.08;73.77;;60.93;61.3;51.42;68.38;59.64;67.1;58.97;58.39;67.75;52.43;69.55;65.87;69.6;74.64;70.77;68.46;68.13;69.19;65.54;63.97;68.95;70.1;62.3;68.9
O3;uur;µg/m³;2023-08-13T14:00:00+01:00;2023-08-13T15:00:00+01:00;56.7;42.9;50.8;45.6;;80.59;78.07;78.66;81.59;75.51;55.25;72.47;64.12;75.55;70.26;66.99;68.22;61.18;60.62;62.71;;61.93;61.01;52.16;68.73;55.61;71.33;59.01;58.1;62.98;54.54;70.3;61.23;67.2;74.86;74.13;70.82;69.08;71.62;67.09;74.39;70.87;63;58.2;63.6
O3;uur;µg/m³;2023-08-13T15:00:00+01:00;2023-08-13T16:00:00+01:00;61;42.1;65;61.2;;81.91;76.22;80.59;83.3;66.53;66.07;72.51;64.06;80.84;75.48;70.4;70.35;67.38;63.17;67.25;;67.85;66.34;60.59;66.13;61.39;69.74;64.04;59.44;61.95;59.79;66.38;66.57;69.32;75.9;75.55;73.85;69.35;67.45;66.78;74.16;71.58;56.7;50;52.4
O3;uur;µg/m³;2023-08-13T16:00:00+01:00;2023-08-13T17:00:00+01:00;68.6;53.9;70.2;68.7;;81.24;78.39;80.45;85.04;65.68;66.75;66.39;70.89;70.22;84.6;71.74;78.31;71.79;70.21;70.8;;72.75;74.63;67.41;72.11;63.26;70.53;68.43;65.29;65.87;62.81;69.14;66.68;69.07;70.13;73.55;75.12;66.2;58.42;54.73;75.35;74.68;64;64.1;67.9
O3;uur;µg/m³;2023-08-13T17:00:00+01:00;2023-08-13T18:00:00+01:00;72.2;55.5;76.2;76.5;;78.79;70.3;79.24;83.1;67.94;63.8;64.39;72.06;68.27;77.63;69.83;80.04;68.41;71.73;74.22;;79.49;81.19;71.59;72.08;70.48;70.27;68.19;58.16;64.8;62.48;67.22;67.07;58.94;63.24;67.1;66.15;62.07;64.24;65.07;70;73.54;71.6;69.2;74.4
O3;uur;µg/m³;2023-08-13T18:00:00+01:00;2023-08-13T19:00:00+01:00;70.6;59.1;72.9;56.9;;75.99;70.41;72.55;81.61;69.39;65.05;61.08;70.02;71.61;73.61;68.87;71.55;66.87;69.24;74.9;;70.78;75.68;58.94;71.86;70.65;69.22;67.12;61.64;63.49;53.2;68.25;68.31;54.04;62.76;63.01;55.85;57.13;62.24;66.23;60.94;65.03;74.2;72.3;77.5
O3;uur;µg/m³;2023-08-13T19:00:00+01:00;2023-08-13T20:00:00+01:00;63.9;47.6;63.1;39;;68.1;53.35;45.49;75.19;62.99;48.28;57.12;65;67.61;63.47;57.19;62.69;58.57;56.99;72.02;;64.97;59.1;51.07;69.01;61.81;60.96;63.59;51.77;57.05;49.25;62.78;61.56;59.07;52.3;55.06;44.38;56.32;60.97;55.11;47.23;59.79;68.7;61;69.8
O3;uur;µg/m³;2023-08-13T20:00:00+01:00;2023-08-13T21:00:00+01:00;54.9;46.2;44.8;34.7;;42.83;30.62;24.95;34.71;45.94;33.78;44.28;57.74;52.55;60.6;42.43;54.89;59.04;49.74;63.73;;52.04;56.91;47.18;62.68;54.16;34.83;51.85;45.21;46.53;39.16;60.56;48.92;52.68;22.87;37.87;20.63;49.28;55.42;40.84;39.89;47.6;54;42.1;49.6
O3;uur;µg/m³;2023-08-13T21:00:00+01:00;2023-08-13T22:00:00+01:00;43.5;42.6;40.8;45.1;;28.19;25.13;19.19;32.39;31.01;14.6;26.28;43.5;25.66;61.06;39.4;51.23;51.16;32.6;46.85;;49.19;51.57;31.54;61.5;42.21;26.85;38.18;33.77;22.3;27.64;32.53;26.99;36.06;8.16;21.12;5.57;30.69;58.83;33.22;34.98;30.42;49.7;35.2;37.8
O3;uur;µg/m³;2023-08-13T22:00:00+01:00;2023-08-13T23:00:00+01:00;48.6;32.5;41.9;45.3;;19.14;17.31;16.23;21.51;18.85;6.81;23.64;27.31;3.42;50.79;35.56;53.15;35.79;35.52;36.24;;54.93;36.31;31.8;58.9;37.3;25.16;26.38;15.77;9.79;23.58;16.32;31.48;24.45;2.91;23.52;4.98;28.65;62.03;23.21;32.48;20.44;54.5;41.4;45
O3;uur;µg/m³;2023-08-13T23:00:00+01:00;2023-08-14T00:00:00+01:00;49.4;26.9;44;35.7;;18.75;15.03;11.56;21.98;13.17;6.32;7.11;14.44;9.53;46.1;38.98;44.08;34.88;26.1;24.16;;47.06;30.08;35.76;49.82;35.86;22.42;32.44;15.39;10.02;23.19;15.74;31.33;18.33;1.41;24.73;2.63;22.69;57;18.25;27.05;18.29;57;43.9;47.4
O3;uur;µg/m³;2023-08-14T00:00:00+01:00;2023-08-14T01:00:00+01:00;34;30.9;37.6;41.2;;15.16;6.9;10.53;15.43;6.22;5.8;10;25.89;8.37;52.37;39.13;32.09;44.63;24.97;27.84;;36.75;37.28;38.52;42.29;38.69;21.63;32.48;12.68;10.66;23.81;15.02;23.68;12.71;2.31;26.29;1.17;24.73;53.9;11.29;32.98;23.5;45.8;40.5;40.2
O3;uur;µg/m³;2023-08-14T01:00:00+01:00;2023-08-14T02:00:00+01:00;25.2;35.9;30.3;37.7;;11.09;11.04;11.18;16.06;2.76;4.18;9.59;18.8;5.43;49.5;38.05;40.56;45.31;27.8;25.08;;33.18;36.26;39.4;40.7;30.23;20.67;31.8;14.22;15.58;30.78;19.36;15.71;7.44;6.44;23.68;0.11;23.52;53.61;7.95;35.01;21.79;41.7;38.2;37.2
O3;uur;µg/m³;2023-08-14T02:00:00+01:00;2023-08-14T03:00:00+01:00;14.6;31.1;20;36.1;;6.26;7.4;11.97;16.86;0.91;1.73;5.1;17.37;0.46;46.73;38.29;39.1;38.69;19.93;24.25;;33.16;29.35;37.12;43.28;27.84;21.78;30.71;15.55;15.04;29.31;18.58;17.78;8.09;10.92;20.52;0.18;24.33;52.78;14.7;32.29;24.29;45.6;40.2;38.8
O3;uur;µg/m³;2023-08-14T03:00:00+01:00;2023-08-14T04:00:00+01:00;12.3;27.8;19.3;39.2;;5.31;1.77;7.75;16.66;0.39;0.69;3.32;15.95;3.47;48.62;23.3;35.56;39.57;18.51;17.56;;26.39;27.18;36.67;39.56;26.64;17.17;29.11;13.54;10.54;22.37;14.71;14.72;6.5;13.82;24.94;12.45;15.5;40.12;19.88;28.92;29.58;40.8;38.7;37.5
O3;uur;µg/m³;2023-08-14T04:00:00+01:00;2023-08-14T05:00:00+01:00;16.1;25;17.1;30.2;;3.59;1.26;6.38;13.64;0.11;4.18;1.62;16.87;2.87;48.42;21.15;32.85;38.46;17.98;18.26;;18.74;20.06;20.41;39.5;24.83;16.31;23.01;10.72;11.51;25.2;15.48;17.37;2.36;12.56;38.24;15.43;12.25;33.92;19.25;34.49;28.75;40.5;34.6;34.3
O3;uur;µg/m³;2023-08-14T05:00:00+01:00;2023-08-14T06:00:00+01:00;18.1;14.8;16;17.7;;0.97;1.36;9.21;8.7;0.6;7.16;7.9;14.35;0.9;32.19;33.57;19.71;30.61;11.51;12.06;;9.69;4.64;6.54;33.74;17.84;24;19.38;9.01;7.86;20.88;13.11;15.63;0.62;12.76;40.8;19.42;10.79;37.24;21.59;35;30.75;36.1;27.8;
O3;uur;µg/m³;2023-08-14T06:00:00+01:00;2023-08-14T07:00:00+01:00;8.3;9.4;9.4;8.1;;4.84;4.06;15.44;13.2;2.65;6.36;8.18;12.25;11.29;32.25;23.26;16.41;14.67;10.92;20.27;;6.96;7.87;2.88;40.89;15.21;31.81;13.43;5.48;2.98;12.72;11.06;12.15;2.38;15.8;43.6;22.44;18.6;44.37;25.66;31.47;35.45;25.5;22.5;
O3;uur;µg/m³;2023-08-14T07:00:00+01:00;2023-08-14T08:00:00+01:00;15;12.2;18.9;12;;5.42;12.38;14.39;21.41;16.82;13.48;11.23;18.45;17.35;37.6;35.12;15.12;20.09;24.88;32.47;;10.18;13.43;7.78;43.28;16.17;30.95;20.87;9.17;11.54;14.49;20.64;15.98;19.74;15.32;36.11;38.34;23.53;42.59;32.13;36.9;41.2;22;17.5;
O3;uur;µg/m³;2023-08-14T08:00:00+01:00;2023-08-14T09:00:00+01:00;35;21.1;24;22.5;;14.66;26.05;30.23;29.89;36.33;27.82;32.5;34.75;30.04;42.58;42.42;25.14;32.51;43.76;45.06;;30.69;35.26;15.91;45.1;25.59;42.1;31.88;22.26;27.99;27.68;34.92;30.58;23.12;38.85;48.1;48.97;33.36;47.31;37.15;44.86;46.14;25.7;27.5;29.8
O3;uur;µg/m³;2023-08-14T09:00:00+01:00;2023-08-14T10:00:00+01:00;50.8;38.7;43.5;47.2;;34.42;50.59;54.65;60.79;56.13;52.65;47.58;56.26;48.8;47.82;50.13;51.54;53.9;57.32;57.47;;51.41;61.96;36.58;51.28;40.91;64.2;54.37;43.09;48.48;50.66;54.42;55.56;49.63;59.02;60.14;65.66;47.72;56.48;53.5;55.36;56.81;36.9;42.4;47.9
O3;uur;µg/m³;2023-08-14T10:00:00+01:00;2023-08-14T11:00:00+01:00;62.8;52.4;64.3;58.3;;53.27;69.26;71.51;82.73;71.29;68.71;66.58;65.76;73.65;68.21;70.44;68.38;69.41;71.37;77.17;;67.56;68.8;50.89;57.11;59.74;75.16;69.69;62.2;71.53;66.21;73.62;71.94;71.2;74.18;73;73.68;67.07;64.85;71.89;63.35;68.86;59;58.5;66.3
O3;uur;µg/m³;2023-08-14T11:00:00+01:00;2023-08-14T12:00:00+01:00;73.9;60.7;70;65.9;;76.05;78.95;78.31;85.96;82.7;82.7;78.68;74.91;85.01;75.95;83.66;79.6;77.97;80.95;79.86;;76.99;81.47;61.77;76.2;71.48;83.2;76.09;66;76.45;72.34;79.11;74.34;83.26;83.07;76.8;77.69;77.82;74.26;79.18;72.51;76.09;73.1;72;80
O3;uur;µg/m³;2023-08-14T12:00:00+01:00;2023-08-14T13:00:00+01:00;82.6;74.8;83;70.5;;84.36;83.56;75.24;83.66;86.98;93.43;85.7;81.43;90.96;88.98;87.1;85.68;91.01;98.68;85.08;;87.48;87.97;72.65;87.22;77.32;89.91;81.56;72.47;79.22;76.21;86.02;81.21;91.61;91.43;85.72;83.39;84.77;81.06;81.52;79.56;80.13;83.9;75.4;83.8
O3;uur;µg/m³;2023-08-14T13:00:00+01:00;2023-08-14T14:00:00+01:00;87.9;93.5;97.6;78.2;;80.53;92.75;71.55;78.05;92.84;101.51;86.62;85.73;93.09;96.47;88.42;95.42;114.37;111.4;90.21;;93.89;94.17;76.5;93.02;80.43;94.53;85.32;75.25;80.67;78.89;87.6;88.53;103.27;97.77;88.44;89.55;94.04;86.91;84.13;84.45;83.12;87.6;81.1;89.8
O3;uur;µg/m³;2023-08-14T14:00:00+01:00;2023-08-14T15:00:00+01:00;95;95.3;103.5;83;;79.94;101.54;73.49;76.49;94.49;109.61;88.81;88.36;95.8;99.45;90.4;97.36;119.79;112.1;96.6;;98.38;100.82;76.57;97.2;89.54;99.94;89.98;78.72;84.32;83.09;89.74;93.43;103.27;103.1;92.11;100.15;97.75;96.41;87.3;86.59;85.82;89.5;85;94.9
O3;uur;µg/m³;2023-08-14T15:00:00+01:00;2023-08-14T16:00:00+01:00;102.8;102.3;113.2;80.8;;81.48;106.95;73.43;77.35;94.79;112.56;93.98;92.44;97.77;97.28;92.67;104.33;118.68;110.16;99.02;;105.48;107.13;83.49;99.08;108.14;107.37;94.32;79.96;86.91;83.1;93.66;93.11;110.67;106.91;99.09;110.99;105.61;100.14;95.3;88.58;87.07;96.7;87.2;97.2
O3;uur;µg/m³;2023-08-14T16:00:00+01:00;2023-08-14T17:00:00+01:00;105.1;95.8;115.8;84.7;;80.49;103.06;63.63;75.39;94.03;99.99;92.47;95.41;94.93;97.42;91.9;109.17;119.39;110.56;102.47;125.5;111.74;112.72;88.47;99.27;112.21;104.57;96.4;81.36;89.54;84.24;97.94;99.15;122.68;105.85;106.04;116.78;108.65;99.05;100.09;96.02;92.62;101.5;89.5;103.1
O3;uur;µg/m³;2023-08-14T17:00:00+01:00;2023-08-14T18:00:00+01:00;104.1;99;114.4;82.2;;72.23;100.85;47.51;74.75;95.76;96.68;89.34;100.07;94.08;96.35;88.56;110.1;117.75;110.29;104.5;113.19;114.09;106.03;89.56;100.38;100.79;103.46;94.59;86.23;92.53;85.34;100.37;100.41;103.94;112.55;107.91;126.19;100.21;96.45;101.67;100.13;94.8;102;97.4;103.7
O3;uur;µg/m³;2023-08-14T18:00:00+01:00;2023-08-14T19:00:00+01:00;88.4;87.1;102.5;72.3;;65.51;92.12;57.98;73.65;87.83;85.09;80.6;102.67;89.6;82.47;72.03;94.8;109.71;82.03;103.48;102.14;101.5;96.88;72.09;95.55;97.25;96.33;86.75;84.19;87.41;68.6;100.15;82.21;88.01;113.13;108.2;120.19;85.41;82.7;101.42;96.9;96.25;100.5;91.7;101.4
O3;uur;µg/m³;2023-08-14T19:00:00+01:00;2023-08-14T20:00:00+01:00;61.4;41.9;65.8;47.4;;57.13;66.7;61.51;70.17;57.69;65.53;64.63;92.75;80.34;87.4;51.88;83.63;92.51;58.44;86.65;73.78;87.29;80.25;52.74;72.01;77.31;77.88;72.71;82.25;49.86;58.22;83.18;53.6;79.85;94.89;98.55;94.92;46.29;70.52;84.96;84.17;77.79;73.3;70.5;81.5
O3;uur;µg/m³;2023-08-14T20:00:00+01:00;2023-08-14T21:00:00+01:00;33.8;13.1;28.9;37.8;;53.55;50.93;51.58;62.28;32.29;50.7;41.9;52.85;55.1;76.18;47.9;74.41;74.52;55.9;55.56;83.28;59.93;49.98;45.77;60.5;59.48;46.61;45.94;43.83;10.14;16.82;53.24;35.56;69.45;49.3;74.98;45.63;60.23;51.66;45.36;61.24;56.91;37.3;24.1;59.9
O3;uur;µg/m³;2023-08-14T21:00:00+01:00;2023-08-14T22:00:00+01:00;33.1;9.6;32.9;10.7;;48.23;26.92;33.14;59.87;21.75;70.81;21;42.77;33.58;74.13;50.16;77.04;71.61;54.44;50.14;77.1;51.03;28.7;58.91;67.81;39.58;38.68;38.87;25.95;26.89;34.49;33.74;31.41;59.63;28.37;64.09;30.7;27.98;58.62;24.58;57.42;52.37;38.9;16.6;45.4
O3;uur;µg/m³;2023-08-14T22:00:00+01:00;2023-08-14T23:00:00+01:00;49.2;25.5;11.7;44.7;;43.11;27.05;16.68;57.41;28.42;68.28;39.61;59.87;51.79;63.46;50.01;58.92;23.59;53.41;47.57;81.26;56.76;12.81;47.01;68.7;53.74;27.51;44.77;19.1;29.41;48.82;26.28;35.64;49.38;29.26;57.34;32.04;24.72;54.73;32.08;36.48;44.74;50.4;11.2;37.1
O3;uur;µg/m³;2023-08-14T23:00:00+01:00;2023-08-15T00:00:00+01:00;63.4;13.8;35.2;33.9;;38.13;40.51;8.57;49.72;36.89;56.67;50.62;69.17;48.16;55.22;47.44;51.55;17.89;50.35;49.37;67.76;46.7;56.37;44.25;72.89;65.8;39.63;56.36;44.01;49.06;54.24;55.78;47.74;40.08;31.88;55.01;27.97;37.03;56.85;23.96;41.91;34.35;52.9;53.6;62.1
O3;uur;µg/m³;2023-08-15T00:00:00+01:00;2023-08-15T01:00:00+01:00;54.6;40.1;48.3;33.4;;37.21;40.66;10.05;50.83;45.26;43.15;42.97;59.06;42.5;55.15;42.65;26.56;22.65;51.63;52.9;53.71;28.03;55.73;23.45;64.1;56.98;55.89;42.34;60.91;63.17;49.94;65.2;31.78;30.5;33.96;53.04;18.54;52.14;54.95;27.06;29.2;31.91;54.9;64.4;56
O3;uur;µg/m³;2023-08-15T01:00:00+01:00;2023-08-15T02:00:00+01:00;44;22.7;26.8;25.4;;30.57;35.52;12.15;40.11;41.2;35.06;41.42;55.76;42.43;52.69;34.31;39.36;36.63;46.35;55.16;51.12;32.55;47.02;20.13;57.8;47.8;52.76;28.39;53.43;56.75;45.4;52.82;20.47;20.32;34.37;45.4;35.02;41.03;54.57;19.95;26.97;28.31;54.6;58.4;52.5
O3;uur;µg/m³;2023-08-15T02:00:00+01:00;2023-08-15T03:00:00+01:00;40.9;13.2;28.2;25.7;;32.22;31.29;31.37;41.24;44.54;21.77;47.94;48.62;46.59;42.94;30.83;42.21;28.67;41.23;46.74;56.68;36.02;46.4;33.01;56.45;42.5;42.38;28.12;49.47;51.6;37.59;52.77;25.49;18.11;23.07;30.6;39.76;42.28;50.46;40.53;37.04;34.21;50;51.1;48.2
O3;uur;µg/m³;2023-08-15T03:00:00+01:00;2023-08-15T04:00:00+01:00;39.9;26.1;35.7;17.1;;33.1;37.12;36.02;42.59;32.01;17.24;46.37;38.33;44.13;40.6;27.56;55.56;32.68;39.33;37.65;58.54;28.11;32.72;45.15;49.67;47.46;37.76;23.31;35.33;37.18;27.39;37.57;28.44;16.26;34.41;38.02;37.45;50.42;49.47;37.85;49.44;49.45;41.6;41.4;40.3
O3;uur;µg/m³;2023-08-15T04:00:00+01:00;2023-08-15T05:00:00+01:00;38.8;31.5;22.4;25.9;;35.51;39.92;26.62;33.05;25.45;7.84;36.61;29.9;34.75;30.96;29.83;33.08;27.81;31.92;33.49;52.91;24.61;34.25;22.14;41.94;42.78;38.14;22.72;31.1;33.55;20.76;36.19;27.34;14.95;41.27;36.03;26.08;44.51;43.92;28.72;49.9;58.8;39.1;41.7;33.3
O3;uur;µg/m³;2023-08-15T05:00:00+01:00;2023-08-15T06:00:00+01:00;28.8;21.5;24.5;18.7;;32.9;36.11;22.34;36.43;19.83;23.37;28.83;21.77;23.38;33.17;30.36;29.38;22.1;31.36;34.28;53.8;21.39;28.11;14.14;29.89;39.38;30.68;26.14;23.32;25.83;17.82;30.34;22.93;11.95;35.64;35.45;24.7;42.21;36.73;27.22;44.56;61.27;41.4;;35.9
O3;uur;µg/m³;2023-08-15T06:00:00+01:00;2023-08-15T07:00:00+01:00;25.9;13.4;24.7;20;;24.21;30.59;18.37;26.96;19.87;28.5;24.08;18.22;24.34;33.45;29.8;42.63;24.32;28.46;29.48;55.08;23.87;20.24;20.5;40;38.07;28.72;26.38;25.84;23.07;17.22;34.47;22.14;15.81;35.09;32.23;36.17;32.01;34.53;31.57;39.48;57.59;33.8;31.4;31.1
O3;uur;µg/m³;2023-08-15T07:00:00+01:00;2023-08-15T08:00:00+01:00;34.1;28;25.9;32.5;;29.75;36.69;32.75;37.14;32.37;40.58;32.61;22.45;35.29;42.2;34.8;44.71;35.45;36;32.12;54.4;34.11;31.6;29.2;48.29;41.38;36.06;31.13;25.03;25.44;24.64;31.24;30.02;21.69;40.14;35.15;36.8;38.21;45;45.02;45.16;50.37;40.4;36.5;39.2
O3;uur;µg/m³;2023-08-15T08:00:00+01:00;2023-08-15T09:00:00+01:00;42.8;29.1;40.7;38.7;;47.68;48.29;44.43;48.69;50.36;47.31;43.39;26.61;48.92;44.46;40.89;49.61;45.41;45.62;39.85;54.93;41.52;42.61;36.77;59.27;43.74;44.81;44.69;31.83;35.73;38.1;35.33;41.68;36.52;45.87;42.02;47.23;43.78;52.79;53.77;56.72;52.11;46;42;46.3
O3;uur;µg/m³;2023-08-15T09:00:00+01:00;2023-08-15T10:00:00+01:00;48.1;36.6;47;43.9;;59.2;55.14;58.33;62.37;52.48;47.72;49.1;43.76;51.45;43.61;46.95;60.03;47.62;48.42;48.48;57.19;49.4;51.57;47.29;66.17;40.68;54.25;43.3;38.62;46.81;42.52;43.63;46.34;49.19;47.69;47.64;49.96;55.47;60.36;55.4;68.36;63.56;49.2;42;49.6
O3;uur;µg/m³;2023-08-15T10:00:00+01:00;2023-08-15T11:00:00+01:00;49.7;35.8;49.4;44.7;;67.65;63.57;63.91;71.8;61.3;51.12;48.96;50.27;58.11;73.13;50.93;55.37;45.81;48.62;49.73;62.51;55.72;59.33;46.5;66.46;48.7;55.88;47.85;40.68;46.23;40.1;47.29;50.28;57.78;54.38;52.59;53.75;53.38;71.74;62.37;76.54;71.81;49.4;44.9;52.6
O3;uur;µg/m³;2023-08-15T11:00:00+01:00;2023-08-15T12:00:00+01:00;61.2;42;57.7;53.2;;76.75;71.25;71.12;79.09;67.84;55.4;62.85;55.71;69.48;81.51;59.2;70.21;49.43;54.73;59.22;69.05;59.98;63.6;62.78;72.99;53.77;53.1;51.72;48.5;49.47;50.13;54.77;58.3;63.1;60.99;58.58;60.92;49.91;76.5;61.45;83.93;81.19;58.4;50.6;59.4
O3;uur;µg/m³;2023-08-15T12:00:00+01:00;2023-08-15T13:00:00+01:00;65;46.1;65.6;65.1;;84.36;76.28;78.4;87.43;70.75;60.6;70.24;65.16;74.09;86.88;77.21;81.76;57.16;68.88;63.59;84.77;74;74.92;70.81;80.66;70.73;50.28;61.14;57.58;59.56;53.7;62.97;62.66;68.97;62.66;59.78;64.89;52.04;77.41;68.66;85.58;84.4;59.8;50.9;60.7
O3;uur;µg/m³;2023-08-15T13:00:00+01:00;2023-08-15T14:00:00+01:00;71.2;54.3;80.8;71;;80.24;77.66;77.76;91.65;80.31;72.35;69.33;68.69;77.38;81.09;80.12;88.69;79.14;74.65;75.63;91.19;80.03;85.05;76.34;79.73;74.32;59.1;73.82;61.61;65.78;61.13;67.9;75.9;70.61;67.73;74.77;65.59;52.32;80.6;73.75;87.26;85.97;80.7;73.4;84.4
O3;uur;µg/m³;2023-08-15T14:00:00+01:00;2023-08-15T15:00:00+01:00;77;61.9;87.5;73.3;;78.47;77.46;78.97;88.38;81.66;78.33;73.5;76.72;81.19;89.66;73.12;86.2;83.5;78.88;80.56;90.44;78.64;85.99;75.82;79.35;74.86;65.79;86.49;65.14;74.37;78.17;74;77.95;76.28;75.57;82.67;70.43;62.03;79.93;72.01;89.12;86.58;87.5;77.3;88.3
O3;uur;µg/m³;2023-08-15T15:00:00+01:00;2023-08-15T16:00:00+01:00;78.1;65.9;84.4;72.8;;79.61;84.53;77.42;89.28;80.84;88.37;75.39;82.84;84.3;84.68;77.65;82.44;88.6;80.27;87.84;93.01;81.94;84.96;76.06;75.14;76.68;82.3;87.79;80.1;88.56;83.29;89.47;94.1;78.92;75.99;79.99;71.19;77.59;77.36;76.51;85.22;86.49;87.6;79.8;86.9
O3;uur;µg/m³;2023-08-15T16:00:00+01:00;2023-08-15T17:00:00+01:00;73.8;65.3;83.6;66.4;;77.68;86.05;72.38;84.85;83.04;95.12;78.21;90.27;85.82;85.42;80.2;83.32;88.04;79.41;90.53;97.5;81.23;80.51;75.43;73.58;77.88;96.28;85.24;84.21;92.14;78.29;92.11;92;85.65;80.25;81.37;75.05;91.38;75.77;78.64;82.23;85.93;83.5;;84.2
O3;uur;µg/m³;2023-08-15T17:00:00+01:00;2023-08-15T18:00:00+01:00;71;56.2;75;65.5;;78.72;89.58;75.56;80.51;84.45;89.45;79.73;91.2;85.4;87.57;82.2;82.81;82.6;81.18;94.49;96.82;76.39;72.4;76.51;74.48;76.52;85.69;78.68;80.83;88.02;75.24;88.46;81.17;77.33;88.02;81.72;78.26;84.16;75.05;87.18;75.99;83.95;81.5;;83.4
O3;uur;µg/m³;2023-08-15T18:00:00+01:00;2023-08-15T19:00:00+01:00;61.3;61.2;79.2;71.2;;75.49;84.79;66.79;79.85;90.32;91.32;80.91;86.8;84.23;84.44;66.04;82.16;79.8;81.75;90.89;91.33;78.4;72.57;75.32;72.11;69.18;79.29;76.39;72.36;78.46;69.44;80.84;74.27;72.56;91.4;81.99;90.74;70.24;72.43;83.01;74.42;76.28;74;;78.5
O3;uur;µg/m³;2023-08-15T19:00:00+01:00;2023-08-15T20:00:00+01:00;53.4;57.1;73.9;69.6;;75.78;77.64;38.46;75.04;85.63;80.41;79.78;84.63;83.26;81.39;64.18;85.16;77.44;60.13;77.45;82.25;77.47;68.55;75.39;71.13;67.05;73.31;68.41;68.31;76.77;54.05;80.07;61.82;68.36;83.58;86.2;78.8;56.99;62.83;57.46;69.39;63.5;62.6;;67.5
O3;uur;µg/m³;2023-08-15T20:00:00+01:00;2023-08-15T21:00:00+01:00;46.7;41.6;61.7;43.6;;77.87;79.79;58.59;69.35;71.1;57.42;69.98;79.12;79.12;76.83;64.76;79.04;69.64;48.9;69.94;59.79;51.16;40.15;76.56;65.25;44.11;52.54;60.61;47.02;65.89;29.84;64.92;46.89;75.03;69.14;72.68;54.78;52.47;60.37;40.31;57.71;58.95;42.9;;50
O3;uur;µg/m³;2023-08-15T21:00:00+01:00;2023-08-15T22:00:00+01:00;32.4;22.5;53.9;38.6;;68.55;72.41;69.09;76.05;49.32;44.23;65.72;60.98;72.24;70.02;58.12;65.7;61.33;41.36;56.5;51.5;17.11;20.85;67.31;43.78;30.51;19.15;37.84;30.59;30.42;16.95;38.74;41.65;55.67;49.18;71.36;31.06;49.58;46.93;45.43;50.34;53.78;39.8;;28.7
O3;uur;µg/m³;2023-08-15T22:00:00+01:00;2023-08-15T23:00:00+01:00;15.2;19;45.7;9.6;;67.34;61.79;64.59;71.58;43.24;39.98;62.45;61.63;68.07;54.42;46.46;55.06;47.6;33.59;40.58;35.61;3.32;9.69;57.65;42.97;23.59;22.46;29.22;21.39;21.06;14.28;16.95;29.5;42.39;30.98;65.29;20.69;35.28;36.17;14.98;40;38.84;33.5;;27.3
O3;uur;µg/m³;2023-08-15T23:00:00+01:00;2023-08-16T00:00:00+01:00;33.5;24.8;47.9;17;;64.62;62.07;50.73;61.2;33.85;34.94;62.61;52.94;65.56;43.31;42.96;37.09;61.04;22.3;40.78;30.02;-0.19;14.98;50.33;26.18;14.27;18.71;31.21;12.03;17.89;4.98;13.91;24.57;41.21;28.22;62.17;12.4;26.31;26.65;13.73;45.93;42;24.2;;15.6
O3;uur;µg/m³;2023-08-16T00:00:00+01:00;2023-08-16T01:00:00+01:00;13.3;18.6;38.3;15.7;;60.09;50.88;38.3;44.9;27.88;38.24;60.28;44.68;67.62;50.79;34.31;45.1;56.25;17.41;50.19;26.09;-0.04;15.59;59.03;24.57;10.75;17.92;25.26;13.86;19.56;15.79;15.43;20.24;30.38;23.22;60.81;11.29;26.77;29.61;13.33;46.04;31.62;16.5;;1.7
O3;uur;µg/m³;2023-08-16T01:00:00+01:00;2023-08-16T02:00:00+01:00;19.1;18;33.8;19.7;;63.73;39.48;22.54;29.69;31.32;31.69;58.41;32.11;62.77;43.95;24.37;47.08;62.87;13.59;56.07;23.35;-0.49;7.71;52.26;21.73;3.89;23.74;15.43;15.15;21.98;16.35;14.61;19.9;33.03;21.58;56.57;4.3;32.78;35.89;6.07;26.81;24.64;28.1;;0
O3;uur;µg/m³;2023-08-16T02:00:00+01:00;2023-08-16T03:00:00+01:00;20.4;13.2;24;22.5;;;;;;;;;;;;;;;;;;;;;;;;;;;;;;;;;;;;;;;33.3;;0.7
O3;uur;µg/m³;2023-08-16T03:00:00+01:00;2023-08-16T04:00:00+01:00;27.3;10.5;19.9;24.4;;57.92;33.09;22.29;24.03;26.28;11.79;45.66;38.51;36.8;24.93;17.85;54.01;54.99;22.7;43.39;8.27;-0.97;9.07;40.76;19.63;;12.1;9.4;16.43;34.03;14.24;19.91;14.86;34;16.09;51.39;7.51;21.22;25.58;8.17;26.84;15.6;24.3;;6.2
O3;uur;µg/m³;2023-08-16T04:00:00+01:00;2023-08-16T05:00:00+01:00;24.1;19.1;19.9;17.4;;50.82;36.78;20.98;36.81;22.59;9.14;34.15;32.86;32.69;22.41;19.7;52.79;41.96;27.05;29.59;16.34;-0.93;8.61;21.82;17.02;4.06;14.48;23.26;18.5;30.27;7.96;22.5;14.26;35.17;8.49;49.72;9.15;14.65;21.97;12.63;18.73;31.47;23.3;;7.1
O3;uur;µg/m³;2023-08-16T05:00:00+01:00;2023-08-16T06:00:00+01:00;5.6;12.9;7.3;22.7;;42.23;34.96;13.65;40.36;16.43;7.93;29.96;34.55;33.04;14.79;15.23;45.08;39.1;18.95;23.76;14.48;-0.14;0.94;9.23;11.76;-1.28;13.61;13.96;10.1;19.45;8.8;14.33;11.57;35.13;1;43.36;5.13;10.51;33.52;14.68;17.95;19.74;15.7;;5
O3;uur;µg/m³;2023-08-16T06:00:00+01:00;2023-08-16T07:00:00+01:00;1.6;15.4;9.4;20.4;;56.72;36.18;26.73;43.95;16.81;4.64;29;37.85;30.66;10.42;15.04;36.25;32.6;11.89;25.6;12.43;11.56;4.99;8.48;12.72;5.39;10.46;15.71;19.06;22.26;7.16;26.65;12.86;36.6;13.14;38.21;19.09;7.19;28.82;16.28;20.41;19.33;10.1;;6.3
O3;uur;µg/m³;2023-08-16T07:00:00+01:00;2023-08-16T08:00:00+01:00;16.9;30.7;24.6;18.5;;52.6;45.52;44.21;40.64;39.56;20.13;40.34;40.86;38.9;33.41;26.07;42.63;35.98;35.07;45.77;18.19;35.27;21.93;16.9;45.59;17.26;39.79;28;44.42;40.41;38.08;53.81;31.29;34.89;49.55;43.3;51.15;33.77;49.07;37.58;38.37;45.55;34.9;;27.3
O3;uur;µg/m³;2023-08-16T08:00:00+01:00;2023-08-16T09:00:00+01:00;48.3;44.5;51.7;37;;48.84;54.17;49.59;44.94;51.86;35.67;52.48;47.49;56.28;50.12;40.5;55.8;49.17;53.95;53.02;46.87;52.1;56.38;30.17;70.34;28.2;61.26;53.61;55.82;58.01;54.71;64.77;55.91;47.81;61.08;48.84;58.92;43.11;64.39;55.18;65.92;67.53;57.5;;62.1
O3;uur;µg/m³;2023-08-16T09:00:00+01:00;2023-08-16T10:00:00+01:00;55.8;49.7;57.3;54;;58.79;56.11;52.11;56.07;56.91;48.76;61.48;60.18;68.69;62.63;65.22;66.55;57.69;61.24;60.73;68.47;66.94;65.19;43.93;77.12;51.37;67.3;59.87;60.27;60.63;60.18;68.89;64.27;55.85;67.31;58.25;64.57;57.62;65.33;65.96;74.28;73.87;65.1;;70.7
O3;uur;µg/m³;2023-08-16T10:00:00+01:00;2023-08-16T11:00:00+01:00;55.4;53.9;59.7;62.6;;62.74;68.99;52.78;62.83;60.1;59.15;69.7;67.77;75.1;71.36;65.04;69.43;61.12;72.64;69.28;76.05;69.04;67.85;50.4;80.42;65.72;75.23;66.56;62.75;62.54;66.23;70.94;66.77;62.95;70.59;62.55;68.52;64.85;72.11;67.26;75.17;71.74;65.4;;74.7
O3;uur;µg/m³;2023-08-16T11:00:00+01:00;2023-08-16T12:00:00+01:00;61.8;57.4;66.7;69.2;;66.88;74.64;59.46;61.88;54.48;68.16;68.61;77.51;75.95;78.83;68.95;74.34;71.46;74.95;74.55;83.57;74.07;74.67;53.55;84.55;70.14;76.48;72.81;65.43;67.58;70.51;74.21;72.45;70.3;75.77;75.58;70.59;69.22;72.77;72.14;75.27;74.92;72.6;;82.2
O3;uur;µg/m³;2023-08-16T12:00:00+01:00;2023-08-16T13:00:00+01:00;61.8;59.6;71.4;76.6;;65.73;76.27;57.7;62.98;79.79;81.44;75.3;80.96;80.67;88.99;79.24;80.35;78.14;78.51;77.83;90.63;78.69;83.33;59.49;89.69;75.31;80.04;76.15;66.95;70.07;74.27;75.68;76.03;75.78;81.5;78.81;74.96;71.68;74.23;76.45;76.58;76.06;76;76.2;85.1
O3;uur;µg/m³;2023-08-16T13:00:00+01:00;2023-08-16T14:00:00+01:00;68.1;72.4;76;81.3;;66.7;75.67;61.38;70.77;83.99;84.26;80.3;82.65;84.45;90.92;98.63;83.16;81.37;78.68;83.41;93.8;84.17;81.16;64.19;92.09;78.59;81.9;77.67;70.92;73.49;77.64;78.4;;80.22;82.19;82.83;77.54;73.58;76.11;78.62;79.2;79.25;76.3;81.4;86.9
O3;uur;µg/m³;2023-08-16T14:00:00+01:00;2023-08-16T15:00:00+01:00;75;71.5;78.6;81.4;;73.07;74.53;79.04;78.47;88.04;84.11;83.04;87.55;89.02;93.63;104.61;87.12;85.11;80.72;84.56;96.17;86.54;80.18;64.29;88.96;78.87;80.97;78.91;74.01;76.56;79.61;81.79;;83.84;86.01;85.59;79.24;75.1;76.86;82.68;75.66;79.06;75.6;82;86.1
O3;uur;µg/m³;2023-08-16T15:00:00+01:00;2023-08-16T16:00:00+01:00;76.2;73.4;79;82.4;;76.94;71.85;83.41;87.04;85.03;78.8;80.56;89.35;87.48;95.83;100.95;92.07;85.52;81.5;83.27;94.94;89.64;77.07;66.08;80.58;75.38;78.71;81.9;75.94;79.86;80.57;83.67;81.83;82.06;84.84;83.16;77.9;79.31;74.84;85.32;77.58;76.8;74.7;82.4;84.8
O3;uur;µg/m³;2023-08-16T16:00:00+01:00;2023-08-16T17:00:00+01:00;75.6;78.6;79.1;84.3;;74.51;79.91;78.77;82.17;88.33;77.8;80.08;93.58;87.22;91.13;95.67;90.75;88.28;82.93;83.34;92.7;90.41;78.78;65.28;77.1;75.16;77.42;79.21;77.87;80;78.7;84.61;82.24;78.09;82.43;83.17;77.41;79.64;72.72;84.28;78.24;76.52;74.4;79.8;83.7
O3;uur;µg/m³;2023-08-16T17:00:00+01:00;2023-08-16T18:00:00+01:00;74.7;80.7;80.3;82.6;84.9;76.47;76.31;70.69;79.67;87.09;69.03;79.43;90.33;84.17;91.42;93.48;88.94;86.47;78.82;83.94;91.33;87.13;81.99;64.14;70.55;79.48;76.04;78.35;77.61;80.6;77.63;83.28;79.99;73.89;80.72;78.55;78.72;76.12;67.13;78.04;80.27;72.69;73.9;83.7;83.8
O3;uur;µg/m³;2023-08-16T18:00:00+01:00;2023-08-16T19:00:00+01:00;69.8;77.5;73.9;78.6;94.5;73.14;67.75;70.01;74.21;82.12;65.66;74.29;85.08;82.9;83.54;77.4;83.48;80.45;76.99;77.86;88.32;82.31;78.86;61.72;70.96;73.68;70.55;74.24;72.88;78.14;72.68;78.27;72.55;77.28;79.93;69.18;71.35;71.15;67.66;68.46;80.76;71.08;67;76.8;80.6
O3;uur;µg/m³;2023-08-16T19:00:00+01:00;2023-08-16T20:00:00+01:00;67.7;74.6;72.1;72.5;86.8;69.42;60.08;64.64;71.91;72.44;57.02;70.86;79.97;79.27;70.16;43.96;76.29;78.19;71.22;69.37;75.78;76.76;75.49;62.21;68.2;63.59;65.79;69.82;66.24;69.49;59.36;69.94;67.22;72.34;74.36;63.66;67.99;66.97;54.97;66;70.95;64.93;60;66.7;66.3
O3;uur;µg/m³;2023-08-16T20:00:00+01:00;2023-08-16T21:00:00+01:00;57.8;71.7;69;69.1;70.8;64.5;59.18;63.42;71.08;55.28;57.38;66.39;66.47;76.34;68.85;43.32;67.2;72.48;66.84;67.4;71.03;65.27;72.18;54.46;67.92;59.05;63.05;63.33;61.92;62.84;58.36;65.47;56.16;69.64;74.61;59.75;64.77;61.86;54.87;61.8;64.39;56.34;64.5;65.1;64.1
O3;uur;µg/m³;2023-08-16T21:00:00+01:00;2023-08-16T22:00:00+01:00;56.6;61.1;61;57.8;61.9;61.66;53.98;59.8;70.5;32.37;51.61;64.19;64.47;72.6;63.46;50.06;58.48;62.34;59.2;61.04;70.08;57.59;58.33;46.26;64.41;58.09;59.34;59.36;57.06;60.94;56.24;60.98;53.73;69.2;69.91;56.59;59.2;57.69;50.17;62.31;60.92;50.67;63.4;65.5;65.8
O3;uur;µg/m³;2023-08-16T22:00:00+01:00;2023-08-16T23:00:00+01:00;52.3;59.1;58.6;58.2;59.5;59.83;63.19;54.57;64.46;34.37;50.46;62.14;67.22;68.25;55.62;50.03;58.85;60.61;54.37;52.17;66.46;59.16;59.44;47.97;61.42;55.22;58.88;55.98;56.64;61.04;55.78;60.84;57.84;65.44;65.1;55.79;57.59;56.85;44.19;55.61;62.3;47.57;61.1;64.8;64.7
O3;uur;µg/m³;2023-08-16T23:00:00+01:00;2023-08-17T00:00:00+01:00;50.3;60.5;60.1;58.7;64.1;55.7;64.12;52.15;58.56;47.64;39.86;59.6;60.94;64.25;52.39;54.58;57.63;60.92;57.2;56.69;64.11;57.76;62.76;51.67;61.01;53.72;57.44;55.14;53.48;59.36;55.45;58.34;55.55;60.19;62.98;54.72;58.02;55.81;45.86;53.33;64.91;50.27;61.8;65.9;64.6
O3;uur;µg/m³;2023-08-17T00:00:00+01:00;2023-08-17T01:00:00+01:00;53.3;59.1;58.5;57.8;63.9;54.88;54.8;49.88;53.77;47.63;43.92;57.23;56.36;60.08;51.59;51.85;58.89;58.99;57.79;54.69;64.09;59.5;61.56;53.89;60.6;54.71;55.42;54.49;51.08;57.19;52.85;55.87;53.53;57.94;62.23;54.43;56.74;51.78;41.72;51.98;59.98;47.14;58;65.3;62.9
O3;uur;µg/m³;2023-08-17T01:00:00+01:00;2023-08-17T02:00:00+01:00;48.8;57.1;55.2;57.1;65;53.31;51.5;50.74;52.28;49.16;48.87;53.89;56.95;57.84;50.46;45.12;59.35;57.25;56.18;54.13;60.19;58.78;59;54.81;59.93;51.54;54.25;53.46;52.47;56.92;52.18;56.77;52.04;54.75;60.28;53.02;55.02;52.26;35.33;51.85;56.53;49.08;60.1;65.5;63.9
O3;uur;µg/m³;2023-08-17T02:00:00+01:00;2023-08-17T03:00:00+01:00;47.2;56.4;54;54.2;62.5;50.14;50.51;46.64;50.26;45.05;48.81;51.62;56.01;54.97;46.76;45.77;59.13;57.14;54.22;51.15;58.89;56.23;54.3;52.45;57.22;50.3;53.38;49.83;50.96;55.87;51.23;55.39;49.76;54.02;59.07;53.05;51.26;51.51;41.02;53.99;60.35;48.57;59.3;64.5;63
O3;uur;µg/m³;2023-08-17T03:00:00+01:00;2023-08-17T04:00:00+01:00;46.1;54.3;55.3;50.1;61.7;48.2;50.54;44.01;46.37;40;46.41;49.51;54.04;53.45;45.55;50.14;57.1;55.55;53.2;51.4;59.38;55.55;52.79;52.31;59.49;50.41;54.47;50.19;48.37;53.64;44.33;53.54;48.97;51.56;56.56;48.02;50.59;51.62;38.71;54.74;61.99;55.94;58.7;62.6;60.7
O3;uur;µg/m³;2023-08-17T04:00:00+01:00;2023-08-17T05:00:00+01:00;45.4;56.1;52.9;48.9;60;43.2;47.11;42.5;43.53;44.98;44.45;48.65;53.91;51.91;44.08;43.79;54.26;54.96;51.79;49.11;56.58;55.03;51.04;44.11;62.47;41.58;54.48;52.81;48.83;53.19;48.21;53.63;50.06;46.41;56.25;47.92;52.08;52.11;42.85;53.88;63.37;56.12;61.3;65.3;64.1
O3;uur;µg/m³;2023-08-17T05:00:00+01:00;2023-08-17T06:00:00+01:00;47.1;55.6;46.2;47.6;52.3;41.33;42.97;40.26;38.85;39.8;40.59;47.84;48.6;50.87;46.51;39.05;48.36;56.01;50.15;42.7;51.36;52.92;44.21;34.05;63.65;45.54;56.44;55.33;48.87;53.54;50.52;53.66;49.71;47.34;55.84;43.34;53.66;52.42;46.46;54.32;65.64;52;59.8;63.3;55.2
O3;uur;µg/m³;2023-08-17T06:00:00+01:00;2023-08-17T07:00:00+01:00;43;57.8;47.7;49.9;52.3;38.25;41.16;36.46;36.92;37.76;35.32;41.16;46.95;46.85;42.57;42.95;46.94;56.33;50.31;47.45;56.45;53.21;44.13;33.61;66.11;41.18;52.27;56.75;48.32;49.43;53.14;52.81;49.84;47.15;52.3;38.28;53.6;54.16;52.89;54.27;63.84;51.14;60.7;64.2;60.2
O3;uur;µg/m³;2023-08-17T07:00:00+01:00;2023-08-17T08:00:00+01:00;40.6;56.4;46.7;53.1;;35;41.42;36.03;36.28;39.19;37.81;42.84;48.4;46.29;43.46;43.53;43.55;56.92;50.19;48.48;59.79;53.88;46.45;31.05;68.17;46.91;54.66;58.16;49.21;51.15;53.69;53.55;49.88;43.47;55.16;42.66;53.68;54.54;52.7;53.32;69.42;60.69;61.6;65.7;64.6
O3;uur;µg/m³;2023-08-17T08:00:00+01:00;2023-08-17T09:00:00+01:00;45.1;56.3;51.7;56.6;;32.02;43.36;33.14;33.81;43.17;42.11;43.49;50.84;45.71;48.47;47.55;48.54;58.84;52.17;51.52;65.48;57.48;54.7;35.85;70.76;54.86;54.76;58.46;49.82;50.96;53.12;54.87;52.51;44.53;56.55;42.59;55.09;56.08;62.58;53.75;72.98;65.18;61.2;66.3;63.9
O3;uur;µg/m³;2023-08-17T09:00:00+01:00;2023-08-17T10:00:00+01:00;52.2;59.1;54.5;57.3;61.5;31.39;44.85;30.9;33.22;43.16;47.31;42.83;52.64;46.25;59.2;46.14;58.45;60.22;57.31;55.12;69.7;65.58;59.12;46.83;66.9;58.22;59.62;58.94;52.25;55.3;56.76;57.27;55.81;44.99;57.84;45.42;54.84;57.99;64.35;54.89;72.8;65.32;61.5;67.3;66
O3;uur;µg/m³;2023-08-17T10:00:00+01:00;2023-08-17T11:00:00+01:00;54.4;60.5;56.2;61.7;67.4;34.4;43.19;31.44;34.3;46.21;50.88;41.65;57.86;44.9;67.21;50.66;65.45;64.91;61.86;58.28;75.08;69.25;61.68;47.97;70.33;62.15;62.17;60.12;58.3;60.09;58.38;63.43;60.38;46.61;57.43;46.12;52.75;60.91;66.66;56.32;73.04;67.19;61.9;69.1;65.2
O3;uur;µg/m³;2023-08-17T11:00:00+01:00;2023-08-17T12:00:00+01:00;56.5;61.4;62;67.1;72.8;34.19;44.79;32.65;34.49;48.19;;41.49;57.41;44.55;73.24;55.82;68.91;68.55;64.13;59.94;79.48;70.93;65.72;55.56;72.3;65.51;62.82;64.89;60.28;63.04;63.66;66.15;63.64;46.35;57.76;46.52;53.52;61.48;67.96;58.51;74.33;70.13;64.4;72.4;70
O3;uur;µg/m³;2023-08-17T12:00:00+01:00;2023-08-17T13:00:00+01:00;54.7;65.1;64.7;68.5;80.5;34.44;45.65;31.48;35;45.34;;44.08;54.38;47.04;76.75;65.81;75.85;72.89;64.99;61.74;83.25;74.26;70.73;57.63;72.87;65.98;62.16;68.14;57.19;59.09;63.12;62.23;64.93;44.49;55.75;46.98;53.88;62.81;71.13;58.35;77.33;71.43;68.5;76.4;74
O3;uur;µg/m³;2023-08-17T13:00:00+01:00;2023-08-17T14:00:00+01:00;59.9;68;68.6;72.9;83.7;38.69;45.61;35.66;38.17;46.58;51.28;43.05;53.36;47.44;74.61;;80.46;74.87;69.6;63.5;86.35;77.8;67.72;60.22;74.05;69.08;63.21;66.61;55.17;57.63;61.71;60.99;60.68;41.8;53.52;45.64;53.02;63.02;71.15;62.81;76.9;71.01;67.6;75.8;71.7
O3;uur;µg/m³;2023-08-17T14:00:00+01:00;2023-08-17T15:00:00+01:00;53.9;65.9;65.9;71.9;82.3;54.32;47.84;37.92;44.33;48.96;45.33;42.87;52.77;49.11;72.61;;80.54;70.01;66.5;60.64;85;75.97;67.26;55.3;73.7;67.27;61.34;63.38;55.36;55.1;58.63;60.32;57.03;40.02;53.35;44.92;53.04;60.23;70.56;64.42;76.85;71.4;68.5;78;71.5
O3;uur;µg/m³;2023-08-17T15:00:00+01:00;2023-08-17T16:00:00+01:00;51;63.4;62.6;68.4;78;51.19;41.67;45.81;65.8;49;45.98;43.72;52.88;49.22;;58.54;76.21;66.07;59.6;60.73;81.41;71.34;61.02;48.43;74.72;66.09;60.49;58.91;54.1;56.07;58.7;59.24;56.28;44.14;54.2;43.33;52.09;60.88;68.65;59.06;75.8;66.93;68.3;75.4;65.3
O3;uur;µg/m³;2023-08-17T16:00:00+01:00;2023-08-17T17:00:00+01:00;47.5;59.5;57;65.2;73.4;49.79;42.7;56.59;66.83;47.77;44.13;43.36;51.88;48.46;;56.37;72.35;61.37;56.25;56.89;79.1;69.84;57.51;49.66;72.35;66.33;57.51;57.57;53.09;53.4;55.27;57.61;54.66;46.71;54.06;39.06;50.66;61.38;66.49;55.96;73.64;62.41;62;67.7;46.1
O3;uur;µg/m³;2023-08-17T17:00:00+01:00;2023-08-17T18:00:00+01:00;46.9;58.4;55.5;61.5;69.5;44.43;42.13;56.78;59.86;44.84;43.14;39.63;48.08;47.79;57.73;52.21;69.79;59.81;53.01;52.63;73.24;67.7;57.52;46.78;68.29;62.99;54.63;54.71;52.38;53.76;53.88;55.54;53.96;43.15;54.43;41.03;49.35;58.13;63.76;62.02;73.64;59.56;59.8;67.3;45.4
O3;uur;µg/m³;2023-08-17T18:00:00+01:00;2023-08-17T19:00:00+01:00;43;52.8;54.2;57.5;66.3;42.61;43.08;48.67;57.86;40.02;41.97;37.04;46.31;45.05;55.85;53.11;63.53;60.02;52.12;49.66;70.2;62.17;55.24;42.63;65.91;57.51;56.93;52.49;51.15;54.5;52.36;57.39;53.32;49.7;54;39.74;58.15;52.97;57.76;64.5;68.07;57.81;56.3;61.7;62.3
O3;uur;µg/m³;2023-08-17T19:00:00+01:00;2023-08-17T20:00:00+01:00;42.8;50.1;53.1;52.9;58.2;39.11;37.41;46.73;46.82;39.15;37.86;38.79;42.22;45.49;52.71;39.59;58.36;54.9;49.82;47.62;64.73;56.45;51.65;41.02;62.57;52.13;55.22;51;53.27;54.96;51.24;56.15;55.99;59.77;49.83;37.86;62.5;62.31;53.72;76.18;58.86;55.06;58.4;60;64
O3;uur;µg/m³;2023-08-17T20:00:00+01:00;2023-08-17T21:00:00+01:00;44.7;50.6;55.8;52.3;55;32.87;31.59;39.83;43.08;36.64;33.54;36.13;42.26;40.8;51.74;36.8;56.65;56.75;47.15;52.02;59.9;55.32;58.81;38.71;58.87;44.72;51.06;51.53;50.36;51.7;53.59;54.85;52.28;62.97;54.43;38.35;64.07;60.81;50.9;70.05;55.7;59.3;54.6;60.6;61.7
O3;uur;µg/m³;2023-08-17T21:00:00+01:00;2023-08-17T22:00:00+01:00;33;49.3;52.1;55.3;47.8;29.05;34.68;35.03;39.85;33.56;28.8;33.81;46.05;35.79;45.48;45.06;60.73;54.9;50.66;48.93;62.73;60.17;55.81;43.34;57.11;46.78;59.14;47.35;46.08;47.99;48.43;51.3;44.82;60.68;67.09;49.21;62.62;71.33;66.32;67.09;56.91;60.96;54.9;62.1;63
O3;uur;µg/m³;2023-08-17T22:00:00+01:00;2023-08-17T23:00:00+01:00;28.6;48.9;52.1;50.1;48.8;25.22;38.51;32.84;37.87;31.52;28.85;34.27;41.43;36.69;43.1;39.12;57.38;51.38;44.3;42.48;57.94;54.12;51.52;43;70.26;49.63;63.75;50.67;59.75;59.87;48.42;65.09;45.46;56.73;68.73;56.55;63.37;66.14;67.22;65.46;57.08;65.19;58.4;60.4;59
O3;uur;µg/m³;2023-08-17T23:00:00+01:00;2023-08-18T00:00:00+01:00;29.9;45.1;42.5;43.6;50.5;18.65;39.23;25.94;33.14;29.84;25.6;37.43;37.78;36.92;43.21;36.3;59.14;48.14;35.78;40.15;63.78;56.78;44.07;47.13;71.48;56.25;66.75;51.94;62.63;65.49;60.45;68.72;51.61;54.31;64.14;52.49;59.5;61.08;65.65;62.24;59.89;62.83;64.1;69.1;70.1
O3;uur;µg/m³;2023-08-18T00:00:00+01:00;2023-08-18T01:00:00+01:00;28.4;50;47.8;44.2;50.7;16.71;40.98;26.16;27.49;37.24;22.05;39.67;34.37;39.57;39.63;37.56;62.91;55.48;35.42;45.88;75.71;60.26;45.01;53.48;69.95;56.04;63.73;53.55;62.2;67.3;63.69;69.21;59.1;50.76;60.94;50.66;53.36;56.45;63.07;56.11;58.77;63.26;61.2;66.5;66.2
O3;uur;µg/m³;2023-08-18T01:00:00+01:00;2023-08-18T02:00:00+01:00;39.2;56.9;54.1;46.1;55.7;20.07;38.92;22.97;25.86;39.85;25.08;40.68;43.89;40.27;33.69;34.4;59.2;60.79;46.28;52.74;65.51;57.58;53.05;48.95;68.82;55.09;62.1;55.66;61.04;63.23;61.4;65.65;61.29;46.89;57.51;47.83;50.05;54.73;59.38;57.42;62.03;52.08;60.7;68.3;65.3
O3;uur;µg/m³;2023-08-18T02:00:00+01:00;2023-08-18T03:00:00+01:00;39.2;57.9;57;46.8;57.4;20.81;37.79;24.68;26.11;42.81;22.76;40.92;50.32;40.87;33.01;18.25;61.87;60.48;51.74;52;66.3;57.51;56.95;50.45;65.31;50.46;53.97;55.23;54.58;58.88;51.69;60.38;55.85;45.68;54.76;45.53;46.95;55.67;60.78;58.17;59.83;50.88;60;68;64.4
O3;uur;µg/m³;2023-08-18T03:00:00+01:00;2023-08-18T04:00:00+01:00;45.6;58.7;57.4;48.6;59.1;18.99;37.81;22.67;26.44;41.1;24.02;38.66;47.3;41.2;42.83;28.24;59.05;59.52;51.47;48.1;63.7;58.68;57.72;47;64.95;51.78;49.98;53.01;49.83;54.05;53.52;55.38;52.59;41.21;50.98;44.01;44.94;53.76;50.56;54.15;45.42;46.66;56.2;67.6;64
O3;uur;µg/m³;2023-08-18T04:00:00+01:00;2023-08-18T05:00:00+01:00;38.5;53.7;49.9;51.9;56.3;14.69;34.18;18.88;22.2;40.92;32.85;37.7;44.65;39.62;47.01;28.62;53.53;56.28;48.74;48.18;65.94;51.32;47.16;35.58;64.7;49.98;45.98;49.22;46.88;51.05;46.19;52.71;47.18;34.35;44.42;41.89;42.29;53.03;49.07;52.08;49.22;44.72;49.4;57.8;56.5
O3;uur;µg/m³;2023-08-18T05:00:00+01:00;2023-08-18T06:00:00+01:00;34.8;46.4;40.5;45.2;51.6;13.2;31.48;14.49;17.27;37.93;33.54;34.45;43.27;36.54;44.92;33.81;55.12;51.8;42.12;42.46;59.82;52.37;37.51;27.74;59.32;38.97;42.08;46.12;42.16;43.62;45.07;47.53;43.53;27.51;41.65;36.18;38.03;47.55;51.07;46.97;46.63;43.88;46;52.4;55.9
O3;uur;µg/m³;2023-08-18T06:00:00+01:00;2023-08-18T07:00:00+01:00;33.6;38.1;38.9;44;48.1;12.54;28.24;14.34;17.48;34.79;32.86;30.98;40.66;31.28;42.11;34.88;50.83;42.5;38.11;39.48;61.19;50;46.08;32.55;58.8;33.71;42.4;40.79;37.28;38.24;42.67;42.6;39.78;29.08;38.98;31.6;35.79;42.74;50.83;38.59;43.5;47.24;46.7;50.6;53.5
O3;uur;µg/m³;2023-08-18T07:00:00+01:00;2023-08-18T08:00:00+01:00;31.4;32.3;34.8;39.4;46.8;11.09;24.94;14.76;19.25;31.37;30.3;27.55;37.3;26.38;39.47;27.68;47.38;36.09;36.06;36.71;57.79;40.47;40.88;25.84;58.01;40.2;39.72;38.12;35.64;36.46;40.03;41.07;37.02;33.64;38.1;26.9;36.44;41.78;51.06;38.53;44.97;47.35;42.7;48.6;53.4
O3;uur;µg/m³;2023-08-18T08:00:00+01:00;2023-08-18T09:00:00+01:00;33.1;35.5;39.7;39.7;48.7;15.22;26.78;15.73;17.67;31.72;32.08;26.04;34.57;26.47;41.99;38.48;46.44;37.44;37.92;35.15;54.97;44.13;42.92;28.41;56.57;40.06;42.22;40.81;34.12;32.02;44.21;41.09;37.08;37.61;45.63;30.52;38.03;42.23;54.94;39.18;45.98;46.69;46.1;46.8;57.2
O3;uur;µg/m³;2023-08-18T09:00:00+01:00;2023-08-18T10:00:00+01:00;35.5;38;44.9;46.8;60.2;23.36;27.77;17.33;19.05;30.47;35.01;23;37.4;24.42;41.38;36.24;64.08;41.27;37.72;33.99;74.48;60.16;50.87;40.44;63.99;49.38;45.68;48.86;38.59;36.11;46.36;46.68;39.09;40.33;51.07;40.63;48.04;46.07;63.64;39.3;46.29;46.97;47.1;54.6;57
O3;uur;µg/m³;2023-08-18T10:00:00+01:00;2023-08-18T11:00:00+01:00;36.8;35.9;42.7;49.4;58.2;29.53;29.88;20.62;23;30.61;35.16;24.3;41.71;26.88;43.27;41.25;65.03;42.14;41.14;41.77;82.16;60.19;46.5;38.8;74.19;54.47;54.1;48.38;51.48;52.41;49.24;62.16;52.39;41.82;60.24;45.46;52.79;48.11;65.45;45.21;52.21;45.69;49.5;52.6;57.6
O3;uur;µg/m³;2023-08-18T11:00:00+01:00;2023-08-18T12:00:00+01:00;38.2;37.9;46.3;49.6;58.6;38.14;33;25.04;36.4;32.52;40.93;30.09;41.56;31.24;50.15;57.06;61.76;45.22;49.29;47.6;77.17;60.52;50.23;37.37;76.7;53.26;67.09;56.71;56.99;59.72;64.91;68;53.48;42.47;66.37;48.48;50.12;51.18;59.13;55.07;58.36;48.69;52.7;58.3;63.6
O3;uur;µg/m³;2023-08-18T12:00:00+01:00;2023-08-18T13:00:00+01:00;43.2;43.9;55.7;57;63.7;58.86;37.23;44.57;54.34;39.4;45.55;35.93;45.51;36.85;63.91;63.99;66.95;57.55;56.73;47.52;72.85;64.36;59.66;43.17;78.03;51.84;77.17;75.83;64.52;62.36;73.43;75.57;57.87;48.79;79.89;51.49;51.92;52.31;59.79;61.84;64.85;60.09;62.1;66.5;71
O3;uur;µg/m³;2023-08-18T13:00:00+01:00;2023-08-18T14:00:00+01:00;50.3;47.8;63;63.8;59.3;69.96;51.13;74.09;87.19;50.67;50.94;45.57;51.57;46.63;74.21;68.89;82.04;60.76;61.74;61.79;90.01;78.17;65.98;52.89;80.84;63.43;84.05;87.61;72.51;72.6;80.92;85.33;67.24;58;87.72;57.04;59.63;59.23;65.14;75.78;65.05;70.38;69.6;76.7;81.7
O3;uur;µg/m³;2023-08-18T14:00:00+01:00;2023-08-18T15:00:00+01:00;58.7;47.9;64.9;62.4;55;88.61;72.35;103.86;103.06;67.55;57.37;55.99;70.31;56.96;84.55;81.26;89.98;64.23;69.66;73.11;103.99;82.8;66.89;55.05;81.61;81.11;88.69;93.82;76.71;78.76;88.01;92.27;79.21;72.04;92.25;64.11;73.13;69.1;71.61;86.46;72.08;75.43;72.7;83.5;92.9
O3;uur;µg/m³;2023-08-18T15:00:00+01:00;2023-08-18T16:00:00+01:00;70.6;52.1;71.3;70.5;40.1;144.96;88.04;112.24;108.61;81.46;66.42;66.14;80.2;72.94;90.63;95.41;93.4;70.32;79.05;88.41;110.57;90.5;81.29;59.15;84.67;83.83;91;92.49;81;84.01;91.2;96.93;89.73;79.8;96.71;76.75;83.29;77.12;78.7;95.07;70.66;80.19;76.7;88.8;92.9
O3;uur;µg/m³;2023-08-18T16:00:00+01:00;2023-08-18T17:00:00+01:00;75;61.8;79.8;73.9;29.5;155.67;95.86;110.5;117.7;86.02;75.31;70.78;89.47;89.94;90.37;101.83;96.27;82.81;87.52;97.71;;92.1;88.18;59.5;84.41;78.3;84.53;91.35;80.88;87.37;78.73;96.81;93.57;85.11;94.27;84.5;90.75;82.98;82.18;98.56;73.9;86.94;73.5;87.7;87.8
O3;uur;µg/m³;2023-08-18T17:00:00+01:00;2023-08-18T18:00:00+01:00;84.7;70.4;89.3;80;52.2;130.86;98.96;111.7;115.76;89.06;77.89;91.23;97.15;96.67;86.06;105.45;100.01;88.45;93.17;95.39;;95.68;87.09;63.85;76.82;73.21;75.5;78.37;72.84;83.03;63.35;95.2;91.18;80.2;92.57;86.13;85.32;78.34;75.71;96.3;74.8;85.35;76.4;82.8;87.1
O3;uur;µg/m³;2023-08-18T18:00:00+01:00;2023-08-18T19:00:00+01:00;81.5;80.1;87.7;80.8;74.8;120.42;92.7;101.75;107.55;83.06;84.64;92.95;95.47;112.42;87.78;107.82;99.02;90.27;88.02;91.13;;95.19;87.15;65.19;69.93;64.5;73.38;64.51;74.27;80.67;59.03;94.28;88.06;69.07;88.24;82.71;79.7;73.11;60.19;80.45;73.26;76.01;76.2;82.8;85.5
O3;uur;µg/m³;2023-08-18T19:00:00+01:00;2023-08-18T20:00:00+01:00;71.7;65;84.6;71.6;73.4;102.65;68.75;72.92;88.21;70.77;68.01;83.86;84.08;106.4;65.15;96.92;91.23;82.26;77.52;82.42;;85.14;84.13;58.41;65.1;49.27;52.25;53.38;67.31;70.27;39.26;86.36;70.59;50.66;83.38;73.46;58.19;68.46;45.72;69.64;68.04;66.1;66.2;71.2;73.4
O3;uur;µg/m³;2023-08-18T20:00:00+01:00;2023-08-18T21:00:00+01:00;62.6;55.7;64.9;57.6;54.4;86.77;47.95;15.44;59.27;64.37;52.78;68.51;80.76;86.12;54.95;76.28;73.3;73.88;66.3;71.86;;69.34;60.05;37.25;64.82;45.41;50.51;36.27;63.75;60.76;39.91;75.13;64.05;49.95;57.85;61.36;48.96;60.84;37.63;68.5;63.44;63.78;59.7;59.5;59.2
O3;uur;µg/m³;2023-08-18T21:00:00+01:00;2023-08-18T22:00:00+01:00;63.6;60;66.4;59.1;50.2;69.29;32.19;12.76;35.7;63.41;49.84;68.52;76.43;76.94;67.97;65.1;59.46;63.1;64.82;69.49;;53.16;68.86;31.31;58.46;37.13;50.79;39.79;53.64;56.29;41.74;58.68;57.21;29.11;44.79;56.39;23.39;50.97;36.88;53.02;63.43;52.34;58.3;51.4;52.9
O3;uur;µg/m³;2023-08-18T22:00:00+01:00;2023-08-18T23:00:00+01:00;54.8;68.8;68.7;56.9;48;51.95;38.89;7.78;42.29;57.89;56.12;62.06;70.57;68.68;70.61;62.03;55.58;65.19;63.06;67.04;60.78;54.22;63.24;28.93;52.48;32.21;46.27;41.65;50.44;57.02;49.58;59.41;59.82;13.88;19.53;64.33;6.41;44.21;34.16;40.57;57.74;45.15;52.9;55.7;58.1
O3;uur;µg/m³;2023-08-18T23:00:00+01:00;2023-08-19T00:00:00+01:00;55.2;66.1;72.4;62.5;46.7;41.02;35.59;1.76;52.11;53.48;56.85;56.1;69.32;57.4;69.03;66.89;59.3;61.78;59.28;63.91;65.3;55.68;59.73;37.25;53.37;44.1;39.67;39.2;52.04;52.08;49.14;58.64;63.58;10.45;14.69;66.83;8;43.59;40.27;17.44;46.4;51.43;52.2;54.1;61.5
O3;uur;µg/m³;2023-08-19T00:00:00+01:00;2023-08-19T01:00:00+01:00;58.3;60.3;54.3;54.5;52.2;38.31;40.83;1.72;47.83;41.75;47.31;50.13;67.35;47.77;71.1;66.48;60.11;56.98;53.9;59.14;62.92;51.29;48.11;40.07;54.13;54.82;44.13;43.52;51.53;46.69;47;61.5;56.01;28.54;26.15;58.83;33.77;35.8;43.74;44.47;40.93;47.08;50.6;52.1;62.6
O3;uur;µg/m³;2023-08-19T01:00:00+01:00;2023-08-19T02:00:00+01:00;52.9;60.4;36.4;56.4;44.9;32.78;40.86;-1.16;45.73;35.49;42.76;40.88;57.33;40.33;68.15;60.09;55.21;58.56;48.39;53.87;61.23;47.81;44.62;35.86;52.02;55.41;43.93;49.11;52.09;54.6;49.26;61.34;51.81;29.84;40.79;52.41;47.11;36.77;36.37;58.5;41.37;40.08;57.4;48.9;62
O3;uur;µg/m³;2023-08-19T02:00:00+01:00;2023-08-19T03:00:00+01:00;47.7;58.5;38.4;36.5;18;36.61;33.16;-1.03;46.57;35.02;40.34;37.59;50.66;33.5;64.6;55.39;52.29;57.73;40.97;49.48;60.42;45.31;38.89;33.58;48.98;57.24;40.29;47.96;46.32;54.19;52.32;57.62;48.01;36.06;47.98;54.98;42.96;34.88;33.48;50.04;35.54;36.84;57;54.1;66.9
O3;uur;µg/m³;2023-08-19T03:00:00+01:00;2023-08-19T04:00:00+01:00;41.5;53.8;35;31.3;17.6;47.45;35.2;0.28;54.97;30.25;42.85;38.65;48.57;36.69;56.42;50.12;50.36;55.19;36.59;42.38;57.33;42.28;41.55;30.36;47.52;52.01;44.2;38.56;41.82;44.48;46.72;46.91;36.15;34.71;45.48;57.03;44.65;30.24;35.5;43.63;33.31;34.38;50.1;50;58.5
O3;uur;µg/m³;2023-08-19T04:00:00+01:00;2023-08-19T05:00:00+01:00;35.6;54.5;38.3;41.9;32.5;49.08;41.65;1.71;61.41;33.46;46.2;37.69;48.97;34.34;47.75;36.03;48.23;52.8;32.22;34.81;50.07;40.8;46.77;25.45;47.09;43.63;41.24;34.88;35;37.1;43.14;39.77;35.69;36.3;40.38;62.8;40.84;26.37;33.11;38.9;34.92;35.65;43.4;44.2;52.5
O3;uur;µg/m³;2023-08-19T05:00:00+01:00;2023-08-19T06:00:00+01:00;37.1;47;45.2;42.6;30.1;47.7;46.08;14.4;54.96;31.33;41.08;34.47;44.47;32.09;24.63;26.69;46.65;46.52;35.42;37.33;49.31;41.43;47.32;25.95;42.85;45.01;35.98;35.26;29.82;33.71;40.08;34.14;30.03;31.83;39.83;64.14;42.49;24.56;28.84;38.28;32.06;37.84;36.4;49.3;49.7
O3;uur;µg/m³;2023-08-19T06:00:00+01:00;2023-08-19T07:00:00+01:00;35.2;39.5;39.9;31.1;21.6;44.68;44.3;67.53;79.03;29.53;36.59;36.98;43.04;35.5;31.62;37.97;43.9;50.58;33.15;37.23;45.59;35.61;38.67;23.84;39.78;42.19;43.28;33.97;24.9;30.71;38.13;29.73;29.62;31.34;40.36;63.79;44.35;23.38;29.71;40.11;35.89;41.19;41.4;50.2;48.6
O3;uur;µg/m³;2023-08-19T07:00:00+01:00;2023-08-19T08:00:00+01:00;34.1;37.8;31.8;31;24.1;41.89;47.58;59.57;85.2;32.39;39.81;41.08;46.39;35.33;37.76;33.73;36.02;44.66;33.03;38.99;45.69;30.52;28.62;19.9;42.09;36.79;48.79;35.38;24.43;35.84;37.96;32.02;31.52;24.92;46.07;65.82;44.36;26.87;34.9;41.18;41.56;48.13;39;44.2;43.1
O3;uur;µg/m³;2023-08-19T08:00:00+01:00;2023-08-19T09:00:00+01:00;33.8;28.8;30.3;30.8;20.1;42.32;53.01;54.94;67.39;52.85;44.37;48.99;49.98;47.58;43.76;55.99;37.9;26.1;33.84;34.44;46.48;29.94;28.69;27.74;42.44;33.2;54.72;35.08;31.38;41.16;34.58;38.45;36.37;35.14;56.31;65.39;48.28;35.3;37.68;45.53;41.31;48.39;43.5;40.9;38.8
O3;uur;µg/m³;2023-08-19T09:00:00+01:00;2023-08-19T10:00:00+01:00;57.7;;57.4;57.7;41.5;59.18;59.31;68.24;77.53;54.68;53.27;53.09;50.88;52.17;57.37;52.44;72.75;53.87;52.9;42.56;51.14;69.03;69.64;63.35;37.15;41.72;57.22;38.8;36.93;44.86;36.7;43.48;41.91;39.42;71.15;63.87;53.71;46.81;42.23;49.92;46.04;51.27;37.6;38.2;33.5
O3;uur;µg/m³;2023-08-19T10:00:00+01:00;2023-08-19T11:00:00+01:00;70;;68.8;65.7;47.5;69.66;49.72;67.83;75.47;63.52;49.84;51.52;74.14;58.33;56.69;57.51;75.93;82.64;67.48;70.48;81.82;78.71;79.11;71.96;56.75;63.55;52.64;73.14;50.3;57.21;62.87;54.5;67.22;51.43;68.72;60.46;65.33;39.2;57.33;57.63;58.27;62.19;62.3;66.2;65.3
O3;uur;µg/m³;2023-08-19T11:00:00+01:00;2023-08-19T12:00:00+01:00;58.1;72.4;64.6;54.9;37.7;62.05;60.07;61.24;72.93;69.52;55.63;66.41;66.26;76.69;66.96;58.4;74.93;74.3;54.48;67.56;85.91;72.47;67.75;65.46;66.89;76.54;66.96;79.67;71.55;83.44;75.74;78.81;77.11;52.76;71.96;71.22;63.45;52.37;62.36;75.36;66.19;66.13;78.4;78.8;82.9
O3;uur;µg/m³;2023-08-19T12:00:00+01:00;2023-08-19T13:00:00+01:00;61.4;52.7;56.4;54;41;54.02;75.51;62.84;73.5;67.72;60.56;62.47;62.07;71.47;69.34;60.06;64.49;60.25;62.12;61.7;63.07;56.57;61.35;52.36;82;58.56;68.92;73.75;73.55;85.15;76.45;84.32;73.79;37.26;78.54;79.8;73.3;64.35;69.32;65.39;85.2;74.74;85.2;86.4;84.2
O3;uur;µg/m³;2023-08-19T13:00:00+01:00;2023-08-19T14:00:00+01:00;64;53.8;56.6;58.2;51.1;50.34;66.2;57.71;65.84;59.01;54.04;55.25;69.03;67.1;73.96;65.78;68.24;62.06;59.88;60.5;67.25;58.74;61.98;53.94;82.17;53.12;88.28;57.36;58.23;62.11;59.33;64.39;65.78;43.87;91.27;76.67;68.22;73.18;74.34;79.12;76.01;84.59;52.1;58.5;57.8
O3;uur;µg/m³;2023-08-19T14:00:00+01:00;2023-08-19T15:00:00+01:00;71.8;55.3;66.8;65.8;54.1;55.19;60.28;52.66;63.32;56.06;57.06;45.38;64.16;51.37;76.08;73.28;78.05;60.76;65.41;61.61;82.24;67.09;72.06;56.18;67.22;61.24;79.39;57.3;52.23;55.98;51.86;57.17;60.56;44.34;77.81;60.36;72.61;84.2;75.13;78.47;72.56;81.82;62.3;67.9;68.4
O3;uur;µg/m³;2023-08-19T15:00:00+01:00;2023-08-19T16:00:00+01:00;72.8;65.7;77.3;70.1;54.9;50.53;55.37;51.2;60.87;67.13;66.94;48.09;67.22;58.82;79.13;79.24;81.43;76.3;74.72;74.35;85.23;75.51;77.53;65.84;75.25;65.24;59.39;68.26;61.97;63.96;62.23;68.03;68.27;35.1;67.23;58.45;72.43;64.52;64.16;71.65;77.3;79.01;71.2;74.8;75.5
O3;uur;µg/m³;2023-08-19T16:00:00+01:00;2023-08-19T17:00:00+01:00;72.1;62.4;77.1;68.6;51.7;57.31;67.45;60.59;65.43;72.25;79.82;57.96;74.65;71.82;77.85;77.62;79.73;73.19;75.66;78.65;84.28;73.93;78.86;66.56;80.12;67.96;73.57;79.81;68.1;72.29;74.57;76.2;80.91;36.49;70.23;62.94;65.84;61.92;71.11;79.23;77.26;75.98;72.4;77;79.4
O3;uur;µg/m³;2023-08-19T17:00:00+01:00;2023-08-19T18:00:00+01:00;70.2;63.6;71.7;64.8;49.7;61.94;69.66;65.46;69.52;74.24;81.51;66.21;78.77;78.24;76.4;75.97;77.08;75.02;74.98;79.36;;72.12;76.38;67.25;78.65;68.56;83.07;76.13;75.97;79.21;76.52;83.55;81.58;56.12;75.45;69.29;70.32;73.1;78.09;75.88;69.4;73.16;75.6;77.1;78.6
O3;uur;µg/m³;2023-08-19T18:00:00+01:00;2023-08-19T19:00:00+01:00;70.7;67.9;71.1;67.2;53.2;59.11;71.31;62.84;69.42;74.2;76.04;67.51;73.34;74.3;77.16;73.33;78.72;71.8;71.89;78.03;;66.71;74.01;64.23;75.81;68.45;80.66;66.85;70.49;75.86;63.89;79.43;75.9;51.67;73.08;73.34;64.02;73.29;72.81;68.21;74.14;73.67;74.6;74.7;79.3
O3;uur;µg/m³;2023-08-19T19:00:00+01:00;2023-08-19T20:00:00+01:00;63.1;63.2;61.6;54.8;37.1;44.82;48.29;46.93;67.11;40.57;65.63;55.77;63.58;65.36;70.34;69.03;71.12;69.63;68.46;69.57;;63.47;67.11;56.48;66.63;62.73;75.85;59.5;59.52;64.02;56.27;71.03;61.53;36.06;61.53;69.72;53.56;66.38;68.07;60.23;63.03;75;70.1;74.2;74.1
O3;uur;µg/m³;2023-08-19T20:00:00+01:00;2023-08-19T21:00:00+01:00;53.6;58.5;61.5;23.1;47.7;15.19;35.76;17.8;46.45;45.03;52.65;46.09;56.35;58.31;69.6;60.73;57.38;62.07;58.83;61.66;;60.01;53.98;39.56;61.12;56.82;50.35;52.49;51.34;46.16;38.27;63.58;39.32;27.35;30.8;55.98;27.06;57.02;67.64;46.67;45.89;66.38;62.4;65.6;61.3
O3;uur;µg/m³;2023-08-19T21:00:00+01:00;2023-08-19T22:00:00+01:00;53.7;50.6;50.2;39.8;40.1;4.37;16.3;7.17;15.02;47.27;44.74;37.39;48.71;41.76;63.1;39.2;49.22;44.68;54.63;56.63;62.47;56.92;50.62;39.84;59.11;52.87;34.38;47.05;46.81;19.53;50.09;51.55;40.64;32.28;10.71;37.19;11.14;43.25;59.63;51.29;41.14;45.93;61.9;47.2;51.1
O3;uur;µg/m³;2023-08-19T22:00:00+01:00;2023-08-19T23:00:00+01:00;56.6;45.2;45.5;17.7;37.8;4.8;9.28;4.1;11.01;40.74;33.51;31.32;37.44;31.47;57.97;47.76;49.65;31.58;56.55;58.8;49.42;52.37;48.7;38.42;54.51;48.28;38.15;40.11;43.07;34.82;35.7;52.09;29.55;27.55;8.5;6.6;6.84;43.93;59.52;52.33;41.25;44.9;57.5;50.8;52.6
O3;uur;µg/m³;2023-08-19T23:00:00+01:00;2023-08-20T00:00:00+01:00;55.1;49.5;45.1;32.4;46.4;5.78;2.81;2.04;9.89;18.65;21.03;50.4;37.15;43.82;52.44;39.8;48.32;28.02;54.03;46.27;35.78;40.63;48.11;42.38;50.69;36.41;46.96;38.72;41.97;25.15;22.29;43.51;33.29;17.54;10.48;4.08;3.18;36.84;54.13;21.66;40.36;41.35;55;42.2;45.1
O3;uur;µg/m³;2023-08-20T00:00:00+01:00;2023-08-20T01:00:00+01:00;48.2;48.4;43.5;31.8;35.2;8.01;3.96;0.34;6.43;5.34;13.48;51.77;37.28;37.06;46.66;35.34;45.97;45.28;50.79;55.65;25.57;37.13;43.18;31.14;47.29;30.21;45.1;34.65;34.2;29.7;26.27;36.69;34.63;14.04;5.33;2.47;8.58;28.07;51.59;33.57;39.93;33.85;50.3;39.8;40.3
O3;uur;µg/m³;2023-08-20T01:00:00+01:00;2023-08-20T02:00:00+01:00;41.3;40.6;25.3;16.1;35.5;11.96;3.66;3.99;11.74;4.64;15.95;42.54;42.46;29.73;42.84;34.08;39.46;27.05;47.64;46.62;25.56;32.65;39.21;25.19;39.66;27.36;36.63;30.96;42.64;37.82;26.42;44.84;33.09;2.99;19.19;10.86;25.43;32.55;48.58;20.74;32.9;30.54;43;40.9;36.9
O3;uur;µg/m³;2023-08-20T02:00:00+01:00;2023-08-20T03:00:00+01:00;39.2;38.9;27.5;13.7;22.6;;;;;;;;;;;;;;;;;;;;;;;;;;;;;;;;;;;;;;39.4;37.3;32.2
O3;uur;µg/m³;2023-08-20T03:00:00+01:00;2023-08-20T04:00:00+01:00;32.4;36;22.2;19.4;18.4;7.95;0.95;4.87;8.95;3.98;25.87;26.06;28.77;23.61;39.58;29.38;28.28;16.75;35.75;37.45;19.39;17.08;27.6;26.27;29.14;23.25;37.02;21.57;41.14;30.14;18.21;41.07;21.88;-1.66;3.73;25.99;14.53;29.22;38.79;1.29;30.24;27.43;33.8;33.4;24.3
O3;uur;µg/m³;2023-08-20T04:00:00+01:00;2023-08-20T05:00:00+01:00;28.9;27.3;18.8;4.9;13.9;8.59;3.36;1.3;8.63;1.2;15.49;19.13;24.72;17.17;38.34;27.36;25.55;26.65;31.08;33.28;18.71;18.34;12.16;19.23;21.13;19.63;29.21;19.44;33.66;27.15;23.69;36.38;21.2;5.7;8.08;23.36;11.14;24.7;32.42;22.48;28.02;29.35;27.9;28.1;23.7
O3;uur;µg/m³;2023-08-20T05:00:00+01:00;2023-08-20T06:00:00+01:00;23.3;26.7;17.4;5.5;13;3.83;1.87;0.36;6.99;-0.97;7.69;11.53;18.97;5.5;32.47;20.69;20.27;20.5;28.04;30.29;19.57;8.76;2.81;10.28;10.93;15.89;29.51;16.01;31.69;30.16;16.36;39.18;21.31;7.11;3.06;16.33;1.01;29.98;29.77;20.16;26.43;31.54;23.6;22.5;13.8
O3;uur;µg/m³;2023-08-20T06:00:00+01:00;2023-08-20T07:00:00+01:00;24.4;21.7;22.7;10.6;19.7;6.43;3.74;0.77;5.27;3.93;4.29;11.87;21.7;6.05;34.57;20.21;16.39;19.61;29.77;27.26;17.91;13.25;5.97;10.82;19.14;18.8;31.37;14.52;30.76;28.54;18.93;37.22;16.5;1.99;9.71;15.62;9.14;30.22;24.86;14.1;28.65;42.13;24.2;22.7;13.6
O3;uur;µg/m³;2023-08-20T07:00:00+01:00;2023-08-20T08:00:00+01:00;32.6;28.5;14.4;17.1;24.3;23.76;18.64;19.79;31.11;20.73;17.04;34.21;31.34;28.6;39.82;35.74;24.04;22.02;36.71;35.7;31.78;23.68;20.05;16.98;30.53;26.39;33.8;23.32;32.97;34.19;26.2;36.24;27.42;13.05;35.87;39.79;28.94;35.2;35.63;35.68;34.36;42.44;26.1;29.4;21.9
O3;uur;µg/m³;2023-08-20T08:00:00+01:00;2023-08-20T09:00:00+01:00;36;26.8;31.9;28.4;34.7;47.41;47.26;51.91;52.44;37.55;40.45;39.79;38.83;41.86;43.46;47.18;33.55;33.07;37.56;40.94;44.27;36.29;36.65;24.71;40.94;38.56;41.96;34.19;34.25;39.96;31.13;39.9;38.12;34.27;43.42;50.03;41.64;41.51;44.07;46.58;44.97;46.43;36.1;45.1;38.5
O3;uur;µg/m³;2023-08-20T09:00:00+01:00;2023-08-20T10:00:00+01:00;42.8;24.8;35.6;39.7;45.2;63.96;57.77;61.63;69.03;50.97;47.01;53.45;48.84;58.05;45.05;54.02;44.7;41.48;47.38;45.71;51.11;38.51;43.63;31.27;51.74;42.29;47.1;42.51;39.52;42.54;39.47;43.75;46.43;50.55;51.95;54.68;47.92;47.04;51.02;55.11;54.4;57.33;44.3;46.6;43.1
O3;uur;µg/m³;2023-08-20T10:00:00+01:00;2023-08-20T11:00:00+01:00;47.8;34.1;41.9;51.8;47.3;75.9;74.11;76.06;84.29;59.45;50.79;60.97;52.9;69.35;50.9;59.06;58.5;48.27;51.85;51.61;55;51.12;58.06;46.36;54.83;47.85;53.7;54.28;47.43;49.07;50.52;51.32;54.64;69.53;59.45;63.73;56.43;53.38;57.95;61.2;62.38;64.72;49;50.2;50.3
O3;uur;µg/m³;2023-08-20T11:00:00+01:00;2023-08-20T12:00:00+01:00;52.3;40.4;50.8;47.5;40;86.86;82.41;90.84;93.28;71.32;59.19;70.22;57.49;77.11;56.09;63.16;53.52;54.97;56.4;62.33;59.35;50.23;59.86;43.26;61.19;52.49;62;56.91;53.76;59.5;51.62;60.02;60.82;76.23;67.94;69.74;66.94;61.69;66.83;69.17;70.13;69.15;58;59.4;58.4
O3;uur;µg/m³;2023-08-20T12:00:00+01:00;2023-08-20T13:00:00+01:00;54.3;46.2;54.9;57.4;43.3;89.64;83.96;99.33;96.48;82.18;74.19;78.44;72.43;84.81;61.54;61.6;51.71;62.07;61.65;71.37;62.96;51.81;65.41;43.78;62.76;53.43;63.81;67.57;68.27;68.78;54.1;72.99;73.4;76.51;77.58;77.03;71.24;72.68;72.64;74.99;74.5;75.36;64.3;62.7;64
O3;uur;µg/m³;2023-08-20T13:00:00+01:00;2023-08-20T14:00:00+01:00;61.5;54.2;73.2;47.6;40.1;94.38;86.21;102.8;104.17;90.43;79.84;81.37;82.33;90.27;56.95;60.59;53.14;71.94;70.42;74.57;;51.37;70.28;43.92;61.05;59.6;69.24;71.12;73.03;73.59;63.99;80.27;81.26;80.53;81.14;83.51;78.46;76.14;77.74;76.64;78.96;80.38;64.5;62.9;63.7
O3;uur;µg/m³;2023-08-20T14:00:00+01:00;2023-08-20T15:00:00+01:00;56.1;54.4;63.7;43.4;38.4;96.01;90.35;87.51;110.53;91.55;83.65;87.85;84.26;96.72;63.86;65.89;53.68;73.53;69.14;77.29;;55.61;61.87;49.63;61.17;56.27;81.18;63.84;75.18;82.76;62.7;81.31;85.46;81.84;89.42;86.18;82.56;74.17;78.77;78.65;79.92;81.51;68.6;67.6;68.6
O3;uur;µg/m³;2023-08-20T15:00:00+01:00;2023-08-20T16:00:00+01:00;56.6;44.5;55.2;27.3;38.7;96.24;94.23;96.83;112.52;92.08;82.75;89.36;86.94;98.51;61.93;68.96;54.92;67.81;62.04;82.21;;57.71;57.22;52.42;60.38;53.55;89.2;63.25;71.78;82.63;63.39;80.6;82.47;81.19;93.09;87.72;87.71;80.5;74.85;78.61;81.39;80.99;68.3;67.8;67.6
O3;uur;µg/m³;2023-08-20T16:00:00+01:00;2023-08-20T17:00:00+01:00;49;38.6;48.7;28;33.6;97.49;93.31;88.29;107.34;86.95;80.81;91.84;84.76;96.24;61.87;60.72;49.38;52.97;62.3;77.33;;57.8;47.78;44.93;58.88;51.34;87.26;65.25;70.8;78.16;61.46;77.5;72.85;86.3;90.01;87.79;86.77;81.6;73.28;79.37;77.81;79.58;65.8;64.4;65.5
O3;uur;µg/m³;2023-08-20T17:00:00+01:00;2023-08-20T18:00:00+01:00;41.2;44.2;53.7;26.3;29.8;91.51;89.89;83.39;106.52;77.23;72.02;87.22;79.43;94.1;60.29;59.18;54.33;58.73;61.6;73.89;;56.95;48.64;51.98;59.49;48.51;79.4;61.33;64.5;70.68;58.42;71.1;63.01;85.99;85.12;87.05;82.22;76.64;70.12;82.25;72.37;78.8;62.7;63.7;62
O3;uur;µg/m³;2023-08-20T18:00:00+01:00;2023-08-20T19:00:00+01:00;32.8;40;52.2;18.5;39.4;85.33;85.42;83.75;98.99;65.65;65.73;81.55;72.99;92.64;59.54;52.28;55;54.9;52.45;53.39;;57.37;44.62;53.29;60.34;53.68;65.84;54.7;60.5;65.78;46.69;65.85;53.77;69.5;76.55;82.37;69.04;70.94;60.56;79.15;65.2;72.82;58.8;61.5;58
O3;uur;µg/m³;2023-08-20T19:00:00+01:00;2023-08-20T20:00:00+01:00;25.1;38.8;52.7;33.4;50;71.25;68.74;53.26;85.87;64.48;50.75;75.83;55.04;83.2;57.35;50.18;48.78;54.2;31.11;56.3;;55.64;37.91;51.97;55.48;50.95;52;49.56;49.07;56.23;34.94;59;45.74;63.68;70.23;79.94;54.8;62.77;54.12;52.55;56.87;56.69;48.9;55.8;54.3
O3;uur;µg/m³;2023-08-20T20:00:00+01:00;2023-08-20T21:00:00+01:00;21.1;26.6;44.6;34.8;36.7;60.65;58.23;28.05;46.27;50.98;49.31;70.66;48.48;79.01;45.6;34.59;28.9;50.51;26.74;47.18;;17.29;23.01;37.11;51.53;38.1;36.85;46.38;35.48;50.32;26.11;49.05;33.08;50.19;57.76;66.26;32.57;59.07;50.59;48.01;51.98;38.38;38.1;49.6;46.1
O3;uur;µg/m³;2023-08-20T21:00:00+01:00;2023-08-20T22:00:00+01:00;21.7;7.1;22.9;16.6;9.2;59.02;59.17;25.89;49.05;46.53;38.32;61.55;44.96;69.76;44.99;29.98;14.66;36.84;10.83;45.13;;21.95;8.01;6.63;48.62;28.72;34.57;32.84;37.77;46.13;19.3;47.33;34.73;49.06;31.71;59.93;21.75;52.47;44.65;36.95;40.86;28.36;22;45.3;35
O3;uur;µg/m³;2023-08-20T22:00:00+01:00;2023-08-20T23:00:00+01:00;3.2;5.5;10.9;12.3;2.5;49.85;56.16;24.41;56.84;30.84;28.74;56.04;41.61;61.91;37.63;19.44;5.59;26.07;13.84;33.34;21.57;1.84;13.82;0.84;32.41;18.28;14.54;20.99;31.35;33.58;5.24;37.17;28.38;46.28;16.21;45.3;14.22;32.81;44.62;21.09;30.52;26.11;23.9;31.7;23.3
O3;uur;µg/m³;2023-08-20T23:00:00+01:00;2023-08-21T00:00:00+01:00;1.7;5.3;6.9;17.4;1.4;51.46;50.89;19.89;46.51;23.86;21.25;51.23;39.94;55.88;30.46;12.01;3.77;21.12;14.83;21.49;12.75;-1;8.21;0.7;27.87;14.49;17.77;15.73;30.23;17.15;6.48;27.85;20.02;32.05;15.33;50.56;12.62;19.35;35.05;19.43;21.96;18.57;12.5;22.5;13.9
O3;uur;µg/m³;2023-08-21T00:00:00+01:00;2023-08-21T01:00:00+01:00;-0.3;9.6;3.8;12.3;0;45.61;42.45;19.9;48.38;23.46;17.3;45.34;41.59;47.18;37.2;7.55;6.79;25.85;14.25;21.81;9.78;7.77;2.43;4.34;32.26;12.13;8.37;11.77;26.12;9.61;7.94;20.37;10.97;24.43;12.89;52.75;10.53;22.67;40.25;10.78;24.8;10.96;7.9;12.7;4.4
O3;uur;µg/m³;2023-08-21T01:00:00+01:00;2023-08-21T02:00:00+01:00;1.1;4.7;2.7;4.9;0.5;41.84;35.85;16.58;47.23;22.85;13.79;42.4;32.98;42.33;41.95;10.01;15.08;21.37;10.78;14.3;7.23;-0.95;0.57;9.92;34.27;7.02;9.54;7.91;14.33;13.07;0.6;11.38;3.38;15.23;9.09;49.78;10.73;21.44;31.22;1;28.14;9.52;0.8;8.8;1
O3;uur;µg/m³;2023-08-21T02:00:00+01:00;2023-08-21T03:00:00+01:00;5.7;7.6;2.7;0.4;12.8;43.77;20.24;20.68;43.94;19.48;8.33;45.4;32.28;40.35;47.8;11.41;4.62;33.63;5.95;10.4;6.15;-1.18;0.09;1.97;26.27;13.71;9.92;8.26;22.71;11.67;-0.17;15.21;6.01;8.93;4.78;49.63;6.12;9.98;31.53;8.5;19.71;6.76;11.3;25.4;10.8
O3;uur;µg/m³;2023-08-21T03:00:00+01:00;2023-08-21T04:00:00+01:00;19.6;6.1;5.9;6.4;20.5;39.79;17.67;20.37;38.97;18.51;5.3;43.9;26.55;31.04;28.45;13.89;1.59;9.22;9.01;9.58;4.62;-1.58;0.2;-1.8;19.78;16.37;5.05;10.99;11.05;6.74;0.7;11.43;2.23;5.97;1.41;55.6;12.36;11.26;31.24;8.7;19.77;5.47;5.4;32.8;13.4
O3;uur;µg/m³;2023-08-21T04:00:00+01:00;2023-08-21T05:00:00+01:00;10.9;2.9;9.5;5.1;9.6;33.12;15.35;11.57;29.45;22.47;4.22;33.51;16.1;22.84;26.89;21.65;1.46;-1.96;9.7;3.68;5.11;-1.88;0.04;-1.68;31.39;9.48;3.5;7.03;2.6;2.43;0.29;4.45;1.26;5.89;-0.02;23.93;2.64;9.01;33.75;5.54;16.44;6.61;-0.1;29.5;17.7
O3;uur;µg/m³;2023-08-21T05:00:00+01:00;2023-08-21T06:00:00+01:00;11.4;4.8;3.3;2.5;5.9;26.15;14.49;10.07;19.62;4.41;1.27;20.02;7.35;20.4;25.12;15.46;1.72;6.8;10.65;-0.35;3.18;-2.33;-0.46;-0.87;12.53;7.62;4.37;0.87;-0.08;0.95;-0.1;1.77;1.64;7.36;0.07;25.22;1.64;5.78;24.13;6.1;20.14;7.01;-0.5;26.6;12.5
O3;uur;µg/m³;2023-08-21T06:00:00+01:00;2023-08-21T07:00:00+01:00;14.4;4.2;4.8;2.2;9.4;25.13;19.38;4.9;15.64;0.42;0.15;17.26;4.04;19.08;29.18;10.46;5.05;0.26;18.07;1.2;5.23;1.23;-0.19;2.17;16.8;7.25;3;2.56;0.21;0.8;1.28;2.39;2.41;3.22;0.39;28.67;2.47;12.72;18.77;5.94;19.43;11.48;3.1;20.2;9.2
O3;uur;µg/m³;2023-08-21T07:00:00+01:00;2023-08-21T08:00:00+01:00;21.7;6.7;12.3;15.8;25.2;33.82;29.55;33.13;31.51;13.39;9.17;27.2;17.52;24.05;32.53;21.58;12.25;2.72;25.05;10.79;11.05;12.22;24.78;3.72;28.57;11.32;6.65;9.53;2.14;4.46;8.23;5.73;9.22;25.75;12.28;33.4;14.03;15.11;29.51;28.65;34.42;27.21;17.4;22.8;11.8
O3;uur;µg/m³;2023-08-21T08:00:00+01:00;2023-08-21T09:00:00+01:00;26.6;18;32.4;22.3;32.7;44.86;44.45;38.59;41.66;40.95;14.81;40.83;33.36;49.25;40.78;31.84;32.41;13.83;34.02;29;30.99;23.9;32.2;26.59;28.71;19.82;25.37;31.13;28.24;36.55;23.06;38.43;31.86;38.81;51.74;47.11;38.32;37.54;40.53;46.76;56.33;54.83;;25.8;15.3
O3;uur;µg/m³;2023-08-21T09:00:00+01:00;2023-08-21T10:00:00+01:00;37.4;26.9;35.1;32.2;35.1;55.14;65.33;51.35;58.49;54.56;28.98;61.87;38.67;62.31;50.27;41.05;40.58;28.69;43.82;44.61;48.65;43.99;38.54;38.7;39.3;36.69;55.7;40.17;46.16;47.56;35.47;50.83;46.94;50.61;66.53;56.23;66.39;48.48;56.01;58.93;70.08;65.66;;34.7;25
O3;uur;µg/m³;2023-08-21T10:00:00+01:00;2023-08-21T11:00:00+01:00;51.2;25.6;44.8;25.4;48.5;68.25;75.67;64.96;73.89;64.78;39.41;69.68;50.18;74.02;53.19;47.74;54.83;42.52;54.99;56.91;61.04;53.14;57.35;48.05;47.6;52.03;68.59;49.89;57.81;57.72;45.81;63.81;60.07;61.6;68.01;63.8;78.36;62.94;64.26;65.03;78.5;71.11;44.9;43.5;
O3;uur;µg/m³;2023-08-21T11:00:00+01:00;2023-08-21T12:00:00+01:00;59.5;41.9;56.5;35.4;52.7;90.47;83.32;79.26;89.08;69.43;42.56;77.13;58.04;84.95;68.82;54.05;60.99;67.4;61.74;61.82;72.77;67.29;56.7;60.29;65.86;60.33;76.83;53.08;59.58;67.42;54.08;67.66;62.36;72.91;77.44;71.13;79.77;77.85;70.3;73.69;87.37;77.44;56;54.8;57.7
O3;uur;µg/m³;2023-08-21T12:00:00+01:00;2023-08-21T13:00:00+01:00;62.1;44.1;58.6;46.9;39.4;100.53;91.26;95.81;105.84;77.04;61.15;78.63;65.79;88.29;79.62;57.51;67.93;64.89;70.32;68.3;77.41;73.3;65.91;57.84;71.82;66.46;83.51;67.72;59.77;60.24;56.32;66.54;70.76;82.84;81.99;79.05;84.58;81.05;69.19;79.71;88.09;83.44;73.8;70.7;
O3;uur;µg/m³;2023-08-21T13:00:00+01:00;2023-08-21T14:00:00+01:00;67.8;;70.2;61.8;52.2;104.71;92.78;109.67;116.39;83.57;68;84.26;74.85;88.66;87.2;53.38;77.21;72.03;75.62;76.66;85.19;77.55;77.97;70.66;72;66.15;80.25;78.64;65.6;74.13;67.42;74.69;85.99;85.22;85.71;88.8;87.23;84.12;67.17;88.23;83.5;93.62;81.9;76.7;
O3;uur;µg/m³;2023-08-21T14:00:00+01:00;2023-08-21T15:00:00+01:00;68.3;;77.5;69.2;59.6;100.77;97.32;114.71;114.79;87.79;78.44;86.36;82.24;92.25;82.77;55.62;67.02;77.15;76.19;83.13;87.01;74.5;76.2;70.65;75.56;71.85;77.97;82.61;68.84;80.67;75.01;76.38;79.21;87.79;94.39;100.54;91.55;87.59;76.08;91.22;86.03;96.01;81.5;77.5;81.3
O3;uur;µg/m³;2023-08-21T15:00:00+01:00;2023-08-21T16:00:00+01:00;73.2;;81.1;69.9;59.4;99.8;105.29;106.5;117.7;87.26;86.06;91.59;87.52;102.24;89.86;76.53;80.11;78.12;79.55;83.53;90.49;74.58;83.67;69.43;80.65;79.75;90.96;82.94;81.16;87.37;75.94;89.65;79.71;89.1;95.35;98.47;93.84;89.42;79.59;96.3;75.61;89.51;83.3;81;82.2
O3;uur;µg/m³;2023-08-21T16:00:00+01:00;2023-08-21T17:00:00+01:00;72.9;60.2;79.2;49.4;56.1;103.24;103.51;106.02;112.75;88.21;91.63;91.66;90.73;109.24;89.32;79.17;77.07;78.17;81.37;82.4;90.72;77.49;78.34;73.9;81.19;76.43;95.53;83.46;81.65;88.21;76.22;90.41;80.55;96.2;100.17;94.93;98.16;92.55;83.55;98.98;82.5;74.98;83.3;79.2;84.3
O3;uur;µg/m³;2023-08-21T17:00:00+01:00;2023-08-21T18:00:00+01:00;72.4;49.8;65.9;40.1;57.2;108.82;105.72;101.61;108.9;86.76;90.27;88.6;90.73;106.73;89.2;73.86;60.74;70.94;79.65;86.6;86.32;71.58;62.26;60.51;79.86;69.49;91.08;80.1;80.73;86.52;73.16;87.63;76.82;92.73;91.2;97.13;91.03;91.88;83.3;86.41;79.58;79.66;82.9;80.4;83.7
O3;uur;µg/m³;2023-08-21T18:00:00+01:00;2023-08-21T19:00:00+01:00;68.7;41.2;54.5;14;34.8;105.97;101.91;91.36;106.15;85.86;86.11;80.17;88.42;94.18;85.54;77.41;78.52;56.95;69.93;77.87;93.95;62.83;53.49;65.83;77.26;67.39;83.82;75.6;74.2;83.2;61.91;82.42;69.8;82.45;88.54;98.26;80.71;84.59;70.2;77.68;74.4;79.68;69.6;72.2;78
O3;uur;µg/m³;2023-08-21T19:00:00+01:00;2023-08-21T20:00:00+01:00;60.2;38.5;46.8;6.5;20.4;92.66;61.54;69.05;74.61;76.18;63.85;71.65;76.41;80.04;74.91;71.17;50.9;49.7;50.07;72.24;85.17;56.18;36.19;54.04;63.47;64.11;67.85;63.78;63.47;75.14;48.99;75.19;53.91;78.35;70.89;87.77;64.87;68.81;64.77;58.24;50.84;65.62;62.7;69.7;70.2
O3;uur;µg/m³;2023-08-21T20:00:00+01:00;2023-08-21T21:00:00+01:00;46.7;24.6;25.7;20.9;1.7;61.24;49.33;25.96;38.09;68.25;48.09;60.7;65.43;67.44;78.33;50.85;30.6;39.8;45.61;42.19;59.4;17.75;7.51;14.54;58.22;58.6;61.76;55.38;45.37;61.55;35.33;60.79;44.6;61.37;60.38;70.85;42.49;49.79;58.27;49.48;44.44;42.15;61.4;64.8;56.7
O3;uur;µg/m³;2023-08-21T21:00:00+01:00;2023-08-21T22:00:00+01:00;42.1;8.4;13.4;37.1;0.6;34.12;37.99;23.22;37.03;59.24;29.94;51.11;55.53;61.04;56.83;46.57;30.43;19.52;32.96;29.34;35.22;2.11;2.78;10.11;37.44;37.98;39.36;38.86;35.75;42.52;17.93;46.28;33.72;50.38;30.91;66.51;24.86;35.2;44.28;27.29;31.25;29.92;56.9;55.4;50
O3;uur;µg/m³;2023-08-21T22:00:00+01:00;2023-08-21T23:00:00+01:00;53.3;5.3;10.5;33.3;23.4;26.78;36.56;19.39;34.5;49.99;19;45.83;46.2;52.92;62.8;55.95;19.91;6.7;21.18;21.17;34.31;0.29;1.85;6.74;32.02;30.35;34.23;30.15;37.75;19.05;0.69;37.14;28.78;51.65;19.45;46.96;18.08;29.86;31.16;17.06;26.65;23.52;39.4;54.3;47.2
O3;uur;µg/m³;2023-08-21T23:00:00+01:00;2023-08-22T00:00:00+01:00;61.7;10.5;20.3;48.3;46.8;21.93;24.09;15.66;35.05;32.82;12.81;42.02;40.01;46;66.66;39.72;5.1;19.7;24.43;7.97;15.44;0.18;3.27;0.09;33.19;29.69;18.24;16.9;27.38;6.22;8.73;19.07;22.63;38.04;10.07;57.04;8.49;14.18;28.23;21.91;29.25;24.48;29.4;54.8;38.2
O3;uur;µg/m³;2023-08-22T00:00:00+01:00;2023-08-22T01:00:00+01:00;59.9;23.6;34.3;43.6;52.3;27.49;23.01;15.24;32.55;10.31;6.11;41.04;36.31;40.97;58.72;22.71;1.42;33.31;14.76;12.63;20.72;-1.03;7.75;-1.32;30.75;43.28;13.64;17.71;12.76;11.51;5.76;14.45;9.79;24.55;10.56;52.32;5.23;19.24;32.1;1.71;23.1;18.42;20.1;37.7;29
O3;uur;µg/m³;2023-08-22T01:00:00+01:00;2023-08-22T02:00:00+01:00;54.9;19.1;32.5;40.6;40.7;16.86;20.82;13.65;25.23;7.43;4.88;41.32;24.02;25.09;44.57;16.01;9.41;47.8;8.4;14.75;23.41;-1.56;46.21;7.39;44.39;38.7;21.46;16.69;17.67;11.07;8.64;12.35;8.37;14.3;9.18;56.38;4.59;15.95;33.91;12.71;21.93;19.07;37.9;41.1;24.3
O3;uur;µg/m³;2023-08-22T02:00:00+01:00;2023-08-22T03:00:00+01:00;45.8;31.9;53.2;28.7;44.3;11.74;13.79;9.5;16.68;4.77;7.62;33.67;21.08;19.7;15.64;18.34;26;54.51;19.38;19.4;12.05;0.42;28.48;24.15;45.26;31.93;16.09;15.74;17.17;-1.67;14.59;19.1;15.08;11.27;6.75;40.74;0.33;25.16;37.15;6.83;21.73;16.55;45.7;47.2;25.8
O3;uur;µg/m³;2023-08-22T03:00:00+01:00;2023-08-22T04:00:00+01:00;31.8;29.6;40.6;35;33.4;8.75;3.99;7.13;12.02;2.1;9.34;12.4;35.49;14.12;15.39;26.5;24.75;17.79;25;19.94;10.1;4.02;22.53;19.87;28.6;30.26;19.19;17.24;10.01;6.58;14.69;9.99;12.48;6.49;8.31;25.88;0;23.64;38.42;16.89;29.26;12.81;56;48.1;30.5
O3;uur;µg/m³;2023-08-22T04:00:00+01:00;2023-08-22T05:00:00+01:00;31.2;25.3;33.7;23.1;16.3;7.18;1.29;6;8.25;0.45;7.71;9.61;19.34;9.54;21.17;19.6;16.43;26.71;10.21;20;7.15;4;14.22;15.21;24.54;26.98;14.53;18.22;25.03;16.5;13.83;27.53;5.42;4.93;0.71;36.55;-0.94;40.49;38.47;21.74;26.34;11.11;51.6;46.4;37.1
O3;uur;µg/m³;2023-08-22T05:00:00+01:00;2023-08-22T06:00:00+01:00;14.4;14.9;16.5;5.7;8.5;1.64;1.48;3.65;7.78;-0.92;0.45;9.18;23.79;5.02;25.53;15.94;5.16;8.14;9.17;12.36;8.28;4.72;5.24;6;19.25;16.51;14.35;17.04;23.86;7.41;8.37;28.12;6.99;0.68;0.2;17.05;-0.75;43.05;32.85;12.32;23.49;8.1;;25.3;22.1
O3;uur;µg/m³;2023-08-22T06:00:00+01:00;2023-08-22T07:00:00+01:00;11.6;10.9;11.1;8.1;10.8;2.5;2.93;2.09;6.6;2.65;-0.68;11.38;23.32;9.1;25.05;16.68;7.37;2.91;18.47;12.99;10.67;10.33;11.14;2;19.48;14.1;21.82;17.1;11.48;;10.94;23.9;12.69;-0.57;1.49;18.96;1.18;27.37;27.13;17.27;24.66;41.44;30.9;20.7;20
O3;uur;µg/m³;2023-08-22T07:00:00+01:00;2023-08-22T08:00:00+01:00;23.9;15.9;13;11.1;30;17.67;26.81;26.67;28.75;30.79;13.49;35.66;17.73;28.19;27.18;26.99;13.07;14.25;27.25;21.9;21;15.97;15.06;7.15;23.61;15.13;25.6;17.76;19.96;4.06;17.99;29.13;15.74;15.2;10.55;27.66;20.62;44.18;32.58;34.21;35.82;51.02;28.4;18;18.1
O3;uur;µg/m³;2023-08-22T08:00:00+01:00;2023-08-22T09:00:00+01:00;27;20;;26.5;42;42.41;60.25;42.19;47.33;54.04;35.29;53.41;31.75;56.27;37.53;33.13;46.79;18.38;30.05;25.7;49.19;23.14;28.33;26.82;30.13;32.23;34.74;20.95;24.8;19.97;22.6;31.37;27.96;43.46;38.11;47.4;46.67;45.38;36.14;53.74;39.88;50.6;28.4;26.7;25.7
O3;uur;µg/m³;2023-08-22T09:00:00+01:00;2023-08-22T10:00:00+01:00;37.4;25.2;;36.4;43.5;70.32;64.66;59.19;62.9;52.99;36.34;57.65;35.02;59.32;42.95;35.75;47.42;23.52;35.36;33.28;57.77;36.78;40.5;39.79;49.52;41.51;38.25;31.13;24.63;8.94;26.87;29.11;31.02;51.6;43.36;52.93;48.71;45.32;41.74;69.18;48.55;57.41;42.7;41.7;41.1
O3;uur;µg/m³;2023-08-22T10:00:00+01:00;2023-08-22T11:00:00+01:00;46.3;29.8;;42.4;48.2;87.77;74.44;80.22;81.1;46.5;37.62;61.72;38.98;67.72;44.19;38.96;54.19;37.98;40.34;39.71;62.1;38.42;47.09;40.88;64.85;49.56;45.56;33.83;27.03;25.04;31.97;33.55;37.89;48.01;47.28;56.41;57.08;47.19;46.74;64.4;54.18;64.8;53.4;50.7;53.4
O3;uur;µg/m³;2023-08-22T11:00:00+01:00;2023-08-22T12:00:00+01:00;42.2;31.7;37.8;46.6;48;95.02;90.04;93.37;99.11;54.18;52.17;70.88;48.02;64.6;56.01;43.36;48;34.17;45.23;44.12;62.76;45.33;48.07;41.75;62.83;48.29;48.03;41.9;30.92;31.22;34.35;35.73;43.13;69.4;50.97;66.99;59.12;49.72;57.92;70.12;68.97;75.15;60;56.8;60
O3;uur;µg/m³;2023-08-22T12:00:00+01:00;2023-08-22T13:00:00+01:00;46.2;39.8;46.3;42.9;50.9;99.13;87.34;99.75;108.6;60.75;57.29;69.03;46.96;68.49;60.95;46.53;58.62;44.33;45.95;46.1;74.12;49.63;55.58;45.43;69.57;57.25;49.22;43.87;36.69;32.53;40.87;40;47.97;83.35;53.68;66.97;60.95;50.8;82.54;72.36;69.25;75.89;62.8;59.6;58.5
O3;uur;µg/m³;2023-08-22T13:00:00+01:00;2023-08-22T14:00:00+01:00;47.8;35.4;43.2;52.8;55.6;100.86;83.56;92.08;100.48;57.44;49.56;52.91;40.44;65.89;59.43;57.94;57.18;42.95;51.75;46.45;72.63;49.36;52.68;43.6;71.58;60.4;56.24;50.81;41.11;35.67;46.22;47.59;48.26;80.67;58.78;65.37;61.91;57.28;79.79;71.87;80.21;70.82;68.5;63.5;66.5
O3;uur;µg/m³;2023-08-22T14:00:00+01:00;2023-08-22T15:00:00+01:00;55.1;40.8;50.3;56.8;52.9;95.53;64.56;94.99;98.65;60.48;47.28;56.36;45.16;65.21;66.74;62.31;69.2;57.98;56.38;53.79;77.51;58.35;60.66;58.55;71.41;59.03;62.86;53.27;43.89;44.45;49.74;51.84;54.56;58.54;64.99;66.16;67.85;58.16;80.6;76.71;94.39;78.22;75.2;70.1;73.4
O3;uur;µg/m³;2023-08-22T15:00:00+01:00;2023-08-22T16:00:00+01:00;57.8;49.6;58.6;51;55;95.41;60.28;93.37;107.12;62.76;57.77;58.21;48.16;80.14;70.47;68.04;66.76;58.3;60.18;60.33;83.84;57.7;64.14;53.86;69.1;66.81;69.63;54.8;50.58;52.79;53.02;59.06;61.33;54.74;64.34;64.88;73.05;72.93;79.52;77.11;90.32;87.94;72.2;66.9;71.8
O3;uur;µg/m³;2023-08-22T16:00:00+01:00;2023-08-22T17:00:00+01:00;57.1;48.2;56.1;46.5;56.9;83.93;68.02;83.11;96.1;65.68;67.88;61.92;56.83;90.84;68.28;77.22;66.66;55.75;59.29;62.26;77.23;59.87;61.4;55.66;66.46;66.58;68.56;61.99;54.27;53.97;52.4;61.64;64.19;58.42;66.19;70.57;76.33;77.55;75.43;78.11;87.44;91.35;74.9;71;75.7
O3;uur;µg/m³;2023-08-22T17:00:00+01:00;2023-08-22T18:00:00+01:00;56.6;47.3;53.9;55.1;55.7;81.89;72.11;79.76;92.85;60.68;70.24;67.74;65.38;86;69;81.28;67.49;49.69;59.67;61.21;65.34;52.88;62.44;47.82;68.04;56.98;68.77;56.59;58.94;62.34;55.92;69.09;62.6;54.62;65.46;64.59;74.39;81.65;69.16;71.37;76.26;84.64;74.6;68.1;72.4
O3;uur;µg/m³;2023-08-22T18:00:00+01:00;2023-08-22T19:00:00+01:00;57.4;45.8;56.2;51;45.8;73.63;65.67;67.21;90.15;62.16;65.49;56.89;61.41;69.59;71.55;65.88;60.82;49.94;54.87;60.17;63.15;54.65;58.27;47.5;63.9;50.71;66.5;50.4;53.46;55.98;46.28;59.63;54.25;50.52;64.19;52.06;58.41;74.43;63.37;66.64;71.43;74.4;64.6;61.6;64.6
O3;uur;µg/m³;2023-08-22T19:00:00+01:00;2023-08-22T20:00:00+01:00;59.8;47.8;60.3;50.1;43.9;63.85;40.32;41.05;75.01;48.1;52.63;44.16;61.13;58.21;73.23;58.17;58.69;56.71;50.18;51.27;61.18;40.77;59.2;48.39;60.42;44.61;56.65;41;44.45;41.38;40.72;52.06;45.05;45.27;54.58;51.89;51.51;66.03;59.29;61.57;59.1;60.07;58.3;53.6;57.2
O3;uur;µg/m³;2023-08-22T20:00:00+01:00;2023-08-22T21:00:00+01:00;44.4;48.4;55;43.7;51;31.13;14.75;19.84;49.1;37.05;35.48;34.64;49.33;45;74.34;55.26;53.22;52.15;47;47.44;47.61;23.43;32.61;31.74;49.11;42.33;44.72;40.21;33.47;26.9;27.54;42.87;38.27;37.48;39.8;43.93;35.93;53.16;49.85;39.02;45.5;50.54;50.2;47.2;51
O3;uur;µg/m³;2023-08-22T21:00:00+01:00;2023-08-22T22:00:00+01:00;40.1;25.5;32.8;20.9;33.9;21.13;10.5;14.54;19.62;25.52;22.1;25.7;36.26;29.01;65.57;29.67;25.84;48.89;36.29;27.51;30.35;2.91;11.73;16.93;47.58;36.62;36.28;33.68;25.75;23.4;24.45;29.09;27.28;30.72;19.73;38.2;16.41;44.1;49.34;39.12;38.51;51.46;46.1;45.4;41.4
O3;uur;µg/m³;2023-08-22T22:00:00+01:00;2023-08-22T23:00:00+01:00;28.8;11.2;34.4;37.5;24.9;24.24;2.87;8.86;20.74;4.54;12.51;8.36;29.38;16.92;62.06;24.9;25.76;20.27;22.03;12.7;20.09;-0.46;4.65;12.7;44.96;37.77;26.62;19.52;23.14;20.57;18.59;28.69;24.34;20.97;10.62;24.75;6.97;29.4;36.59;46.02;39.28;38.67;50.2;47.6;42.5
O3;uur;µg/m³;2023-08-22T23:00:00+01:00;2023-08-23T00:00:00+01:00;24.3;8.3;28.1;33.9;33.5;12.4;2.43;8.45;19.64;1.63;5.73;9.95;19.52;18.41;50.83;13.5;20.94;2.58;5.82;7.86;14.78;-0.97;2.41;4.64;45.69;37.41;19.96;19.65;28.36;5.75;17.1;27.3;13.14;10.81;4.59;14.38;5.43;15.21;38.35;32.91;34.11;39.18;55.5;50.3;37.7
O3;uur;µg/m³;2023-08-23T00:00:00+01:00;2023-08-23T01:00:00+01:00;29.4;5.7;16.9;36.7;34.9;11.89;6.1;7.25;14.96;0.23;1.89;9.46;5.06;16.86;39.25;10.43;15.14;1.9;13.02;10.9;11.53;-1.23;6.84;10.25;41.15;31.24;20.75;15.72;21.07;0.4;15.58;17.45;4.61;8.84;1.27;12.93;2.26;22.21;35.66;13.79;29;39.03;58.8;46.3;35.6
O3;uur;µg/m³;2023-08-23T01:00:00+01:00;2023-08-23T02:00:00+01:00;19;23.4;37.3;26.3;29.3;7.45;5.31;5.88;10.95;-0.95;-0.27;9.65;8.86;7.56;32.62;13.46;24.96;18.58;20.24;9.09;8.13;-0.83;3.16;21.57;41.29;23.34;15.76;7.42;12.88;1;9.78;14.28;0.61;2.69;0.1;13.96;0.03;18.68;43.14;10.54;27.39;41.62;46.1;39.8;23
O3;uur;µg/m³;2023-08-23T02:00:00+01:00;2023-08-23T03:00:00+01:00;19.1;7.7;24.9;19.5;32.2;0.36;1.85;3.67;9.86;-1.11;-0.68;8.73;5.09;0.85;30.7;13.54;26.36;13.48;6.19;6.84;8.23;0.46;5.57;23.45;34.46;19.73;17.63;4.82;1.78;-0.23;11.7;2.94;1.46;-0.59;0.17;12.3;-0.53;17.83;42.81;9.82;25.86;39.02;37;29.6;15.3
O3;uur;µg/m³;2023-08-23T03:00:00+01:00;2023-08-23T04:00:00+01:00;23;13.1;25.3;19.1;26.4;0.26;1.08;2.91;8.72;-1.15;-1.11;2.52;8.22;1.73;17.85;22.45;23.63;39.35;11.78;4.97;13.31;10.14;21.43;19.94;38.23;16.34;17.12;13.43;0.14;1.28;2.99;2.72;6.73;-1.03;0.41;6.5;2.14;14.42;44.18;8.27;25.56;34.28;32.2;30.2;17.6
O3;uur;µg/m³;2023-08-23T04:00:00+01:00;2023-08-23T05:00:00+01:00;12.7;15.8;13.5;19.1;13.6;-0.55;1.16;4.84;6.89;-1.15;-1.02;-0.97;18.53;0.1;17.39;24.3;14.76;23.81;11.81;15.56;12.8;2.64;17.21;7.4;33.99;18.94;14.89;14.83;9.89;1.81;14.8;13.58;5.21;-1.87;0.3;5.37;-0.89;11.89;35.4;8.05;24.45;25.63;36.1;33.8;24.4
O3;uur;µg/m³;2023-08-23T05:00:00+01:00;2023-08-23T06:00:00+01:00;3.5;6;4.2;11.9;13.8;-0.63;1.12;2.08;3.45;-1.13;-1.05;-1.97;9.98;0.19;17.47;16.67;2.99;9.76;3.49;10.01;15.55;-1.33;3.3;-0.55;23.75;14.95;11.4;11.64;6.37;-3.78;5.6;10.67;7;-1.91;0.55;3.91;-1.14;12.77;34.6;3.53;23.1;25.19;29.7;22.9;17.7
O3;uur;µg/m³;2023-08-23T06:00:00+01:00;2023-08-23T07:00:00+01:00;1.6;7.9;3.2;10.4;10.7;0.37;1.85;0.54;4.34;-0.68;-0.67;-0.84;5.49;0.72;12.55;19.78;6.03;7.52;5.06;6.55;10.99;5.95;4.13;2.79;12.44;10.28;14.98;9.94;2.61;-2.7;11.68;7.56;13.12;-1.46;2.25;4.79;1.46;17.54;30.01;13.95;22.6;26.26;28.1;21.7;18.8
O3;uur;µg/m³;2023-08-23T07:00:00+01:00;2023-08-23T08:00:00+01:00;13.9;10.9;2.5;9.8;12.9;8.13;10.58;12.64;19.94;8.1;3.99;4.76;14.97;6.29;14.46;20.08;9.96;6.87;19.08;11.38;13.83;13.23;9.29;5.43;21.11;11.04;27.18;14.31;12.07;10.16;15.45;17.57;16.2;11.94;13.72;16.01;17.1;25.88;34.95;21.11;25.28;30.88;21.8;17.5;15.6
O3;uur;µg/m³;2023-08-23T08:00:00+01:00;2023-08-23T09:00:00+01:00;18.9;14.3;6.6;13;16.6;30.55;46.01;32.67;42.35;34.77;23.45;24.39;27.83;31.79;22.24;20.98;17.29;9.37;28.65;18.67;26.73;19.51;16.23;13.57;34.04;20.13;36.26;19.67;23.78;25.25;20.2;30.82;26.26;35.86;40.33;38.41;41.07;38.64;43.49;43.63;36.72;44.09;26;22.1;15.3
O3;uur;µg/m³;2023-08-23T09:00:00+01:00;2023-08-23T10:00:00+01:00;26.8;19.6;9;14.1;24.4;54.35;68.95;57.73;59.63;47.36;33.52;59.1;34.76;57.08;32.93;25.41;30.27;22;35.33;38.83;33.64;25.67;18.94;18.46;44.94;34.71;43.18;23.4;28.95;32.01;25.72;34.67;39.23;53.08;59.79;62.55;56.31;48.12;55.03;51.27;52.2;55.06;42.2;35.1;31.8
O3;uur;µg/m³;2023-08-23T10:00:00+01:00;2023-08-23T11:00:00+01:00;34.3;17;14.2;34.6;31;81.3;83.89;68.48;81.07;70.64;45.93;80.83;54.13;81.57;52.26;43.34;53.23;25.96;45.76;55.28;43.62;34.78;26.88;28.27;59.43;41.85;51.2;35.95;41.11;47.97;36.45;46.84;47.8;59.38;74.45;77.12;68.82;50.15;61.16;65.44;62.95;61.11;44.9;31.9;29.8
O3;uur;µg/m³;2023-08-23T11:00:00+01:00;2023-08-23T12:00:00+01:00;52.9;25.6;38.7;55.5;41.9;100.14;92.91;77.96;89.95;91.16;69.18;90.61;69.73;98.07;71.34;65.13;67.88;40.61;53.21;73.71;64.62;62.52;64.58;57.56;71.46;56.94;68.46;54.24;57.57;62.13;51.98;65.13;77.51;69.87;87.64;84.74;81.45;66.36;69.89;76.66;73.94;73.26;54;52.3;48.8
O3;uur;µg/m³;2023-08-23T12:00:00+01:00;2023-08-23T13:00:00+01:00;64.1;50.2;71.5;47.9;43.7;114.71;100.37;87.45;92.58;119.83;89.51;107.39;89.26;109.98;84.06;83.79;65.35;64.96;68.15;82.5;72.23;72.25;82.63;65.86;73.3;67.03;86.41;73.78;78.27;84.05;65.86;87.66;87.89;83.25;96.59;90.23;89.12;76.34;80.94;92.27;79.26;88.97;72.4;65.5;74.2
O3;uur;µg/m³;2023-08-23T13:00:00+01:00;2023-08-23T14:00:00+01:00;74.2;56.6;75.1;31.5;42.6;134.11;111.43;94.61;99.21;125.52;99.63;120.31;96.5;123.7;80.06;85.23;56.57;84.93;72.63;87.63;69.45;71.79;73.28;59.79;78.9;66.3;96.71;84.89;80.69;92.34;77.28;92.47;86.8;92.37;103.83;96.93;94.65;85.16;78.53;100.11;75.46;90.61;88.5;;83.9
O3;uur;µg/m³;2023-08-23T14:00:00+01:00;2023-08-23T15:00:00+01:00;69.8;51;65.3;35;58.8;125.72;118.28;99.89;105.98;139.64;105.23;122.26;105.04;129.11;83.29;90.16;67.96;79.76;82.97;88.38;74.49;69.15;66.9;64.53;78.7;69.05;91.66;82.7;75.38;86.24;79.91;85.98;91.36;96.94;112.11;106.89;96.16;98.57;83.82;99.64;81.3;87.51;84.7;77.7;80.7
O3;uur;µg/m³;2023-08-23T15:00:00+01:00;2023-08-23T16:00:00+01:00;56.8;50.7;56;43;74.1;115.53;132.12;100.7;107.11;143;109.12;116.31;99.89;122.04;78.63;100.2;84.16;66.97;85.17;95.52;86.95;76.83;58.91;75.12;77.77;72.72;90.86;76.39;81.65;89.78;73.48;89.71;89.29;107.08;114.43;117.12;106.38;98.24;84.04;100.42;77.8;80.47;84.5;78.1;79.8
O3;uur;µg/m³;2023-08-23T16:00:00+01:00;2023-08-23T17:00:00+01:00;46.3;57.4;71.3;69.4;75.8;121.48;138.73;103.53;111.02;132.19;114.06;120.49;103.35;131.18;86.3;104.36;88.3;75.34;80.07;95.17;90.14;81.72;72.6;82.33;76.2;77.92;88.8;78.14;77.72;81.41;73.21;85.78;81.73;96.64;111.66;124.59;114.96;95.77;79.29;107.77;77.77;76.8;81.9;75.1;80.6
O3;uur;µg/m³;2023-08-23T17:00:00+01:00;2023-08-23T18:00:00+01:00;54.9;60.8;74.8;76.4;89.3;120.89;138.69;101.72;113.8;127.3;109.93;132.48;104.01;139.7;83.11;79.76;82.69;82.26;78.88;95.98;92.51;79.76;77.78;80.31;78.49;74.08;88.26;77.41;74.13;81.87;68.84;82.26;77.73;87.26;107.42;124.01;102.04;85.89;78.5;101.96;80.07;74.09;75.6;69.7;80.5
O3;uur;µg/m³;2023-08-23T18:00:00+01:00;2023-08-23T19:00:00+01:00;58.1;63.3;72;72.2;87.6;114.5;108.37;93.49;112.91;110.9;83.4;136.18;94.57;145.07;79.72;71.53;78.29;80.22;62.89;75.63;88.11;74.73;71.65;75.97;77.34;74.83;76.39;71.31;71.1;78.06;55.56;78.97;71.16;84.34;88.67;120.33;89.89;75.38;78.28;75.22;76.15;72.66;69.6;60.3;74.5
O3;uur;µg/m³;2023-08-23T19:00:00+01:00;2023-08-23T20:00:00+01:00;49;60.7;61.9;67.9;82.3;73.31;78.3;58.13;99.47;84.5;66.6;113.13;75.45;134.93;77.69;62.75;78.5;74.49;55.13;71.36;85.6;71.02;57.22;72.09;64.3;80.52;53.76;60.16;62.66;66.38;42.56;70.11;55.62;79.32;77.05;100.31;67.35;62.61;70.87;68.16;72.24;67.97;75.5;;59.8
O3;uur;µg/m³;2023-08-23T20:00:00+01:00;2023-08-23T21:00:00+01:00;46.2;61.3;56.3;59;75.6;54.12;60.37;31.87;44.5;58.34;49.36;83.82;61.11;98.79;57.91;56.92;75.07;64.99;40.01;62.96;66.88;63.08;45.18;64.65;62.46;64.55;40.81;50.28;58.3;59.51;33.39;60.34;48.48;58;69.13;76.11;54.16;58.17;56.64;53.17;67.64;60.8;73.7;76.4;61.6
O3;uur;µg/m³;2023-08-23T21:00:00+01:00;2023-08-23T22:00:00+01:00;48.1;54.7;52;53.2;53.1;45.57;51.54;25.99;38.77;49.63;24.78;61.3;56.79;72.03;45.61;49.94;72.32;64.51;41.49;59.74;59.59;58.36;48.73;48.56;58.16;67.97;39.37;43.06;44.8;58.27;38.82;48.77;37.8;55.02;62.78;68;28.05;51.73;61.33;38.02;46.48;44.27;63.9;70.6;63.2
O3;uur;µg/m³;2023-08-23T22:00:00+01:00;2023-08-23T23:00:00+01:00;33.3;54.6;51.1;52.5;56.3;21.26;45.69;20.64;27.63;26.23;33.78;56.46;53.28;63.46;37.31;32.72;67.2;57.33;42.98;52.5;57.04;52.99;34.03;43.47;63.46;62.8;34.26;40.17;44.24;55.9;43.67;54.9;37.02;46.18;47.36;64.38;14.06;48.63;57.41;45.36;44.21;26.35;62.9;63.6;66.5
O3;uur;µg/m³;2023-08-23T23:00:00+01:00;2023-08-24T00:00:00+01:00;32;42.4;43;45.9;34.2;11.73;35.62;15.12;32.89;23.75;30.64;53.1;46.91;61.91;36.33;30.03;59.44;55.93;38.65;47;49.73;54.78;27.36;41.44;55.31;56.93;33.02;41.77;40.22;49.02;28.66;43.95;38.85;31.7;28.16;58.82;8.31;47.76;52.59;23.97;37.52;22.41;60.6;62.6;58.4
O3;uur;µg/m³;2023-08-24T00:00:00+01:00;2023-08-24T01:00:00+01:00;41.9;47.8;41.2;39.3;46.4;25.5;26.64;12.71;33.75;35.65;32.39;51.72;46.09;66.21;42.91;46.29;54.79;57.97;29.9;46.95;37.42;48.96;29.55;39.93;35.98;51.17;33.29;33.47;37.84;50.47;36.86;42.7;44.5;25.78;11.37;56.7;5.91;47.84;52.2;9.59;37.95;18.78;56.9;65.1;54.3
O3;uur;µg/m³;2023-08-24T01:00:00+01:00;2023-08-24T02:00:00+01:00;46.9;54.6;53.2;32.6;52.5;28.9;29.96;13.02;34.06;33.68;30.78;53.24;44.78;61.57;46.08;46.04;57.51;52.2;33.32;55.33;35.22;46.66;45.23;44.78;49.46;34.4;35.06;36.31;43.66;53.47;43.72;51.31;46.48;23.05;7.91;54.08;5.1;46.44;40.83;15.44;22.64;15.04;66.5;66.7;65.3
O3;uur;µg/m³;2023-08-24T02:00:00+01:00;2023-08-24T03:00:00+01:00;41.6;54.6;53.7;33.7;46.9;;;;;;;;;;;;;;;;;;;;;;;;;;;;;;;;;;;;;;62;62.6;65.8
O3;uur;µg/m³;2023-08-24T03:00:00+01:00;2023-08-24T04:00:00+01:00;36.2;57.6;39.4;37.4;43.9;27.02;13;7.94;34.57;30.46;38.07;48.31;51.11;55.26;44.95;51.92;52.88;55.45;44.68;44.91;50.76;43.27;42.92;38.46;61.44;51.49;34.54;34.31;42.07;44.71;40.67;49.1;44.83;13.25;20.44;47.82;;34.17;43.26;11.74;34.97;17.39;59.2;62.2;60.7
O3;uur;µg/m³;2023-08-24T04:00:00+01:00;2023-08-24T05:00:00+01:00;34.9;46.7;49.4;43.6;40.6;19.27;23.51;19.71;32.21;35.64;28.24;43.96;54.09;49.83;57.63;46.6;49.86;54.74;47.18;47.28;44.93;41.46;42.92;25.02;57.42;41.18;32.22;28.92;32.38;40.61;36.83;40.33;42.31;13.29;35.68;49.37;28.19;29.24;48.88;7.52;24;27.97;50.2;52.3;52.7
O3;uur;µg/m³;2023-08-24T05:00:00+01:00;2023-08-24T06:00:00+01:00;33.9;35.2;29.6;31.5;39.9;21.09;32.76;16.2;45.95;25.26;22.95;37.9;37.83;44.14;52.62;26.2;43.12;47.42;41.37;46.52;40.51;38.29;15.81;13.95;52.96;26.4;27.1;24.73;24.92;29.03;33.36;29.59;34.3;22.49;30.23;42.1;25.12;30.81;48.79;11.12;28.52;25.1;43.1;43.3;44.3
O3;uur;µg/m³;2023-08-24T06:00:00+01:00;2023-08-24T07:00:00+01:00;25.7;31.6;30.8;23.4;38.8;28.51;20.74;11;40.67;22.93;25.16;27.48;33.17;37.23;50.44;26.91;33.58;36.23;40.3;43.45;35.12;32.47;27.75;10.65;50.22;7.13;26.79;23.58;17.8;20.94;30.29;20.95;29.7;18.32;26.81;36.4;24.54;26.28;45.3;28.48;25.38;28.16;42.2;;39.4
O3;uur;µg/m³;2023-08-24T07:00:00+01:00;2023-08-24T08:00:00+01:00;29.4;27;26.7;21;37.2;43.06;27.32;22.83;48.33;31.6;33.52;35.36;35.28;36.06;52.98;39.66;35.44;28.97;40.86;42.65;36.85;33.5;36.85;12.91;52.51;15.27;34.5;27.76;24.78;24.95;34.28;34.7;40.44;27.79;36.27;31.15;30.75;35.36;50.79;38.83;38.21;49.22;47.6;41.3;46.3
O3;uur;µg/m³;2023-08-24T08:00:00+01:00;2023-08-24T09:00:00+01:00;32.4;24.5;27;27.4;33.1;61.96;56.23;48.98;65.89;46.05;33.6;55.38;50.49;56.48;52.46;41.03;41.61;33.25;45.1;47.19;51;42.96;33.72;25.86;56.85;31.18;45.06;36.86;40.75;42.16;41.6;54.1;46.23;42.11;47.94;43.38;42.07;43.6;54.82;49.14;54.21;56.87;52.7;38.7;55.2
O3;uur;µg/m³;2023-08-24T09:00:00+01:00;2023-08-24T10:00:00+01:00;34.9;27.7;14.4;30.8;23.9;71.36;74.35;67.31;79.32;59.64;33.85;67.63;58.26;72.08;55.01;35.7;47.08;33.03;42.5;50.17;57.6;46.16;30.27;27.46;52.48;33.07;62.91;58.78;54.87;53.9;53.66;70.42;48.6;63.01;73.41;61.61;69.77;56.33;57.45;64.25;67.38;63.09;51.2;30.2;61.8
O3;uur;µg/m³;2023-08-24T10:00:00+01:00;2023-08-24T11:00:00+01:00;32.5;28.8;24.1;22.9;34.9;75.42;83.19;69.33;85.67;64.9;31.97;79.07;61.16;78.71;38.11;30.01;41.25;35.67;41.88;56.02;50.02;40.83;24.86;18.78;43.37;21.56;74.86;65.78;64.27;60.97;69.55;78.36;59.76;88.31;97.58;74.05;86.17;65.93;54.78;79.05;74.06;72.88;44;28.9;62.9
O3;uur;µg/m³;2023-08-24T11:00:00+01:00;2023-08-24T12:00:00+01:00;31.7;26.2;26.7;45.1;35.4;81.54;95.73;64.13;76.17;60.55;20.91;82.99;55.97;79.37;28.92;43.56;39.07;23.21;35.39;51.29;47.3;36.83;34.43;27.99;38.65;25.72;82.84;55.02;53.06;50.88;54.42;74.51;47.53;110.08;75.83;75.79;114.48;61.84;40.03;91;66.87;74.95;32;10.9;44.7
O3;uur;µg/m³;2023-08-24T12:00:00+01:00;2023-08-24T13:00:00+01:00;44.7;42.4;40.8;41.6;48.1;67;89.36;48.51;58.84;65.32;37.58;71.83;57.4;67.93;57.21;56.68;47.02;37.08;56.29;55.19;56.84;42.77;45.8;22.17;54.2;25.63;68.07;48.12;51.56;47.35;38.37;69.2;61.33;108.32;68.03;62.16;119.8;71.36;39.88;101.93;60.11;69.38;40.1;38.3;34
O3;uur;µg/m³;2023-08-24T13:00:00+01:00;2023-08-24T14:00:00+01:00;50.7;50.1;48.2;48.6;51;50.18;79.37;36.94;49.95;68.68;61.82;67.96;71.05;66.65;68.05;66.67;56.7;56.48;67.27;75.27;55.39;56.56;58.19;31.38;69.81;36.9;69.87;45.94;67.2;69.32;48.96;85.76;79.64;107.69;87.24;88.92;115.95;75.72;66.4;104.21;57.62;80.72;54.1;60.8;56.7
O3;uur;µg/m³;2023-08-24T14:00:00+01:00;2023-08-24T15:00:00+01:00;73;58.2;77.3;71.8;65.4;46.82;74.41;42.18;47.44;64.64;64.85;61.69;70.05;62.58;81.24;70.71;65.6;70.79;78.62;81.93;59.3;68.11;86.2;35.17;77.97;31.6;65.66;66.43;75.6;83.1;59.88;95.97;93.11;105.25;97.12;96.84;118.51;76.15;76.35;112.91;65.61;79.99;76.5;68.7;73.1
O3;uur;µg/m³;2023-08-24T15:00:00+01:00;2023-08-24T16:00:00+01:00;79.1;56.8;78.2;70.6;67.3;48.17;62.27;53.56;59.13;65.38;62.92;55.35;70.96;59.49;78.83;69.01;88.44;71.31;77.47;76.24;84.21;87.92;85.97;56.41;71.31;52.27;62.7;62.79;73.84;85.41;58.5;100.28;88.25;76.68;101.95;79.29;110.55;81.35;59.16;107.33;74.52;63.61;90.5;71.3;100.6
O3;uur;µg/m³;2023-08-24T16:00:00+01:00;2023-08-24T17:00:00+01:00;79.5;69.4;82.9;67.2;58.7;58.39;57.99;68.19;80.38;68.7;63.77;57.22;70.37;64.26;72.61;67.6;91.83;81.09;78.22;79.04;84.39;86.74;80.81;65.16;65.66;61.67;61.71;81.85;71.17;73.49;59.41;88.96;79.62;63.76;90.4;68.78;105.8;67.1;52.77;84.17;64.79;62.01;75.5;70.5;85.2
O3;uur;µg/m³;2023-08-24T17:00:00+01:00;2023-08-24T18:00:00+01:00;72.9;65.6;71.8;63.7;61.7;70.12;68.11;64.7;83.38;71.59;60.1;69.11;68.07;72.83;71.71;76.12;83.02;73.56;74.54;74.46;71.98;78.15;74.21;59.12;69.98;51.82;59.38;75.58;63.58;66.02;63.28;79.33;77.1;64.77;77.88;65.81;91.85;67.39;46.51;70.87;65.37;58.71;79.4;63.4;82.9
O3;uur;µg/m³;2023-08-24T18:00:00+01:00;2023-08-24T19:00:00+01:00;63.4;61.4;63.2;33;56.2;57.65;68.22;37.25;54.57;66.21;67.91;65.96;64.4;72.21;67.89;72.39;72.62;63.11;64.11;68.31;80.78;60.39;63.47;46.41;68.6;38.95;55.69;62.83;62.68;63.43;48.62;76.03;65.81;60.17;73.41;65.83;78.72;64.14;43.28;72.93;70.41;51.18;65.2;42.7;60
O3;uur;µg/m³;2023-08-24T19:00:00+01:00;2023-08-24T20:00:00+01:00;51.7;50.2;42.2;45.6;48.7;41.38;53.3;25.06;43.38;43.09;42.03;58.8;56.49;63.63;70.57;50.79;65.97;52.68;56.46;62.93;72.33;51.33;43.38;50.84;66.18;48.95;53.04;50.86;60.04;54.65;42.38;70.86;48.61;46.59;64.44;60.72;67;46.72;28.39;82.83;68.41;44.21;57.5;44;64.3
O3;uur;µg/m³;2023-08-24T20:00:00+01:00;2023-08-24T21:00:00+01:00;37.8;41.5;33.2;31.9;35.5;18.54;49.42;5.8;18.65;36.88;14.5;48.68;39.85;43.6;63.05;48.1;57.69;44.85;35.55;47.48;57.39;46.94;38.3;37.08;59.95;47.44;59.76;38.06;50.43;48.36;33.37;60.29;46.34;43.74;55.58;51.48;56.01;38.51;37.52;77.53;49.77;58.19;62.7;53;53.7
O3;uur;µg/m³;2023-08-24T21:00:00+01:00;2023-08-24T22:00:00+01:00;47.3;44.8;40.1;39.9;44.7;5.08;42.47;1.09;4.12;33.47;29.51;43.66;35.64;38.45;54.8;55.39;41.59;43.44;41.1;38.19;59.99;38.78;42.49;27.08;49.51;43.56;49.13;29.14;28.68;33.87;20.93;42.79;38.47;44.72;46.44;49.75;52.65;49.78;36.16;66.81;36.36;64.06;43.6;37.4;28.5
O3;uur;µg/m³;2023-08-24T22:00:00+01:00;2023-08-24T23:00:00+01:00;34.7;40.5;29.8;30.1;36.3;5.75;38.41;-0.06;4.27;34.09;45.13;37.47;43.95;31.43;57.5;44.36;43.25;39.17;43.82;42.85;60.29;41.83;35.6;35.88;56.58;47.52;46.49;28.12;34.36;40.72;28.47;40.48;37.27;41.28;49.28;45.26;45.36;44.87;45.39;55.88;26.75;36.38;44;27.6;28
O3;uur;µg/m³;2023-08-24T23:00:00+01:00;2023-08-25T00:00:00+01:00;35.5;27.6;29.7;38.5;38.4;15.36;36.38;8.83;13.36;35.69;30.42;44.45;42.19;37.58;38.84;40.28;58.38;44.12;40.57;40.16;56.56;42.55;28.11;38.73;53.66;48.6;41.06;27.5;28.76;33.63;28.45;36.84;30.65;38.4;43.82;45.13;45.37;47.01;39.53;46.55;27.97;55.35;40.4;30.8;27.2
O3;uur;µg/m³;2023-08-25T00:00:00+01:00;2023-08-25T01:00:00+01:00;32.5;34.3;35.7;45.8;42.9;17.15;39.24;19.6;36.59;31.26;9.73;38.49;25.79;28.68;48.22;27.05;54.19;41.05;37.3;33.39;63.44;50.11;43.54;55.21;55.71;39.73;36.96;27.39;24.5;25.93;27.69;31.77;18.84;31.92;37.26;42.54;39.34;39.54;45.09;42.91;42.74;49.4;38.9;37.7;29.2
O3;uur;µg/m³;2023-08-25T01:00:00+01:00;2023-08-25T02:00:00+01:00;32.5;42.7;41.4;38.9;20.6;16.93;21.04;32.13;32.44;17.98;2.87;30.87;32.46;23.53;51.19;21.02;51.52;38.96;19.99;23.31;59.45;53.06;45.93;53.63;59.76;46.46;33.58;26.77;21.72;20.92;20.67;31.82;19.47;13.89;34.96;33.75;33.99;36.55;39.67;38.5;44.95;43.65;56.7;53.5;51.1
O3;uur;µg/m³;2023-08-25T02:00:00+01:00;2023-08-25T03:00:00+01:00;28.2;28.5;30.2;20.9;43.4;20.04;10.79;31.97;37.07;15.41;-0.19;21.03;29.36;14.52;41.97;33.35;52.83;18.98;11.92;20.93;54.24;39.26;34.87;45.68;56.07;46.15;33.83;23.16;15.17;11.98;19.04;16.97;15.81;7.33;31.59;28.41;31.25;35.5;64.53;34.88;53.51;49.43;65.9;59.3;50.7
O3;uur;µg/m³;2023-08-25T03:00:00+01:00;2023-08-25T04:00:00+01:00;21.8;26.6;20.6;19.8;47.2;9.73;4.9;23.03;38.74;14.47;-0.65;18.01;29.64;12.83;37.22;21.48;46.92;30.27;14.44;24.19;38.37;27.5;9.7;31.5;49.51;38.96;38.19;19.98;12.71;25.31;13.45;18.06;18.75;7.76;27.41;23.3;28.28;28.87;45.46;33.31;53.91;53.36;59.8;53.3;36.3
O3;uur;µg/m³;2023-08-25T04:00:00+01:00;2023-08-25T05:00:00+01:00;24.1;19.1;14.1;24.3;20.6;5.1;4.36;14.05;41.26;14.67;0.87;19.95;20.77;15.21;25.43;21.46;25.57;38.12;15.35;21.12;27.71;27.57;7.38;13.62;38.59;32.83;32.39;20.3;18.59;20.48;13.05;23.69;14.2;8.04;20.65;22.6;27.39;23.56;39.67;28.71;51.34;58.08;48.9;48.9;38.9
O3;uur;µg/m³;2023-08-25T05:00:00+01:00;2023-08-25T06:00:00+01:00;19.1;9.9;14.8;24.7;31.1;0.28;6.43;15.33;46.23;12.64;-0.17;11.81;14.02;11.4;30.47;35.87;21.23;20.33;6.82;23.91;24.04;21.91;2.27;7.41;37;24.14;26.92;16.64;8.39;8.61;6.49;17.66;11.37;0.05;6.86;19.04;17.9;22.11;39.03;23.41;46.25;46.72;37.5;36.9;32.3
O3;uur;µg/m³;2023-08-25T06:00:00+01:00;2023-08-25T07:00:00+01:00;22.5;11.8;17.2;28.5;29.2;3.76;10.57;11.89;44.28;6.89;-0.32;6.6;13.49;9.51;33.61;39.27;34.31;2.73;8.73;20.54;41.53;18.99;20.46;18.89;31.07;15.73;25.29;11.47;3.43;2.51;8.13;11.15;7.15;0.88;7.4;18.11;25.31;27.46;32.5;32.55;47.37;50.11;13.4;27.5;24.7
O3;uur;µg/m³;2023-08-25T07:00:00+01:00;2023-08-25T08:00:00+01:00;21.6;23.2;21.9;26;44.4;7.24;10.86;16.98;38.74;6.03;1.3;6.35;9.59;9.71;39.96;42.39;48.21;33.21;25.62;21.78;59.33;33.11;16.51;45.24;53.29;25.28;26.16;18.89;2.28;4.37;11.22;7.81;10.64;23.21;9.35;22.99;22.71;30.1;52.05;41.8;85.44;48.05;37.6;30.1;27.9
O3;uur;µg/m³;2023-08-25T08:00:00+01:00;2023-08-25T09:00:00+01:00;13.8;21.4;25.3;39.6;50.7;20.63;5.51;50.71;59.81;35.23;9.18;6.28;9.36;9.41;52.81;35.6;57.92;36.44;40.15;28.15;71.7;50.69;28.76;55.32;64.53;47.45;31.77;37.63;17.6;19.59;26.33;27.44;29.18;30.64;12.01;20.21;24.39;43.35;64.96;52.38;99.29;68.12;43.3;36;38.9
O3;uur;µg/m³;2023-08-25T09:00:00+01:00;2023-08-25T10:00:00+01:00;22.8;30.6;40.7;53.9;60.5;71.68;14.9;61.98;72.28;27.4;24.72;7.49;12.74;8.92;63.56;48.93;68.79;41.17;34.98;37.97;79.45;62.87;42.93;62.86;82.72;57.32;42.73;48.14;31.52;35.63;37.03;43.33;48.68;27.5;17.69;18.26;32.79;50.48;74.75;51.72;104.94;73.26;50.6;34.8;52.9
O3;uur;µg/m³;2023-08-25T10:00:00+01:00;2023-08-25T11:00:00+01:00;31;36.1;48.9;55.1;69.7;63.69;14.86;50.7;57.9;16.5;46.6;7.58;28.7;7.95;70.97;53.9;77.78;48.01;54.09;44.96;91.69;73.99;50.08;71.91;96.23;60.15;54.1;60.79;40.42;31.33;44.03;50.3;54.89;15.35;40.05;15.78;44.91;50.22;76.92;45.13;106.13;85.2;54;57.5;66.5
O3;uur;µg/m³;2023-08-25T11:00:00+01:00;2023-08-25T12:00:00+01:00;37.3;39.8;57.1;63;80;57.81;36.53;48.96;50.26;38.86;66.71;12.31;47.48;16.14;88.86;60.46;89.52;58.36;75.33;65.13;112.6;78.22;61.32;83.4;99.25;76.36;50.83;73.28;30.92;31.02;57.56;40.61;47.87;10.83;31.75;18.73;38.42;47.59;82.58;48.62;109.29;85.69;76.5;64.8;67.6
O3;uur;µg/m³;2023-08-25T12:00:00+01:00;2023-08-25T13:00:00+01:00;55;54.5;76.8;83.4;68.7;54.48;53.26;53.22;61.1;47.96;62.13;19.81;51.09;22.65;88.33;77.38;87.5;73.57;74.02;87.03;106.42;91.32;79.08;89.31;102.83;87.19;53.99;80.32;30.69;25.89;70.58;41.62;59.26;22.58;41.09;20.76;27.89;49.62;89.49;67.29;112.74;67.17;80.4;71.7;75.5
O3;uur;µg/m³;2023-08-25T13:00:00+01:00;2023-08-25T14:00:00+01:00;73.3;70.2;85.6;79.7;68.6;70.88;49.8;55.01;61.68;50.94;59.63;27.77;65.9;26.93;79.44;88.02;82.18;90.14;73.74;86.81;96.24;85.15;83.14;81.72;88.86;81.77;55.25;91.87;35.56;34.76;77.36;47.98;62.95;57.15;52.75;25.91;37.6;51.4;92.91;63.64;105.46;89.49;89.1;90.3;87.7
O3;uur;µg/m³;2023-08-25T14:00:00+01:00;2023-08-25T15:00:00+01:00;74.6;64.3;85.7;78.5;69.9;68.02;51.98;52.83;57.05;55.71;66.29;40.17;76.94;51.71;81.59;71.37;81.62;92.65;73.62;83.13;95.79;81.58;81.84;79.77;83.34;81.89;62.89;95.19;54.48;56.38;74.01;71.95;90.38;62.39;68.29;30.54;42.22;67.2;85.29;51.84;105.74;93.51;86.9;89.3;92.3
O3;uur;µg/m³;2023-08-25T15:00:00+01:00;2023-08-25T16:00:00+01:00;72.8;65.7;81.7;77.4;73;67.88;49.61;61.02;65.96;51.19;69.92;65.25;86.42;68.34;80.75;80.25;84.49;92.53;74.19;84.66;93.63;80.04;76.82;80.05;79.28;80.5;83.67;90.11;79.95;88.44;68.69;93.62;91.49;60.43;76.01;52.31;49.93;70.23;86.41;38.17;99.84;90.37;87.7;86;87.6
O3;uur;µg/m³;2023-08-25T16:00:00+01:00;2023-08-25T17:00:00+01:00;61.5;63.3;77.5;76.6;80.1;68.79;64.33;75.99;77.51;52.08;83.06;61.87;84.37;68.67;82.75;85.45;84.58;84.84;72.68;82.87;91.15;79.17;74.56;79.97;77.89;72.72;91.31;85.18;82.26;90.36;65.87;96.58;87.07;57.52;79.97;68.99;55.06;75.03;80.87;29.88;93.96;88.89;88.6;82.9;77.8
O3;uur;µg/m³;2023-08-25T17:00:00+01:00;2023-08-25T18:00:00+01:00;67.9;64.5;77.3;76;84;67.24;70.65;66.95;75.2;72.77;82.68;53.33;87.51;64.02;81;82.53;81.21;82.92;75.84;75.69;87.53;77.91;75.3;77.43;69.11;70.92;85.75;76.25;78.44;87.65;60.36;89.24;81.27;48.94;88.98;73.03;64.27;72.75;77.16;29.43;91.38;81.13;80.5;74.7;72.8
O3;uur;µg/m³;2023-08-25T18:00:00+01:00;2023-08-25T19:00:00+01:00;67.2;60.5;75.3;73.3;85.2;64.58;64.59;61.06;66.82;68.81;82.32;53.55;85.39;71.22;81.51;78.17;77.67;80.81;64.33;74.28;83.55;72.98;70.23;73.21;72.21;70.96;78.02;73.5;65.81;81.63;51.67;77.16;74.54;38;79.56;63.78;64.8;73.19;72.16;64.68;87.54;81.48;80.3;75.7;75.7
O3;uur;µg/m³;2023-08-25T19:00:00+01:00;2023-08-25T20:00:00+01:00;57.4;54.7;69.7;73.6;81;53.06;68.21;54;58.27;65.13;75.92;49.35;78.52;63.25;79.34;68.34;78.55;74.8;50.66;68.38;81.84;71.21;66.49;74.73;67.3;62.18;72.54;63.12;58.44;66.51;47.71;68.02;66.47;32.92;67.37;64.24;58.12;55.75;69.25;42.17;65.97;75.58;76.1;70.7;72.8
O3;uur;µg/m³;2023-08-25T20:00:00+01:00;2023-08-25T21:00:00+01:00;58.2;48.3;68;69.4;62.9;47.57;56.72;51.16;54.42;54.68;75.52;49.7;72.75;60.48;80.44;66.83;74.67;72.85;38.09;63.31;74.22;66.28;54.41;71.1;61.19;55.75;56.84;60.69;52.8;63.95;36.51;62.93;57.16;20.53;59.78;64.31;53.67;50.5;69.71;21.26;62.7;59.3;72.5;70.9;62.6
O3;uur;µg/m³;2023-08-25T21:00:00+01:00;2023-08-25T22:00:00+01:00;52.7;45.7;58.2;52.8;65.2;41.39;57.19;49.77;54.55;44.04;63.51;54.09;63.52;55.82;81.36;73.9;76.24;71;40.07;51.42;63.4;56.99;43.25;62.33;53.93;45.24;60.4;50.76;48.46;60.48;40.67;58.39;53.68;33.85;46.3;64.88;47.97;49.84;67.4;42.72;66.73;50.82;67;61.7;58.8
O3;uur;µg/m³;2023-08-25T22:00:00+01:00;2023-08-25T23:00:00+01:00;62.4;43.8;57;50.3;59.4;53.73;52.63;48.35;54.32;33.53;63.36;46.12;56.96;44;74.43;69.36;69.5;61.17;48.01;38.64;58.85;39.18;56.77;55.11;48.17;37.46;52.6;32.08;51.51;55.66;34.14;60.75;49.51;38.54;44.77;49.97;47.47;56.55;53.61;30.57;50.93;41.18;54.6;53.1;56.4
O3;uur;µg/m³;2023-08-25T23:00:00+01:00;2023-08-26T00:00:00+01:00;61.6;49.2;62.1;40.5;59.7;62.12;36.66;56.67;56.21;28.13;71;41.8;57.65;40.75;70.02;61.72;67.33;57.77;51.6;55.29;57.16;27.12;64.81;46.08;45.9;41.12;44.09;34.5;46.3;41.5;36.1;59.97;40.23;24.77;43.72;39.5;44.38;53.12;40.54;34.04;49.45;49.33;63.9;52.4;57.5
O3;uur;µg/m³;2023-08-26T00:00:00+01:00;2023-08-26T01:00:00+01:00;64.6;53.1;68.7;56;60.9;57.21;34.23;64.63;70.3;40.39;62.27;43.95;62.93;44.32;61.32;57.91;51.89;63.61;63.41;61.17;60.23;41.58;68.45;37.51;45.31;45.18;40.53;34.75;46.95;47.13;30.11;54.04;27.34;16.44;38.07;36.24;37.47;53.08;55.36;40.4;44.79;48.54;65.6;53.2;53.4
O3;uur;µg/m³;2023-08-26T01:00:00+01:00;2023-08-26T02:00:00+01:00;59.7;54.1;59.4;46;57.4;64.64;43.1;67.21;74.45;49.49;57.56;55.14;59.52;55.73;58.4;56.1;59.92;55.33;61.06;64.81;56.49;53.62;60.24;53.38;52.73;43.95;34.13;29.21;45.92;44.04;27.92;54.26;34.36;16.66;35.11;30.98;34.91;51.36;52.33;35.19;45.04;53.84;61.8;53.4;45.5
O3;uur;µg/m³;2023-08-26T02:00:00+01:00;2023-08-26T03:00:00+01:00;55;48.8;54.9;42.2;51;63.69;52.06;65.15;69.17;43.08;51.22;57.53;48.17;55.02;59.3;54.75;58.3;51.14;56.38;59.67;75.39;48.54;53.86;53.38;52.87;54.35;32.68;43.32;50.66;55.16;38.65;55.88;51.51;15.49;38.46;42.59;32;49.71;47.53;36.95;47.17;56.01;52.2;51.8;45.9
O3;uur;µg/m³;2023-08-26T03:00:00+01:00;2023-08-26T04:00:00+01:00;50.6;46.6;49.2;40.7;52.4;59.38;52.62;60.74;61.92;48.72;42.89;53.43;48.91;51.49;56.72;52.45;60.72;46.5;54.19;57.47;83.01;46.04;53.58;45.5;45.87;69.97;40.69;45.3;50.86;53.5;49.87;55.9;46.03;5.24;49.64;47.77;27.78;45.77;50.09;27.63;45.67;53.95;53.7;50.4;48.2
O3;uur;µg/m³;2023-08-26T04:00:00+01:00;2023-08-26T05:00:00+01:00;53.1;45.2;50.1;34.8;41;54.81;50.75;54.62;65.17;47.32;47.15;49.36;47.36;44.73;54.56;49.06;50.1;41.91;56.29;57.29;65.68;49.55;51.34;41.66;43.65;65.79;43.46;42.85;46.64;48.49;39.96;51.09;41.66;27.16;56.03;48.93;25.34;50.95;55.41;24.85;40.32;51.98;54.5;54.6;54.5
O3;uur;µg/m³;2023-08-26T05:00:00+01:00;2023-08-26T06:00:00+01:00;51.4;45.8;44.6;33.3;41.9;51.44;48.8;54.85;65.81;45.59;39.14;43.66;46.58;36.92;52.42;47.33;46.05;43.4;53.7;54.08;49.36;46.12;49.68;36.83;44.62;44.73;44.76;42.15;43.63;43.1;38.33;47.55;36.61;34.48;49.96;47.69;33.37;44.77;53.21;21.3;28.01;46.25;55.9;53.6;52.4
O3;uur;µg/m³;2023-08-26T06:00:00+01:00;2023-08-26T07:00:00+01:00;50.1;38.8;47.8;36.3;49.1;52.17;47.19;56.62;64.72;41.33;45.5;44.67;42.36;37.57;52.37;47.52;48.51;42.55;49.91;51.02;45.32;48.5;47.75;38.48;55.2;38.47;46.37;41.13;39.57;40.34;36.33;46;38.44;36.9;50.47;45.91;41.86;44.4;50.23;26.22;26.25;43.64;49;45.6;46.4
O3;uur;µg/m³;2023-08-26T07:00:00+01:00;2023-08-26T08:00:00+01:00;48.3;40.2;48.8;36.1;50.2;54.71;50.74;58.11;64.31;43.35;42.79;47.09;42.24;43.88;52.02;47.29;46.81;48.51;47.93;44.95;47.84;45.92;45.8;38.87;56.75;37.26;45.34;43.82;36.59;40.66;35.18;44.7;41.04;42.17;52.78;45.35;43.98;44.86;57.65;33.89;44.36;51.7;47.8;44.5;45.8
O3;uur;µg/m³;2023-08-26T08:00:00+01:00;2023-08-26T09:00:00+01:00;52.1;46.7;52.4;42.9;55.8;58.16;55.4;60.68;68.31;48.38;47.77;47.8;44.79;50.91;50.78;49.78;54.37;50.76;52.31;49.44;64.71;52;53.68;44.88;46.16;43.85;50.74;46.69;39.34;41.6;39.37;46.21;47.08;51.39;53.24;49.09;49.58;48.3;59.96;41.72;56.31;56.67;51.5;47.4;49.1
O3;uur;µg/m³;2023-08-26T09:00:00+01:00;2023-08-26T10:00:00+01:00;50.6;47.4;52.4;45;59.2;62.69;59.93;62.9;70.95;55.49;51.9;55.33;50.74;59.16;54.48;55.77;56.9;53.08;54.31;51.94;67.07;56.08;53.78;47.39;49.38;51.61;54.06;53.06;43.61;49.31;46.42;51.2;52.01;56.5;55.38;54.64;56.83;54.86;56.86;46.81;58.36;54.58;53.7;53.8;55
O3;uur;µg/m³;2023-08-26T10:00:00+01:00;2023-08-26T11:00:00+01:00;50.7;46.3;45.3;43.9;57.5;65.95;63.74;66.55;71.64;56.41;59.09;57.73;56.3;62.16;61.5;61.23;58.41;53.36;55.6;56.04;63.7;56.19;54.66;45.14;54.57;52.05;56.76;57.93;51.26;51.71;51.74;56.84;54.37;62.06;62.45;58.95;64.97;62.2;55.84;57.86;69.6;65.7;59.6;42.4;54.4
O3;uur;µg/m³;2023-08-26T11:00:00+01:00;2023-08-26T12:00:00+01:00;56.7;47.3;54.4;53.6;66;69.55;64.54;69.37;76.42;60.72;62.66;59.32;63.26;63.35;68.62;63.41;62.6;60.28;59.44;60.45;66.38;59.49;60.13;49.82;56.64;50.87;64.54;54.79;49.33;51.1;54.68;56.13;58.14;62.66;63.3;62.17;64.3;63.25;64.35;68.1;67.53;70.53;68.1;59;66.5
O3;uur;µg/m³;2023-08-26T12:00:00+01:00;2023-08-26T13:00:00+01:00;62.7;49.7;58.4;59.6;73.4;72.43;69.29;72.24;76.7;69.38;67.4;65.31;65.13;67.86;70.61;64.06;68.92;64.82;65.67;66.03;72.15;67.15;65.11;57.87;59.66;50.34;67.18;58.9;54;54.86;57.3;62.33;60.02;64.19;64.27;63.13;64.24;70.29;63.77;75.53;67.94;67.24;64.7;;64.2
O3;uur;µg/m³;2023-08-26T13:00:00+01:00;2023-08-26T14:00:00+01:00;64.8;56.4;66.7;62.6;75.2;72.79;71.99;71.75;75.7;70.09;64.58;66.96;64.17;74.33;70.13;61.85;74.86;71.44;64.11;64.13;76.21;72.41;71.61;61.45;62.35;57.09;67.67;60.67;52.11;46.9;48.72;59.3;63.42;60.65;67.43;67.61;65.87;68.28;61.59;71.64;71.89;69.5;63.7;61.9;63.2
O3;uur;µg/m³;2023-08-26T14:00:00+01:00;2023-08-26T15:00:00+01:00;58.4;55.9;57;67.9;75.5;72.65;74.97;72.06;78.38;69.13;60.52;70.45;64.52;75.05;66.21;63.69;80.56;63.65;60.58;57.91;78.78;71.41;69.75;69.56;63.87;60.06;60.18;70.91;52.89;55.71;62.69;63.63;60.96;66.72;70.43;74.76;63.07;67.6;72.32;71.93;73.44;77.17;69.1;68.8;71.4
O3;uur;µg/m³;2023-08-26T15:00:00+01:00;2023-08-26T16:00:00+01:00;53.3;51.6;57.3;57.3;81.8;72.93;75.11;73.48;79.18;65.2;56.41;68.74;61.52;71.12;70.24;67.04;81.9;59.14;59.69;60.66;85.21;64.37;61.32;69.36;71.51;64.08;64.84;56.53;50.72;57.13;54.55;61.83;57.04;68.39;67.4;73.85;57.63;61.08;72.79;74.28;75.23;74.82;79;74.3;77.6
O3;uur;µg/m³;2023-08-26T16:00:00+01:00;2023-08-26T17:00:00+01:00;53.6;49.8;53.2;55.8;79.7;74.3;74.35;71.39;76.86;60.59;54.1;63.36;58.74;68.55;78.78;66.25;81.87;53.67;59.31;62.92;83.59;61.15;62.27;65.87;71.12;65.53;58.08;55.28;55.78;58.38;50.8;59.47;58.26;66.87;60.06;58.45;56.96;60.1;70.89;70.06;74.6;71.06;73.9;65.7;73.1
O3;uur;µg/m³;2023-08-26T17:00:00+01:00;2023-08-26T18:00:00+01:00;58.1;50.8;55.9;59.6;75.3;69.95;67.43;71.43;76.23;57.36;52.21;51.14;58.36;61.45;74.75;67.85;77.58;59.95;63.62;60.91;84.5;65.79;63.49;58.42;72.72;63.8;55.92;51.4;53.58;54.93;41.7;57.86;62.92;57.61;51.54;53.92;52.01;58.36;73.58;63.09;70.87;71.96;71.6;57.7;66.7
O3;uur;µg/m³;2023-08-26T18:00:00+01:00;2023-08-26T19:00:00+01:00;58.6;49.8;63.4;67;70.5;65.12;59.36;61.32;70.72;52.03;58.64;47.66;56.77;57.74;69.87;60.7;73.7;65.68;56.85;59.1;81.46;73.23;67.89;57.64;71.29;60.58;48.66;51.19;42.37;46.13;38.39;54.16;58.53;43.54;48.25;50.83;42.77;56.12;72.36;49.65;71.59;66.29;62.4;50.5;54.6
O3;uur;µg/m³;2023-08-26T19:00:00+01:00;2023-08-26T20:00:00+01:00;55.9;40.4;59.1;48.7;64.5;49.06;40.51;48.37;61.88;43.05;41;37.69;50.15;48.67;73.66;46.11;66.28;59.41;41.02;48.2;77.52;62.37;55.94;59.33;69.06;41.91;34.91;39.87;34.65;34.55;23.55;44.37;35.54;26.51;43.6;48.84;27.04;47.64;62.49;35.41;57.77;58.29;58.3;47.6;41.6
O3;uur;µg/m³;2023-08-26T20:00:00+01:00;2023-08-26T21:00:00+01:00;42.9;38.8;43;37;73.8;33.97;39.4;27.75;58.08;31.45;28.25;34.91;42.61;31.5;71.33;47.23;57.86;41.62;34.07;43.38;58.71;50.4;49.09;48.18;55.38;31;43.22;23.38;23.65;28.4;10.4;38.91;34.32;26.71;29.45;37.94;28.38;36.75;58.21;35.9;45.46;45.02;43.7;40;27.5
O3;uur;µg/m³;2023-08-26T21:00:00+01:00;2023-08-26T22:00:00+01:00;34.5;23.3;38.7;48;58.7;26.25;30.29;21.86;50.67;33.67;20.37;38.16;32.24;46.06;64.42;44.17;56.61;22.36;22.55;34.95;42.15;47.35;42.08;35.86;37.24;29.97;43.9;24.32;21.48;18.83;18.25;31.59;22.47;27.03;20.69;41.21;20.8;39.64;54.31;34.03;41.42;44.8;37.7;40;28.3
O3;uur;µg/m³;2023-08-26T22:00:00+01:00;2023-08-26T23:00:00+01:00;21.5;19;42.6;47;64.9;30.03;36.95;22.66;43.55;27.52;18.88;39.06;27.25;37.77;55.79;43.43;39.85;36.15;18.65;28.72;33.53;39.23;43.7;36.2;38.7;29.28;28.62;14.14;11.02;10.91;14.96;18.68;14.26;22.3;18.25;39.82;20.43;28.61;43.06;26.05;37.69;35.21;35.4;34.9;31.1
O3;uur;µg/m³;2023-08-26T23:00:00+01:00;2023-08-27T00:00:00+01:00;38.6;27.1;41;49.5;46.9;20.96;41.37;23.55;43.05;24.8;9.28;34.99;24.92;31.06;50;39.64;38.15;43.97;25.23;28.44;29.14;29.46;45.08;27.45;34.06;29.87;28.72;13.72;9.62;8.92;11.1;16.33;16.39;24.85;17.35;35.4;23.39;19.89;35.16;24.68;33.93;31.53;34.6;31.6;27.2
O3;uur;µg/m³;2023-08-27T00:00:00+01:00;2023-08-27T01:00:00+01:00;40.6;24.5;45.7;43.5;48.3;23.24;36.57;21.83;28.91;29.9;3.73;38.81;29.72;39.49;45.7;40.97;32.01;35.32;22.41;25.88;28.51;27.93;45.24;27.87;43.86;22.9;29.25;13.73;8.12;11.38;17.05;14.79;16.65;22.86;16.11;37.19;21.21;20.77;33.53;24.24;31.37;23.89;26.7;26.7;20.3
O3;uur;µg/m³;2023-08-27T01:00:00+01:00;2023-08-27T02:00:00+01:00;32.1;29;32.2;36.3;52.6;22.27;37.92;24.21;46.68;37.88;5.74;50.11;28.19;49.34;48.86;39.17;38.95;32.88;23.65;26.21;30.04;38.28;35.82;37.64;45.08;28.27;28.32;21.12;13.28;12.65;20.37;18.6;18.63;24.89;14.45;43.58;24.5;21.87;32.32;22.68;28.41;23.81;31;30;29
O3;uur;µg/m³;2023-08-27T02:00:00+01:00;2023-08-27T03:00:00+01:00;32.3;21.4;31.6;39.9;47.1;17.08;35.79;22.71;31.11;35.93;11.77;45.97;31.57;38.61;54.33;43.49;42.01;29.54;34.32;27.45;29.57;30.9;36.93;36.5;40.14;24.71;25.14;16.53;13.76;17.54;15.13;18.89;21.26;20.18;22.32;42.35;16.6;20.51;27.09;20.01;25.35;24.41;34.5;26.7;28.2
O3;uur;µg/m³;2023-08-27T03:00:00+01:00;2023-08-27T04:00:00+01:00;36.9;28.9;39.2;45.2;58.7;16.29;38.5;16.41;27.36;38.94;19.74;46.12;32.21;40.87;47.52;39.9;55.07;30.37;44.7;22.41;41.7;39.29;41.11;47.85;39.3;20.58;27.36;15.16;20.93;24.44;16.05;27.96;19.24;21.6;24.38;44.36;21.16;20.97;21.52;16.43;25.33;24.17;28.6;25.4;22.1
O3;uur;µg/m³;2023-08-27T04:00:00+01:00;2023-08-27T05:00:00+01:00;62.6;53.6;64.5;56.4;57.9;15.93;41.58;25.21;33.82;35.61;30.04;56.06;41.46;49.85;41.77;38.44;73.39;60.75;41.05;23.85;81.33;70.37;71.14;65.36;27.96;65.08;28.37;28.85;20.2;19.83;14.08;24.35;17.66;13.83;33.69;45.94;16.92;20.65;24.38;14.62;26.53;23.07;36.3;40.2;40.8
O3;uur;µg/m³;2023-08-27T05:00:00+01:00;2023-08-27T06:00:00+01:00;58.3;41.2;59.7;36.6;63.7;19.42;46.16;20.63;36.62;32.33;32.79;49.69;35.11;42.87;39.93;32.82;63.49;61.64;40.98;27.01;66.63;58.94;46.2;51.59;30.63;62.49;34.21;56.81;19.17;19.55;44.84;24.07;14.52;6.22;38.43;50.44;16.58;22.43;34.71;15.19;24.74;21.41;71.2;65.5;67.7
O3;uur;µg/m³;2023-08-27T06:00:00+01:00;2023-08-27T07:00:00+01:00;47.7;45.8;51.8;47.5;65.2;22.2;38.64;23.08;33.84;33.62;29.92;44.08;32.22;36.08;39.05;32.54;55.45;53.74;39.01;28.25;63.34;48.24;38.89;49.09;53.97;54.1;35.93;38.4;17.25;19.19;29.15;21.95;16.56;22.82;40.29;44.22;32.42;27.64;49.95;20.57;23.92;23.89;71.4;67.8;59.1
O3;uur;µg/m³;2023-08-27T07:00:00+01:00;2023-08-27T08:00:00+01:00;35.3;34.9;37.5;39.2;50.6;26.39;43.68;26.99;36.79;35.45;31.38;41.81;34.96;37.26;36.92;37.4;45.18;38.96;40.66;30.91;65.26;42.67;38.77;42.77;64.74;58.03;39.61;29.3;25.36;30.89;20.53;32.74;26.63;41.08;42.34;46.25;38.33;36.53;59.1;36.5;31.11;33.93;66.7;61.9;56.1
O3;uur;µg/m³;2023-08-27T08:00:00+01:00;2023-08-27T09:00:00+01:00;62;49.1;53;45.5;68.5;34.05;47.43;41.84;46.63;39.9;39.43;43.16;36.91;42.17;42.71;44.21;60.16;53.07;46.86;41.48;57.88;56;57.64;51.68;65.43;54.42;43.06;40.3;33.59;34.93;32.06;38.28;38.21;49.87;48.02;47.69;47.28;44.3;75.06;44.3;39.09;46.19;52.5;54.2;52.4
O3;uur;µg/m³;2023-08-27T09:00:00+01:00;2023-08-27T10:00:00+01:00;63.8;55.5;59.6;45.9;62.1;49.88;52.06;52.35;58;53.06;49.88;51.66;52.13;52.26;54.32;53.27;54.41;63.4;59.7;56.56;69.28;55.15;55.52;47.66;68.39;54.97;46.99;58.3;40.07;42.12;43.46;46.6;42.05;48.6;53.49;51.65;54.69;50.5;74.75;56.42;60.13;53.13;57.4;57.7;56.5
O3;uur;µg/m³;2023-08-27T10:00:00+01:00;2023-08-27T11:00:00+01:00;59;48.4;51.9;46.2;65.9;62.04;64.14;62.11;66.93;59.58;60.42;59.67;59.06;61;71.5;55.6;52.23;62.79;61.26;57.7;66.52;53.39;49.86;46.12;67.79;59.41;55.61;61.14;44.15;49.68;58.71;52.43;56.87;50.67;63.48;59.37;61.24;57.57;67.19;63.65;70.28;64.01;63.7;70.8;65.7
O3;uur;µg/m³;2023-08-27T11:00:00+01:00;2023-08-27T12:00:00+01:00;56.2;45.6;48.9;46.8;75.6;67.19;68.25;68.82;73.83;66.01;56.63;60.88;67.65;62.27;74.02;52.92;69.6;48.39;64.27;63.23;77.49;53.78;55.97;55.18;69.51;59.46;55.04;54.03;56.52;53.95;53.15;62.63;49.19;61.69;59.82;64.58;70.26;59.91;68.74;67.41;74.17;74.62;64.1;67.5;68.4
O3;uur;µg/m³;2023-08-27T12:00:00+01:00;2023-08-27T13:00:00+01:00;60.8;45.8;52;61.1;77.8;71.17;64.11;72.73;76.89;61.56;55.57;59.49;55.99;65.27;74.61;66.52;77.19;60.6;64.31;58.36;80.28;70.98;67.33;68.52;67.47;64.81;67.91;60.95;49.7;53.71;57.77;56.88;57.11;64.16;54.48;69.11;71.7;67.81;71.23;72.26;75.63;74.43;71.7;69.2;71
O3;uur;µg/m³;2023-08-27T13:00:00+01:00;2023-08-27T14:00:00+01:00;60.3;60.9;69.5;57.3;80.5;68.37;67.56;72.42;77.11;62.75;57.57;56.58;61.63;63.85;82.95;78.98;77.19;71.6;69.22;70.35;88.78;67.49;61.76;66.36;70.82;72.05;67.07;63.68;53.52;59.01;64.21;62.01;64.07;60.63;60.38;62.13;61.08;67.08;71.52;;76.1;77.48;70.7;74.7;77.9
O3;uur;µg/m³;2023-08-27T14:00:00+01:00;2023-08-27T15:00:00+01:00;67.5;58.4;72.8;69.5;83.7;67.08;64.04;76.08;79.5;62.22;71.39;59.7;69.68;64.27;89.04;81.56;85.26;66.79;72.85;79.99;93.06;77.76;80.33;78.9;79.72;76.16;72.59;72.29;63.9;60.85;68.5;69.77;72.29;48.95;70.99;61.43;65.27;69.3;75.77;;78.74;79.79;77.5;78.8;81.6
O3;uur;µg/m³;2023-08-27T15:00:00+01:00;2023-08-27T16:00:00+01:00;68.8;68;79.8;72.4;84.5;61.38;67.24;69.66;78.06;74.61;79.51;63.86;76.81;72.44;89.77;81.43;86.66;78.36;73.89;76.76;91.28;83.73;84.63;82.06;84.26;75.76;79.98;72.85;68.52;70.12;66.14;75.31;75.96;58.53;73.73;76.3;71.1;77.46;79.53;;77.09;79.64;86.6;81.6;84
O3;uur;µg/m³;2023-08-27T16:00:00+01:00;2023-08-27T17:00:00+01:00;76.8;66.8;81.6;64.4;84.9;63.21;72.87;66.14;73.77;76.05;80.53;68.27;83.32;76.13;88.99;85.12;86.79;83.17;75.72;81;89.79;82.93;85;80.88;82.31;69.72;80.71;77.66;67.83;68.88;75;74.74;77.87;56.08;75.75;79.3;71.32;79.47;82.14;;78.82;79.5;82.7;80.4;81.8
O3;uur;µg/m³;2023-08-27T17:00:00+01:00;2023-08-27T18:00:00+01:00;75.8;61.9;76.1;69;85.1;66.04;72.99;66.22;72.73;77.71;77.56;65.93;81.8;71.62;89.08;84.61;86.77;76.85;76.37;79.77;88.45;83.02;82.9;80.21;78.56;68.16;77.38;78.12;72.08;78.34;69.24;79.84;78.13;53.02;77.79;80.39;66.51;78.02;82.77;;76.36;83.07;79.7;76.7;77.3
O3;uur;µg/m³;2023-08-27T18:00:00+01:00;2023-08-27T19:00:00+01:00;76.9;61.6;77.3;68.4;80.5;66.08;63.11;70.44;75.14;74.23;77.09;65.36;79.24;71.71;90.66;82.72;82.96;75.59;71.95;76.62;87.51;79.59;79.64;72.51;70.96;63.69;69.06;73.16;69.58;75.23;58.69;78.33;71.04;51.86;71.81;71.43;71.75;70.96;74.74;;73.8;80.68;78.1;74;78
O3;uur;µg/m³;2023-08-27T19:00:00+01:00;2023-08-27T20:00:00+01:00;75.3;64;73.6;60.2;69.5;52.01;30.9;44.05;74.49;66.34;59.64;55.46;71.68;57.83;87.57;70.76;81.37;70.76;68.86;73.56;86.99;74.84;75.49;71.82;63.17;63.99;65.03;63.87;52.48;63.24;39.29;65.61;60.76;42.91;65.74;56.44;55.63;68.47;67.93;;71.14;72.16;68.9;63.6;71
O3;uur;µg/m³;2023-08-27T20:00:00+01:00;2023-08-27T21:00:00+01:00;65.3;52.2;55.4;48.4;68.4;45.14;28.89;22.76;63.73;50.07;66.97;51.34;57.46;46.71;76.81;62.04;75.73;61.24;66.6;71.5;85.19;64.52;61;65.45;66.57;61.51;60.88;44.34;43.68;52.12;31.99;63.06;45.53;37.06;58.1;42.74;48.09;66.99;67.89;;67.12;65.8;68.5;;67.2
O3;uur;µg/m³;2023-08-27T21:00:00+01:00;2023-08-27T22:00:00+01:00;54;48.3;51.8;54.8;64.8;31.37;34.84;19.7;23.48;37.13;59.88;50.35;54.71;42.36;71.5;47.15;75.34;47.75;60.44;68.95;85.48;64.87;59.23;61.29;59.08;60.58;55.04;41.91;49.64;53.56;36.54;60.68;50.31;26.09;48.53;45.23;54.27;57.48;63.56;;60.13;63.71;68.5;53;58.9
O3;uur;µg/m³;2023-08-27T22:00:00+01:00;2023-08-27T23:00:00+01:00;57;50.5;52.3;50;68.7;28.43;39.51;21.7;24.59;44.97;50.19;51.07;57.4;41.16;71.06;43.34;74.61;50.27;54.59;57.91;84.34;61.93;55.07;56.92;54.25;57.94;49.44;34.47;49.59;51.09;39.16;58.85;45.43;16.31;47.28;49.41;50.84;55.83;66.98;;62.55;62.07;61.8;45.6;48.9
O3;uur;µg/m³;2023-08-27T23:00:00+01:00;2023-08-28T00:00:00+01:00;49.4;50.8;51.1;41.4;47.7;23.27;36.14;12.11;17.44;40.05;48.01;48.59;44.62;32.2;65.42;40.02;75.84;50.35;52.55;57.6;84.16;60.3;57.88;64.9;60.66;58.36;44.01;28.9;42.65;43.76;30.99;48.22;42.02;15.19;48.59;54.06;42.65;54.1;58.12;;60.96;60.53;54.7;56.7;41.9
O3;uur;µg/m³;2023-08-28T00:00:00+01:00;2023-08-28T01:00:00+01:00;50.4;47.2;50.6;30.2;65.1;23.88;32.17;19.19;25.77;28.1;38.9;39.65;40.49;34.9;63.75;35.6;66.49;39.48;45.56;43.73;78.67;58.83;42.81;62.38;53.62;58.42;37.77;26.58;33.25;42.63;26.54;39.57;38.17;21.36;44.38;50.37;37.62;50.33;61.89;;55.44;60.59;61.3;49.6;41.5
O3;uur;µg/m³;2023-08-28T01:00:00+01:00;2023-08-28T02:00:00+01:00;50.9;39.9;35.6;38.9;63.6;17.79;34.39;18.11;25.24;23.32;45.97;37.22;34.27;32.2;61.17;45.56;66.58;30.57;42.34;43.9;75.9;57.18;34.35;64.27;72.41;61.11;28.69;25.52;31.12;40.76;25.69;36.17;33.56;12.81;43.33;38.74;30.03;46.19;58.01;;49.54;54.78;57;55.9;35.5
O3;uur;µg/m³;2023-08-28T02:00:00+01:00;2023-08-28T03:00:00+01:00;32.5;18.2;32.7;43.1;64.5;;;;;;;;;;;;;;;;;;;;;;;;;;;;;;;;;;;;;;54.3;55.8;33.8
O3;uur;µg/m³;2023-08-28T03:00:00+01:00;2023-08-28T04:00:00+01:00;30.3;14.6;21.1;41.9;60.7;10.38;20.72;16.38;22.76;11.73;25.97;27.04;26.55;21.8;54.66;25.63;57.82;33.5;33.13;20.04;65.6;16.19;5.86;41.11;51.37;;22.32;21.67;24.76;31.47;13.92;28.57;28.06;13.04;16.17;29.1;19.06;43.76;55.25;;53.44;56.91;36.3;41.4;25.6
O3;uur;µg/m³;2023-08-28T04:00:00+01:00;2023-08-28T05:00:00+01:00;16;11;11;49.2;61;6.55;21;18.13;25.98;10.18;15.98;22.54;22.44;20.25;52.2;26.59;55.53;29.75;27.44;10.39;72.86;15.04;2.05;38.21;47.78;;19.05;18.76;19.41;18.4;8.49;25.03;22.08;12.74;7.69;25.11;15.3;34.69;60.64;;45.35;55.31;28.3;39.3;18.8
O3;uur;µg/m³;2023-08-28T05:00:00+01:00;2023-08-28T06:00:00+01:00;17.1;4.3;13.1;33.7;60.1;5.81;17.16;14.3;21.78;7.24;12.74;18.93;18.01;14.85;53.1;19.69;47.97;9.12;28.79;6.62;61.82;1.26;2.18;1.49;50.48;13.91;21.73;13.43;10.37;1.95;7.3;22.03;17.69;9.85;6.84;20.09;19.08;18.36;58.11;;41.34;46.55;;20.2;10.3
O3;uur;µg/m³;2023-08-28T06:00:00+01:00;2023-08-28T07:00:00+01:00;26.7;3.9;2.3;15;51.7;5.3;18.16;19.66;15.91;8.84;8.82;12.89;13.65;14.39;53.97;15.63;54.73;1.1;28.02;5.84;35.9;31.74;8.65;14.37;40.69;6.14;21.42;9.58;4.68;2.26;5.85;12.53;24.08;6.18;3.67;10.02;19.77;16.99;35.26;;36.01;42.13;14.9;12.2;7
O3;uur;µg/m³;2023-08-28T07:00:00+01:00;2023-08-28T08:00:00+01:00;13.6;10.2;31.4;24.4;48.1;23.81;24.72;29.75;39.35;21.94;12.63;21.31;21.35;19.27;54.27;27.35;39.77;15.04;39.37;11.99;37.13;32.18;27.78;12.18;46.83;10.63;22.48;19.27;9.43;9.14;15.5;20.98;18.64;17.42;8.45;10.27;21.85;32.37;55.23;;45.16;45.77;17;18.5;7.6
O3;uur;µg/m³;2023-08-28T08:00:00+01:00;2023-08-28T09:00:00+01:00;22.1;19.8;38.5;34.5;50.8;36.3;35.82;32.58;44.19;26.01;31.16;25.88;23.79;28.49;64.58;45.3;49.21;41.03;27.89;31.41;73;44.81;37.08;20.45;64.13;43.8;40.96;41.79;39.44;28.86;37.62;49.35;29.06;26.45;27.93;19.99;34.01;46.1;72.59;;59.75;56.34;55.5;45.8;51.2
O3;uur;µg/m³;2023-08-28T09:00:00+01:00;2023-08-28T10:00:00+01:00;46.3;50.1;55.2;59;73.2;38.85;48.41;32.03;44.77;32.36;47.76;34;33.43;37.71;70.25;57.67;72.49;59.45;44.58;38.49;87.9;62.44;61.77;46.02;72.47;69.3;66.89;62.73;62.47;54.37;61.59;70.61;62.02;40.61;54.44;40.96;60.46;55.47;74.48;;77.75;68.38;73.4;66.6;69.3
O3;uur;µg/m³;2023-08-28T10:00:00+01:00;2023-08-28T11:00:00+01:00;53.9;55.5;66.3;66.5;82.6;45.07;65.1;41.69;47.87;42.76;52.61;36.58;47.01;46.51;70.31;51.04;81.8;54.51;58.71;71.54;89.08;70.66;48.37;76.6;78.92;71.6;79.42;68.47;72.34;64.99;63.02;78.8;67.9;55.39;68.77;55.53;69.51;70.97;77.75;;75.34;76.86;77.3;;68.1
O3;uur;µg/m³;2023-08-28T11:00:00+01:00;2023-08-28T12:00:00+01:00;60.1;52.8;68.5;71.1;85;53.64;50.77;48.28;54.3;47.59;63.59;47.1;53.38;53.91;71.99;51.74;85.1;71.83;57.05;67.8;91.59;77.83;;80.72;77.07;75.77;83.11;74.97;71.73;74.93;59.73;79.57;72.48;68.07;78.2;62.84;68.38;74.06;79.34;;78.85;76.76;81;;77.9
O3;uur;µg/m³;2023-08-28T12:00:00+01:00;2023-08-28T13:00:00+01:00;61.7;56.8;72.3;71.3;82.9;59.93;48.59;58.27;61.4;53.78;59.12;49.02;54.69;53.62;81.76;55.84;86.53;71.81;62.4;69.54;93.61;81.67;;82.9;73.92;77.97;82.95;82.57;64.61;68.95;68.26;74.23;75.92;72.34;82.83;77.94;74.52;71.26;79.08;;80.87;74.26;;;78.4
O3;uur;µg/m³;2023-08-28T13:00:00+01:00;2023-08-28T14:00:00+01:00;66.6;60.5;78.4;73.7;87.7;63.96;55.71;64.74;70.5;56.84;66.48;49.46;70.79;51.41;88.12;63.76;82.77;76.88;61.65;;94.48;83.56;;85.56;67.27;79.7;84.37;83.42;69.49;69.06;69.93;77.23;81.28;70.86;83.52;80.76;75.23;71.63;73.21;;87;73.72;84.2;75.7;83.3
O3;uur;µg/m³;2023-08-28T14:00:00+01:00;2023-08-28T15:00:00+01:00;72.1;63.2;80;80.4;87.9;55.95;71.53;51.29;67.19;65.12;68.82;47.6;71.71;51.38;87.28;68.27;70.08;84.24;71.29;;85.63;82.39;75.38;83.31;69.92;67.9;85.21;84.78;75.69;78.23;67.56;83.92;78.47;60.22;82.61;82.95;78.54;73.23;75.48;;88.09;81.33;78.1;67.9;79
O3;uur;µg/m³;2023-08-28T15:00:00+01:00;2023-08-28T16:00:00+01:00;72.5;67.4;80.9;79.7;86.9;54.43;75.91;58.16;60.52;66.13;72.3;52.61;76.87;54.55;85.84;71.48;65.04;84.48;72.46;;77.99;79.31;77.63;79.5;71.96;63.37;79.88;78.13;77.18;79.4;66.78;84.29;81.69;59.4;81.93;79.93;75.05;70.8;77.64;;89.11;84.4;71.1;64.6;67.9
O3;uur;µg/m³;2023-08-28T16:00:00+01:00;2023-08-28T17:00:00+01:00;72.3;65.8;78.2;76.8;82.9;54.5;62.21;49.22;57.71;60.9;76.62;61.18;80.79;68.03;85.89;69.05;66.14;81.1;75.54;79.45;76.85;72.54;75.69;73.51;73.25;61.6;74.34;69.04;70.69;73.49;57.17;76.82;78.71;60.99;82.08;82.6;71.62;63.01;75.46;;86.19;84.76;68.6;64.9;66.7
O3;uur;µg/m³;2023-08-28T17:00:00+01:00;2023-08-28T18:00:00+01:00;68.5;58;72.3;74.3;79.3;47.18;63.02;49.35;56.43;58.46;79.98;57.49;78.87;61.72;85.59;79.7;67.33;72.85;71.86;77.04;73.41;64.81;69.17;65.87;63.31;61.61;71.69;59.37;61.91;65.28;55.33;67.39;67.61;53.19;80.01;67.57;61.78;69.09;72.92;;81.12;81.97;68;60.6;64.1
O3;uur;µg/m³;2023-08-28T18:00:00+01:00;2023-08-28T19:00:00+01:00;62.8;52.6;60.6;68.3;72.9;51.92;55.08;40.81;50.1;59.13;71.62;50.55;72.58;50.72;84.17;81.57;68.32;63.5;64.76;64.7;73.41;63.31;61.82;66.3;55.71;63.47;67.41;50.8;58.93;63.6;56.53;63.89;57.91;32.37;70.55;67.3;53.82;66.3;63.17;;64.43;78.64;66.1;58.5;64.1
O3;uur;µg/m³;2023-08-28T19:00:00+01:00;2023-08-28T20:00:00+01:00;54.1;47.5;57.5;62.1;67.6;52.08;33.98;18.25;40.48;47.02;53.6;47.52;62.38;52.73;75.05;75.74;67.41;62.3;49.06;56.64;64.74;61.17;49.89;65.16;48.15;54.5;52.42;49.31;50.78;54.57;45.52;56.53;42.03;21.66;62.81;54.1;51.77;63.34;46.04;;50.04;62.7;65;54.8;59.9
O3;uur;µg/m³;2023-08-28T20:00:00+01:00;2023-08-28T21:00:00+01:00;39.1;38.3;52.3;49.4;62.4;56.86;25.84;9.26;15.92;33;40.44;45.56;49.79;45.19;71.9;73.32;62.9;56.95;43.66;48.95;56.03;51.21;32.77;60.9;46.29;55.69;39.52;44.99;45.56;45.02;34.23;48.66;24.29;30.66;54.55;55.76;32.69;52.82;43.37;;48.07;36.25;57.7;45.6;55.2
O3;uur;µg/m³;2023-08-28T21:00:00+01:00;2023-08-28T22:00:00+01:00;40.5;19.3;38.9;29.4;61.5;46.09;24.65;17.97;7.77;29.02;27.15;39.54;36.63;43.53;70.21;58.39;56.81;51.68;33.88;44.05;39.25;35.41;18.31;46.2;47.86;48.94;50.3;34.12;45.82;44.16;31.55;48.67;30.36;23.29;29.46;46.7;16.5;42.05;47.15;;39.95;28.59;44;48.5;41.7
O3;uur;µg/m³;2023-08-28T22:00:00+01:00;2023-08-28T23:00:00+01:00;37.9;11.5;28.6;21.4;53.6;44.57;16;18.36;3.2;25.13;14.44;33.3;27.89;31.96;57.75;35.65;53.85;40.81;20.9;34.62;34.91;1.36;12.18;38.23;38.67;23.87;27.97;25.96;42.96;45.23;32.74;50.03;24.79;21.22;15.79;43.93;7.27;36.92;43.25;;17.97;16.92;35;48.7;28.7
O3;uur;µg/m³;2023-08-28T23:00:00+01:00;2023-08-29T00:00:00+01:00;37.6;7.9;33.6;12.5;37.5;30.57;8.92;16;6.81;9.17;10.1;25.69;23.35;23.34;50.59;25.72;50.08;35.76;20.51;31.83;26.52;-1.36;9.63;41.3;31.7;12.9;30.54;23.57;37.56;28.59;15.61;37.21;20.94;13.49;8.93;38.08;1.48;28.09;30.53;;25.9;16.16;29.1;23.6;15.9
O3;uur;µg/m³;2023-08-29T00:00:00+01:00;2023-08-29T01:00:00+01:00;38.9;5.5;27.8;11.9;55.5;22.17;10.36;17.86;18.93;16.46;7.91;20.71;20.83;15.29;55.52;18.02;29.15;41.57;16.4;19.19;24.48;-0.98;5.77;38.75;34.2;3.6;34.5;17.85;24.64;19.94;10.89;22.66;8.42;9.64;3.22;37.49;-0.26;16.4;35.9;;21.74;17.96;28.7;7.3;6.8
O3;uur;µg/m³;2023-08-29T01:00:00+01:00;2023-08-29T02:00:00+01:00;31.1;6.8;23.8;12.2;40.7;15.08;13.56;13.24;24.58;17.83;3.19;22.39;20.36;14.75;55.83;23.48;32.75;33.3;17.1;13.78;12.86;-1.05;4.2;27.09;31.51;4.26;16.16;13.35;20.3;14.85;12.43;12.85;4.48;3.93;0.73;38.84;-0.14;23.05;32.12;;24.85;20.5;23.8;7.4;3.2
O3;uur;µg/m³;2023-08-29T02:00:00+01:00;2023-08-29T03:00:00+01:00;16.6;3.7;12.8;19.6;38.8;13.28;13.33;8.91;14.41;14.78;1.73;19.46;15.39;10.88;41.75;12.1;17.7;23;14.72;8.91;9.55;4.94;6.26;19.62;38.46;2.66;11.95;7.78;19.95;9.55;7.1;11.97;1.76;5.16;0.3;28.58;-0.05;27.29;22.13;;24.53;29.33;17.6;7.5;0.9
O3;uur;µg/m³;2023-08-29T03:00:00+01:00;2023-08-29T04:00:00+01:00;4.4;3.9;6.3;24.6;23.6;11.73;8.61;2.63;8.59;12.15;0.05;15.48;7.53;7.52;60.33;20.7;38.75;11.38;15.05;5.53;7.34;6.93;4.71;23.4;38.24;1.93;11.47;1.87;11.61;3.32;2.66;8.48;-0.29;7.59;0.19;19.38;-0.65;15.93;38.39;;21.84;17.99;21.8;5.1;0.4
O3;uur;µg/m³;2023-08-29T04:00:00+01:00;2023-08-29T05:00:00+01:00;0.7;3;3.5;21.5;6.8;11.01;6.81;4.21;7.03;-0.16;-0.29;13.63;2.57;4.21;41.34;16.41;25.33;11.97;5.89;1.64;9.59;2.62;2.06;9.71;51.32;5.13;10.46;5.3;3.59;0.48;1.14;4.55;-0.71;2.98;0.66;14.45;-0.65;19.57;19.01;;22.14;14.13;23.9;4.8;0.3
O3;uur;µg/m³;2023-08-29T05:00:00+01:00;2023-08-29T06:00:00+01:00;-1.2;4.7;0.7;6.5;4.3;8.84;6.88;6.47;9.91;-0.74;-0.74;2.11;0.35;3.22;53.37;19.33;7.33;31.56;3.12;1.84;8.51;-0.61;1.34;0.63;39.22;9.38;6.72;0.15;0.5;0.53;-0.01;2.33;-0.21;2.97;0.23;5.25;-0.73;7.75;32.03;;19.76;15.97;6.8;4.2;0.4
O3;uur;µg/m³;2023-08-29T06:00:00+01:00;2023-08-29T07:00:00+01:00;12.1;5.6;6.7;5.5;9;4.22;4.6;1.39;15.12;-0.29;-0.5;-0.81;0.73;3.45;67.05;14;9.73;16.57;3.64;2.57;6.44;0.25;1.92;1.83;35.93;9.29;10.66;1.59;0.17;1;4.07;3.49;0.77;1.82;1.02;0.62;-0.14;3.31;44.97;;27.48;11.81;3.8;6.8;1.5
O3;uur;µg/m³;2023-08-29T07:00:00+01:00;2023-08-29T08:00:00+01:00;19.8;5.2;7.2;15.3;36.3;11.88;7.79;12.73;21.12;0.44;-0.4;1.67;3.02;9.91;62.44;16.28;8.24;5.66;14.01;5.23;16.91;5.41;2.87;1.45;45.37;20.06;27.54;5.19;2.15;4.13;10.24;14.51;4.3;10.58;2.64;0.54;1.4;17.7;39.78;;37.76;25.29;9.5;13;5.3
O3;uur;µg/m³;2023-08-29T08:00:00+01:00;2023-08-29T09:00:00+01:00;45.5;17.8;14.7;31.6;53.3;17.81;22.97;17.52;27.75;8.44;4.83;16.12;26.09;20.05;63.48;43.64;22.08;21.63;44.36;18.19;40.83;27.51;17.75;12.73;46.83;36.52;31.91;16.69;17.42;18.46;21.55;30.02;20.41;27.61;5.08;12.39;7.27;45.54;42.63;;46.83;46.66;37;19.5;23.3
O3;uur;µg/m³;2023-08-29T09:00:00+01:00;2023-08-29T10:00:00+01:00;65.6;31.2;35.7;51.7;67.5;29.32;40.71;34.69;44.1;34.52;21.28;32.89;44.97;52.09;55.63;60.22;59.25;40.86;59.34;41.78;53.01;55.19;54.7;39.96;59.6;49.9;47.25;40.09;39.43;45.48;39.8;47.46;32.31;51.69;33.68;38.01;34.8;43.76;58.72;;56.7;52.47;44.7;48.5;47.9
O3;uur;µg/m³;2023-08-29T10:00:00+01:00;2023-08-29T11:00:00+01:00;68.8;39.6;48.1;59.9;66.4;43.22;63.51;53.25;52.18;55.45;62.02;54.56;51.76;64.65;65.16;61.25;63.3;64.03;72.27;58.67;54.23;60.99;56.46;40.79;65.06;43.6;56.37;51.55;46.67;53.75;56.66;54.65;33.14;60.23;57.27;53.27;54.95;55.14;64.61;;62.14;61.57;66.1;56.2;54.5
O3;uur;µg/m³;2023-08-29T11:00:00+01:00;2023-08-29T12:00:00+01:00;67.9;55.5;57.9;58.3;70.5;50.42;67.3;62.89;68.79;59.74;71.45;59.1;63.4;67.36;68.38;67.56;67.48;67.57;71.82;66.02;72.27;66.2;63.49;47.21;70.8;52.1;64.29;54.87;46.67;49.86;43.03;57.94;46.21;60.63;64.18;60.52;60.97;57.23;;65.69;71.17;64.57;56.1;51.3;53.8
O3;uur;µg/m³;2023-08-29T12:00:00+01:00;2023-08-29T13:00:00+01:00;60.4;56.7;61.9;57.6;71.1;61.52;68.42;64.28;71.71;68.45;66.62;61.65;68.39;70.24;74.9;75.27;71.92;64.16;66.17;70.4;84.21;64.8;58.21;59.97;69.68;59.96;62.65;58.02;46.71;47.45;48.67;56.82;54.44;62.08;69.36;60.46;65.81;55.01;;65.93;74.91;74.82;60.3;53.3;54.1
O3;uur;µg/m³;2023-08-29T13:00:00+01:00;2023-08-29T14:00:00+01:00;59.5;49;61.3;59;78.9;70.07;72.73;66.78;71.02;72.08;67.05;69.51;61.76;72.21;81.53;77.78;75.5;61.06;60.78;66.1;83.97;64.67;59.66;61.66;67.43;66.86;67.18;54.66;45.97;50.53;45.36;57.87;59.57;66.26;71.98;64.35;66.96;51.52;;66.98;78.25;76.02;54.5;46.7;58.6
O3;uur;µg/m³;2023-08-29T14:00:00+01:00;2023-08-29T15:00:00+01:00;69.5;51.5;66.8;71.5;85.4;72.89;76.42;73.09;79.13;74.66;73.78;69.9;66.66;76.01;84.26;78.24;80.85;69.67;68.04;67.69;85.83;75.56;72.12;73.87;62.17;62.46;67.68;50.85;42.82;45.67;43.06;60.24;59.73;62.6;69.92;67.51;73.68;58.72;;61.57;79.78;79.04;61.7;59.4;62.6
O3;uur;µg/m³;2023-08-29T15:00:00+01:00;2023-08-29T16:00:00+01:00;76.1;63.1;76.7;76.3;85.6;75.13;81.3;77.01;82.19;66.44;78.32;68.89;74.8;77.18;85.48;76.41;84.18;78.14;72.84;72.77;89.44;76.75;79.23;73.92;70.55;69.59;66.49;68.47;30.43;50;48.54;57.84;67.11;62.79;70.69;72.83;71.87;62.71;65.89;65.8;80.92;77.32;59.4;65.5;67.2
O3;uur;µg/m³;2023-08-29T16:00:00+01:00;2023-08-29T17:00:00+01:00;77.8;65.8;79.4;73.5;87.6;76.24;70.41;77.24;79.3;58.43;74.4;57.94;79.96;59.23;83.23;74.33;80.07;81.56;73.43;78.95;92.11;79.74;80.84;69.34;77.65;71.63;54.36;76.37;42.87;44.75;63.63;59.66;67.31;63.02;62.94;71.31;53.56;65.46;64.67;64.8;75.9;77.73;79.6;76.8;81
O3;uur;µg/m³;2023-08-29T17:00:00+01:00;2023-08-29T18:00:00+01:00;77.2;64;79.1;71.8;89.4;76.29;65.89;73.47;81.06;54.88;68.56;47.37;79.23;57.21;83.17;73.94;83.1;78.86;70.14;76.67;88.79;77.37;79.38;71.37;75.12;70.26;48.94;73.2;62.57;65.44;67.5;73.39;66.51;45.84;57.29;62.91;35.82;55.87;67.25;62.13;61.83;68.74;82.3;78.4;81.2
O3;uur;µg/m³;2023-08-29T18:00:00+01:00;2023-08-29T19:00:00+01:00;74.5;62.7;76.9;61.1;75.5;61.14;50.05;62.27;73.66;61.89;66.16;47.85;73.26;57.73;78.86;61.49;81.75;78.43;56.32;74.34;88.68;73.89;74.24;63.21;69.48;66.61;42.79;65.49;62.53;66.98;51.63;77.33;62.55;37.25;53.81;54.35;30.14;48.9;57.83;46.9;65.97;61.32;84.1;68.5;80.8
O3;uur;µg/m³;2023-08-29T19:00:00+01:00;2023-08-29T20:00:00+01:00;65.9;56.9;71;40.8;61.9;44.78;36.55;52.82;62.73;51.49;50.22;39.94;46.41;46.13;76.17;26.52;75.4;70.14;46.37;65.3;77.31;54.48;63.08;48.13;60.61;64.1;40.38;55.92;49.1;46.61;48.87;68.97;52.63;22.04;25.32;40.74;35.2;43.46;48.8;35.04;48.43;43.75;78.2;65.9;71.4
O3;uur;µg/m³;2023-08-29T20:00:00+01:00;2023-08-29T21:00:00+01:00;54.3;47.9;55.2;27.4;67.1;27.07;24.66;30.27;49.66;24.22;28.27;37.9;40.34;40.29;74.93;29.77;68.97;58.48;50.01;45.89;78.94;31.21;65.93;40.69;53.34;62.03;35.25;35.33;37.45;22.99;33.94;50.44;29.46;19.24;10.07;46.27;27.5;35.43;46.45;27.67;34.86;48.72;62;53.4;54.2
O3;uur;µg/m³;2023-08-29T21:00:00+01:00;2023-08-29T22:00:00+01:00;55.9;49.7;55.9;17.7;61.6;26.04;21.47;19.52;32.77;14.06;17.53;32.83;39.28;22.43;69.16;37.45;66.4;49.56;43.58;37.49;75.8;26.47;42.99;28.49;30.53;56.09;36.52;30.54;27.9;29.41;26.12;41.94;27.67;24.43;14.28;55.85;18.02;30.73;53.01;23.43;30.57;49.92;59.8;48.3;39.2
O3;uur;µg/m³;2023-08-29T22:00:00+01:00;2023-08-29T23:00:00+01:00;59.2;43.9;46.9;40.2;48.4;29.2;19.05;14.93;23.6;13.97;9.7;28.14;36.34;10.47;49.97;30.84;31.92;33.42;43.65;38.03;63.5;32.95;40.85;17.29;50.11;44.74;35.96;30.81;41.87;30.59;25.43;51.07;23.54;28.06;15.38;47.52;14.97;27.19;50.19;33.67;35.81;31.41;59.5;38.6;43.7
O3;uur;µg/m³;2023-08-29T23:00:00+01:00;2023-08-30T00:00:00+01:00;52.3;38.6;55.7;45.1;52.6;16.59;14.98;13.01;15.02;16.37;11.11;38.17;36.17;15.87;50.79;32.75;27.54;53.76;41.06;41.31;45.82;44.69;36.85;35.63;44.99;39.73;38.3;29.41;52.34;42.01;24.24;58.66;27.27;22.89;21.89;35.38;13.23;27.56;58;25.45;28.01;26.38;52;42.6;39.9
O3;uur;µg/m³;2023-08-30T00:00:00+01:00;2023-08-30T01:00:00+01:00;47.1;40.9;46.2;35.9;46.4;15.69;18.84;13.98;16.21;8.96;9.33;35.17;30.58;12.99;52.32;32.77;40.53;47.13;43.33;33.96;36.88;35.96;36.4;40.94;49.77;32.12;39.51;32.38;41.65;32.4;25.08;42.41;21.3;18.22;35.49;30.86;11.83;26.52;55.7;22.73;27.18;30.37;47.3;37.1;34.7
O3;uur;µg/m³;2023-08-30T01:00:00+01:00;2023-08-30T02:00:00+01:00;45.9;35.5;44.5;32.4;32.3;18.34;17.3;12.95;15.56;16.96;5.47;32.24;21.87;22.4;42.99;28.38;41.67;37.13;40.66;30.68;48.34;41.44;39.76;29.26;45.58;37.28;32.61;31.02;27.95;30.6;31.63;33.57;26.38;18.08;32.18;32.3;7.68;30.08;52.55;26.62;28.85;28.62;49.2;46.2;42.7
O3;uur;µg/m³;2023-08-30T02:00:00+01:00;2023-08-30T03:00:00+01:00;46.4;34.7;38.7;35.2;36.8;16.7;20.26;21.62;37.92;15.44;2.48;30.12;22.24;17.42;40.13;26.81;35.47;29.16;37.18;29.85;39.32;37.56;39.33;31.72;44.74;32.38;39.61;28.61;33.18;36.22;28.43;37.71;23.64;11.64;31.66;37.33;18.34;30.93;57.58;25.56;35.12;40.73;48.1;41.7;43.7
O3;uur;µg/m³;2023-08-30T03:00:00+01:00;2023-08-30T04:00:00+01:00;35;31;37.2;34.6;41.6;20;16.9;28.91;43.39;17.23;0.02;26.69;23.74;13.13;47.21;33.61;37.03;37.03;27.22;24.12;37.88;36.89;29.12;33.36;39.47;30.22;36.66;24.92;31.86;33.39;22.59;37.38;21.75;16.53;33.58;33.82;29.75;30.43;52.11;30.65;34.28;48.04;40.3;39;37.6
O3;uur;µg/m³;2023-08-30T04:00:00+01:00;2023-08-30T05:00:00+01:00;27.2;28.6;25.8;28.9;26.9;20.38;17.44;26.41;36.28;18.63;6.67;27.51;25.54;16.46;43.15;47.2;30.16;35.85;23.54;26.89;37.67;26.47;21.31;21.13;30.73;27.12;36.74;25.77;28.13;27.13;23.37;33.16;13.45;19.01;31.89;28.73;31.34;31.88;47.78;29.04;35.56;41.71;36.9;33.9;35
O3;uur;µg/m³;2023-08-30T05:00:00+01:00;2023-08-30T06:00:00+01:00;26.4;21.2;17.1;14.8;22.1;23.51;19.92;23.5;43.06;14.2;14.62;20.07;22.36;10.99;51.92;49.53;17.07;23.32;19.06;24.55;35.25;15.87;21.62;12.41;30.42;27.21;32.35;20.49;16.94;19.46;19.85;26.82;19.61;17.19;28.34;31.12;31.87;32.13;37.01;25.25;34.85;39.44;37.5;;33.8
O3;uur;µg/m³;2023-08-30T06:00:00+01:00;2023-08-30T07:00:00+01:00;21.1;13.5;18.9;24.2;25.7;33.51;16.06;33.61;48.56;17.09;29.54;19.59;18.01;15.11;50.2;44.4;19.49;19.96;33.65;21.53;32.43;21.04;18.03;11.8;30.83;29.16;33.84;22.32;14.01;12.73;20.32;22.34;17.06;13.55;36.19;24.52;32.75;32.5;40.91;26.59;35.25;33.09;33.7;30.4;31.9
O3;uur;µg/m³;2023-08-30T07:00:00+01:00;2023-08-30T08:00:00+01:00;24.3;25.6;22.6;32.2;32.1;36.7;18.88;48.68;51.78;25.48;32.89;25.11;24.31;23.66;42.17;36.9;23.99;30.09;31.75;28.75;26.99;21.92;25.23;11.99;41.33;20.14;40.54;19.68;8.56;11.82;13.56;19.3;18.78;15.99;30.1;16.3;36.94;31.79;53.02;31.52;36.86;30.21;32;26.4;26.6
O3;uur;µg/m³;2023-08-30T08:00:00+01:00;2023-08-30T09:00:00+01:00;21.7;27.6;18;21.8;35.3;44.59;30.99;46.56;57.76;43.96;32.6;33.19;33.92;41.34;57.27;36.92;28.85;30.99;32.08;36.03;30.44;27.38;19.2;18.84;32.19;22.39;43.88;28.22;14.68;23.15;29.92;25.12;29;22.75;26.36;22.41;35.6;41.19;53.99;41.45;44.88;43.21;34.9;24.9;27.9
O3;uur;µg/m³;2023-08-30T09:00:00+01:00;2023-08-30T10:00:00+01:00;33.6;23.2;27.5;39.3;67.7;50.41;41.6;49.82;57.43;42.19;41.23;38.98;31.72;42.98;64.26;58.75;58.09;27.48;46.25;31.46;40.37;37.52;35.19;46.38;27.94;24.62;47.65;32.64;21.96;30.22;31.81;32.66;30.21;20.66;33.81;29.36;32.68;45.83;53.34;53.13;58.45;53.3;43.8;;36.7
O3;uur;µg/m³;2023-08-30T10:00:00+01:00;2023-08-30T11:00:00+01:00;43;43.3;56.6;56.8;73.9;47.33;45.43;51.73;60.14;38.95;61.25;36.64;50.09;40.69;72.29;71.28;70;55.27;53.11;45.95;73.74;66.23;58.32;69.25;34.64;45.54;44.76;39.7;20.93;25;26.02;27.67;39.33;29.37;34.94;36.02;38.53;48.36;48.81;50.47;55.19;57.36;38;;31.9
O3;uur;µg/m³;2023-08-30T11:00:00+01:00;2023-08-30T12:00:00+01:00;48.7;44.8;55.6;59.4;74.3;46.98;43.68;44.26;48.34;52.4;69.57;40.85;66.5;44.18;73.81;76.02;73.28;60.89;65.21;53.19;81.83;68.71;58.02;71.86;40.88;66.86;37.39;64.82;44.3;51.94;51.18;52.83;60.24;33.41;32.99;37.92;41.01;42.61;51.32;48.97;60.46;60.95;61;58.8;48.9
O3;uur;µg/m³;2023-08-30T12:00:00+01:00;2023-08-30T13:00:00+01:00;55.4;49.4;62.7;51.5;66.3;39.35;50.07;35.34;42.6;68.02;72.91;49.83;73.72;50.66;73.47;70.47;67.05;67.41;66.34;60.91;83.79;69.44;59.09;66.74;67.76;69.07;54.49;75.3;56.63;65.01;68.11;68.21;66.51;37.92;50.56;46.11;34.58;35.79;52.39;48.49;59.88;61.45;76.7;68.3;72.4
O3;uur;µg/m³;2023-08-30T13:00:00+01:00;2023-08-30T14:00:00+01:00;57.9;48.3;59.8;56.1;70.3;36.94;56.76;37.07;41.25;76.69;69.58;64.46;71.56;70.82;73.9;72.82;66.95;61.84;67.49;68.94;77.49;69.55;58.45;67.91;70.63;65.27;75.98;70.6;69.55;74.41;69.38;78.49;73.31;37.66;64.95;60.14;41.36;33.82;64.17;42.44;63.21;58.42;73;59.4;72.4
O3;uur;µg/m³;2023-08-30T14:00:00+01:00;2023-08-30T15:00:00+01:00;58.6;54.1;64.6;60;77.9;40.49;70.47;53.03;53.69;72.68;70.64;69.47;71.16;77.43;74.8;74.81;68.82;67.9;69.41;67.74;76.17;66.57;64.96;66.7;68.82;61.76;75.22;66.04;56.66;69.01;60.78;68.28;66.99;49.49;76.67;72.35;64.8;50.45;71.23;37.33;60.79;48.57;67.1;49.5;67.8
O3;uur;µg/m³;2023-08-30T15:00:00+01:00;2023-08-30T16:00:00+01:00;57.6;55.7;66.5;55.9;64.7;43.44;79.12;49.21;56.65;69.7;70.76;63.89;71.47;71.35;75.05;76.23;71.74;70.84;70.15;67.44;80.75;66.21;61.95;67.13;71.3;62.26;66.2;66.66;44.29;59.6;59.92;59.19;68.19;58.17;72.25;75.72;73.62;70.19;69.98;36.65;63.34;59.38;61.2;54.2;62.4
O3;uur;µg/m³;2023-08-30T16:00:00+01:00;2023-08-30T17:00:00+01:00;58.4;54.5;63.8;54.2;76.1;57.37;74.84;55.82;57.03;70.45;71.07;61.41;71.71;70.01;78.71;77.92;72.89;67.57;70.15;60.53;76.1;70.09;58.68;69.49;68.08;61.1;65.19;67.42;52.55;64.59;59.74;63.63;66.79;62.59;60.28;70.12;68.84;60.38;69.81;39.06;61.09;51;62.1;58.8;65.9
O3;uur;µg/m³;2023-08-30T17:00:00+01:00;2023-08-30T18:00:00+01:00;59.2;52.2;62.3;51.8;75.3;61.71;65.61;62.52;67.09;70.68;71.49;63.22;73.26;69.68;79.17;74.8;71.64;67.33;68.88;63.72;73.71;68;54.72;65.93;65.43;57.26;66.5;62.14;58;69.1;61.42;65.8;67.07;58.7;58.31;60.92;63.61;62.18;68.12;42.35;65.27;52.36;60.8;55;64.4
O3;uur;µg/m³;2023-08-30T18:00:00+01:00;2023-08-30T19:00:00+01:00;62.5;46.5;55.7;58.3;54.7;61.16;62.05;44.88;59.79;68.28;65.52;60.58;70.04;66;79.54;71.88;71.8;57.93;61.64;62.59;73.09;66.76;54.76;66.17;63.74;59.62;62.72;56.56;50.34;56.55;53.23;59.91;58.99;42.19;58.13;58.6;58.29;59.46;64.34;46.15;60.34;55.4;59.3;53.7;61.6
O3;uur;µg/m³;2023-08-30T19:00:00+01:00;2023-08-30T20:00:00+01:00;62.1;44.7;52.3;50.8;52.1;51.64;48.24;29.93;49.07;61.46;66.47;49.78;64.21;55.57;67.44;63.3;61.78;48.16;67.47;62.32;74.12;47.62;48.54;45.56;55.67;58.31;58.24;49.1;42.2;45.19;43.99;53.99;54.17;33.14;54.21;60.7;50.14;55.19;59.03;42.24;48.83;45.74;59;54.8;60.7
O3;uur;µg/m³;2023-08-30T20:00:00+01:00;2023-08-30T21:00:00+01:00;46.3;16.2;28.5;23.9;44.2;43.4;45.11;18.54;44.9;53.83;51.9;46.11;57.54;47.95;57.54;60.99;37.37;36.43;52.75;56.54;73.42;42.04;14.39;31.61;51.08;54.98;52.9;51.01;48.57;50.26;41.6;51.98;54.2;26.45;49.06;52.83;40.86;49.53;60.32;35.29;49.18;44.08;58.8;50.3;51.3
O3;uur;µg/m³;2023-08-30T21:00:00+01:00;2023-08-30T22:00:00+01:00;48.4;21.8;10.6;30.6;42.5;38.84;47.49;21.26;43.49;54.59;47.82;45.47;55.16;49.95;61.9;57.71;18.58;31.74;35.29;42.24;75.7;32.18;23.25;16.49;48.25;56.05;42.76;37.97;51.46;49.82;42.58;57.63;48.38;25.76;41.86;46.24;37.39;46.65;52.5;31.03;52.84;46.92;48.8;39.4;38.6
O3;uur;µg/m³;2023-08-30T22:00:00+01:00;2023-08-30T23:00:00+01:00;44.4;38.9;23.3;22.6;58.5;39.16;44.46;31.96;46.52;51.45;48.41;45.42;53.34;52.47;54.63;49.44;31.75;33.51;49.05;44.12;76.2;21.58;19.72;23.77;52.08;51.91;38.02;29.84;37.3;44.23;35.57;43.66;44.15;20.34;43.34;45.73;31.57;49.63;49.19;30.73;38.02;43.34;16.9;34.9;23.6
O3;uur;µg/m³;2023-08-30T23:00:00+01:00;2023-08-31T00:00:00+01:00;47;44.1;24.7;15;58.5;36.05;41.24;44.87;49.7;44.77;38.2;52.59;42.37;50.48;58.55;44.39;68.82;40.35;48.9;48.7;77.05;20.52;13.08;28.94;66.95;60.9;43.35;20.4;43.25;48.53;25.38;52.04;40.21;16.08;50.01;53.9;32.16;42.64;57.03;31.02;38.84;49.68;10.6;34.8;26
O3;uur;µg/m³;2023-08-31T00:00:00+01:00;2023-08-31T01:00:00+01:00;39.3;38.4;17.2;15.3;72.3;33.69;41.65;52.5;53.07;39.76;36.05;46.23;35.24;49.8;51.1;39.1;70.6;34.4;43.35;43.1;77.26;19.58;25.69;55.07;61.03;66.16;39.29;16.52;39.63;43.04;17.34;47.54;41.59;17.34;50.86;48.26;34.48;45.98;61.76;32.3;57.15;48.35;39.5;31.2;31.9
O3;uur;µg/m³;2023-08-31T01:00:00+01:00;2023-08-31T02:00:00+01:00;44.6;45.4;43.7;46.8;59.1;42.71;41.35;49.5;54.04;34.64;34.02;43.84;;43.17;42.65;31.42;71.11;46.91;42.5;42.35;76.46;61.39;54.74;66.16;66.18;68.65;40.84;26.7;37.85;43.31;29.9;44.13;40.33;18.37;44.47;43.48;37.28;50.7;63.53;29.94;48.53;47.48;45.2;50.5;38
O3;uur;µg/m³;2023-08-31T02:00:00+01:00;2023-08-31T03:00:00+01:00;38.2;29;20.2;16.6;59.2;51.46;41.18;46.54;52.26;30.77;23.86;40.86;;39.24;44.19;31.2;68.07;32.96;36.66;42.91;76.14;46.96;26.51;58.05;59.69;71.9;34.22;37.96;33.76;42.27;36.32;39.55;44.49;20.16;39.34;36.03;40.05;58.4;63.12;31.81;44.35;44.42;61.5;60.4;48.9
O3;uur;µg/m³;2023-08-31T03:00:00+01:00;2023-08-31T04:00:00+01:00;43.3;19.4;25.6;32;68.4;49.25;36.31;41.08;48.23;26.24;24.83;36.9;;36.23;65.86;26.87;69.28;30.67;38.09;33.47;79.34;40.59;37.57;65.85;54.4;72.54;45.07;49.45;43.3;51.15;48.34;49.22;46.5;25.1;34.37;34.15;38.45;45.37;58.98;32.05;47.04;44.98;49.1;55.4;43.3
O3;uur;µg/m³;2023-08-31T04:00:00+01:00;2023-08-31T05:00:00+01:00;45.8;32.8;33.8;41.5;65.5;43.33;31.88;37.21;42.98;21.1;23.76;32.06;;30.91;44.1;29.91;69.3;26.33;34.36;27.26;80.7;61.05;41.38;63.01;63.17;71.42;43.1;39.1;45.09;45.42;46.04;51.29;27.46;20.49;39.63;31.65;41.4;39.13;60.48;35.19;39.38;50.43;54.3;62;64.1
O3;uur;µg/m³;2023-08-31T05:00:00+01:00;2023-08-31T06:00:00+01:00;39.6;28;33.1;41.8;57.6;38.4;30.58;32.76;39.72;18.85;19.92;28.06;;27.64;40.99;31.19;68.66;37.37;32.47;19.85;80.06;60.25;33.55;60.92;39.42;62.7;45.75;40.19;31.34;29.31;41.75;38.68;20.99;19.38;36.88;27.66;40.18;44.88;61.02;39.4;35.38;48.65;66.9;62.4;64.4
O3;uur;µg/m³;2023-08-31T06:00:00+01:00;2023-08-31T07:00:00+01:00;33.3;17.1;24;34.3;70.5;35.89;28.14;28.85;38.04;22.9;15.37;27.62;;28.17;29.14;27.42;67.78;30.91;30.65;21.08;79.76;54.22;23.36;58.63;44.81;53.99;47.03;45.19;26.02;17.17;36.74;37.09;17.25;16.8;36.75;20.09;43.03;46.23;54.67;40.28;30.05;42.59;61.6;56.7;66.9
O3;uur;µg/m³;2023-08-31T07:00:00+01:00;2023-08-31T08:00:00+01:00;28.1;17.1;26.2;35.9;64;35.5;31.56;32.85;41.37;28.89;20.8;30.49;;31.02;29.33;27.64;67.74;30.81;32.73;26.32;76.69;59.66;36.12;60.82;55.03;49.87;56.1;50.46;11.01;15.53;46.4;24.05;16.99;17.82;31.77;17.25;43.39;50.57;56.69;40.48;40.09;43.68;36.7;39;43.6
O3;uur;µg/m³;2023-08-31T08:00:00+01:00;2023-08-31T09:00:00+01:00;34.3;33.2;46.2;49.1;69.5;41.31;40.12;39.31;47.84;34.17;27.68;35.03;;39.2;31.39;30.15;69.44;44.17;36.23;29.47;74.51;66.14;57.57;65.16;52.35;55.36;53.31;47.48;21.91;19.69;41.35;34.52;26.33;22.89;34.92;21.32;50.69;60.15;62.74;44.33;54.35;52.4;34;35.4;40.8
O3;uur;µg/m³;2023-08-31T09:00:00+01:00;2023-08-31T10:00:00+01:00;42.8;45.3;57.9;52.2;64.5;45.76;50.16;46.14;49.65;36.83;33.29;41.96;;44.97;39.53;36.8;71.71;59.62;42.21;40.62;76.33;68.75;59.89;68.52;70.57;60.27;55.5;57.36;28.11;34.51;55;38.74;44.55;35.78;39.27;29.27;55.02;57.49;70.86;52.48;65.07;63.3;60.9;55.5;57.1
O3;uur;µg/m³;2023-08-31T10:00:00+01:00;2023-08-31T11:00:00+01:00;59.2;45.9;60.5;59.3;76.8;52.33;60.31;52.89;56.04;44.95;43.06;44.73;;50.25;70.29;51.77;74.42;64.53;50.77;50.16;79.03;71.15;64.81;69.77;70.9;64.05;58.59;66.65;51.72;63.25;62.78;59.26;62.3;47.16;37.56;51.88;58.08;63.59;70.61;61.82;71.93;69.83;64.7;55.8;66.7
O3;uur;µg/m³;2023-08-31T11:00:00+01:00;2023-08-31T12:00:00+01:00;65.2;47.8;65.9;65;81.4;61.4;67.57;57.77;62.29;53.88;62.67;55.91;;63.33;80.52;55.79;77.69;72.67;64.76;60.66;81.08;73.79;73.06;72.53;70.98;65.55;68.43;70.39;61.94;69.13;67.99;70.48;69.83;44.43;58.53;64.95;61.21;69.54;74.92;59.99;77.92;74.83;71.5;62.5;70
O3;uur;µg/m³;2023-08-31T12:00:00+01:00;2023-08-31T13:00:00+01:00;63.5;55;68.2;62.8;80.9;67.45;71.34;62.2;65.96;66.41;62.87;65.44;;70.03;83.94;62.12;79.98;75.19;68.35;72.78;85.28;77.08;74.23;74.29;73.75;69.88;73.07;73.2;66.92;73.98;69.64;73.84;74.74;51.25;74.79;60.14;65.11;67.43;75.73;68.86;74.55;78.04;75.2;67.6;72.8
O3;uur;µg/m³;2023-08-31T13:00:00+01:00;2023-08-31T14:00:00+01:00;69.8;55.7;68;59.3;83.4;69.93;69.96;65.22;69.19;57.59;56.19;61.05;;73.73;88.22;64.85;81.82;73.77;71.75;73.94;85.17;78.73;74.33;76.85;75.31;70.53;75.46;76.63;69.92;76.38;71.33;78.22;77.33;49.35;77.5;58.81;66.74;69.35;74.08;75.38;76.64;68.52;80.9;71.9;78.3
O3;uur;µg/m³;2023-08-31T14:00:00+01:00;2023-08-31T15:00:00+01:00;75.5;55.7;73.4;66.1;88;73.21;59.47;70.64;73.36;58.3;61.94;41.76;;60.83;88.87;65.1;86.05;76;76.44;80.38;87.74;81.86;80.61;81.93;76.29;72.49;80.7;77.86;71.29;79.79;70.98;80.24;81.03;56.15;79.48;64.7;68;70.67;73.89;72.99;79.9;72.55;82.1;71.9;78
O3;uur;µg/m³;2023-08-31T15:00:00+01:00;2023-08-31T16:00:00+01:00;77;58.9;79.2;69.2;90.8;73.39;57.3;69.27;72.09;56.86;64.22;39.98;72.43;60.88;89.16;62.65;89.59;83.9;77.86;83.16;91.75;83.06;81.38;81.35;78.47;78.54;81.36;80.74;71.36;79.78;70.26;81.51;80.39;66.12;80.12;73.92;72.81;71.14;75.16;68.47;79.12;76.04;84.5;77.7;80.2
O3;uur;µg/m³;2023-08-31T16:00:00+01:00;2023-08-31T17:00:00+01:00;79.6;56.9;79.4;58.5;85.3;70.23;63.27;69.64;73.99;57.61;67.13;37.15;73.16;61.71;88.3;65.81;91.95;83.43;76.85;83.2;95.53;83.51;79.97;85.27;79.93;77.2;84.94;80.09;71.02;81.23;71.3;82.1;80.28;65.22;80.62;75.38;78.92;71.75;76.61;67.4;77.54;73.43;83.5;75.8;83.6
O3;uur;µg/m³;2023-08-31T17:00:00+01:00;2023-08-31T18:00:00+01:00;82;54.5;70.8;59.7;82.7;67.5;50.74;64.71;67.42;45.94;64.68;42.06;67.43;62.1;73.31;64.96;91.66;74.39;70.68;83.44;93.18;82.98;68.48;84.3;76.64;71.66;80.91;76.6;72.87;79;67.19;81.52;75.56;55.8;79.46;71;76.21;73.88;74.54;65.68;73.12;70.71;77.9;71.1;79.4
O3;uur;µg/m³;2023-08-31T18:00:00+01:00;2023-08-31T19:00:00+01:00;81.3;54.5;65;62.6;79.8;62.18;37.01;64.69;66.67;45.77;67.52;30.57;55.97;64.91;66.87;63.06;89.53;71.64;71.01;76.3;89.09;79.17;45.71;79.85;71.07;71.91;69.68;68.66;64.57;71.26;56.12;79.05;58.41;50.35;70.1;63.11;73.21;70.51;72.28;55.09;63.11;70.49;73.3;68.6;75.2
O3;uur;µg/m³;2023-08-31T19:00:00+01:00;2023-08-31T20:00:00+01:00;68.1;48.4;61;58.9;73.8;58.86;25.47;64.24;65.82;40.46;61.54;37.14;51.7;54.56;64.81;63.81;83.89;68.34;50.98;66.5;67.99;72.96;45;55.54;61.49;46.16;51.24;56.55;35.63;52.05;45.29;59.87;41.04;41;46.04;55.41;43.59;56.92;63.77;38.89;52.91;63.31;61.8;62.5;58.9
O3;uur;µg/m³;2023-08-31T20:00:00+01:00;2023-08-31T21:00:00+01:00;46.8;48.8;49.8;48.3;48.1;54.81;33.07;48.24;63.83;45.31;57.1;44.04;47.93;52.57;59.41;60.86;70.69;64.47;46.17;62.2;42.42;55.1;37.33;31.45;42.31;32.77;31.11;29.35;16.54;15.35;2.95;26.39;21.1;26.53;15.65;36.92;18.09;45.32;50.27;33.68;45.35;52.89;37.8;46.3;45.9
O3;uur;µg/m³;2023-08-31T21:00:00+01:00;2023-08-31T22:00:00+01:00;46.8;41.7;41.4;53.9;50.3;37.51;38;38.78;60.45;39.67;50.16;46.31;43.97;47;65.32;48.37;66.15;48.26;50.79;53.15;33.42;56.38;46.68;24.37;28.71;25.07;25.3;25.94;11.54;12.65;14.96;22.68;26.15;14.07;20.82;35.91;13.74;33.48;46.28;31.47;43.26;55.09;25.3;42.3;36.2
O3;uur;µg/m³;2023-08-31T22:00:00+01:00;2023-08-31T23:00:00+01:00;38.9;40.7;33.7;30;44.3;40.76;31.15;30.77;38.75;30.37;35.27;48.22;43.1;41.83;62.47;48.94;50.5;39.82;46.98;41.53;47.92;54.92;37.81;29.66;29.75;20.83;15.51;27.79;17.12;27.16;24;18.81;38.44;6.23;20.46;35.62;10.25;27.32;53.93;28.9;41.28;56.73;30.5;40.2;27.6
O3;uur;µg/m³;2023-08-31T23:00:00+01:00;2023-09-01T00:00:00+01:00;42.4;33.5;41.3;39.5;46.3;27.25;29.91;29.44;43.5;30.05;29;44.72;46.13;41.44;62.88;50.99;46.34;44.59;47.31;43.71;39.72;55.9;38.75;40.81;23.82;24.99;8.93;24.34;19.63;17.21;14.39;26.36;28.13;3.64;20.85;35.52;11.55;25.64;44.11;25.79;36.99;53.36;34.2;35.5;21.2
O3;uur;µg/m³;2023-09-01T00:00:00+01:00;2023-09-01T01:00:00+01:00;52.7;37.8;48.9;44.3;49.3;25.36;29.38;24.57;42.7;32.43;26.83;38.44;42.13;38.53;62.31;43.63;37.49;42.61;37.49;44.09;34.77;39.07;54.8;34.71;28.72;20.67;10.69;32.54;18;19.31;16.05;21.65;20.18;2.63;13.59;32.11;7.98;24.4;55.13;27.65;35.31;49.86;30.2;40.1;28.2
O3;uur;µg/m³;2023-09-01T01:00:00+01:00;2023-09-01T02:00:00+01:00;42;40.7;43.7;43;45.6;27.93;32.55;20.53;37.82;27.18;32.71;34.43;35.39;39.49;53.55;40.86;38.95;47.15;29.82;46.9;29.33;39.18;48.41;36.87;26.81;21.91;11.88;24.28;18.68;24.77;18.22;23.46;24.19;5.25;13.95;33.6;7.09;17.29;43.03;21.06;35;34.46;41.7;39.3;37.8
O3;uur;µg/m³;2023-09-01T02:00:00+01:00;2023-09-01T03:00:00+01:00;38.6;42.3;45.4;32.6;53.3;;;;;;;;;;;;;;;;;;;;;;;;;;;;;;;;;;;;;;38.5;34.9;30.8
O3;uur;µg/m³;2023-09-01T03:00:00+01:00;2023-09-01T04:00:00+01:00;39.6;39.2;42.5;32.6;45.4;20.69;24.95;20.61;40.93;26.22;23.55;29.2;;32.57;33.96;34.21;42.2;39.67;34.65;40.18;31.66;34.86;40.51;27.84;27.79;14.65;16.73;21.66;15.67;20.01;25.03;23.63;30.25;13.68;6.8;37.86;2.62;19.68;;17.52;31.45;26.72;27.5;32.7;28.7
O3;uur;µg/m³;2023-09-01T04:00:00+01:00;2023-09-01T05:00:00+01:00;32.1;30;21;35.4;31;24.51;19.25;21.02;37.28;24.13;19.59;25.21;;30.26;32.45;30.35;38.2;38.99;27.22;36.49;25.4;36.4;27.18;13.96;37.26;16.66;13.6;26.13;20.25;17.99;31.15;26.78;25.67;12.94;11.2;38.59;9.05;22.03;35.74;12.72;29.47;20.07;27.8;34.6;30.6
O3;uur;µg/m³;2023-09-01T05:00:00+01:00;2023-09-01T06:00:00+01:00;23.5;28.3;19;30.5;23.2;19.79;16.85;16.37;30.92;22.67;19.81;20.99;;24.44;31.03;24.49;34.8;38.48;24.95;29.96;23.79;33.83;20.59;10.05;43.3;20.03;8.72;25.05;15.27;11;27.12;24.11;23.37;8.97;14.19;34.31;4.75;22.73;35.25;5.11;19.45;16.48;30.4;32.4;38.5
O3;uur;µg/m³;2023-09-01T06:00:00+01:00;2023-09-01T07:00:00+01:00;19.2;23;17.4;13.4;16.7;18.39;12.62;12.63;18.68;18.44;19.82;14.28;;19.37;26.12;20.08;33.76;30.47;21.6;19.73;24.29;30.01;10.32;12.17;52.93;10.39;14.01;24.88;13;8.78;20.31;20.79;19.23;6.71;11.09;42.47;1.88;13.77;37.22;4.72;25.84;12.27;29.2;;33.3
O3;uur;µg/m³;2023-09-01T07:00:00+01:00;2023-09-01T08:00:00+01:00;18.7;17.1;11.8;9.4;13.1;16.04;14.47;14.42;14.08;15.63;15.17;14.51;;18.19;22.17;15.26;26.05;23.42;24.86;20.94;34.26;24.03;8.6;9.62;57.96;15;16.79;24.63;10.28;12.49;20.98;18.93;19.44;9.11;21.82;29.85;10;13.2;45.12;13.81;38.93;12.5;31.1;18.9;24.8
O3;uur;µg/m³;2023-09-01T08:00:00+01:00;2023-09-01T09:00:00+01:00;22.3;15.5;19.3;13.6;15.5;18.28;14.06;14.48;18.43;15.85;10.6;13.71;;17.19;21.18;9.72;22.3;15.8;27.14;22.52;35.93;26.47;18.5;9.74;60.46;22.02;25.48;23.62;13.51;20.01;21.12;23.27;20.2;15.54;35.59;29.08;15.42;17.48;49.42;28.02;56.53;35.38;37;25.6;33.9
O3;uur;µg/m³;2023-09-01T09:00:00+01:00;2023-09-01T10:00:00+01:00;20.7;17.7;19.2;12.5;19;17.12;11.24;17.35;18.69;15.05;8.11;10.59;;11.45;18.91;8.02;33.98;21.98;28.75;22.94;41.77;32.55;18.12;14.47;44.47;28.45;32.85;27.5;16.8;18.7;25.83;23.33;20.44;20.76;35.41;34.47;26.37;25.81;48.68;48.21;64.07;57.56;31;24.9;38.1
O3;uur;µg/m³;2023-09-01T10:00:00+01:00;2023-09-01T11:00:00+01:00;18.5;16.7;15.9;16.5;20.3;14.43;12.43;16.39;22.58;13.49;9.51;6.13;16.25;9.13;16.31;9.25;32.51;17.37;23.24;22.19;40.83;30.61;19.14;17.01;50.74;32.11;44.24;28.43;16.51;16.83;29.12;22.19;22.87;25.04;30.07;31.44;31.18;45.15;53.6;53.24;70.77;70.11;35.5;24.7;39.2
O3;uur;µg/m³;2023-09-01T11:00:00+01:00;2023-09-01T12:00:00+01:00;17.4;20.1;17.9;14.4;25;16.02;14.9;22.98;27.1;15.85;11.14;5.87;17.58;11;14.79;32.75;33.9;23.72;21.69;23.17;47.61;30.65;19.05;17.05;59.35;34.67;48.05;27.1;17.93;19.18;31.11;26.72;26.32;30.64;28.88;30.48;36.31;46.21;59.29;59.09;78.78;71.6;45.8;38.5;45.8
O3;uur;µg/m³;2023-09-01T12:00:00+01:00;2023-09-01T13:00:00+01:00;27.9;20.5;17.5;15.9;24.4;21.08;19.6;36.09;35.2;24.41;17.38;12.82;23.55;18.59;22.33;48.98;33.39;24.04;32.49;25.89;45.96;28.82;18.67;15.81;67.58;30.21;58.74;;17.65;18.78;30.83;26.47;31.6;23.64;29.04;31.43;42.64;53.06;69.64;59.4;78.86;77.87;49.3;35.8;45.2
O3;uur;µg/m³;2023-09-01T13:00:00+01:00;2023-09-01T14:00:00+01:00;35.1;22.9;24.8;27.5;18.4;41.49;27.36;48.48;45.59;36.47;31.17;20.66;36.17;34.96;31.15;62.36;34.13;27.82;41.04;29.57;42.3;32.67;28.01;19.36;73.55;35.03;54.53;;21.92;20.3;28.04;30.73;33.04;23.9;30.36;33.48;41.59;58.67;73.26;60.17;84.57;83.77;43.2;32;44.5
O3;uur;µg/m³;2023-09-01T14:00:00+01:00;2023-09-01T15:00:00+01:00;42.6;21.9;28.4;33.1;33.1;36.77;34.23;53.19;54.08;55.08;46.24;36.52;38.12;47.26;57.69;65.95;32.48;35.77;49.14;38.14;43.38;39.45;37;19.54;85.32;29.73;47.41;;22.4;24.35;26.33;32.31;39.17;25.56;35.47;31.97;40.26;61.64;77.98;64.66;88.82;86.32;42.9;27.8;43.2
O3;uur;µg/m³;2023-09-01T15:00:00+01:00;2023-09-01T16:00:00+01:00;39.3;24.9;26;37.9;27.7;54.8;47.74;52.3;56.57;70.42;49.15;49.44;45.3;59.64;62.72;61.14;27.94;33.28;45.78;50.26;47.23;30.45;20.35;12.09;90.54;30.88;42.14;;33.97;31.76;30.75;40.91;48.43;24.36;35.79;35.41;38.96;61.41;79.73;73.93;85.42;85.58;38.9;26.9;40.8
O3;uur;µg/m³;2023-09-01T16:00:00+01:00;2023-09-01T17:00:00+01:00;28.5;26.8;18.3;28.7;24.7;59.54;59.91;63.31;62.04;68.35;51.86;55.32;45.96;65.48;58.67;56.02;27.73;26.95;45.18;53.45;47.42;29.15;25.2;7.43;79.04;32.55;39.5;47.11;40.17;34.99;34.6;52.58;51.3;22.16;36.71;41.06;36.25;58.12;78.46;74.8;84.48;86.53;36.8;27.7;41.7
O3;uur;µg/m³;2023-09-01T17:00:00+01:00;2023-09-01T18:00:00+01:00;45.6;30.1;24.6;26.4;21.7;60.47;62.97;50.57;67.12;66.06;42.92;55.88;44.39;64.88;61.01;57.08;25.9;31.56;43;48.75;44.78;26.17;46.11;7.03;71.35;25.01;39.39;38.18;32.49;27.68;29.92;41.3;44.34;21.91;42.74;46.07;33.44;47.75;76.22;65.47;84.67;74.61;37;28.3;38.5
O3;uur;µg/m³;2023-09-01T18:00:00+01:00;2023-09-01T19:00:00+01:00;34.8;27.9;35.4;33.8;33.6;46.1;29.37;28.88;44.86;49.73;22.22;51.61;42.66;60.9;56.37;53.01;28.02;31;51.54;40.38;37.7;30.28;39.14;7.77;56.76;19.89;33;41.77;23.47;27.31;20.48;34.15;38.66;16.84;36.19;30.03;30.35;34.72;66.78;65.08;74.05;64.55;33.1;26.8;33.5
O3;uur;µg/m³;2023-09-01T19:00:00+01:00;2023-09-01T20:00:00+01:00;16.1;14.3;14.7;22.1;39.4;28.01;27.93;9.56;9.28;32.23;19.55;42.47;29.13;49.12;42.47;28.15;31.58;19.21;41.75;30.93;33.9;36.59;18.54;18.26;44.47;12.67;28.07;29.1;20.47;25.69;22.32;32.89;31.73;15.03;24.38;25.44;22.31;23.17;68.83;42.73;62.27;61.85;26.1;22.4;25.2
O3;uur;µg/m³;2023-09-01T20:00:00+01:00;2023-09-01T21:00:00+01:00;14.2;14.7;1.2;18.6;39.2;23.01;25.04;3.44;2.6;23.21;9.04;40.03;18.55;38.62;30.28;2.68;29.85;16.15;24.75;28.02;25.56;28.01;2.82;7.63;40.93;7.39;17.73;24.57;19;31.21;21.22;29.66;27.51;4.04;15.65;18.28;16.82;19.78;55.48;25.69;61.04;56.15;28.2;21;30.6
O3;uur;µg/m³;2023-09-01T21:00:00+01:00;2023-09-01T22:00:00+01:00;3.7;4.4;0.8;13.1;31.9;23.72;19.55;1.64;3.8;27.55;10.46;35.34;18.87;32.94;23.67;1.83;20.67;17.67;25.03;28.66;30.28;18.4;0.11;4.19;40.48;14.52;22.95;21.77;13.39;16.52;19.85;22.53;20.77;1.83;11.43;11.81;7.8;20.33;41.43;7.83;69.41;32.96;29.5;24.8;30.7
O3;uur;µg/m³;2023-09-01T22:00:00+01:00;2023-09-01T23:00:00+01:00;3.8;4.9;0.7;5.6;33.2;23.27;16.77;4.28;11.34;21.44;8.32;26.57;19.91;27.33;21.63;2.46;19.21;9.64;21.66;29.66;28.14;18.67;-0.01;7.51;34.05;15.86;20.61;17.27;12.51;12.72;19.16;17.96;24.49;0.35;10.71;14.15;8.68;25.02;40.27;4.04;57.13;33.5;25.7;21.4;20.8
O3;uur;µg/m³;2023-09-01T23:00:00+01:00;2023-09-02T00:00:00+01:00;-1.9;3.9;0.6;0;9.4;15.87;18.4;6.64;30.77;25.05;4.29;23.89;17.55;18.18;20.32;2.07;16.49;11.5;19.43;30.52;26.68;15.35;-0.13;7.92;25.88;15.02;18.9;15.94;6.39;11.68;14.71;10.64;19.33;-1.1;14.61;11.56;10.51;18.83;37.93;1.49;59.53;19.36;28.3;25.5;20.3
O3;uur;µg/m³;2023-09-02T00:00:00+01:00;2023-09-02T01:00:00+01:00;0.3;4;0.7;0;14.5;8;13.99;3.83;28.42;19.43;3;18.54;10.93;14.95;22.9;2.59;13.5;14.26;24.53;16.69;21.89;11.26;-0.24;4.91;24.19;12.12;16;10.23;7.87;8.85;11.81;13.71;8.7;-1.61;10.54;14.76;11.66;15.18;31.85;0.56;56.63;17.88;24.7;20.4;19.4
O3;uur;µg/m³;2023-09-02T01:00:00+01:00;2023-09-02T02:00:00+01:00;5;3;0.9;0;10.1;5.23;10.66;1.2;10.87;17.6;3.09;16.46;9.76;6.85;24.18;2.02;10.14;15.86;20.66;8.05;20.23;7.25;-0.31;4.35;23.28;10.75;22.82;7.23;5;7.73;11.94;10.3;6.13;-0.74;9.56;14.29;5.13;13.52;27.59;0.23;48.93;22.5;22.5;20.4;18.7
O3;uur;µg/m³;2023-09-02T02:00:00+01:00;2023-09-02T03:00:00+01:00;1.6;3.2;1.4;0;5.5;3.19;9.34;1.38;5.62;11.19;1.92;11.07;4.66;4.47;19.76;1.85;8.66;14.41;13.58;15.91;16.75;3.77;-0.11;5.19;25.58;8.38;31.72;3.67;2.45;7.9;8.74;7.21;6.09;0.95;5.81;12.6;9.54;12.76;22.88;0.4;44.4;11.68;23.9;21.5;19.1
O3;uur;µg/m³;2023-09-02T03:00:00+01:00;2023-09-02T04:00:00+01:00;3.3;4.8;3;0;9.3;4.05;6.75;4.53;5.89;6.1;1.94;5.4;2.6;5.24;14.67;1.74;10.71;9.8;11.93;17.93;14.54;5.81;-0.04;4.88;26.49;13.46;27.14;2.86;3.54;4.69;6.05;7.1;4.33;-0.45;2.95;9.77;9.53;12.67;21.76;0.44;33.64;14.82;22.9;15.9;17.2
O3;uur;µg/m³;2023-09-02T04:00:00+01:00;2023-09-02T05:00:00+01:00;1.1;4.2;0.6;0;3.6;3.61;6.31;8.89;5.67;3.19;0.43;8.4;1.51;3.44;14.33;1.93;3.93;3.37;9.02;13.09;13.07;4.77;-0.17;1.29;24.81;2.09;24.93;5.51;3;5.32;8.89;6.48;-0.22;-1.02;8.56;5.45;11.59;13.2;23.45;-0.13;40.53;10.87;23.3;20.9;16.4
O3;uur;µg/m³;2023-09-02T05:00:00+01:00;2023-09-02T06:00:00+01:00;5.8;6.1;0.5;0;0.5;4.79;3.54;8.79;4.58;0.74;-0.27;8.14;0.77;3.38;10.31;1.54;3.54;2.06;5.54;8.28;12.42;5.98;-0.6;1.37;21.81;7.16;21.58;7.91;6.13;6.35;9.93;9.35;3.36;-1.43;14.29;5.57;10.05;15.64;24.1;0.22;40.34;9.8;21.1;21.1;12.9
O3;uur;µg/m³;2023-09-02T06:00:00+01:00;2023-09-02T07:00:00+01:00;0;7.6;1.6;0.5;0.7;5.8;5.9;3.11;3.84;0.9;-0.15;3.78;2.86;3.78;12.81;2.63;6.35;6.89;6.47;3.16;13.97;6.84;0.44;0.81;25.06;15.05;16.9;11.86;5.3;7.95;9.7;8.41;6.16;-0.14;12.8;6.58;10.35;18.76;25.29;3.53;26.54;11.31;23.6;23.2;14.5
O3;uur;µg/m³;2023-09-02T07:00:00+01:00;2023-09-02T08:00:00+01:00;0.2;9;2.4;3.4;4.6;7.24;7.44;6.77;6.58;4.61;1.1;5.09;3.18;7.13;14.86;3.88;8.15;7.44;6.47;7.94;15.08;8.28;4.68;2.46;32.29;9.29;17.16;14.31;14.84;13.74;11.2;18.19;11.45;0.85;20.45;7.26;13.1;23.68;29.79;6.06;41.21;33.78;26.6;26.7;26.1
O3;uur;µg/m³;2023-09-02T08:00:00+01:00;2023-09-02T09:00:00+01:00;0.4;10.1;3;7;7.1;9.43;12.89;21.63;26.51;7.55;2.92;6.74;5.82;10.36;18.17;5.91;11.74;8.32;11.25;6.56;23.21;12.8;7.23;6.76;48.79;15.36;20.62;23.16;21.35;21.29;17.84;24.89;15.86;9.67;32.81;8.07;16.64;30.65;39.8;13.35;66.37;52.78;25.4;25.2;26
O3;uur;µg/m³;2023-09-02T09:00:00+01:00;2023-09-02T10:00:00+01:00;3.5;16.1;6.8;8.6;21.7;16.93;17.79;35.82;41.78;15.13;6.06;8.79;10.56;15.4;39.54;11.6;22.6;12.28;15.13;10.05;29.9;22.55;11.47;13.6;57.02;13.14;21.73;28.84;20.8;24.98;23.88;26.31;22.96;15.9;35.88;12.05;21.91;35.32;52.12;33.37;76.95;69.3;26.2;24.7;25.2
O3;uur;µg/m³;2023-09-02T10:00:00+01:00;2023-09-02T11:00:00+01:00;8.6;27.6;14.3;21.1;34.3;31.22;19.09;47.06;50.51;30.21;18.12;18.25;21.41;20.02;51.01;17.53;37.59;24.52;19.39;15.55;31.17;38.81;23.48;22.89;63.53;21.59;25.37;32.82;25.6;27.13;24.57;31.59;30.94;22.57;43.47;20.05;42.67;39.46;63.86;60.58;85.87;76.98;31.3;28.8;33.1
O3;uur;µg/m³;2023-09-02T11:00:00+01:00;2023-09-02T12:00:00+01:00;16.2;32;18.9;32.2;49.4;54.52;23.78;55.61;58.82;33.85;31.01;27.13;28.62;28.54;51.52;36.58;41.75;38.96;27.06;28.39;38.12;45.69;38.52;33.12;73.2;26.33;37.78;35.38;26.17;31.37;28.15;33.28;35.32;21.85;52.97;31.18;44.11;51.08;78.25;70.86;87.85;85.35;47.2;38.6;34.5
O3;uur;µg/m³;2023-09-02T12:00:00+01:00;2023-09-02T13:00:00+01:00;30.7;37.1;30;44.1;61.3;72.18;26.1;64.52;67.89;38.7;38.93;29.29;29.91;44.61;46.02;47;42.95;41.63;40.84;45.57;52.19;35.19;52.25;27.74;85.56;40.97;46.04;49.51;31.75;37.96;41.12;39.07;44.51;35.94;63.32;41.13;45.12;63.35;86.06;77.37;90.4;87.99;52.9;52;49.7
O3;uur;µg/m³;2023-09-02T13:00:00+01:00;2023-09-02T14:00:00+01:00;26.7;35;35.8;48.6;59.8;72.15;32.59;64.48;73.05;40;40.11;33.56;38.74;45.13;52.87;64.16;51.87;48.42;51.68;45.2;64.01;49.99;53.28;35.53;92.3;49.09;59.37;57.69;43.01;45.41;53.74;49.44;51.9;54.48;58.74;42.78;56.37;71.73;89.36;84.33;93.25;90.77;65.4;63.1;65.9
O3;uur;µg/m³;2023-09-02T14:00:00+01:00;2023-09-02T15:00:00+01:00;38.7;43.8;46.2;54.8;59.4;70.91;46.01;66.97;81.71;41.41;42.6;39.92;42.73;49.1;58.56;56.31;59.84;57.77;58.66;54.13;70.39;59.93;61.46;36.19;92.27;60.06;67.99;66.83;48.97;50.41;64.99;58.87;63.33;62.52;70.1;59.81;59.15;80.3;90.5;89.89;91.57;92.33;70.3;71.3;72.1
O3;uur;µg/m³;2023-09-02T15:00:00+01:00;2023-09-02T16:00:00+01:00;48.1;47.5;60.3;42.2;65.1;62.24;59.34;64.73;80.65;49.14;45.84;48.63;58.07;50.91;61.7;67.26;63.58;64.77;63.48;61.8;80.81;64.31;67.31;35.26;93.28;70.8;74.81;71.91;53.36;64.66;66.29;64.47;72.56;59.12;75.16;65.15;65.38;86.75;90.09;90.68;91.35;93.32;76.9;73.3;76.1
O3;uur;µg/m³;2023-09-02T16:00:00+01:00;2023-09-02T17:00:00+01:00;49.7;63.3;59.4;64.9;68.6;61.36;66.42;69.23;78.74;60.85;51.48;51.77;61.02;62.11;65.69;66.58;72.63;72.5;67.24;64.91;88.58;74.91;65;46.23;92.31;76.07;84.59;74.75;54.09;63.98;69.43;64.81;77.61;65.92;73.22;63.39;69.81;87.58;87.4;93.98;91.65;91.4;81.4;81.8;87.4
O3;uur;µg/m³;2023-09-02T17:00:00+01:00;2023-09-02T18:00:00+01:00;51.9;68.8;65;67.9;73.5;51.97;71.83;64.97;75.91;67.05;54.14;57.25;64.05;62.89;62.75;75.62;78.14;74.9;65.15;72.31;91.38;77.3;68.5;53.13;95.55;79.63;86.11;72.87;61.56;61.97;76.88;68.14;75.43;61.71;68.61;65.86;71.22;82.75;79.48;84.34;94.59;92.67;85.6;86.2;90.3
O3;uur;µg/m³;2023-09-02T18:00:00+01:00;2023-09-02T19:00:00+01:00;57.9;66.3;58.1;67.3;80.1;45.05;58.2;48.32;63.59;56.13;44.04;52.56;61.85;61.72;56.73;67.14;78.24;73.67;64.8;71.81;86.6;68.12;63.68;56.75;86.41;79.68;69.12;72.37;64.44;67.06;74.26;68.77;63.95;41.71;61.88;58.3;60.32;73.81;73.54;78.62;81.82;87.13;77.4;80.5;89.5
O3;uur;µg/m³;2023-09-02T19:00:00+01:00;2023-09-02T20:00:00+01:00;52.5;57.3;51.7;59.8;75.3;43.23;24.09;33.18;46.04;39.84;25.09;40.58;49.62;53;49.05;44.52;70.39;65.86;52.09;64.77;74.08;59.98;48.37;40.02;69.08;69.05;45.9;73.25;63.66;72.58;62.4;72.18;59.92;31.61;53.46;33.69;22.31;65.47;69.81;73.34;57.69;59.99;72.7;71.5;79.4
O3;uur;µg/m³;2023-09-02T20:00:00+01:00;2023-09-02T21:00:00+01:00;41.5;55.9;51.3;56.7;53;38.45;14.25;32.67;43.53;24.08;12.78;32.66;35.26;39.9;44.55;25.95;53.52;65.6;49.63;65.92;63.17;49.53;34.83;25.83;67.45;60.25;48.03;64.14;47;64.7;57.03;56.43;51.22;18.32;31.43;18.06;43.85;63.2;55.39;40.52;54.19;54.33;63.8;66.6;77
O3;uur;µg/m³;2023-09-02T21:00:00+01:00;2023-09-02T22:00:00+01:00;39.4;57;53.6;54.2;25.3;26.65;8.62;20.31;39.95;20.7;4.78;25.98;30.99;22.34;48.56;29.21;45.15;66.71;51.44;61.59;53.62;38.34;45.06;29.61;72.9;57.51;51.38;61.87;51.36;59.27;53.53;55.84;49.64;7.61;18.4;15.1;48.67;61.57;56.38;30.72;54.26;46.13;62.2;66.8;73.4
O3;uur;µg/m³;2023-09-02T22:00:00+01:00;2023-09-02T23:00:00+01:00;45.7;53.7;47.2;49.2;23.7;22.11;8.12;4.84;30.01;20.72;1.91;24.32;30.58;14.81;52.92;26.78;50.03;60.63;52.2;56.5;55.42;35.22;48.91;24.54;61.32;54.65;47.74;55.92;39.46;50.24;50.28;43.22;41.53;11.38;7.23;29.33;47.04;57.61;61.46;26.96;62.36;36.66;54.4;59.5;60.6
O3;uur;µg/m³;2023-09-02T23:00:00+01:00;2023-09-03T00:00:00+01:00;51.1;47.6;33.7;38.3;22.3;28.54;5.7;2.03;12.23;22.3;2.29;15.72;43.33;14.16;58.76;10.39;44.87;59.66;47.91;53.97;45.82;36.44;36.05;38.9;56.22;45.67;45.47;50.62;30.61;41.19;42.22;32.65;38.01;16.9;16.67;34.31;44.35;40.63;50.87;22.84;35.06;29.08;45.4;57.3;46.1
O3;uur;µg/m³;2023-09-03T00:00:00+01:00;2023-09-03T01:00:00+01:00;33.1;35.6;32.7;31.4;44.2;20.82;10.91;2.53;7.48;26.57;4.96;16.81;44.51;9.16;55.87;11.53;43.73;56.95;42.48;49.03;40.31;36.92;19.78;29.76;58.69;38.78;41.67;46.75;27.49;44.71;39.66;25.72;37.97;14.14;6.55;43;24.51;28.46;40.01;10.68;38.42;17.69;34.6;43.5;26.6
O3;uur;µg/m³;2023-09-03T01:00:00+01:00;2023-09-03T02:00:00+01:00;24.8;31.6;30.3;31.8;51;16.58;8.42;0.53;6.54;19.2;4.51;18.7;41.78;15.6;48.13;23.31;50.1;53.68;40.83;41.48;29.5;26.65;19.08;31.14;49.5;31.13;24.15;47.09;26.6;40.72;45.31;20.39;31.8;10.53;1.07;39.88;8.62;41.63;42.24;6.56;28.92;20.6;25.8;43.8;14.6
O3;uur;µg/m³;2023-09-03T02:00:00+01:00;2023-09-03T03:00:00+01:00;20.5;32.1;29.3;34.8;38.9;17.23;14.9;1.42;4.43;22.07;12.36;22.84;37.94;21.51;43.89;26.93;52.11;59.78;38.47;42.47;23.53;27.58;17.52;37.67;42.51;29.08;18.61;44.72;26.06;38.55;45.85;20.03;32.41;10.4;3.4;47.45;0.45;28.48;42.86;3.95;27.89;20.47;23.8;48.7;11.5
O3;uur;µg/m³;2023-09-03T03:00:00+01:00;2023-09-03T04:00:00+01:00;24.5;21.2;22.3;27.3;41.9;5.65;13;0.84;4.38;16.04;8.81;21.27;30.69;29.67;47.46;34.15;55.62;55.66;34.01;37.79;22.04;35.3;13.41;44.19;32.42;17.07;20.28;43.53;20.71;35.86;32.06;19.34;29.57;7.96;1.53;41.73;0.41;23.87;23.54;5.31;29.92;20.2;25.7;41.5;6.4
O3;uur;µg/m³;2023-09-03T04:00:00+01:00;2023-09-03T05:00:00+01:00;32.5;25.2;20.3;31;55.8;4.78;8.03;0.85;3.36;11.61;7.28;21.85;19.96;13.75;42.05;30.05;63.19;53.15;24.05;18.18;10.2;22.31;6.4;36.34;38.97;11.36;15.25;21.19;17.51;24.37;17.56;16.27;20.24;4.77;0.5;33.81;-0.68;15.24;29.26;5.88;29.06;24.54;15.7;27.3;1.5
O3;uur;µg/m³;2023-09-03T05:00:00+01:00;2023-09-03T06:00:00+01:00;29.3;27.2;22.6;26.7;32.1;2.08;5.37;0.55;2.13;7.71;3.01;18.17;21.05;12.86;40.92;17.83;61.73;48.34;18.52;8.32;5.11;20.76;1.89;34.21;20.19;2.95;10.76;24.77;12.03;16.47;7.62;11.17;18.18;3.07;0.94;30.67;-0.85;10.31;28.75;5.17;27.1;22.1;13.3;12.5;1.6
O3;uur;µg/m³;2023-09-03T06:00:00+01:00;2023-09-03T07:00:00+01:00;29.5;21;17.3;26.7;25.4;3.53;5.74;0.38;3.92;8.02;3.19;17.12;14.36;9.14;35.75;24.35;52.41;39.8;19.39;6.15;4.72;18.32;4.46;29.78;20.32;4.8;11.02;21.7;9.6;13.77;9.8;8.8;16.56;-0.2;0.55;35.99;-0.08;14.21;26.24;7.54;22.21;24.59;10.4;13.7;3.9
O3;uur;µg/m³;2023-09-03T07:00:00+01:00;2023-09-03T08:00:00+01:00;26.5;30.9;14;24.5;28;13.37;17.54;8.72;12.13;13.78;3.08;25.77;25.28;13.59;36.86;19.8;50.86;37.06;21.63;17.69;8.54;29.64;9.52;27.01;28.45;7.66;15.2;35.78;21.29;27.18;16.58;23.4;22.82;6.78;5.1;37.43;2.51;19.39;37.61;13.99;42.04;48.2;11.2;21;5.2
O3;uur;µg/m³;2023-09-03T08:00:00+01:00;2023-09-03T09:00:00+01:00;37.7;26.2;16.5;18.5;11.3;19.74;26.04;14.93;17.3;35.6;18.19;30.89;36.16;30.97;50.48;28.28;47.86;31.29;36.06;43.71;38.98;42.24;22.31;22.25;67.71;36.37;36.52;44.94;31.27;35.75;46.98;37.64;34.88;29.95;19.2;31.88;20.62;48.35;62.06;55.9;64.27;66.9;38.7;47.2;52.6
O3;uur;µg/m³;2023-09-03T09:00:00+01:00;2023-09-03T10:00:00+01:00;43.6;44.5;24.2;32.9;19.8;33.04;36.6;30.53;37.14;43.43;41.08;43.88;52.1;49.52;63.04;48.9;62.14;52.44;49.63;54.34;68.84;57.01;47.35;29.33;76.22;52.63;71.06;58.75;41.05;43.31;53.02;50.33;43.72;59.58;53.53;47.09;58.79;66.57;77.52;77.86;75.53;74.32;67.2;53.9;72.1
O3;uur;µg/m³;2023-09-03T10:00:00+01:00;2023-09-03T11:00:00+01:00;62.5;51.4;47.7;54.4;31.1;63.63;65.09;60.31;63.13;64.54;62.91;64.87;69.84;74.51;74.57;73.73;76.87;67.92;61.15;68.65;82.45;72.76;62.53;43.8;80.85;65.28;76.81;66.54;63.68;62.16;60.75;70.55;58.63;76.31;72.84;63.81;73.5;73.29;84.72;76.04;78.03;79.11;72.4;63.6;79.9
O3;uur;µg/m³;2023-09-03T11:00:00+01:00;2023-09-03T12:00:00+01:00;66.3;57.3;64.3;64.4;61.9;75.98;70.26;76.08;76.8;80.58;72.62;76.62;77.78;82.78;83.95;98.66;83.17;79.89;74.28;81.18;92.02;82.33;69.26;50.38;82.47;65.57;82.91;74.45;69.59;72.68;71.41;79.61;77.21;82.23;83.94;72.53;72.49;79.71;84.85;77.24;80.38;80.47;76.2;70.6;83.2
O3;uur;µg/m³;2023-09-03T12:00:00+01:00;2023-09-03T13:00:00+01:00;72.3;61.1;75.2;65.2;84.5;83.86;81.34;79.02;80.01;88.25;76.13;79.84;81.93;87.13;88.95;101.21;85.15;84.04;81.06;83.14;94.02;86.88;80.38;54.4;84.24;55.58;83.78;78.04;71.42;71.53;74.38;81.12;83.16;83.19;82.99;79.82;75.4;82.96;85.46;83.2;81.31;82.64;79.3;71.4;82.4
O3;uur;µg/m³;2023-09-03T13:00:00+01:00;2023-09-03T14:00:00+01:00;82.4;65.9;82.8;79.1;92.3;86.91;86.35;86.29;88.67;92.61;77.56;82.07;83.3;93.35;96.94;94.72;88.16;87.86;85.17;88.05;98.68;91.12;88.34;64.38;88.71;64.5;82.18;81.59;71.64;72.29;74.72;81.68;85.91;82.65;82.09;82.08;79.16;81.97;86.64;84.62;85.8;84.12;82.4;75.3;86.6
O3;uur;µg/m³;2023-09-03T14:00:00+01:00;2023-09-03T15:00:00+01:00;87.6;72.7;82.6;76.1;95.9;91.72;88.55;91.3;90.92;96.89;80.21;84.89;87.04;97.34;100.22;98.74;91.08;92.7;89.56;92.94;91.66;94.67;90.06;67.44;91.83;75.79;84.45;87.13;76.98;79.46;81.81;87.24;89.01;85.41;86.44;84.53;79.89;82.98;85.55;84.1;85.77;81.76;87.9;73.1;91.7
O3;uur;µg/m³;2023-09-03T15:00:00+01:00;2023-09-03T16:00:00+01:00;92.2;73.6;86.8;92.1;97.7;93.53;89.9;96.31;94.66;95.43;81.67;83.65;88.23;97.9;103.88;98.42;91.25;88.99;91.77;93.42;91.37;95.46;94.51;71.26;92.24;80.2;83.32;89.26;82.73;83.52;82.63;91.26;88.52;93.15;88.95;86.29;77.95;81.81;81.47;83.99;87.69;81.57;88.7;74;92.7
O3;uur;µg/m³;2023-09-03T16:00:00+01:00;2023-09-03T17:00:00+01:00;93;77.6;86.9;94.1;95.2;94.47;90.19;96.31;96.43;92.53;78.31;81.23;88.42;96.92;109.41;85.4;95.71;85.59;91.07;93.67;97.91;93.57;95.6;70.42;88.66;66.43;81.52;83.99;79.73;76.83;72.86;89.5;86.36;83.32;88.44;84.45;77.71;78.13;78;83.12;85.25;82.6;82;74.1;92.2
O3;uur;µg/m³;2023-09-03T17:00:00+01:00;2023-09-03T18:00:00+01:00;89.4;72.7;84.4;89.2;98.2;92.17;84.05;96.1;97.38;88.56;70.25;83.26;87.96;92.43;97.69;85.74;86.77;85.5;87.96;87.95;96.36;88.9;93.51;58.57;81.84;66.64;71.84;74.18;68.19;71.37;55.14;84.93;75.27;62.02;82.57;79.62;56.99;67.29;79.29;81.13;84.07;77.01;77.4;70.7;88.7
O3;uur;µg/m³;2023-09-03T18:00:00+01:00;2023-09-03T19:00:00+01:00;80.2;67.5;77;80.8;76.8;81.34;62.54;89.33;88.15;68.42;64.36;75.33;81.37;86.44;84.38;72.13;87.14;80.94;74.42;80.25;87.78;87.08;86.41;52.34;58.88;55.13;48.18;57.22;42.29;53.98;50.9;67.48;67.62;42.75;80.08;73.72;41.67;62.03;71.37;64.36;74.83;61.89;71.4;67.6;84.4
O3;uur;µg/m³;2023-09-03T19:00:00+01:00;2023-09-03T20:00:00+01:00;73.1;52.8;63.8;70.3;83;59.81;46.18;48.62;49.32;48.86;50.68;69.14;69.93;78.44;59.78;70.94;79.8;75.85;61.42;74.12;74.33;81.39;69.49;41.95;53.91;45.86;39.23;50.8;32.55;24.17;41.47;42.67;67.33;42.78;50.41;56.87;29.31;56.73;65.87;48.06;62.46;50.71;70.2;59.1;75.8
O3;uur;µg/m³;2023-09-03T20:00:00+01:00;2023-09-03T21:00:00+01:00;68.4;49.2;54.2;63.7;76.3;55.89;32.41;19.81;33.31;43.05;36.18;60.06;63.71;69.37;55.47;69.1;77.3;66.39;54.21;63.04;61.85;67.11;49.19;44.97;61.95;36.77;27.18;41.19;37.59;34.36;33.9;33.02;43.49;36.9;28.22;40.36;18.96;33.18;58.68;11.84;42.77;38.36;64.4;60.7;68.8
O3;uur;µg/m³;2023-09-03T21:00:00+01:00;2023-09-03T22:00:00+01:00;60.9;50.3;47.3;51.2;63.2;48.54;26.94;11.26;21.93;42.33;27.12;56.24;56.11;61.72;53.69;53.59;65.34;63.57;55.05;55.42;44.48;57.1;12.08;35.73;60.16;35.91;35.56;33.78;23.07;24.27;30.26;26.09;47.25;35.49;7.3;43.67;7.28;21.2;43.6;11.77;32.4;27.91;63.7;54.9;59.4
O3;uur;µg/m³;2023-09-03T22:00:00+01:00;2023-09-03T23:00:00+01:00;46;57.5;49.7;42.1;54;37.43;27.2;7.41;33.39;24.93;24.61;49.57;48.86;56.4;52.46;43.49;54.81;58.4;53.8;50.99;33.69;44.81;10.01;26.85;62.56;37.94;37.07;32.25;20.04;22.09;32.67;18.5;37.65;32.68;2.99;56.91;4.39;29.67;45.17;8.28;28.73;24.43;45.2;49.1;44.9
O3;uur;µg/m³;2023-09-03T23:00:00+01:00;2023-09-04T00:00:00+01:00;38.9;55.7;48.4;33.9;44.4;22.09;23.09;5.31;22.09;22.38;20.87;44.81;46.54;52.19;46.78;39.74;46.48;58.69;53.76;51.13;40.68;31.57;11.86;25.48;52.41;31.73;28.52;28.05;18.47;24.83;18.01;27.77;32.8;17.26;2.09;53.57;6.22;40.98;42.09;10.76;34.31;11.63;38.1;36.2;33
O3;uur;µg/m³;2023-09-04T00:00:00+01:00;2023-09-04T01:00:00+01:00;37.4;42.7;36.8;30.4;36.5;27.78;14.16;4.42;21.37;24.24;21.9;41.36;42.94;52.21;43.25;33.04;48.36;50.53;48.88;48.08;33.26;17.3;14.14;28.01;56.81;36.01;22.68;26.31;22.52;25.61;25.6;29.78;38.4;11.86;0.65;51.51;5.12;31.58;31.08;6.53;35.91;20.78;22.8;38;30.5
O3;uur;µg/m³;2023-09-04T01:00:00+01:00;2023-09-04T02:00:00+01:00;33.7;48.6;30;30.5;40.9;19.2;6.99;3.05;25.5;21.42;20.65;30.91;37.78;42.81;42.6;32.47;43.48;52.23;39.95;36.34;21.89;2.87;7.31;27.18;48.6;34.72;18.16;25.6;23.94;28.33;26.9;30.72;25.89;10.61;0.23;33.39;2.97;35.41;30.61;2.6;35.57;19.03;18.5;39.2;28.9
O3;uur;µg/m³;2023-09-04T02:00:00+01:00;2023-09-04T03:00:00+01:00;26.5;45.8;30.9;27.3;38.5;15.55;9.34;6.22;17.33;14.14;19.63;24.18;37.45;24.17;44.51;31.01;45.53;51.62;37.09;30.83;19.89;13.98;8.51;27.8;42.02;28.22;17.96;29.02;22.68;34.11;27.56;23.01;24.49;18.57;0.22;31.76;8.24;33.11;37.9;0.87;18.6;30.33;33.3;27.9;27.8
O3;uur;µg/m³;2023-09-04T03:00:00+01:00;2023-09-04T04:00:00+01:00;29.8;37.6;26.4;27.1;35.4;6.87;6.75;5.18;9.63;16.8;19.14;24.72;33.57;22.78;45.11;29.31;49.58;43.77;22.27;28.98;24.96;15.36;7.33;27.23;36.96;27.28;20.37;30.16;16.92;30.78;22.98;20.52;27.54;10.86;0.15;37.11;14.27;32.86;43.01;2.59;33.15;24.08;25.1;37.6;23.6
O3;uur;µg/m³;2023-09-04T04:00:00+01:00;2023-09-04T05:00:00+01:00;25.6;30.6;16.1;22.3;37.3;10.77;9.23;4.58;10.28;19.37;14.16;20.65;29.04;26.35;43.51;23.3;48.15;42.25;22.09;27.34;26.99;15.77;8.77;17.17;41.05;25.26;20.03;27.5;23.66;30.55;23.18;21.25;27.21;6.25;0.13;38.76;17.8;31.21;38.89;0.24;23.51;14.42;33.3;40.5;26
O3;uur;µg/m³;2023-09-04T05:00:00+01:00;2023-09-04T06:00:00+01:00;15.9;24.2;1.8;15.6;31.8;11.73;8.19;0.13;14.68;10.56;12.04;19.24;23.01;16.16;32.78;16.98;36.95;27.48;17.4;12.22;33.38;2.17;0.45;2.35;46.36;19.65;22.24;25.3;12.68;18.84;21.29;16.73;26.92;5.44;0.16;35.33;5.12;27;36.49;1.74;16.44;8.56;29.3;;27.5
O3;uur;µg/m³;2023-09-04T06:00:00+01:00;2023-09-04T07:00:00+01:00;6.2;18;1.5;11.9;19.6;8.38;6.26;-0.05;18.46;7.47;11.21;14.78;10.53;8.02;31.68;9.03;30.27;15.39;9.36;11.02;26.15;3.4;1.75;1.27;40.49;0.77;21.67;21.47;15.25;17.35;17.66;14.95;15.18;6.46;0.52;30.92;14.49;25.1;29.6;1.6;12.74;4.33;30.3;19.6;24.1
O3;uur;µg/m³;2023-09-04T07:00:00+01:00;2023-09-04T08:00:00+01:00;13.2;14.9;4;8.3;21.3;22.48;18.7;9.73;24.54;12.52;8.86;18.22;18.51;15.91;39.65;20.04;26.81;22.27;23.52;26.75;32.81;16.39;5.44;5.41;44.02;9.29;28.97;24.52;15.78;17.5;25.99;28.09;25.36;10.02;10.42;29.07;29.57;25.65;33;12.12;27.73;15.01;40.2;23.8;29.8
O3;uur;µg/m³;2023-09-04T08:00:00+01:00;2023-09-04T09:00:00+01:00;18.8;20.1;13;10.2;26.2;38.01;36.65;29.63;34.18;23.84;15.45;31.36;24.77;32.04;40.45;31.37;26.4;20.66;34.56;30.33;51.03;25.42;16.81;12.44;58.02;29.08;47.86;29.63;23.23;23.61;37.18;34.97;33.13;30.99;37.63;26.89;36.61;42.95;43.92;36.12;54.53;41.64;55.1;41.4;49.4
O3;uur;µg/m³;2023-09-04T09:00:00+01:00;2023-09-04T10:00:00+01:00;27.5;25.1;23.6;17.6;30.5;72.89;47.14;43.42;46.98;31.49;30.72;46.25;37.86;48.28;46.76;44.16;42.9;30.62;44.56;43.42;57.19;39.59;25.61;21.86;68.68;42.85;57.44;42.6;35.04;35.22;37.72;45.54;40.6;43.71;56.48;45.63;51.62;53.2;56.07;63.13;74.04;69.21;57.1;39.8;56.7
O3;uur;µg/m³;2023-09-04T10:00:00+01:00;2023-09-04T11:00:00+01:00;46.9;27.6;26;31.5;44;91.91;59.74;51.78;54.55;48.93;47.31;63.37;52.42;69.48;57.11;53.14;60.31;43.3;53.64;50.31;66.72;56.47;35.37;36.98;68.73;44.65;69.08;57.12;42.48;46.55;48.23;52.83;48.89;54.54;69.23;60.78;66.6;67.51;71.78;78.31;83.12;80.64;57;;62.4
O3;uur;µg/m³;2023-09-04T11:00:00+01:00;2023-09-04T12:00:00+01:00;58;39.9;37.3;42.6;36.9;120.33;63.73;59.98;60.4;71.77;62.15;78.82;62.28;86.64;68.33;67.43;69.86;53.49;62.45;60.45;73.15;68.38;49.79;45.37;79.95;62.17;78.74;64.67;54.04;57.64;59.65;64.87;58.01;74.43;80.58;72.06;75.35;79.75;80.72;85.67;85.62;85.53;67.6;;79.5
O3;uur;µg/m³;2023-09-04T12:00:00+01:00;2023-09-04T13:00:00+01:00;64.2;47.8;52.7;58.2;54.5;119.74;84.45;70.53;74.05;95.77;75.51;86.32;80.88;96.58;78.59;82.71;78.55;63.62;73.64;74.8;88.66;73.97;71.46;54.53;88.13;62.04;88.15;75.72;70.75;65.75;64.64;83.6;75.04;85.35;88.15;74.31;86.87;84.55;85.62;89.14;89.89;90.55;70;64.9;87.5
O3;uur;µg/m³;2023-09-04T13:00:00+01:00;2023-09-04T14:00:00+01:00;74.9;61.5;70.1;71;70.1;128.42;92.67;84.58;88.28;106.81;87.67;88.3;98.19;97.05;92.12;92.41;83.77;76.98;90.05;93.43;95.25;85.02;81.44;61.41;94.66;67.14;96.88;82.75;78.03;83.39;83.51;92.52;89.58;89.68;96.22;83.14;93.65;87.03;90.43;92.07;92.85;94.3;77.4;67;78
O3;uur;µg/m³;2023-09-04T14:00:00+01:00;2023-09-04T15:00:00+01:00;88.2;67.7;81.6;81.7;59.6;111.07;100.43;96.74;97.06;106.06;96.93;95.42;106.91;98.88;97.05;121.19;94.49;87.69;101.34;104.56;101.2;96.7;94.41;63.57;99.74;81.45;101.89;92.41;84.72;88.08;91.19;100.57;94.66;92.24;101.93;101.38;99.67;88.01;91.61;97.98;96.21;96.48;99.2;93.5;104.2
O3;uur;µg/m³;2023-09-04T15:00:00+01:00;2023-09-04T16:00:00+01:00;98.3;80.7;91.3;90.6;107.7;103.28;109.68;102.67;103.94;107.24;92.67;106.82;109.26;110.16;101.25;122.26;100.87;100.8;107.17;105.78;108.54;103.33;98.34;65.8;103.13;79.59;105.82;98.39;89.75;94.44;89.16;102.15;102.63;95.19;103.19;104.52;102.92;90.87;91.11;99.31;95.81;96.78;96.3;101.8;115.9
O3;uur;µg/m³;2023-09-04T16:00:00+01:00;2023-09-04T17:00:00+01:00;99.1;80.9;101.2;97.2;107;103.77;102.71;104.75;106.8;108.97;89.2;108.95;104.34;119.21;110.12;110.09;100.58;101.73;101.68;105.86;113.89;104.3;110.72;56.57;99.33;86.13;97.86;94.66;85.22;88.44;88.61;100.5;100.43;98.49;102.27;103.67;100.46;88.92;86.87;97.09;96.19;96.08;96.6;101.2;114.2
O3;uur;µg/m³;2023-09-04T17:00:00+01:00;2023-09-04T18:00:00+01:00;103.5;85.9;97.5;90.1;105.1;90.27;95.12;102.47;104.89;92.88;80.31;105.88;103.15;112.35;105.64;110.46;102.64;98.45;95.85;101.77;105.37;100.94;105.46;55.92;91.82;76.2;83.71;81.25;92.05;86.95;80.41;106.06;94.66;93.24;101.03;93.75;90.45;80.1;75.17;86.58;86.72;85.02;95.6;98.3;107.4
O3;uur;µg/m³;2023-09-04T18:00:00+01:00;2023-09-04T19:00:00+01:00;98.3;79.8;96.1;95.9;104.3;73.42;79.08;93.48;97.88;85.71;87.49;94.74;96.72;103.4;87.04;100.57;100.05;96.66;93.93;85.26;92.89;89.95;98.33;60.66;76.81;68.05;76.63;72.03;79.16;74.91;68.83;97.34;93.72;85.58;88.84;80;76.71;72.16;64.02;81.94;70.85;78.44;83.7;84.1;94.5
O3;uur;µg/m³;2023-09-04T19:00:00+01:00;2023-09-04T20:00:00+01:00;85.8;77.2;81.7;79.4;88.6;71.62;74.16;89.9;85.86;74.74;90.83;82.46;86.39;94.23;76.51;93.7;92.2;88.04;82.58;85.63;81.39;90.99;86.63;58.55;65.06;55.58;71.29;66.65;77.95;83.11;71.48;84.96;78.22;78.5;63.71;66.89;35.34;47.68;53.87;62.76;58.28;68.87;72.1;58.9;72
O3;uur;µg/m³;2023-09-04T20:00:00+01:00;2023-09-04T21:00:00+01:00;69.2;72.3;68.9;73;86.5;68.37;59.71;78.91;84.37;69.65;84.31;76.84;84.27;82.2;71.19;72.22;93.46;83.24;76.92;77.49;68.32;89.16;69.98;59.99;61.29;38.49;67.75;65.72;73.23;73.78;54.97;71.55;67.06;63.34;70.5;70.5;64.06;65.51;56.44;66.33;56.05;63.66;65.6;59.2;53.2
O3;uur;µg/m³;2023-09-04T21:00:00+01:00;2023-09-04T22:00:00+01:00;48.6;66.7;64.2;67.7;74.2;69.32;52.46;72.94;73.6;54.19;66.01;69.72;77.51;73.41;68.34;52.71;87.15;80.82;57.74;60.99;62.22;76.22;59.39;56.27;64.95;30.34;63.05;58.07;56.43;70.54;50.26;63.34;63.47;69.25;64.56;70;67.11;68.07;43.47;66.08;65.82;59.33;69;66.3;46.1
O3;uur;µg/m³;2023-09-04T22:00:00+01:00;2023-09-04T23:00:00+01:00;40.6;62.7;58.2;61.3;72;71.88;36.77;80.33;75.8;58.91;49;57.61;71.83;67.45;68.5;58.4;75.99;77.12;48.99;51.66;66.71;69.58;55.83;55.99;60.17;26.6;53.68;56.76;58.57;69.86;46.97;61.26;67.46;58.55;55.5;66.03;53.43;59.46;47.16;29.84;61.76;50.23;63.2;65.4;47.6
O3;uur;µg/m³;2023-09-04T23:00:00+01:00;2023-09-05T00:00:00+01:00;31.3;56.7;48.7;56.6;64.9;74.58;40.57;83.29;86.24;55.1;44.49;50.72;62.53;60.01;59.8;44.41;70.65;73.02;44.9;45.79;67.25;64.28;44.32;61.35;54.16;28.07;48.65;55.68;49.39;65.64;49.53;55.34;53.98;53.2;54.57;54.51;51.9;54.88;43.15;37.71;41.4;52.36;61.3;62.3;49.5
O3;uur;µg/m³;2023-09-05T00:00:00+01:00;2023-09-05T01:00:00+01:00;36.3;43.9;41.1;54.9;57.9;75.29;44.32;64.48;78.85;40.85;45.6;50.35;55.69;54.17;50.88;28.89;67.19;63.2;38.6;48.62;53.69;61.84;36.41;60.59;52.16;38.29;46.91;52.62;50.54;58.33;44.21;59.07;48.84;42.48;32.88;49.78;49.14;51.05;45.01;27.57;29.56;47.99;63.2;55.5;51.8
O3;uur;µg/m³;2023-09-05T01:00:00+01:00;2023-09-05T02:00:00+01:00;28.7;44;44.1;50.2;59.8;63.68;48.51;29.13;66.92;31.37;39.7;44.51;47.06;49.11;45.27;50.01;65.87;57.37;41.46;44.8;43.33;61.04;47.09;60.24;54;41.36;46.51;46.34;53;55.53;45.61;57.9;45.22;35.91;11.7;42.04;48.27;48.42;45.8;11.41;47.26;34.73;58.7;58.2;50
O3;uur;µg/m³;2023-09-05T02:00:00+01:00;2023-09-05T03:00:00+01:00;26.8;45.5;42.9;48.2;56.9;;;;;;;;;;;;;;;;;;;;;;;;;;;;;;;;;;;;;;59.2;58.5;58.5
O3;uur;µg/m³;2023-09-05T03:00:00+01:00;2023-09-05T04:00:00+01:00;44.4;43.1;40.6;40.5;37.2;64.21;29.48;16.14;35.64;32;20.5;37.37;37.51;32.18;32.8;28.36;59.14;45.34;34.36;;48.77;50.37;27.76;45.44;47.53;32.61;31.62;40.06;46.37;53.45;35.74;51.61;42.41;38.83;20.34;37.95;48.68;43.58;;15.77;43.12;40.13;57.7;58.8;59.3
O3;uur;µg/m³;2023-09-05T04:00:00+01:00;2023-09-05T05:00:00+01:00;33.9;35.3;21.3;34.4;43.4;58.33;28.29;10.53;29.71;24.13;20.41;38.2;26.41;41.6;29.62;12.95;49.18;39.75;33.89;38.29;49.06;42.02;7.78;22.72;47.2;19.57;30.69;36.54;39.54;43.98;40.79;46;42.84;37;35.77;38.63;43.16;41.34;40.89;16.22;43.75;43;46.5;40;45.7
O3;uur;µg/m³;2023-09-05T05:00:00+01:00;2023-09-05T06:00:00+01:00;23.2;22.4;14.2;25.3;24.8;54.72;27.48;3.82;24.88;18.79;22.24;36.88;29.25;33.56;26.06;13.13;40.97;28.41;31.19;36.02;44.17;29.38;1.08;9.07;43.12;18.63;37.32;31.15;28.98;27.57;39.18;39.05;36.56;29.97;28.19;39.77;40.06;30.81;37.98;14.38;38.24;35.68;;29;37
O3;uur;µg/m³;2023-09-05T06:00:00+01:00;2023-09-05T07:00:00+01:00;18.1;12.3;12.9;16.6;20.2;44.13;35.44;2.26;21.18;24.81;14.55;36.85;20.87;22.87;36.3;30.92;27.83;20.35;26.26;32.05;42.32;19.38;4.36;6.12;37.35;6.55;38.18;29.11;26.57;21.22;33.9;39.75;33.58;31.47;13.1;41.75;37.8;26.59;33.76;6.63;38.61;27.78;39;24.7;39.9
O3;uur;µg/m³;2023-09-05T07:00:00+01:00;2023-09-05T08:00:00+01:00;23;16.5;8.4;11.1;14.8;51.84;53.31;15.28;38.66;30.71;17.46;42.27;28.97;41.42;39.64;41.22;27.09;28.3;27.48;39.11;41.9;21.13;10.64;8.51;41.64;18.18;42.52;31.71;28.98;31.62;34.2;44.04;35.52;28.93;35.67;38.01;37.39;32.76;39.52;24.37;36.8;31.69;44.5;26.7;43.3
O3;uur;µg/m³;2023-09-05T08:00:00+01:00;2023-09-05T09:00:00+01:00;35.5;22.6;15.5;20;19.3;57.31;56.55;25.53;45.08;44.95;26.78;46.75;42.54;51.14;45.24;47.82;31.47;36.76;38.94;46.58;48.23;33.96;21.11;14.21;53.2;27.96;55.17;42.86;37.93;38.28;42.79;49.07;43.47;41.02;61.87;46.46;40.14;41.65;43.58;31.89;42.18;36.58;46.5;28.3;48.8
O3;uur;µg/m³;2023-09-05T09:00:00+01:00;2023-09-05T10:00:00+01:00;43.1;26.7;21;32.3;22;63.88;61.82;;49;56.28;38.18;56.64;48.2;59.03;49.15;57.24;42.42;47.25;45.21;54.3;54.96;45.62;31.5;23.4;57.62;35.75;64.8;52.15;44.86;46;50.55;54.51;51.97;55.33;67.4;63.2;56.82;54.47;49.63;44.87;52.76;42.49;51.8;37.1;57.6
O3;uur;µg/m³;2023-09-05T10:00:00+01:00;2023-09-05T11:00:00+01:00;46.4;30.9;30.1;37;28.1;69.63;69.35;;60.86;63.5;46.22;70.89;57.4;67.92;59.74;72.33;51.14;44.06;54.77;59.12;67.25;54.18;36.94;31.4;62.23;39.87;72.06;61.51;49.68;53.77;54.7;61.72;60.07;71.92;66.21;72.8;73.7;69.13;60.99;60.21;65.49;;62.8;49.1;66.3
O3;uur;µg/m³;2023-09-05T11:00:00+01:00;2023-09-05T12:00:00+01:00;61.5;38.4;41.4;52.6;55.9;78.42;77.83;;;78.01;62.12;89.87;71.37;82.35;69.33;82.37;64.46;53.59;64.88;68.82;76.91;67.18;50.65;42.93;74.89;45.38;80.59;69.74;61.93;65.61;63.14;73.5;70.91;80.58;74.99;83.43;80.96;77.89;78.85;74.44;81.81;;73.3;62.3;75.5
O3;uur;µg/m³;2023-09-05T12:00:00+01:00;2023-09-05T13:00:00+01:00;71;55.8;63.9;65.9;82.2;88.58;88.91;;;93.63;80.63;97.89;82.87;93.82;86.13;95.78;76.12;72.42;78.18;84.06;88.89;80.09;71.75;52.29;92.72;64.19;89.06;80.84;72.85;80.05;77.16;87.61;86.41;93.14;91.89;96.11;88.3;87.83;85.72;87.77;89.86;;86.8;78.6;88.1
O3;uur;µg/m³;2023-09-05T13:00:00+01:00;2023-09-05T14:00:00+01:00;77.2;68.7;80.3;77.2;92.6;95.62;105.43;93.94;;105.54;101.6;100.24;94.74;99.78;109.42;109.01;89.35;90.26;97.12;102.37;96.22;94.49;82.14;60.34;104.45;76.16;;95.56;87.12;90.51;93.73;101.38;103.64;107.41;102.18;101.19;98.56;93.69;91.88;94.88;94.52;91.01;101.4;89.5;105.4
O3;uur;µg/m³;2023-09-05T14:00:00+01:00;2023-09-05T15:00:00+01:00;103.3;84.8;105.9;94.8;57.3;101.4;112.85;96.59;;107.69;113.96;108.36;98.63;109.18;128.14;117.69;104.42;107.12;107.87;117.21;111.9;112.78;113.83;75.15;110.72;93.56;;111.39;95.12;101.21;106.93;110.31;110.21;115.75;107.65;109.35;103.17;98.7;95.9;97.86;100.23;98.56;113.7;99.5;118.2
O3;uur;µg/m³;2023-09-05T15:00:00+01:00;2023-09-05T16:00:00+01:00;117.3;98.4;121.6;118.7;47.9;103.9;111.68;105.45;105.77;114.25;111.45;115.51;100.26;114.89;163.01;123.24;126.24;125.66;120.86;127.17;131.24;130.86;128.65;93.88;115.44;103.34;112.54;112.59;90.06;106.74;106.62;115.76;121.24;120.1;114.77;110.53;107.2;100.67;99.85;99.8;102.03;102.84;121.1;113.9;131.8
O3;uur;µg/m³;2023-09-05T16:00:00+01:00;2023-09-05T17:00:00+01:00;125;105.7;124.1;128.7;101.9;106.45;114.58;107.21;109.08;116.5;107.66;124.94;113.12;123.53;172.41;127.75;135.77;125.57;124.5;126.96;132.78;137.06;117.49;95.1;120.15;106.75;120.16;112.84;95.34;108.73;103.19;120.08;125.65;116.74;117.57;113.57;110.76;101.07;98.9;97.13;105.32;103.54;118;107.5;130.3
O3;uur;µg/m³;2023-09-05T17:00:00+01:00;2023-09-05T18:00:00+01:00;120.8;104.9;120.9;125;73.9;106.23;111.72;106.76;112.3;121.78;114.64;119.27;113.42;130.01;143.19;125.26;135.14;123.37;115.79;128.37;131.5;138.2;125;91.25;115.21;104.22;125.5;106.17;105.38;99.81;94.52;122.81;115.71;107.36;119.17;113.11;110.14;90.58;90.93;98.43;93.52;91.46;111.9;106.2;123.2
O3;uur;µg/m³;2023-09-05T18:00:00+01:00;2023-09-05T19:00:00+01:00;109.3;100;99.4;109;98.9;90.74;98.97;85.31;109.19;81.07;91.02;115.04;107.87;119.23;115.55;113.53;126.88;112.36;101.97;116.45;126.91;126.81;106.08;82.79;104.09;98.22;117;87.57;83.66;77.94;80.44;101.92;102.37;98.19;118.27;100.44;103.5;77.14;74.72;94.92;81.37;88.1;92.6;59.8;102.1
O3;uur;µg/m³;2023-09-05T19:00:00+01:00;2023-09-05T20:00:00+01:00;93.1;77.9;85.9;96.3;86.9;85.35;65.47;52.19;94.2;74.88;71.2;99.63;103.78;100.53;87.6;93.75;106.81;99.97;101.71;94.47;106.31;111.38;83.54;74.09;83.31;66.79;98.61;65.15;67.54;45.96;68.27;66.4;89.57;84.47;108.68;87.12;80.45;71.53;59.61;86.27;73.58;69.15;56.8;40.9;80.5
O3;uur;µg/m³;2023-09-05T20:00:00+01:00;2023-09-05T21:00:00+01:00;79;65;76.5;65.6;59.2;73.29;67.19;24.03;87.63;64.94;57.46;83.02;89.02;83.26;72.66;45.81;92.38;91.2;93.71;74.03;95.62;88.8;46.57;55.9;74.68;43.96;60.51;69.75;71.38;41.38;39.24;71.78;70.71;72.82;49.43;78.56;71.83;72.87;57.89;76.04;68.35;65.96;61.9;35.2;62.1
O3;uur;µg/m³;2023-09-05T21:00:00+01:00;2023-09-05T22:00:00+01:00;73.5;43.2;66.8;55;56.4;63.68;69.13;13.09;60.81;57.93;43.71;77.07;60.12;74.96;73;11.57;85.54;85.18;83.14;54.76;89.84;60.67;10.38;41.91;68.91;25.49;58.18;58.1;50.96;32.86;56.36;60.88;49.91;51.92;17.37;80.56;66.21;60.29;63.53;59.17;64.97;59.9;56;28.2;55.3
O3;uur;µg/m³;2023-09-05T22:00:00+01:00;2023-09-05T23:00:00+01:00;59.9;54.7;47.8;50.4;54.3;56.94;65.96;13.18;67.33;46.91;53.04;67.02;65.74;72.64;69.33;31.48;71.14;71.81;77.93;63.85;68.58;49.19;6.1;34.33;61.02;29.64;59.1;47.54;48.68;40.2;40.83;42.33;59.06;43.82;8.1;78.86;62;68.11;39.89;51.47;39.24;60.85;34.8;26.3;37.2
O3;uur;µg/m³;2023-09-05T23:00:00+01:00;2023-09-06T00:00:00+01:00;52.4;59.9;53.9;46.9;60.8;56.8;46.37;13.61;55.17;46.49;42.11;61.92;58.88;62.37;61.92;75.91;69.96;68.25;67.81;60.61;59.26;35.91;17.55;40.89;57.8;26.55;52.8;45.22;46.12;45.63;33.92;58.01;64.24;42.53;19.69;74.13;53.94;65.18;33.07;25.39;46.69;54.76;59.3;65.9;36.5
O3;uur;µg/m³;2023-09-06T00:00:00+01:00;2023-09-06T01:00:00+01:00;51.1;43.3;20;37.7;41.4;57.29;25.96;9.6;43.67;54.15;36.35;59.62;58.38;58.86;56.27;60.59;64.08;66.33;54.58;55.56;59.2;36.76;15.01;45.09;49.64;40.86;46.51;36.33;49.81;54.9;43.65;60.99;51.21;37.64;23.1;69.4;44.98;56.05;36.01;10.77;31.54;41.58;58.4;58;65.9
O3;uur;µg/m³;2023-09-06T01:00:00+01:00;2023-09-06T02:00:00+01:00;53;50.4;13.5;33.1;34.9;39.61;36.73;5.86;27.91;46.54;40.41;57.76;52.11;56.22;58.61;44.67;55.82;59.86;50.73;47.47;61.48;33.63;12.36;37.65;48.89;31.86;47.49;41.41;50.2;52.52;44.58;58.31;46.26;31.69;35.32;65.48;38.42;39.55;40.05;11.41;33.98;38.14;47.4;49.8;61.4
O3;uur;µg/m³;2023-09-06T02:00:00+01:00;2023-09-06T03:00:00+01:00;38.9;49;4.9;26.5;25.5;29.96;46.19;4.38;28.28;44;38.6;57.59;46.17;51.94;43.92;33.62;49.38;58.37;42;40.07;55.66;23.72;5.69;35.99;47.48;32.36;42.61;41.75;47.76;47.67;46.71;54.36;39.22;26.51;33.39;61.68;19.92;43.26;41.62;16.36;41.58;35.37;41.7;47.1;50.7
O3;uur;µg/m³;2023-09-06T03:00:00+01:00;2023-09-06T04:00:00+01:00;36.1;39.7;37.8;12;2.5;29.07;49.78;5.9;20.06;35.42;34.85;50.83;43.19;45.34;10.64;29.4;38.63;56.43;37.41;37.08;49.07;11.19;13.16;26.65;47.73;32.38;39.06;36.57;44.19;42.29;42.49;48.56;40.54;27.9;12.69;63.44;21.81;42.74;31.03;12.47;35.96;29.37;31.5;32.1;38.9
O3;uur;µg/m³;2023-09-06T04:00:00+01:00;2023-09-06T05:00:00+01:00;26.5;27.3;29.1;4.2;22;25.46;37.48;3.69;13.95;25.97;21.2;41.9;40.4;35.45;8.02;21.99;24.15;50.4;29.61;34.21;43.82;3.01;0.6;4.04;38.24;24.15;27.44;30.52;37.64;32.77;22.62;44.84;36.89;17.15;31.36;61.1;22.46;36.37;32.76;17.07;31.92;24.32;32;19.7;34.8
O3;uur;µg/m³;2023-09-06T05:00:00+01:00;2023-09-06T06:00:00+01:00;5.5;9.5;10.9;1.1;6.1;22.69;30.59;0.45;17.37;13.44;20.86;24.85;30.58;18;7.22;27.55;7.53;41.89;23.87;19.65;34.08;-0.16;0.21;-0.03;34.89;15.05;26.6;23.15;22.69;24.5;21.75;38.24;21.74;13.94;19.79;45.24;29.03;25.51;29.13;15.5;25.65;21.9;23;15.2;24.3
O3;uur;µg/m³;2023-09-06T06:00:00+01:00;2023-09-06T07:00:00+01:00;5.7;9.7;2.8;1.6;3.6;16.78;16.05;0.04;18.35;14.11;18.24;20.12;11.82;17.6;13.67;38.12;4.82;25.85;19.54;10.11;30.56;3.57;1.34;0.28;28.95;9.24;28.29;20.11;11.96;14.24;19.65;32.39;26.66;6.14;27.71;41.96;27.36;19.76;28.91;8.34;25.54;19.3;18.4;7.9;17.5
O3;uur;µg/m³;2023-09-06T07:00:00+01:00;2023-09-06T08:00:00+01:00;13.5;13.7;7.4;5.2;11.7;28.84;34.37;3.31;29.86;21.91;29.67;31.83;25.43;31.39;24.29;42.74;7.72;22.01;18.71;28.21;28.62;7.5;8.06;1.4;33.84;16.61;37.37;26.72;16.89;19.25;21.78;34.44;31.72;16.47;32.78;46.23;40.18;20.8;28.43;18.66;28.14;23.8;20.6;21.7;21.7
O3;uur;µg/m³;2023-09-06T08:00:00+01:00;2023-09-06T09:00:00+01:00;37.8;21.9;7;12.9;21.3;41.05;47;22.6;29.55;42.69;31.73;48.38;45.93;50.7;19.41;50.83;12.9;25.01;33.14;39.83;39.82;14.38;19.21;2.47;43.62;27.45;52.94;40.08;32.3;30.51;27.93;46.24;39.12;41.92;50.42;49.65;45.7;35.53;39.78;33.31;43.86;37.72;36.6;29.4;33
O3;uur;µg/m³;2023-09-06T09:00:00+01:00;2023-09-06T10:00:00+01:00;48.8;33.5;7;24.9;16;61.42;60.23;33.16;49.99;58.91;50.29;60.09;63.89;62.99;46.27;57.66;26.91;42.48;37.09;65.08;54.21;33.42;48.04;6.31;54.35;35.86;69.06;51.32;45.19;40.95;42.74;58.23;53.36;57.66;70.33;64.54;63.69;52.71;52.48;52.5;59.78;57.65;38.8;28.9;46.2
O3;uur;µg/m³;2023-09-06T10:00:00+01:00;2023-09-06T11:00:00+01:00;56.2;50.5;24.6;49.5;44.6;79.34;71.96;50.97;59.07;82.7;76.26;70.73;81.55;82.73;96.51;70.63;47.98;67.11;61.44;86.6;80.96;63.39;66.88;25.98;66.7;59.33;90.05;69.34;62.69;61.88;56.82;74.92;73.75;78.03;83.57;79.11;79.67;68.41;68.54;83.47;84.54;75.75;57.5;35.8;69.3
O3;uur;µg/m³;2023-09-06T11:00:00+01:00;2023-09-06T12:00:00+01:00;78.4;67.3;55.5;83.2;74;112.62;81.87;61.57;69.1;100.46;96.15;90.38;96.28;99.53;126.42;85.96;95.65;94.93;96.05;103.55;107.61;102.79;86.68;66.72;91.09;83.36;110.27;95.46;76.31;78.42;85.79;92.74;88.87;92.16;92.49;95.85;92.13;85.49;92.55;99.71;98.61;98.48;98.8;62.5;90.3
O3;uur;µg/m³;2023-09-06T12:00:00+01:00;2023-09-06T13:00:00+01:00;113.2;97.3;106.1;101.4;56.7;121.32;98.26;87.15;95.51;118.81;106.01;94.16;105.17;117.74;150.08;111.07;127.29;120.24;117.88;119.49;138.52;134.6;120.47;91.25;137.28;97.67;117.91;115.91;95.19;98.91;105.98;111.35;111.38;105.95;102.96;104.97;103.75;105.88;108.43;106.67;104.37;110.24;125.5;93.7;118.4
O3;uur;µg/m³;2023-09-06T13:00:00+01:00;2023-09-06T14:00:00+01:00;113.9;96.8;126.6;123.4;77;130.92;114.87;108.76;109.44;127.66;110.89;98.42;122.91;119.26;175.7;132.66;147.18;120.39;123.66;129.09;145.34;142.73;145.72;109.42;139.44;109.14;118.48;122.26;105.45;107.87;118.57;123.04;125.66;107.92;112.15;119.52;106.84;113.9;116.63;107.46;104.86;115.99;140.7;123.7;144
O3;uur;µg/m³;2023-09-06T14:00:00+01:00;2023-09-06T15:00:00+01:00;124;97.6;129.6;132.4;118.8;135.41;122.65;115.74;114.85;130.25;117.56;119.52;126.19;112;185.07;133.68;142.28;124.44;131.42;137.25;152.5;141.28;137.02;92.22;137.04;120.21;126.76;123.9;107.67;116.79;131.31;127.79;128.77;111.7;123.17;118.65;105.74;110.96;120.84;109.93;108.18;115.54;140.3;135.5;151.1
O3;uur;µg/m³;2023-09-06T15:00:00+01:00;2023-09-06T16:00:00+01:00;130.2;102.5;135.5;133;135.7;140.15;131.22;117.63;117.37;131.01;116.01;125.91;133.76;131.23;184.03;143.24;159.57;138.89;131.66;142.26;152.9;146.11;145.98;94.99;136.71;121.16;130.77;128.99;113.13;123.44;135.84;134.59;134.53;116.28;131.64;143.27;;116.46;118.98;112.17;112.74;114.89;140.1;136.7;162
O3;uur;µg/m³;2023-09-06T16:00:00+01:00;2023-09-06T17:00:00+01:00;133.6;117;137.9;139.4;141.8;118.22;129.55;119.29;125.79;142.14;110.65;131.45;136.41;131.4;144.18;171.61;168.28;135.58;131.36;134.76;147.62;147.67;146.27;89.79;141.34;120.49;131.13;125.24;121;129.08;128.16;144.43;140.57;115.43;149.05;150.22;;116.89;108.13;113.29;114.17;112.78;138.6;127.8;157.4
O3;uur;µg/m³;2023-09-06T17:00:00+01:00;2023-09-06T18:00:00+01:00;138.7;110;136.2;136.2;125.1;94.85;119.55;124.09;128.57;136.35;111.77;129.04;141.68;130.14;137.51;138.21;150.27;130.84;121.14;143.53;160.93;147.05;147.73;94.43;129.39;126.08;119.4;110.97;121.56;122.69;102.14;150.14;137.72;101.31;130.32;142.92;;93.91;92.04;107.94;118.09;102.05;146.6;135.4;150.8
O3;uur;µg/m³;2023-09-06T18:00:00+01:00;2023-09-06T19:00:00+01:00;128;109.1;128.8;122.8;101.3;94.29;72.51;118.8;116.54;104.65;104.3;112.24;133.17;127.8;128.75;83.47;137.74;124.8;115.84;134.63;158.83;138.15;140.9;89.06;88.86;97.09;98.25;103.53;97.11;102.31;76.31;127;121.35;93.01;107.97;123;98.18;89.78;72.3;94.33;97.69;89.45;139.1;133.3;146.5
O3;uur;µg/m³;2023-09-06T19:00:00+01:00;2023-09-06T20:00:00+01:00;97.9;68.5;97.5;111.5;81.1;60.18;68.08;93.11;106.58;59.46;89.46;81.65;114.95;112.91;112.99;74.59;123.28;111.38;98.85;113.51;111.84;108.29;72.1;68.95;98.39;86.86;62.77;90.58;82.56;65.83;63;77.37;101.41;91.6;68.01;87.8;62.41;87.28;59.18;86.24;83.23;63.04;109.7;117.5;116
O3;uur;µg/m³;2023-09-06T20:00:00+01:00;2023-09-06T21:00:00+01:00;59.5;53.6;76.7;103.8;62.6;47.19;47.59;34.31;85.16;68.47;75.72;63.22;100.39;69.4;100.22;39.21;110.88;111.02;77.7;93.86;97.94;68.45;46.77;57.98;96.88;68.7;54.65;73.31;88;70.64;60.38;60.3;82.55;79.41;16.48;79.24;29.35;59.41;58.68;29.74;70.79;68.8;88.9;86.9;96.1
O3;uur;µg/m³;2023-09-06T21:00:00+01:00;2023-09-06T22:00:00+01:00;65;78.1;69.9;86.9;31.2;48.95;46.89;25.58;47.74;48.41;57.1;83.59;86.88;51.41;94.54;28.97;85.95;107.19;54.26;108.03;88.26;62.72;41.92;52.28;87.18;55.29;53.03;71.25;77.38;79.01;30.38;44.67;87.48;70.06;22.59;71.96;24.62;41.94;50.66;21.64;59.14;63.62;55;53.1;71.5
O3;uur;µg/m³;2023-09-06T22:00:00+01:00;2023-09-06T23:00:00+01:00;61.6;58.2;59.7;73.2;61.1;31.1;36.56;20.68;44.81;43.83;43.38;71.82;88.38;57.77;83.01;36.97;79.46;103.46;52.89;91.2;67.34;49.04;38.85;58.33;77.02;43.6;55.31;63.04;64.27;73.87;41.25;46.4;76.19;58.71;3.74;72.47;35.95;55.98;53.62;28.51;56.8;60.57;39.1;32.4;55.8
O3;uur;µg/m³;2023-09-06T23:00:00+01:00;2023-09-07T00:00:00+01:00;46.7;72.8;46.1;59.9;70;15;22.92;19.24;52.35;36.73;47.7;55.83;78.6;39.05;71.92;37.99;78.3;96.66;62.71;74.25;37.99;43.51;28.18;57.94;66.27;35.77;54.66;60.65;55.39;60.78;26.07;44.9;72.74;46.27;3.55;74.79;19.64;66.22;57.5;53.54;55.44;64.29;28.7;35;44.9
O3;uur;µg/m³;2023-09-07T00:00:00+01:00;2023-09-07T01:00:00+01:00;69.6;73;47.7;50.1;64.8;25.19;17.88;17.21;42.77;33.78;41.09;42.77;71.22;46.33;66.02;32.6;85.53;83.67;61.16;69.08;28.22;27.94;19.94;67.2;57.66;26.2;51.27;54.57;46.85;55.98;31.81;41.02;67.59;37.72;3.17;57.99;29.37;61.04;55.44;50.24;57.32;64.57;32.6;49.1;39.8
O3;uur;µg/m³;2023-09-07T01:00:00+01:00;2023-09-07T02:00:00+01:00;62;70.7;66.1;42.9;57.5;21.63;5.72;12.65;39.97;31.85;38.67;40.33;65.82;42.58;62.59;45.32;76.47;77.61;61.7;67.67;46.7;61.49;33.96;60.08;57.41;17.9;49.06;46.1;43.61;52.38;54.19;33.18;69.63;18.5;0.08;54.83;40.48;52.51;54.49;61.7;56.58;60.24;39.8;64.9;43.5
O3;uur;µg/m³;2023-09-07T02:00:00+01:00;2023-09-07T03:00:00+01:00;61;60.8;50.7;42.3;50.3;21.32;5.54;8.54;42.76;19.03;36.9;37.84;55.79;40.07;51.55;43.87;67.96;74.42;51.51;57.11;60.55;59.94;15.66;51.9;54.9;19.17;48.58;39.3;45.62;46.01;46.25;39.43;55.52;17.09;1.12;47.22;47.24;51.13;51.62;63.51;54.69;47.74;55.8;60.2;50
O3;uur;µg/m³;2023-09-07T03:00:00+01:00;2023-09-07T04:00:00+01:00;54.2;51.2;46.8;41.2;44.1;19.53;7.24;9.7;44.94;12.59;30.55;32.19;48.71;33.79;44.87;34.29;61.65;63.12;56.73;51.68;61.16;39.94;10.22;44.95;45.59;24.73;47.05;40.46;30.48;39.44;42.5;37.66;31.28;11.52;2.03;43.63;44.72;52;46.78;56.89;52.43;40.52;56.5;58;53.1
O3;uur;µg/m³;2023-09-07T04:00:00+01:00;2023-09-07T05:00:00+01:00;39.5;44.1;24.4;35.9;36.9;23.67;6.31;6.85;35.04;10.14;17.3;30.04;39.66;20.43;41.02;44.04;56.02;50.6;48.32;44.29;53.33;32.07;9.51;26.65;50.72;29.35;40.83;36.03;25.33;34.24;37.88;29.21;23.51;8.13;0.27;39;45.82;51.05;44.03;47.32;45.87;38.47;50.6;42.7;52.1
O3;uur;µg/m³;2023-09-07T05:00:00+01:00;2023-09-07T06:00:00+01:00;25.3;24.7;3;22.9;28.8;8.66;8.37;1.65;33.62;5.27;16.52;22.8;31.54;16.72;37.61;41.08;38.36;37.36;29.36;36.52;41.44;16.59;14.27;9.76;42.39;24.63;;30.23;24.26;13.42;32.39;18.08;10.27;5.03;-0.11;38.22;48.93;47.09;44.45;46.6;41.1;36.75;40.2;;40.2
O3;uur;µg/m³;2023-09-07T06:00:00+01:00;2023-09-07T07:00:00+01:00;9.1;16.7;5.6;11.4;18.9;6.33;8.14;-0.1;29.98;3.77;8.67;25.17;15.87;19.73;30.31;36.72;24.38;23.41;23.92;31.12;32.46;14.75;2.31;1.84;39.66;7.98;;24.46;13.24;6.34;25.54;11.48;10.55;17.45;0.74;31.23;50.42;47;44.24;28.97;40.49;36.86;30.1;27.8;31.5
O3;uur;µg/m³;2023-09-07T07:00:00+01:00;2023-09-07T08:00:00+01:00;13.1;17.8;2.6;11.9;18.7;24.8;15.87;11.19;31.3;22.71;12.89;26.68;26.23;34.99;35.6;44.81;28.81;22.82;28.92;37.51;33.88;24.36;12.93;6.08;49.88;5.67;35.9;22.11;16.25;12.32;31.74;23.16;28.84;29.78;15.43;28.9;56.17;45.98;47.86;46.44;43.99;43.47;32.9;34.7;37.6
O3;uur;µg/m³;2023-09-07T08:00:00+01:00;2023-09-07T09:00:00+01:00;28.4;25.4;16.4;14.8;31.5;55.33;38.85;28.12;47.98;33.59;26.02;39.37;45.81;52.59;46.14;62.39;36.45;30.47;41.6;47.23;49.61;38.25;31.27;17.95;56.49;26.97;53.56;28.37;31.17;31.26;42.47;46.79;42.95;57.46;42.63;31.36;61.67;57.66;59.32;64.1;58.52;51.66;50.3;43.1;48
O3;uur;µg/m³;2023-09-07T09:00:00+01:00;2023-09-07T10:00:00+01:00;50.5;38.5;30.5;33.1;41;75.32;65.81;52.48;65.06;60.26;47.96;62.98;55.62;71.02;55.7;73.21;58.22;43.24;54.97;54.25;68.55;53.75;41.38;35.77;63.51;53.3;73.97;58.78;56.11;53.01;54.42;70.02;51.66;72.67;73.19;69;74.98;68.18;70.86;84.01;72.28;66.24;60.6;52;60.8
O3;uur;µg/m³;2023-09-07T10:00:00+01:00;2023-09-07T11:00:00+01:00;64.4;47.9;47;50.1;55.3;86.19;83.93;70.63;70.83;81.81;75.29;79.23;72.05;86.8;77.68;92.23;73.45;63.69;65.46;69.27;83.39;69.89;55.25;48.03;75.75;68.6;87.89;73.82;74.2;70.44;70.43;86.75;63.96;87.61;92.64;89.8;83.91;79.29;82.12;101.31;86.37;85.92;72.9;67.6;70.9
O3;uur;µg/m³;2023-09-07T11:00:00+01:00;2023-09-07T12:00:00+01:00;74.8;64.7;67.2;62.4;72.6;111.23;98.57;85.39;87.62;102.79;91.63;93.43;94.7;103.1;101.62;110.27;86.45;79.95;84.6;95.85;102.29;88.53;74.37;60.6;91.19;80.5;102.95;88.15;88.14;82.96;95.05;103.72;86.4;106.62;109.25;103.72;103.21;92.35;101.08;117.02;105.71;106.64;99.3;85.9;90.1
O3;uur;µg/m³;2023-09-07T12:00:00+01:00;2023-09-07T13:00:00+01:00;93.7;80.8;89.8;90.4;100.6;121.8;110.77;106.13;109.83;118.78;107.17;105.47;111.81;120.81;117.95;127.21;104.18;104.64;106.01;114.09;120.48;105.42;101.06;77.7;110.91;103.38;120.08;110.76;100.21;109.23;108.85;120.66;108.25;120.93;122.6;113.53;124.26;108.42;113;131.57;123.08;122.21;119.7;112.7;117.9
O3;uur;µg/m³;2023-09-07T13:00:00+01:00;2023-09-07T14:00:00+01:00;109.2;98.1;112.2;112.9;106.6;120.9;125.11;122.22;121.85;125.55;115.42;121.04;121.19;133.26;123.26;137.95;118.08;122.38;124.31;127.8;141.41;123.76;114.42;92.38;122.91;114.27;129.28;124.78;111.82;122.06;120.97;133.79;125.94;127.4;128.28;136.04;130.32;122.64;119.81;138.78;127.21;132.58;123.7;131.6;142.8
O3;uur;µg/m³;2023-09-07T14:00:00+01:00;2023-09-07T15:00:00+01:00;123.1;106.4;128.4;121.8;134.1;133.56;130.93;126.29;126.11;137.93;120.47;130.48;130.8;151.37;132.34;140.08;130.18;133.73;134.06;137.43;152.6;134.87;131.57;100.96;126.34;121.49;142.13;141.08;120.86;133.18;127.27;144.36;132.86;129.48;133.52;153.08;133.85;134.14;123.57;141.21;134.41;138.32;127.5;134.6;152.5
O3;uur;µg/m³;2023-09-07T15:00:00+01:00;2023-09-07T16:00:00+01:00;129.7;112;135;132.8;128.7;138.01;140.09;131.72;133.6;147.87;128.17;135.86;127.84;154.43;131.35;144.41;135.7;137.62;138.67;141.86;162.38;140.97;142.49;104.87;128.3;129;141.97;144.27;131.59;142.86;134.16;151.6;145.47;129.33;137.88;164.58;137.04;136.73;131.66;138.78;136.85;133.42;138.2;127.6;151.8
O3;uur;µg/m³;2023-09-07T16:00:00+01:00;2023-09-07T17:00:00+01:00;134.6;119;133.1;138.9;82.3;130.28;143.94;135.55;136.85;149.8;124.36;139.12;147.49;158.04;138.96;139.88;142.69;140.26;140.36;145.46;164.73;147.67;148.69;107.08;132.12;132.04;135.53;146.62;136.25;148.45;131.87;159.34;153.46;125.99;145.18;170.65;130.38;128.8;127.9;137.51;129.13;131.29;133.1;125.8;144.6
O3;uur;µg/m³;2023-09-07T17:00:00+01:00;2023-09-07T18:00:00+01:00;135.6;121.3;134;136.7;135.5;122.29;133.31;132.77;135.93;140.89;118.64;140.52;148.22;146.06;136.76;141.22;149.78;142.65;138.77;145.03;163.83;153.44;141.68;111.71;135.59;128.51;131.34;143.19;154.16;153.05;130.38;179.08;142.3;123.68;146.46;159.37;127.6;114.73;123.85;133.59;117.21;124.74;134.5;120;140.5
O3;uur;µg/m³;2023-09-07T18:00:00+01:00;2023-09-07T19:00:00+01:00;126.5;102.9;115.2;133.6;122.8;102.84;96.95;112.21;125.01;122.26;94.97;121.35;134.66;133;119.24;129.34;141.89;124.77;123.06;135.3;154.59;144.4;134.34;101.46;115.08;120.41;116.02;134.65;151.06;138.02;118.91;168.89;133.4;117.16;135.09;135.58;120.19;92.46;113.3;125.41;103.81;104.15;123.9;113.9;132.1
O3;uur;µg/m³;2023-09-07T19:00:00+01:00;2023-09-07T20:00:00+01:00;102.2;70.3;89.4;107.4;97.1;85.94;67.98;35.52;111.18;89.87;77.06;109.69;110.12;121.88;115.71;83.91;127.59;108.81;116.46;107.19;143.01;123.44;93.43;85.61;89.61;93.96;105.68;121.71;130.02;78.26;104.83;110.35;121.73;103.23;67.5;105.93;108.39;85.93;84.68;105.21;92.77;79.53;94.4;94.5;100.2
O3;uur;µg/m³;2023-09-07T20:00:00+01:00;2023-09-07T21:00:00+01:00;96.2;83.3;51.5;83.3;85;72.58;43.67;19.54;96.03;79.99;53.38;93.27;85.92;111.25;75.58;62.65;120.26;98.04;93.62;68.99;89.39;88.97;33.56;67.2;86.86;75.96;93.11;112.58;99.1;92.35;90.02;73.46;116.44;97.61;62.08;91.5;100.65;91.8;86.71;81.22;86.65;81.82;80.8;91.1;72.4
O3;uur;µg/m³;2023-09-07T21:00:00+01:00;2023-09-07T22:00:00+01:00;66.1;86.2;55.9;74.8;77.1;71.58;57.79;15.3;89.27;50.25;40.77;80.75;67.98;99.03;68.97;42.24;123.07;111.47;42.4;49.93;95.76;53.64;15.68;67.79;91.9;68.25;86.54;94.35;78.7;76.74;57.72;70.02;96.85;96.33;13.91;95.72;90.91;77.58;75.9;75.77;76.53;81.55;70.6;91.3;70.2
O3;uur;µg/m³;2023-09-07T22:00:00+01:00;2023-09-07T23:00:00+01:00;59.7;83.7;60.1;72.5;74.6;66.51;82.29;13.95;64.8;39.28;26.27;76.78;68.75;88.1;79.69;28.79;117.68;112.38;60.33;71.64;78.03;16.02;17.85;59.94;85.97;58.08;87.17;86.25;80.19;65.5;61.42;61.1;79.17;79.87;21.31;90.61;84.32;84.86;78.64;90.57;71.23;78.11;67.3;84.5;81.2
O3;uur;µg/m³;2023-09-07T23:00:00+01:00;2023-09-08T00:00:00+01:00;58.4;78.5;66.5;76.6;80.5;65.31;72.25;24.72;68.74;32.72;19.46;71.07;61.83;79.01;79.07;5.82;100.53;101.16;51.24;57.36;58.12;36.17;11.24;74.64;76.03;56.73;76.59;69.1;69.31;70.76;68.23;75.66;80.7;70.38;10.06;85.61;74.49;76.95;78;85.11;70.76;78.53;74.3;90.2;85.6
O3;uur;µg/m³;2023-09-08T00:00:00+01:00;2023-09-08T01:00:00+01:00;74.6;59.7;51;70.4;79;56.8;63.68;22.85;83.41;47.36;34.21;67.89;54.14;72.51;65.89;4.97;94.58;83.66;36.35;61.96;82.21;28.08;14.64;73.87;70.04;77.37;73.53;49.03;64.39;69.08;64.3;58.35;69.05;69.13;9.42;86.84;66.16;74.14;73.59;81.1;65.64;76.45;77.4;84.5;86.4
O3;uur;µg/m³;2023-09-08T01:00:00+01:00;2023-09-08T02:00:00+01:00;57.6;44.7;29.1;51.3;65.3;53.21;31.15;17.63;85.59;46.77;41.85;64.27;53.95;66.95;57.14;14.03;82.54;82.57;46.99;61.27;81.47;42.37;3.2;66.45;66.36;74.17;65.32;36.06;58.85;63.42;61.4;68.27;56.86;65.81;33.76;83.24;66.3;68.37;64.44;77.45;59.81;73.93;73.5;60.1;70.8
O3;uur;µg/m³;2023-09-08T02:00:00+01:00;2023-09-08T03:00:00+01:00;45;28.6;16.4;40.1;42.3;49.5;15.31;20.11;71.88;45.08;37.81;56.8;51.91;60.31;33.24;9.03;69.24;58.35;40.26;53.39;70.75;35.12;2.77;53.68;57.82;60.39;61.3;43.82;52.79;52.77;56.81;60.94;49.6;69.18;54.03;79.98;74.36;67.35;58.41;65.61;55.07;61.22;66.7;71.8;58.8
O3;uur;µg/m³;2023-09-08T03:00:00+01:00;2023-09-08T04:00:00+01:00;36;47.4;3.7;22.4;7.8;30.85;17.08;18.23;52.91;38.24;36.76;56.8;50.35;52.13;24.53;19.99;57.24;49.3;27.74;41.86;64.28;29.91;-0.01;39.79;58.29;52.45;56.77;45.45;50.15;50.19;49.85;55.28;45.25;64.63;39.39;73.68;70.85;58.27;54.51;40.9;48.57;54.44;64.7;59.8;62.7
O3;uur;µg/m³;2023-09-08T04:00:00+01:00;2023-09-08T05:00:00+01:00;28.7;34.7;2.7;10.9;1.8;16.3;9.12;10.54;35.07;39.22;31.35;49.68;47.39;47.55;20.39;25.6;46.51;30.75;36.91;33.78;55.78;22.3;0.1;21.54;54.74;40.37;50.36;31.59;46.7;44.37;34.83;52.46;34.5;57.28;28.09;74.28;56.94;54.51;56.46;33.69;42.05;54.44;56.9;54.1;56.4
O3;uur;µg/m³;2023-09-08T05:00:00+01:00;2023-09-08T06:00:00+01:00;10.4;17.5;16.7;4.4;16.9;18.44;5.97;7.72;23.27;26.32;13.3;38.02;34.71;40.39;6.97;19.12;26.78;29.83;26.1;24.18;47.9;9.07;-0.06;2.93;55.71;24.15;47.93;27.63;35.23;29.55;35.38;47.11;31.55;51.06;29.63;63.69;63.83;51.23;49.48;38.68;43.5;48.7;46.8;31.8;53.2
O3;uur;µg/m³;2023-09-08T06:00:00+01:00;2023-09-08T07:00:00+01:00;4.6;9.7;3.4;1.6;12.8;22.23;8.76;2.13;12.85;22.44;10.65;27.02;13.11;30.53;4.97;13.99;11.39;28.72;11.79;13.18;33.28;4.5;0.54;0.34;50.04;13.96;36.95;19.88;19.94;21.07;26.76;39.55;22.46;39.77;31.74;57.93;62.15;44.17;45.17;26.72;37.34;42.3;24.5;22.9;43.5
O3;uur;µg/m³;2023-09-08T07:00:00+01:00;2023-09-08T08:00:00+01:00;12.7;11.2;7.7;3.6;7.9;28.75;36.9;9.01;24.05;39.16;25.42;23.87;29.12;39.14;17.6;16.48;10.12;21.41;12.15;33.5;31.03;10.67;4.1;1.56;44.96;28.17;49.4;27.09;26.06;25.89;25.74;43.67;35.94;41.81;36.45;53.77;61.08;44.66;49.61;40.88;47.43;48.61;34.3;40.7;41.1
O3;uur;µg/m³;2023-09-08T08:00:00+01:00;2023-09-08T09:00:00+01:00;36.7;23;12.4;16.2;10.3;50;50.04;33.42;54.02;55.1;42.9;50.62;52.09;54.99;32.25;47.63;19.65;23.89;37.96;51.55;46.43;14.14;31.04;5.23;54.15;37.13;62.58;41.46;35.34;43.16;35.95;53.39;45.58;58.64;52.66;67.46;67.21;54.04;57.77;58.36;69.23;66.19;39.4;47.5;52.8
O3;uur;µg/m³;2023-09-08T09:00:00+01:00;2023-09-08T10:00:00+01:00;50;36.6;17.2;29.5;18.9;57.1;71.93;78.92;83.11;69.63;58.25;78.82;71.15;80.6;33.3;60.03;39.49;59.56;58.93;68.67;55.61;38.01;61.15;14.68;66.28;49.39;76.73;58.36;51.79;66.68;53.28;66.87;59.82;74.48;75.79;85.03;79.96;69.21;67.05;71.18;83.36;72.65;52.2;61.8;61.9
O3;uur;µg/m³;2023-09-08T10:00:00+01:00;2023-09-08T11:00:00+01:00;76.9;48.4;36;46.6;38.1;82.73;99.88;92.32;106.68;102.16;68.34;99.46;98.1;103.27;58.19;90.77;84.29;84.66;80;83.96;87.08;81.36;71.19;34.03;79.75;72.98;101.5;77;73.74;83.41;71.2;87.46;82.31;84.12;102.32;103.39;93.04;84.86;89.38;89.83;103.36;89.15;80.5;86.6;95.5
O3;uur;µg/m³;2023-09-08T11:00:00+01:00;2023-09-08T12:00:00+01:00;97.7;76.9;63.9;90.4;29.5;118.86;122.17;117.9;124.94;124.79;102.81;113.13;124.04;120.39;71.27;112.53;114;111.91;107.42;111.46;126.28;124.3;112.74;73.92;106.57;105.61;125.48;104.63;98.71;105.24;104.57;112.83;112.41;99.86;123.12;122.58;111.74;105.65;112.58;111.85;123.74;115.69;119.9;113.3;126
O3;uur;µg/m³;2023-09-08T12:00:00+01:00;2023-09-08T13:00:00+01:00;124.3;98.7;112.7;113.1;70.1;134.5;132.41;137.98;135.97;135.75;131.67;125.11;128.22;135.45;110.54;123.43;117.26;138.8;132.57;151.24;150.98;146.13;131.74;87.85;125.15;141.18;144.54;137.03;116.5;128.31;120.82;133.26;143.04;117.03;132.5;133.65;123.76;131.96;124.96;127.34;136.41;138.48;147.7;142.3;153.1
O3;uur;µg/m³;2023-09-08T13:00:00+01:00;2023-09-08T14:00:00+01:00;123.9;106.7;128.5;116.3;89.4;143.05;138.68;146.28;144.16;143.72;181.49;127.67;131.46;141.8;152.52;134.24;140.56;143.42;132.47;169.11;165.92;156.97;136.11;130;147.14;152.63;150.42;149.23;130.9;137.2;128.22;147.18;154.58;126.74;146.54;137.9;137.02;141.33;134.12;136.39;143.29;147.65;167.7;152.1;168.5
O3;uur;µg/m³;2023-09-08T14:00:00+01:00;2023-09-08T15:00:00+01:00;130.9;107.5;131.4;87.6;62.2;144.68;141.01;148.49;154.05;144.3;150.54;130.53;141.83;140.54;152.37;134.28;150.71;141.72;139.72;163.76;179.98;158.01;138.75;150.69;167.5;156.01;160.79;154.79;134.34;145.6;138.37;152.31;163.3;146.72;151.55;148.34;143.37;147.32;144;142.27;146.55;149.31;172.8;160.4;171
O3;uur;µg/m³;2023-09-08T15:00:00+01:00;2023-09-08T16:00:00+01:00;135.8;109;135.6;33.3;63;145.23;140.94;142.98;161.16;146.43;149.12;130.64;157.84;141.68;187.43;127.11;133.62;144.14;135.16;155.18;156.41;147.71;138.73;134.27;175.18;142.22;163.45;169.95;137.34;147.58;137.77;150.71;173.95;153.3;146.66;148.02;147.17;152.58;151.36;145.79;151.97;149.35;184.7;180.1;190.8
O3;uur;µg/m³;2023-09-08T16:00:00+01:00;2023-09-08T17:00:00+01:00;136.6;116.3;134.8;38.5;63.1;146.53;144.13;135.24;151.78;144.02;158.95;130.16;179.71;145.71;214.67;144.21;118.57;143.51;145.92;165.11;165.48;135.77;106.37;120.11;168.14;126.58;153.65;165.39;139.83;150.29;146.3;157.91;158.48;139.83;157.87;148.26;154.58;150.65;156.99;144.26;148.22;151.79;181.2;176;180.3
O3;uur;µg/m³;2023-09-08T17:00:00+01:00;2023-09-08T18:00:00+01:00;133.3;95.7;95.3;43.9;86.8;137.49;142.13;127.63;145.62;132.05;161.56;121.6;192.46;140.49;126.48;144.15;139.93;131.7;135.37;163.62;195.9;132.13;105.37;140.9;148.3;112.44;150.96;150.17;145.33;162.6;141.41;165.18;123.19;123.64;153.89;144.93;142.86;120.76;139.84;133.12;141.15;144.59;157.9;156.6;147.4
O3;uur;µg/m³;2023-09-08T18:00:00+01:00;2023-09-08T19:00:00+01:00;103.1;78.3;107.1;42.3;88.7;116.22;106.41;70.58;104.21;101.37;129.24;100.36;148.95;124.72;95.23;144.34;138.64;107.26;103.46;135.81;125.79;129.29;88.01;128.45;129.4;113.44;123.92;118.08;133.21;131.19;99.91;152.6;89.34;121.63;112.74;133.36;110.15;88.27;130.9;102.01;98.83;124.18;123.7;121.2;113
O3;uur;µg/m³;2023-09-08T19:00:00+01:00;2023-09-08T20:00:00+01:00;88.4;70.7;89.9;96.8;52.9;69.52;87.16;26.77;56.04;59.7;99.13;76.71;126.83;72.44;52.74;113.78;134.3;102.39;82.93;104.27;81.99;111.53;74.87;136.52;126.25;100.42;90.33;100.57;99.15;20.38;62.9;116.66;86.1;112.05;47.91;126.93;75.44;104.47;102.08;83.8;91.5;88.63;101.6;106.2;94.4
O3;uur;µg/m³;2023-09-08T20:00:00+01:00;2023-09-08T21:00:00+01:00;71.2;72.9;69.2;34.9;14.1;50.57;53.44;23.11;32.93;41.61;84.43;13.91;113.33;18.48;48.66;102.87;107.07;106.9;83.06;57.78;62.73;107.03;47.75;115.66;94.11;62.11;64.88;83.69;49.34;16.28;34.35;47.6;87.33;77.44;17.12;116.43;49.28;92.26;92.25;52.24;74.51;70.45;80.9;52.9;76.9
O3;uur;µg/m³;2023-09-08T21:00:00+01:00;2023-09-08T22:00:00+01:00;17;49.1;43.7;3.4;17.3;35.35;43.34;15.31;21.55;60.95;59.19;15.77;94.23;7.53;32.93;85.95;49.82;78.44;86.12;30.67;46.62;69.5;29.38;65.51;116.08;42.07;61.16;66.41;20.69;25.82;48.33;27.48;67.36;53.31;1.94;115.08;49.41;84.06;71.45;45.84;58.53;45.92;65.8;22.2;40.4
O3;uur;µg/m³;2023-09-08T22:00:00+01:00;2023-09-08T23:00:00+01:00;0.9;31.3;33.5;24;12.1;44.68;37.21;10.86;14.91;52.88;36.99;19.81;65.34;31.92;25.49;64.79;45.05;53.76;67.04;16.24;40.71;23.03;7.55;48.33;89.92;35.89;34.85;56.64;29.19;50.45;41.02;36.09;41.54;42.11;1.33;124.03;45.17;48.15;79.03;17.93;53.23;45.01;57.6;94.4;30.8
O3;uur;µg/m³;2023-09-08T23:00:00+01:00;2023-09-09T00:00:00+01:00;5.2;22.4;16.6;16.3;1.5;36.06;20.64;7.44;16.33;27.9;18.96;10.76;78.84;20.1;25.05;56.85;37.79;42.37;50.18;3.25;38.3;6.29;0.87;49.98;95.05;20.7;40.85;59.59;40.95;63.41;33.77;43.66;45.25;35.46;15.66;122.39;34.02;80.42;82.06;48.5;66.59;36.68;85.3;68.5;13
O3;uur;µg/m³;2023-09-09T00:00:00+01:00;2023-09-09T01:00:00+01:00;2.4;19.1;23.9;1.3;2.8;18.35;12.78;4;14.95;25.77;7.58;16.68;83.31;16.26;27.24;45.77;18.08;41.85;29.1;6.99;37.62;12;6.54;20.94;96.72;29.63;35.05;42.52;42.63;66.37;27.79;39.31;31.82;37.06;1.11;110.46;44.17;73.81;68.37;26.56;50.28;34.6;77.4;69.9;6.5
O3;uur;µg/m³;2023-09-09T01:00:00+01:00;2023-09-09T02:00:00+01:00;-2;19.8;21.3;0;1.4;8.44;13.93;9.41;11.34;18.05;0.05;37.68;81.83;15.76;19.96;30.75;23.18;35.82;16.58;1.48;35.42;5.88;1.38;22.01;127.67;24.47;34.83;32.47;41.08;54.77;27.79;41.29;42.08;42.97;0.47;89.23;26.76;37.66;74.7;10;28.88;27.95;82.9;67.1;11
O3;uur;µg/m³;2023-09-09T02:00:00+01:00;2023-09-09T03:00:00+01:00;-2;10.9;6.1;0.3;1.6;;;;;;;;;;;;;;;;;;;;;;;;;;;;;;;;;;;;;;95.8;70.3;11.4
O3;uur;µg/m³;2023-09-09T03:00:00+01:00;2023-09-09T04:00:00+01:00;-2;7.5;3.1;0.9;0.9;0.66;4.25;16.49;9.94;26.27;2.28;34.82;46.53;19.38;37.81;17.21;32.88;7.13;13.99;-0.77;34.19;-1.35;0.08;33.8;94.21;;30.13;18.12;37.22;38.01;24.27;39.23;19.63;29.37;-0.18;66.54;11.14;37.42;;11.25;41.1;30.66;71.8;32.2;14
O3;uur;µg/m³;2023-09-09T04:00:00+01:00;2023-09-09T05:00:00+01:00;-2;7.6;1.9;0.6;1.3;1.13;4.1;15.79;8.22;21.5;-0.7;26.17;29.23;22.33;36.04;23.51;30.01;9.16;10.07;-0.33;41.21;-1.67;0.17;31.8;49.22;;22.43;12.5;31.23;33.65;23.28;35.27;13.35;16.19;-0.04;38.87;12.74;45.35;45.03;2.84;36.53;32.4;42.8;13;10.8
O3;uur;µg/m³;2023-09-09T05:00:00+01:00;2023-09-09T06:00:00+01:00;2.7;7.4;2.2;0.4;0.8;-0.22;2.02;6.34;5.3;20.35;-0.87;16.23;18.05;13.08;14.19;6.52;22.17;1.56;12.14;-0.84;18.14;-1.61;0.18;23.42;32.41;4.83;18.86;7.92;19.65;20.62;11.46;17.58;10.57;23.39;-0.05;19.43;16.68;31.74;58.2;2.76;33;32.84;32.9;11.3;4.7
O3;uur;µg/m³;2023-09-09T06:00:00+01:00;2023-09-09T07:00:00+01:00;0.4;7.8;2.1;0.7;1.8;0.03;4.67;3.04;6;11.13;-1.1;16.56;12.69;4.78;9.32;7.94;18.93;-1.64;8.25;1.98;9.69;-0.84;0.33;11.79;21.96;2.54;27.95;15.67;17.92;18.6;12.2;17.24;9.7;23.19;-0.04;11.86;15.43;29.36;42.78;13.05;29.18;55.42;19.3;10.5;4
O3;uur;µg/m³;2023-09-09T07:00:00+01:00;2023-09-09T08:00:00+01:00;-1;9.8;2.5;3.4;3.2;12.12;13.69;11.07;20.87;10.7;-0.57;21.53;14.59;8.3;23.1;11.39;19.66;-2.79;9.99;6.32;9.49;1.86;1.73;2.42;15.52;5.59;31.17;24.85;24.95;14.02;13.16;26.22;10.54;21.02;2.27;16.01;23.44;38.68;35.36;29.84;43.24;73.75;21.1;25.2;4.2
O3;uur;µg/m³;2023-09-09T08:00:00+01:00;2023-09-09T09:00:00+01:00;8.6;13.5;18.4;9.3;7.3;29.89;36.08;60.56;64.61;23.38;28.74;53.43;18.09;43.38;90.02;45.43;41.01;11.99;22.69;15.57;59.7;18;29.65;6.28;34.55;42.28;50.8;31.26;20.07;16.61;16.01;27.54;19.25;42.26;11.89;20.8;52.21;43.94;96.26;54.38;76.42;101.33;43.9;51;26.1
O3;uur;µg/m³;2023-09-09T09:00:00+01:00;2023-09-09T10:00:00+01:00;57.8;49.7;54.9;33.6;13.1;52.61;77.13;79.48;95.41;94.95;79.22;89.64;43.18;89.11;66;104.17;84.49;32.71;72;42.31;143.77;69.61;91.79;32.88;102.1;110.65;87.43;59.67;64.36;53.6;44.86;64.49;56.03;69.34;41.43;43.35;66.48;83.71;116.59;81.36;140.7;111.56;77.6;93;107
O3;uur;µg/m³;2023-09-09T10:00:00+01:00;2023-09-09T11:00:00+01:00;109.4;94.8;99.9;106.6;25.4;87.86;109.13;95.72;106.83;128.23;116.27;105.15;96.64;116.08;59.53;132.1;121.91;74.61;102.1;77.19;156.29;130.9;119.39;69.28;120.83;125.15;117.63;109.01;106.41;73.94;80.57;121.61;118.95;89.35;92.7;95.13;95.4;128.39;132.45;111.2;150.33;137.49;88.1;71.1;121.5
O3;uur;µg/m³;2023-09-09T11:00:00+01:00;2023-09-09T12:00:00+01:00;130;114.3;74.8;162.3;34.1;134.05;129.1;117.98;129.12;139.43;130.28;123.81;125.85;133.68;104.32;159.81;139.2;118.78;131.32;118.45;165.41;140.65;120.34;117.68;137.46;140.96;141.86;132.09;132;128.62;110.29;146.16;140.92;118.61;129.5;135.22;111.79;140.84;140.5;135.56;161.03;154.13;136.1;109.3;149
O3;uur;µg/m³;2023-09-09T12:00:00+01:00;2023-09-09T13:00:00+01:00;130.2;127.9;114.8;195.4;96.8;144.27;146.47;138.9;154.28;150.93;138.15;127.25;147.63;138.06;124.07;194.99;158.26;153.33;141.7;146.76;177.11;150.25;143.31;120.09;159.08;150.97;158.53;149.76;148.34;156.46;131.7;159.98;152.91;143.63;152.94;142.58;145.13;147.03;149.31;150.74;161.57;167.57;158.4;141.9;157.3
O3;uur;µg/m³;2023-09-09T13:00:00+01:00;2023-09-09T14:00:00+01:00;133.8;134.8;134.4;149.1;112.9;141.46;149.09;144.9;162.48;150.8;142.78;125.96;149.44;138.6;164.39;183.36;160.32;160.86;141.76;164.99;182.69;168.56;144.81;106.6;166.92;145.47;158.53;155.71;151.95;163.5;141.87;163.02;157.62;148.02;155.17;147.82;151.6;149.42;155.51;157.14;161.04;167.56;172.2;156.6;165.7
O3;uur;µg/m³;2023-09-09T14:00:00+01:00;2023-09-09T15:00:00+01:00;155.7;144.3;162.8;94.4;133.9;142.02;145.61;149.28;157.96;150.77;142.38;126.88;151.57;141.12;171.2;175.2;164.56;173.88;156.14;169.84;179.68;173.64;161.82;120.83;163.41;147.38;162.6;157.31;148.89;157.17;151.76;159.43;161.69;157.07;150.24;146.8;153.25;150.37;160.89;155.97;161.37;168.49;173;159.6;164.1
O3;uur;µg/m³;2023-09-09T15:00:00+01:00;2023-09-09T16:00:00+01:00;166.9;145.1;172.8;127.5;139.8;144.31;146.52;149.1;158.55;150.25;139.75;128.74;151.91;143.47;173.27;173.5;162.96;179.54;159.26;173.35;176.16;178.94;188.4;123.78;160.82;144.01;164.98;159.42;144.81;150.06;152.66;156.52;163;150.33;148.46;148.26;150.31;148.35;159.77;158.87;163.83;159.63;173.9;156.3;168.3
O3;uur;µg/m³;2023-09-09T16:00:00+01:00;2023-09-09T17:00:00+01:00;163.5;136.4;167.9;131.4;140.9;145.22;146.74;144.13;166.42;154.4;134.86;128.77;153.41;143.28;165.7;163.93;159.96;175.38;150.59;171.23;170.45;182.97;190.64;116.46;163.32;136.12;161.56;157.72;139.35;148.65;155.1;155.95;159.46;139.86;142.98;153.78;142.89;146.19;154.74;153.9;166.85;152.64;177.9;153.6;173.8
O3;uur;µg/m³;2023-09-09T17:00:00+01:00;2023-09-09T18:00:00+01:00;152.4;131.2;151;133.6;132.1;137.95;129.13;115.97;158.24;126.3;128.97;127.05;149.2;137.37;149.71;146.01;168.33;156.92;139.46;162.7;166.2;172.44;177.03;117.49;154.32;134.3;155.26;145.59;140.06;137.92;128.23;157.41;145.95;121.53;140.38;147.96;126.77;138.64;144.81;137.69;159.34;141.14;163.2;163.4;192.9
O3;uur;µg/m³;2023-09-09T18:00:00+01:00;2023-09-09T19:00:00+01:00;137.5;112.4;128;146.3;106.5;102.3;86.06;81.31;123.92;102.1;101.58;115.96;132.51;128.86;120.4;134.1;159.07;138.86;118.91;148.02;143.88;153;155.97;104;125.82;128.73;124.33;126.36;150.06;124.15;108.24;156.53;103.54;110.51;116.45;133.89;92.63;123.85;151.45;91.32;133.69;131.43;144;153.9;174.8
O3;uur;µg/m³;2023-09-09T19:00:00+01:00;2023-09-09T20:00:00+01:00;114.2;102.4;102.6;114;68.4;67.66;71.03;34.34;54.6;74.39;74.35;87.21;117.33;115.84;101.3;126.14;141.93;134.52;116.39;134.46;112.2;131.21;110.64;82.08;114.01;92.92;71.6;96.4;102.41;76.97;78.14;117.25;90.5;92.12;45.69;101.88;51.71;88.36;116.12;82.84;117.79;107.2;115.5;129.7;145.3
O3;uur;µg/m³;2023-09-09T20:00:00+01:00;2023-09-09T21:00:00+01:00;101.1;81.9;96.1;94.1;66.2;58.64;54.31;10.85;30.55;44.07;61.98;81.51;97.81;94.34;81.38;94.37;115.6;114.92;95.71;113.12;81.64;103.55;34.19;59.68;81.35;78.91;54.18;98.05;86.17;61.38;72.79;79;65.02;60.33;8.41;59.55;42.21;75.61;112.12;54.73;93.8;80.65;101.6;100.4;110.8
O3;uur;µg/m³;2023-09-09T21:00:00+01:00;2023-09-09T22:00:00+01:00;101.7;79.8;76.3;77.8;87.5;34.65;52.49;7.4;35.38;43.72;53.02;92.81;91.09;67.5;76.63;107.75;106.5;117.72;92.91;98.94;73.52;94.33;17.65;52.66;80.65;79.65;44.82;85.63;71.3;93.28;61.31;61.76;74.39;47.53;7.72;64.69;30.87;64.21;92.94;34.34;87.4;72.23;83.3;75.9;84.4
O3;uur;µg/m³;2023-09-09T22:00:00+01:00;2023-09-09T23:00:00+01:00;78.4;69.3;76.6;66.8;84.3;19.24;44.58;7.06;36.15;27.63;53.82;78.08;74.76;60.71;69.9;98.3;105.65;97.86;99.57;85.76;64.41;53.77;31.63;51.07;111.03;67.01;34.05;76.61;74.56;90.54;65.51;79.28;78.69;38.73;1.53;87.54;30.58;45.19;95.04;26.24;89.85;73.25;77.5;98.1;74.1
O3;uur;µg/m³;2023-09-09T23:00:00+01:00;2023-09-10T00:00:00+01:00;68.6;78.2;53.3;64.4;80.9;18.21;33.12;13.03;23.15;19.46;48.4;73.06;76.32;71.19;65.08;91.16;110.47;106.27;89.96;89.18;44.27;61.47;21.85;64.56;98.98;42.55;30.07;68.39;78.47;90.43;69.47;89.4;95.11;20.62;0.25;100.85;18.18;27.22;87.65;26.1;59.86;51.5;78;100.9;71.4
O3;uur;µg/m³;2023-09-10T00:00:00+01:00;2023-09-10T01:00:00+01:00;63.3;73.5;55.1;59.5;77.1;17.2;10.18;8.95;17.38;19.53;39.68;70.46;77.8;70.68;72.9;70.88;102.46;102.28;87.12;82.7;89.37;73.82;25.53;71.48;84.53;35.76;31.46;62.61;80.61;87.85;67.86;98.01;97.33;8.54;0.76;106.54;4.74;58.64;66.32;37.9;64.94;47.38;75.4;86.4;81.8
O3;uur;µg/m³;2023-09-10T01:00:00+01:00;2023-09-10T02:00:00+01:00;72;73.7;65.1;60.9;71.3;24.31;2.69;5.82;33.67;27.61;32.46;53.55;73.47;75.55;70.6;40.88;96.28;98.39;80.68;72.58;101.18;82.66;62.99;69.28;103.33;77.36;56.14;65.84;79.24;83.63;75.02;91.08;87.54;6.67;0.73;123.67;6.13;35.43;67.94;37.25;79.35;40.62;72.5;63.9;72.6
O3;uur;µg/m³;2023-09-10T02:00:00+01:00;2023-09-10T03:00:00+01:00;67.7;68.6;62.4;59;70.6;12.92;4.24;7.18;26.6;27.49;24.14;54.61;72.3;76.88;60.77;36.05;98.23;84.48;83.59;60.9;93.78;87.48;32.91;70.84;104.9;70.31;48.2;68.28;81.6;75.22;70.67;93.07;84.55;1.58;0.89;123;-0.76;64.93;67.57;37.79;54.53;55.02;62.9;72.3;73.7
O3;uur;µg/m³;2023-09-10T03:00:00+01:00;2023-09-10T04:00:00+01:00;53.5;83.8;69.2;52.2;65.4;10.5;2.38;15.32;18.83;16.59;14.13;54.83;72.34;60.76;47.73;42.45;97.78;79.32;74.14;68.29;91.89;81.49;45.81;73.41;91.59;73;65.12;55.23;82.26;74.31;77.44;97.63;87.98;0.81;5.65;100.23;4.36;52.02;69.15;19.8;51.91;61.62;75.1;80;94.2
O3;uur;µg/m³;2023-09-10T04:00:00+01:00;2023-09-10T05:00:00+01:00;46.7;95.4;73.8;42.7;56.5;9.77;2.12;10.54;19.15;18.03;11.95;57.39;65.68;54.01;43.1;42.17;90.01;79.67;62.97;69.79;91.06;76.78;65.48;72.42;79.1;87.18;79.02;58.24;85.5;74.65;80.09;97.88;81.29;-0.92;26.79;103.85;2.25;54.53;57.29;2.5;45.21;39.8;85.8;97.3;103.8
O3;uur;µg/m³;2023-09-10T05:00:00+01:00;2023-09-10T06:00:00+01:00;65.8;81;34.6;41.6;48.3;11.06;4.92;6.2;16.12;22.02;9.82;46.9;58.17;45.75;48.75;40.07;81.96;75.98;56.51;69;86.78;71.71;72.89;64.01;90.64;87.79;80.96;71.38;78.38;81.87;80.34;87.21;78.88;1.01;14.49;125.22;5.78;58.53;60.76;13.35;46.64;30.16;104;58.1;95.3
O3;uur;µg/m³;2023-09-10T06:00:00+01:00;2023-09-10T07:00:00+01:00;63.8;65.9;28.9;42.3;40.7;13.49;12.63;1.97;15.21;21.52;4.9;39.97;49.54;44.03;31.94;35.23;75.47;73.38;58.51;65.52;85.29;65.53;56.29;56.27;90.97;83.22;76.08;76.34;75.79;78.6;82.5;95.05;75.33;5.77;7.7;92.38;5.7;57.01;67.67;8.45;54.77;24.01;99.1;28.8;100.2
O3;uur;µg/m³;2023-09-10T07:00:00+01:00;2023-09-10T08:00:00+01:00;51.3;50.4;30.1;29.6;14.1;18.39;23.91;6.4;27.14;34.32;8.62;44.57;48.35;45.04;30.18;32.26;74.05;64.76;50.35;64.08;94.02;63.11;34.8;53.03;67.34;83.56;69.81;74.96;83.82;79.15;77.54;100.87;73.86;7.73;58.82;76.23;20.67;54.21;65.96;13.62;61.98;24.49;98.7;32.2;104.3
O3;uur;µg/m³;2023-09-10T08:00:00+01:00;2023-09-10T09:00:00+01:00;51;54.8;28.7;29.1;22.7;38.73;43.79;46.78;76.24;48.63;28.08;59.04;55.46;53.54;22.62;43.67;71.97;62.37;48.15;62.95;101.41;70.2;55.72;51.43;92.98;71.56;95.7;76.86;85.05;78.67;82.98;97.74;69.88;39.61;84.93;95.17;82.53;64.45;80.89;58.46;96.48;79.59;104;47;110.6
O3;uur;µg/m³;2023-09-10T09:00:00+01:00;2023-09-10T10:00:00+01:00;57.6;56.1;45;47.7;14.9;57.52;75.71;77.63;104.86;64.89;57.86;73.6;70.94;76.85;35.53;67.35;78.41;60.23;62.58;73.39;97.01;77.93;76.26;52.41;105.14;88.65;103.54;86.06;86.1;82.31;91.99;97.83;76.07;88.74;118.34;94.29;100.18;83.42;97.93;96.31;123.22;132.41;109.5;61.1;119.7
O3;uur;µg/m³;2023-09-10T10:00:00+01:00;2023-09-10T11:00:00+01:00;76.4;68.2;73;74.9;24.8;83.64;102.82;90.51;121.14;91.06;85.42;91.65;100.19;98.81;68.56;94.91;90.35;74.97;81.2;92.47;103.04;85.63;95.3;53.41;111.29;81.24;113.61;94.28;95.24;96.01;103.09;109.19;89.25;109.84;133.15;110.98;113.33;104.37;113.44;110.86;124.97;130.55;116.7;93.2;124.4
O3;uur;µg/m³;2023-09-10T11:00:00+01:00;2023-09-10T12:00:00+01:00;100.4;85.1;95.2;82.2;48.8;111.19;123.39;110.07;131.64;120.52;121.79;109.72;119.85;115.52;95.85;112.59;118.72;110.54;109.56;119.87;120.62;114.68;110.17;78.68;111.99;108.16;128.81;112.44;105.68;111.32;117.51;120.69;111.44;119.92;129.17;128.61;120.95;116.22;117.73;130.65;137.01;143.67;128.8;105.9;134.7
O3;uur;µg/m³;2023-09-10T12:00:00+01:00;2023-09-10T13:00:00+01:00;116.5;96;112;97.5;80.2;122.27;133.85;118.68;138.42;126.73;165.8;119.05;133.57;125.07;125.7;123.27;131.65;125.93;127.81;141.61;141.99;133.44;124.84;89.07;114.15;116.33;136.04;133.29;121.42;136.61;129.03;139.21;133.4;124.65;140.15;144.5;123.2;121.45;121.09;142.01;156;153.15;138.6;121.2;147.6
O3;uur;µg/m³;2023-09-10T13:00:00+01:00;2023-09-10T14:00:00+01:00;125.9;105.6;126.3;112.7;88.7;125.65;135.18;127.33;140.81;128.54;178.52;118.27;140.01;128.57;151.33;133.15;136.42;136.34;137.34;155.29;141.41;139.24;137.06;106.61;123.97;119.77;148.7;145.66;135.01;141.99;129.59;146.63;145.48;137.63;158.15;146.69;130.41;122.29;123.36;150.73;151.79;153.75;149.8;137;149.6
O3;uur;µg/m³;2023-09-10T14:00:00+01:00;2023-09-10T15:00:00+01:00;140.9;108.3;135.3;116.8;90;125.8;136.65;129.58;143.73;129.36;169.01;116.37;138.95;129.33;164.09;136.53;145.74;140.1;141.47;164.17;144.46;145.02;145.51;107.24;126.91;109.83;159.95;156.07;130.48;145.01;137.69;143.81;160.2;142.76;157.6;150.32;132.8;125;121.63;152.3;147.55;150.63;159.9;157.5;167.9
O3;uur;µg/m³;2023-09-10T15:00:00+01:00;2023-09-10T16:00:00+01:00;147.1;118.6;149.5;134.7;96.8;126.06;138.67;133.87;143.49;127.1;143.89;119.93;132.25;134;154.88;129.29;149.81;149.36;152.32;164.33;148.84;153.6;155.37;116.11;130.72;109.49;163.71;145.38;135.03;144.74;142.56;144.21;163.54;142.7;155.08;145.43;134.62;126.13;117.86;143.28;146.81;152.42;171.5;167.8;179.9
O3;uur;µg/m³;2023-09-10T16:00:00+01:00;2023-09-10T17:00:00+01:00;166.5;133.5;161;137.4;90.4;125.54;129.22;126.76;136.53;132.43;126.77;115.96;134.86;132.74;133.69;128.74;158.02;172.46;162.69;163.72;153.67;162.55;175.81;129.12;131.26;125.16;161.13;131.21;125.53;148.46;129.93;148.66;158.45;138.84;155.24;145.19;132.51;113.5;111.03;134.63;141.56;147.23;164.9;160.1;172.3
O3;uur;µg/m³;2023-09-10T17:00:00+01:00;2023-09-10T18:00:00+01:00;167.4;135.5;167.5;136.4;94.8;107.02;106.88;124.06;122.46;126.01;102.18;113.03;128.37;131.99;127.19;124.93;166.15;168.38;113.13;154.92;148.89;169.88;193.2;130.83;146.88;117.67;152.68;125.91;127.81;139.76;122.02;154.75;145.43;115.09;148.15;141.8;119.06;91.36;103.24;125.09;135.1;131.69;143.3;157.8;161.5
O3;uur;µg/m³;2023-09-10T18:00:00+01:00;2023-09-10T19:00:00+01:00;117;90.5;106.3;115.5;83;81.09;82.56;74.88;103.12;63.39;84.37;107.6;118.61;118.28;130.31;107.6;173.24;127.76;87.18;131.94;125.06;159.47;149.13;100.51;106.69;105.62;124.34;100.27;113.91;104.99;99.72;137.26;131.56;98.32;93.93;123.74;106.07;72.94;81.67;100.36;112.43;118.44;108;130.8;128.5
O3;uur;µg/m³;2023-09-10T19:00:00+01:00;2023-09-10T20:00:00+01:00;67;50.3;50.2;101.5;45.5;63.02;62.46;26.89;52.56;47.37;65.35;101.33;75.21;109.44;108.83;85.25;135.11;104.52;85.56;84.96;95.95;127.26;112.85;60.31;75.84;70.9;94.59;89.49;88.55;70.12;66.73;98.67;105.34;87.96;47.58;112.36;93.57;77.66;72.36;85.71;94.53;107.9;69;102.3;100.7
O3;uur;µg/m³;2023-09-10T20:00:00+01:00;2023-09-10T21:00:00+01:00;52.6;14.9;5.1;57.7;11;45.58;34.26;15.12;79.84;34.47;62.22;90.61;51.85;101.3;88.94;62.66;98.51;96.19;75.91;74.39;99.4;75.28;68.79;40.54;70.43;39.89;101.12;76.35;69.07;51.02;72.05;74.58;71.17;68.47;18.63;142.73;65;83.12;69.44;82.46;89.67;99.53;59.5;78.5;85.2
O3;uur;µg/m³;2023-09-10T21:00:00+01:00;2023-09-10T22:00:00+01:00;52.5;32.1;7;38.1;11.2;36.96;39.33;19.18;108.18;19.51;60.47;90.5;58.61;95.01;94.34;79.4;85.1;92.38;64.97;85.86;115.39;55.33;69.14;40.64;76.44;69.01;89.97;74.81;76.06;68.78;73.27;93.11;77.27;57.25;31.11;150.99;67.41;71.4;64.05;77;77.78;88.13;54.6;104.8;77.5
O3;uur;µg/m³;2023-09-10T22:00:00+01:00;2023-09-10T23:00:00+01:00;64.1;65.8;27.7;60.3;10.8;47.91;78.2;32.77;102.47;17.44;55.09;87.5;64.81;86.46;66.14;82.93;74.17;106.16;63.63;82.8;99.27;62;76.41;44.28;80.78;73.62;104.3;58.84;74.8;67.92;71.31;92.51;76.98;61.2;47.71;152.57;88.21;65.96;63.25;70.23;68.18;83.46;101.5;102.4;96.2
O3;uur;µg/m³;2023-09-10T23:00:00+01:00;2023-09-11T00:00:00+01:00;65;100.3;47.7;71.9;33.5;60.07;89.35;36.25;70.39;23.18;47.32;81.19;73.8;85.78;57.2;72.35;79.1;110.42;53.24;73.85;86.86;71.57;63.95;56.11;80.61;73.04;117.69;59.38;76.48;75.71;82.49;92.06;73.51;74.65;70.35;132.12;87.3;62.65;55.93;62;59.85;76.23;93;116.3;106.3
O3;uur;µg/m³;2023-09-11T00:00:00+01:00;2023-09-11T01:00:00+01:00;60.1;97.2;70.9;77.8;62.8;38.28;83.2;25.09;44.63;31.06;33.55;81.81;79.47;76.5;43.22;65.96;92.26;106.18;49.6;74.12;78.58;75.49;52.25;72.74;75.04;92.84;114.21;68.29;78.62;81.98;96.94;92.86;80.3;76.65;67.82;109.83;83.97;56.12;59.2;59.7;60.04;68.3;105.8;115;104.1
O3;uur;µg/m³;2023-09-11T01:00:00+01:00;2023-09-11T02:00:00+01:00;64.1;83.9;67.7;51.1;54.7;36.61;71.09;41.39;43.02;40.68;33.24;75.79;71.42;66.89;31.19;45.73;79.03;95.35;52.74;69.61;72.03;62.64;63.9;74.85;82.27;88.03;107.74;64.46;83.01;85.44;91.93;94.58;72.59;68.13;71;107.74;79.47;59.54;61.39;56.15;59.32;69;109.1;116;107.2
O3;uur;µg/m³;2023-09-11T02:00:00+01:00;2023-09-11T03:00:00+01:00;54.3;74;51.7;42.2;45.3;39.25;70.95;48.44;46.02;48.96;27.75;65.57;69.14;61.96;43.32;34.65;71.68;85.74;51.99;67.65;67.52;53.74;43.42;59.77;91.35;79.12;84.37;61.71;77.1;75.03;77.67;85.39;65.7;56.72;57.11;103.24;73.24;49.74;69.45;53.49;56.94;67.11;107.5;114;104.6
O3;uur;µg/m³;2023-09-11T03:00:00+01:00;2023-09-11T04:00:00+01:00;49.9;69.5;47.5;41.7;35;30.78;65.53;48.95;45.03;34.8;22.69;63.65;65.25;55.26;55.01;39.01;63.78;78.44;42.75;66.59;44.56;39.81;15.6;40.6;88.88;77.38;70.39;53.67;69.74;74.71;74.54;78.51;55.79;43.2;60.73;94.68;57.25;43.02;68.39;49.37;53.83;62.84;97.8;107.9;102.3
O3;uur;µg/m³;2023-09-11T04:00:00+01:00;2023-09-11T05:00:00+01:00;50.1;60.2;50.2;43.8;23.3;23.51;49.09;43.46;50.77;37.11;22.93;54.18;60.73;43.83;47.38;35.63;46.44;72.87;39.51;60.39;42.71;30.94;46.03;19.5;79.5;67.35;69.81;45.48;55.55;56.55;58.53;67.35;45.38;41.27;58.24;84.93;49.26;44.8;69.94;48.93;56.39;57.98;89;96.5;88
O3;uur;µg/m³;2023-09-11T05:00:00+01:00;2023-09-11T06:00:00+01:00;42.1;32.2;33.3;8.8;17;13.32;47.3;51.58;68.13;39.83;25.79;52.96;50.44;38.18;38.62;34.52;25.82;52.06;38.3;59.5;48.8;27.53;18.52;10.57;78.27;50.92;54.11;45.58;40.08;36.36;52.56;52.77;39.31;30.44;53.25;78.36;55.8;42.92;64.98;46.43;47.72;55.15;70.2;76.1;75.2
O3;uur;µg/m³;2023-09-11T06:00:00+01:00;2023-09-11T07:00:00+01:00;21.3;17.2;8.6;8.2;13.5;11.12;41.51;41.84;56.35;31.26;33.66;51.97;38.94;41.33;38.39;29.27;16.32;13.4;28.12;47.63;22.52;13.42;5.44;5.71;52.46;35.33;35.92;40.23;32.37;20.97;37.35;40.7;32.61;29.35;47.1;72.29;45.91;32.14;58.12;33.94;49.93;50.86;65.4;63.5;65
O3;uur;µg/m³;2023-09-11T07:00:00+01:00;2023-09-11T08:00:00+01:00;25.2;12.1;10.7;12.7;11.6;18.02;45.73;41.82;32.91;45.34;33.87;51.46;32.3;48.78;46.84;35.81;16.64;9.79;26.51;34.75;37.86;15;8.66;7.03;57.46;26.26;55.46;32.79;27.54;29.67;32.8;42.77;37.17;34.46;52.88;60.23;55.23;43.16;56.2;39.88;64.83;49.24;53.9;46.1;47.2
O3;uur;µg/m³;2023-09-11T08:00:00+01:00;2023-09-11T09:00:00+01:00;33.6;21.3;29.9;35.8;35.4;49.27;57.56;66.97;83.71;48.33;45.17;55.39;37.17;57.27;68.8;56.37;57.21;18.33;39.81;40.29;60.52;26.38;45.64;42.85;50.97;40.1;62.83;36.58;42.76;47.17;38.94;53.12;38.24;41.28;63.58;58.58;77.83;54.62;71.96;46.59;71.81;56.49;49.5;47.5;39.9
O3;uur;µg/m³;2023-09-11T09:00:00+01:00;2023-09-11T10:00:00+01:00;64.1;58.1;71.8;65;56.5;72.1;72.04;81.8;96.03;65.59;64.14;65.55;58.83;72.55;68.68;67.63;81.18;58.39;63.37;60.86;76.28;74.18;68.64;71.52;76.52;57.77;70.17;57.43;43.14;50.04;53.98;52.9;47.88;70.22;70.71;68.48;79.05;76.8;70.84;66.84;86.01;85.46;69.6;64.3;63.4
O3;uur;µg/m³;2023-09-11T10:00:00+01:00;2023-09-11T11:00:00+01:00;77.3;63;77.2;70.1;57.2;88.14;93.42;87.99;100.15;81.39;66.06;81.74;79.95;88.11;67.45;74.86;84.33;90.19;74.41;83.66;88.36;88.66;82.01;77.42;88.46;74.36;86.53;84.65;61.47;64.51;81.36;68.14;61.78;80.02;89.24;91.62;89.28;86.21;82.25;91.78;102.07;112.47;89.3;91.4;87.8
O3;uur;µg/m³;2023-09-11T11:00:00+01:00;2023-09-11T12:00:00+01:00;77.3;66.7;70.6;61.9;54.1;110.55;111.08;118.36;112.94;95.6;65.24;98.48;90.61;103.84;94.74;93.74;82.16;95.66;84.32;89.43;98.18;83.22;80.7;74.14;97.21;84.91;91.31;93.77;67.26;72.14;87.64;73.28;88.59;97.54;101.76;104.08;107.48;99.42;102.56;116.16;113.45;129.55;100.6;100.6;98.1
O3;uur;µg/m³;2023-09-11T12:00:00+01:00;2023-09-11T13:00:00+01:00;67;63.9;70.7;65;56;126.16;118.7;127.89;131.79;106.55;84.45;109.1;95.95;120.87;92.77;92.57;85.39;87.25;85.48;97.33;93.04;78.27;72.7;70.76;97.26;84.54;98.56;100.41;90.38;97.35;92.12;96.99;95.8;116.56;113.26;109.91;126.84;100.33;106.77;129.97;123.2;137.17;112.3;110.6;110.4
O3;uur;µg/m³;2023-09-11T13:00:00+01:00;2023-09-11T14:00:00+01:00;69;60.2;69.7;67.7;56.9;129.1;133.09;136.99;137.63;111.37;97.35;107.77;86.72;124.59;91.83;84.46;89.85;80.92;80.93;98.38;92.18;82.86;76.33;75.99;89.23;70.22;110.49;89.93;99.82;105.99;87.04;109.8;92.78;132.51;113.09;122.55;130.19;105.31;107.04;137.23;122.03;137.43;109.9;102.6;100.4
O3;uur;µg/m³;2023-09-11T14:00:00+01:00;2023-09-11T15:00:00+01:00;75.4;58.1;75.8;69.8;57;134.53;135.27;145.34;144.1;112.03;96.99;107.19;93.61;119.68;100.66;61.53;92.03;79.78;78.61;89.54;95.09;88.14;82.77;80.36;83.62;71.94;116;86.37;87.84;99.13;78.52;98.61;85.89;145.4;110.88;120.36;134.19;112.46;101.64;139.16;122.62;127.64;89.9;86.7;87.1
O3;uur;µg/m³;2023-09-11T15:00:00+01:00;2023-09-11T16:00:00+01:00;78.8;64.3;81.7;73;56.6;134.02;126.21;140.77;146.4;101.22;80.54;102.95;92.16;116.34;95.26;59.52;88.24;80.83;80.33;85.93;97.63;84.03;84.44;74.5;89.69;75.27;104.24;83.49;81.76;88.97;72.34;90.27;82.81;140.62;124.05;120.26;119.07;123.16;88.62;135.87;117.53;120.44;86.3;85.2;86.9
O3;uur;µg/m³;2023-09-11T16:00:00+01:00;2023-09-11T17:00:00+01:00;74.2;65.4;73.3;68.8;61;134.94;118.05;126.07;143.89;94.42;72.65;93.02;85.2;106.04;80.22;51.26;84.97;68.86;80.23;85.51;98.78;71.15;74.32;60.46;93.01;74.38;89.84;83.66;73.81;86.09;72.66;83.13;75.99;127.32;111.05;121.48;114.92;104.44;90.98;119.47;105.58;119.4;86.9;85.8;88.5
O3;uur;µg/m³;2023-09-11T17:00:00+01:00;2023-09-11T18:00:00+01:00;65.5;60.4;70;50.5;32.1;126.9;100.48;121.69;140.43;80.07;68.04;81.18;81.86;92.5;78.45;48.93;70.84;62.65;76.64;84.25;95.47;67.85;63.86;35.92;88.28;71.53;80.49;72.38;73.51;82.31;65.82;81.33;65.79;104.84;88.4;100.7;105.36;86.73;89.53;111.75;95.5;114.63;87.2;87.6;86.4
O3;uur;µg/m³;2023-09-11T18:00:00+01:00;2023-09-11T19:00:00+01:00;73.1;45.5;49.5;35.9;49.2;100.84;69.63;101.69;130.28;62.73;56.81;75.91;77.12;80.69;66.83;50.16;61.71;51.24;66.87;72.94;91.13;60.67;48.43;40.9;79.11;66.24;67.83;68.25;69.26;73.02;54.78;77;59.88;98.11;75.16;73.93;86.11;72.49;82.22;96.02;92.73;95.39;81.6;83;83.3
O3;uur;µg/m³;2023-09-11T19:00:00+01:00;2023-09-11T20:00:00+01:00;64.5;33.9;35.5;33.5;40;76.2;50.92;63.29;95.7;57.48;41.46;62.23;72.44;67.69;54.42;39.7;36.38;49.33;53.51;70.28;103.64;42.2;37.19;28;71.2;63.9;59.1;58.05;57.94;65.75;50.55;70.1;45.67;80.95;58.95;67.11;64.92;60.05;66.73;71.72;83.91;92.96;83.1;84.3;84.5
O3;uur;µg/m³;2023-09-11T20:00:00+01:00;2023-09-11T21:00:00+01:00;61.9;46.8;43.3;39.7;37.8;73.84;52.83;56.65;86.29;52.41;56.75;49.69;64.77;47.29;58.52;39.84;60.55;58.54;41;62.96;79.61;32.8;31.53;21.93;73.82;62.92;47.92;53.81;52.05;63.94;45.2;64.72;50.25;51.85;49.64;54.31;60.83;53.83;62.07;52.3;81.99;89.6;87;82.1;78.2
O3;uur;µg/m³;2023-09-11T21:00:00+01:00;2023-09-11T22:00:00+01:00;55.5;48.3;50.9;45.3;39.4;74.29;36.41;65.81;81.35;24.04;62.3;42.19;58.85;33.55;62.87;35.53;52.52;38.24;51.34;61.98;66.79;14.26;52;26.45;69.59;60.56;42.32;47.82;59.49;64.36;44.75;68.47;40.19;51.54;30.42;33.97;53.42;61.54;62.67;51.94;69.48;84.4;85.7;86.1;83.9
O3;uur;µg/m³;2023-09-11T22:00:00+01:00;2023-09-11T23:00:00+01:00;47.8;48.6;37.1;43.1;39.4;71.49;47.06;67.67;74.21;29.96;25.02;33.48;61.93;22.87;64.65;23.51;30.58;51.65;45.82;56.45;46.54;31.65;42.52;18.22;61.87;61.75;47.32;45.28;56.2;60.5;36.79;62.34;32.23;29.8;16.32;27.4;34.77;48.57;56.45;47.12;54.97;87.43;89.2;87.9;82.5
O3;uur;µg/m³;2023-09-11T23:00:00+01:00;2023-09-12T00:00:00+01:00;40.9;27.5;34.4;26.3;32;55.5;46.48;58.31;74.4;33.8;8.58;25.79;45.45;22.27;56.71;20.78;45.09;41.58;35.84;50.92;39.89;40.89;29.03;42;62.77;51.87;51.15;31.48;44.31;56.05;32.46;54.93;32.41;19.92;16.48;22.93;23.37;52.41;57.65;27.54;55.9;81.72;77.9;78.3;57.1
O3;uur;µg/m³;2023-09-12T00:00:00+01:00;2023-09-12T01:00:00+01:00;26.3;23.9;26.5;17.2;12.8;41.7;24.55;41.93;65.2;18.04;1.45;39.8;34.7;19.01;45;27.52;39.9;34.18;27.38;35.22;29.42;27.01;15.05;37.31;49.62;39.44;37.05;21.38;39.68;50.53;26.04;43.63;18.11;16.79;27.54;25.21;14;47.57;57.9;20.83;60.54;82.9;57.3;63.7;45
O3;uur;µg/m³;2023-09-12T01:00:00+01:00;2023-09-12T02:00:00+01:00;28.1;20.4;19.5;16.2;22.4;27.6;25.68;16.59;40.39;9.42;0.56;30.14;24.28;14.33;44.94;16.35;35.04;20.05;19.42;25.52;16.52;16.27;13.18;24.13;38.41;29.24;26.69;12.03;36.54;42.75;21.03;34.55;9.38;19.02;12.32;23.87;17.71;43.14;51.7;28.98;48.24;65.44;52.5;57.8;29.4
O3;uur;µg/m³;2023-09-12T02:00:00+01:00;2023-09-12T03:00:00+01:00;36.5;12.1;17.3;22.1;13.4;26.19;16.32;23.93;36.8;2.14;-0.86;17.82;27.96;5.95;17.98;12.14;33.65;6.49;26.14;20.02;11.17;25.02;13.89;16.27;56.1;18.94;29.71;9.21;29.63;27.53;15.42;29.27;7.91;29.1;5.18;18.08;19.65;32.12;49;22.71;47.17;60.07;42.7;44.1;20.8
O3;uur;µg/m³;2023-09-12T03:00:00+01:00;2023-09-12T04:00:00+01:00;35.4;18.1;18.3;10.9;18.8;31.03;9.36;25.42;31.22;1.18;-0.74;13.06;26.35;3.59;23.45;21.05;32.14;21.28;21.29;22.02;11.38;21.93;13.42;15.83;55.08;18.07;27.75;7.98;19.25;17.56;9.87;21.78;12.27;16.54;0.06;9.46;13.37;27.12;43.88;21.21;41.54;51.26;34.5;36.5;16.1
O3;uur;µg/m³;2023-09-12T04:00:00+01:00;2023-09-12T05:00:00+01:00;24.9;20.1;16.8;11.9;12.6;16.48;11.1;17.11;27.92;4.57;4.48;7.47;23.61;4.1;33.1;35.94;23.74;13.55;17.2;22.74;14.39;18.54;4.12;9.35;38.05;18.58;31.16;12.17;14.03;10.12;10.5;16.82;12.8;7.02;0.08;13.11;25.19;19.16;38.9;4.84;35.55;55.56;32.1;32.4;17
O3;uur;µg/m³;2023-09-12T05:00:00+01:00;2023-09-12T06:00:00+01:00;16.1;10.8;12.6;11.8;19.1;13.86;5.89;26.55;24.42;7.13;2.1;1.29;26.78;3.18;33.35;35.05;11.68;22.99;10.57;17.69;11.33;1.35;7.23;0.45;25.13;15.46;26.04;19.56;10.39;6.37;15.22;19.35;9.07;10.43;0.06;24.33;38.14;23.74;41.07;27.94;39.75;58.09;33;31.4;20.7
O3;uur;µg/m³;2023-09-12T06:00:00+01:00;2023-09-12T07:00:00+01:00;7.9;9.7;6.4;14.4;7.6;22.28;9.56;23.86;26.98;4.51;0.87;1.8;22.03;6.47;31.49;35.08;4.42;15.16;8.43;18.15;12;5.26;14.76;-0.16;16.49;10.47;24.67;17.89;9.57;5;12.03;17.54;11.49;14.94;0.19;19.91;30.9;36.73;31;35.58;45.75;47.21;27.8;25.6;19.1
O3;uur;µg/m³;2023-09-12T07:00:00+01:00;2023-09-12T08:00:00+01:00;12.5;15.6;11.2;15.5;14.4;17.22;6.27;18.49;23.76;2.69;1.7;1.96;10.68;8.92;33.18;32.7;7.57;26.61;18.46;12.29;12.48;14.62;13.04;1.7;18.26;9.58;27.91;17.61;17.32;14.7;8.98;26.32;13.48;19.16;0.89;16.84;23.32;23.75;38.87;38.75;49.49;45.7;26.6;22.8;13.8
O3;uur;µg/m³;2023-09-12T08:00:00+01:00;2023-09-12T09:00:00+01:00;28.7;25.2;21;22.9;19.9;21.8;9.71;34.52;37.31;16.09;12.37;10.27;19.21;26.25;40.52;32.09;14.4;27.08;36.45;19.88;16.7;32.86;27.21;13.94;25.5;14.27;36.18;24.89;23.87;18.13;20.45;32.79;23.42;19.12;5.1;24.04;31.57;36.01;46.85;46.63;45.33;49.93;33;30.1;23.8
O3;uur;µg/m³;2023-09-12T09:00:00+01:00;2023-09-12T10:00:00+01:00;35;21.7;22.7;30;28.5;49.08;41.03;48.76;58.31;38.12;15.29;33.07;33.7;51.62;39.81;30.68;36.68;28.1;46.96;41.17;34.57;41.5;28.49;23.02;38.82;22.05;43.78;39.52;32.12;34.38;33.96;38.87;35;26.48;30.07;35.39;39.83;44.94;53.62;51.01;47.78;57.85;40.1;39.9;32.3
O3;uur;µg/m³;2023-09-12T10:00:00+01:00;2023-09-12T11:00:00+01:00;41.7;24.6;30.8;36.6;28.4;66.21;62.42;64.03;75.82;55.8;19.18;51.68;44.63;61.6;41.54;31.86;45.85;35.42;43.85;37.87;44.9;43.3;49.13;35.21;50.22;26.25;52.57;44.98;36.69;38.03;39.85;46.5;42.21;39.99;60.95;54.94;55.62;;63.95;57.44;53.99;65.02;44.7;50.3;35.2
O3;uur;µg/m³;2023-09-12T11:00:00+01:00;2023-09-12T12:00:00+01:00;46.6;37;42.9;50.1;27.5;74.03;77.59;87.3;88.57;77.04;34.76;71.37;65.6;77.3;49.1;37.47;50.42;52.62;51.19;50.41;51.31;45.05;55.41;39.01;61.29;33.49;63.63;46.79;44.86;50.65;44.75;53.61;54.77;52.79;77.11;74.38;71.67;;67.74;64.81;64.87;67.43;58.4;55.6;48.1
O3;uur;µg/m³;2023-09-12T12:00:00+01:00;2023-09-12T13:00:00+01:00;52.8;38.4;46.4;46.2;32.8;91.19;83.86;99.9;98.23;80.89;37.86;81.14;84.85;89.86;46.74;47.21;44.56;56.66;58.04;65.32;63.27;40.63;60.44;43.18;66.05;47.86;74.53;55.9;53.57;62.25;37.92;63.49;66.79;66.98;76.38;82.52;80.72;;66.47;74.33;66.63;71.56;59.7;61.3;54.5
O3;uur;µg/m³;2023-09-12T13:00:00+01:00;2023-09-12T14:00:00+01:00;57.5;40.3;46.6;47.7;31.8;99.69;96.92;106.85;106.38;86.18;38.05;80.13;123.86;94.57;;59.19;45.45;57.29;65.23;70.63;68.7;41.39;56.06;42.12;77.55;54.04;74.25;58.69;57.58;70.2;42.27;72.72;74.66;80.15;92.46;92.47;88.5;;68.69;81.62;75.94;74.47;59;59.7;61.1
O3;uur;µg/m³;2023-09-12T14:00:00+01:00;2023-09-12T15:00:00+01:00;59.6;38.5;53.8;35.3;29.5;104.49;102.21;114.34;113.59;92.51;50.3;87;119.1;94.91;;69.49;50.23;55.16;76.7;76.73;85.25;40.64;57.33;44.64;80.32;68.5;71.47;66.94;64.72;67.97;46.74;72.83;71.04;88.54;100.3;97.24;91.94;83.57;81.05;88.46;81.28;68.2;52.8;59;58.1
O3;uur;µg/m³;2023-09-12T15:00:00+01:00;2023-09-12T16:00:00+01:00;52.1;45.1;40;30;36;106.81;100.37;107.56;116.78;97.8;61.67;83.54;81.95;89.67;;52.67;72.87;49.7;74.03;82.82;84.7;59.04;38.86;67.35;75.13;70.09;67.96;60.99;70.81;78.66;47.6;79.97;77.79;92.33;96.51;96.47;87.73;84.33;80.74;85.69;78.3;72.24;48;53;48.1
O3;uur;µg/m³;2023-09-12T16:00:00+01:00;2023-09-12T17:00:00+01:00;31.7;39.4;44.2;53.1;53.2;104.97;95.81;95.78;109.53;91.49;58.05;81.41;68.3;84.67;;56.14;79.38;62.86;58.39;77.56;83.15;78.28;46.8;79.05;68.39;70.41;70.7;61.11;63.06;68.84;43.29;72.26;63.29;87.27;85.72;92.78;85.34;74.93;78.01;81.62;77.02;75.46;33.9;61.9;70.2
O3;uur;µg/m³;2023-09-12T17:00:00+01:00;2023-09-12T18:00:00+01:00;39.6;23.5;36.3;64.4;54.8;88.49;58.04;65.68;93.28;82.84;50.33;71.7;75.79;80.21;;75.98;69.61;50.19;53.17;69.53;89.71;74.44;61.89;70.52;68.5;69.45;65.22;51.55;54.98;63.66;33.09;66.36;60.2;71.12;76.58;86.01;60.21;62.82;71.92;62.65;72.87;74.26;51.3;76.8;66.4
O3;uur;µg/m³;2023-09-12T18:00:00+01:00;2023-09-12T19:00:00+01:00;60.1;23.5;65.9;64.2;52.7;67.96;41.77;71.27;60.67;83.49;38.11;53.53;60.19;57.2;;75.15;73.7;25.43;23.18;61.63;85.3;67.24;57.9;69.94;61.78;53.94;47.57;46.97;50.18;61.02;28.22;60.56;47.31;47.71;61.44;71.07;51.32;57.79;66.42;62.85;57.61;65.42;66;74;70.8
O3;uur;µg/m³;2023-09-12T19:00:00+01:00;2023-09-12T20:00:00+01:00;54;39.6;52.5;61.6;54.2;60.2;24.66;79.27;87.2;61.69;33.88;46.17;56.13;36.92;;52.26;75.68;52.66;18.8;51.77;74.86;72.62;46.51;73.4;52.47;58.98;47.22;41.28;40.84;45.15;28.91;46.95;40.72;24.71;49.27;60.19;48.88;54.65;61.5;53.59;48;52.53;53.3;65.1;58
O3;uur;µg/m³;2023-09-12T20:00:00+01:00;2023-09-12T21:00:00+01:00;38.7;45;54.4;56.6;54.2;65.12;32.46;57.96;73.49;31.86;45.56;33.06;53.35;29.78;;51.39;72.51;55.37;32.12;50.19;57.25;63.43;32.67;61.69;50.42;52.55;43.12;35.98;32.66;40.16;36.67;34.62;38.51;24.54;49.12;40.23;45.7;50.01;54.12;23.69;65.56;39.81;52.5;69;69.5
O3;uur;µg/m³;2023-09-12T21:00:00+01:00;2023-09-12T22:00:00+01:00;49.4;34.6;50.3;53.4;52.3;58.77;43.49;57.9;65.64;40.12;39.16;35.58;39.25;28.56;;30.09;68.08;53.55;27.77;57.23;47.5;61.88;33.58;66.23;54.58;50.13;40.46;31.75;40.91;54.79;32.64;44.09;34.67;29.39;41.78;45.28;40.89;56.45;45.49;15.93;64.49;51.12;54.7;59.8;55.8
O3;uur;µg/m³;2023-09-12T22:00:00+01:00;2023-09-12T23:00:00+01:00;44.7;28.6;44.4;56.5;49.9;63.33;44.04;56.29;53.42;29.6;33.06;28.67;30.94;37.81;;28.89;64.67;47.68;20.55;52.46;61.99;54.81;33.12;62.18;50.91;49.6;37.9;21.87;38.84;51.02;35.5;46.93;24.43;43.11;22.14;43.93;23.58;59.37;48;9.93;64.08;47.17;51.4;62.6;56.2
O3;uur;µg/m³;2023-09-12T23:00:00+01:00;2023-09-13T00:00:00+01:00;41.2;26.9;39;48.5;47.6;54.48;32.77;57.49;53.7;21.57;23.2;30.86;34.85;29.93;;32.97;60.27;45.95;11.96;52.75;43.61;44.32;23.35;48.91;45.84;53.55;35.68;23.68;36.05;51.74;40.56;42.15;17.86;33.5;20.43;47.7;30.22;54.61;47.52;22.24;66.08;49.33;50.2;61.5;57.8
O3;uur;µg/m³;2023-09-13T00:00:00+01:00;2023-09-13T01:00:00+01:00;30.9;18.4;29.5;35.6;41.6;48.3;31.52;53.51;57.53;23.26;26.29;26.75;27.78;29.89;;40.18;51.2;36.68;14.4;39.81;32.08;37.02;23.53;44.81;44.78;49.4;37.45;36.47;49.08;53.14;33.92;55.34;16.91;34.11;24.39;50.79;44.53;38.15;50.42;33.03;64.61;56.28;43.3;55.1;48.4
O3;uur;µg/m³;2023-09-13T01:00:00+01:00;2023-09-13T02:00:00+01:00;18.7;35.9;26.5;31;24.3;42.4;34.26;39.71;48.02;25.14;23.47;21.47;37.62;27.13;;35.92;45.48;33.11;30.61;27.4;19.29;26.11;29.95;39.05;54.13;39.84;25.93;29.21;41.37;52.1;18;48.26;9.7;29.17;23.04;41.29;44.17;37.03;51.98;41.71;64.48;54.93;33.8;59.2;31
O3;uur;µg/m³;2023-09-13T02:00:00+01:00;2023-09-13T03:00:00+01:00;35.9;25.6;25.3;19.4;25.8;;;;;;;;;;;;;;;;;;;;;;;;;;;;;;;;;;;;;;36.4;48.9;22.5
O3;uur;µg/m³;2023-09-13T03:00:00+01:00;2023-09-13T04:00:00+01:00;46;33.2;31.8;25.8;35.9;28.13;32.83;48.62;48.39;19.42;14.27;28.62;30.39;25.57;;26.65;42.7;18.84;40.62;43.22;22.23;19.94;41.82;26.49;36.66;;17.8;12.91;26.92;34.96;18.88;27.25;16.87;13.54;4.41;41.85;22.31;33.62;;43.33;60.26;57.35;38.3;38.7;26
O3;uur;µg/m³;2023-09-13T04:00:00+01:00;2023-09-13T05:00:00+01:00;34.4;41.7;33.6;30.4;42.9;35.6;34.8;49.89;52.66;20.06;17.22;23.36;23.74;25.26;;26.49;58.68;29.83;34.93;40.39;46.02;38.09;34.1;44.89;28.73;;17.77;16.86;31.75;32.14;16.12;36.99;8.89;20.99;20.85;33.14;16.6;34.96;53.39;41.4;58.91;56.46;34.5;38.4;28.3
O3;uur;µg/m³;2023-09-13T05:00:00+01:00;2023-09-13T06:00:00+01:00;25.4;24.7;26.5;38.3;53.8;42.68;37.54;46.15;50.06;18.18;7.64;19.99;19.48;25.51;;21.83;61.31;26.19;32.59;28.16;69.7;50.18;21.99;56.28;57.26;54.58;26.75;25.59;19.12;24.49;10.89;23.66;12.78;18.29;26.85;36.35;16.16;37.22;54;42.42;59.61;55.36;46.1;50.4;45
O3;uur;µg/m³;2023-09-13T06:00:00+01:00;2023-09-13T07:00:00+01:00;39;46.2;45.3;57.2;64.6;36.4;29.31;43.85;47.76;16.39;10.26;18.31;7.35;21.41;;22.16;61.68;43.28;39;22.45;65.92;54.22;45.22;57.25;71.2;57.28;39.62;49.45;29.72;27.26;43.85;35.67;32.47;22.85;31.72;33.58;33.19;46.61;61.1;43.65;60.29;55.66;61.6;69;59.8
O3;uur;µg/m³;2023-09-13T07:00:00+01:00;2023-09-13T08:00:00+01:00;36.1;45.6;40.5;53.6;65;34.11;24.92;41.26;41.54;16.82;17.01;20.15;21.19;21.26;;46.44;58.7;39.34;49.01;45.18;72.07;52.35;45.77;47.53;69.82;55.82;54.86;54.77;50.33;51.46;55.75;54.46;50.77;26.43;39.66;24.65;43.62;53.16;61.51;49.46;62.28;58.76;66;72;66.8
O3;uur;µg/m³;2023-09-13T08:00:00+01:00;2023-09-13T09:00:00+01:00;41.7;45.2;44.6;54.9;67;34.86;32.1;38.11;39.81;24.83;39.03;17.92;43.66;21.54;;56.95;61.65;52.09;52.03;50.24;73.23;55.73;48.74;54.57;64.88;58.17;59.37;57.18;51.91;55.21;53.69;57.68;53.56;38.15;50.86;35.31;48.87;57.2;59.23;54.26;61.52;60.92;64.8;69.1;66
O3;uur;µg/m³;2023-09-13T09:00:00+01:00;2023-09-13T10:00:00+01:00;45.4;43.7;49.6;58.2;70.3;35.21;41.52;39.78;42.26;41.72;39.76;33.01;48.18;31.86;;52.22;67.07;49.04;55.54;54.08;72.81;60.12;50.04;59.23;63.92;58.46;59.97;56.78;53.85;57.41;53.72;60.01;56.34;42.48;54.75;43.14;52.61;52.63;61.52;61.07;63.49;58.43;64.2;69;65
O3;uur;µg/m³;2023-09-13T10:00:00+01:00;2023-09-13T11:00:00+01:00;49.9;46.2;53.1;61.2;68.9;32.52;46.95;39.33;44.19;43.95;47.5;40.22;53.03;42.67;;58.5;66.68;54.55;59.4;58.36;72.36;64.03;57.68;58.91;66.05;57.44;60.25;60.23;59.01;61.79;58.52;64.31;61.85;45.08;58.52;47.84;55.52;55.77;66.57;59.68;70.59;62.42;66.6;70.8;67.1
O3;uur;µg/m³;2023-09-13T11:00:00+01:00;2023-09-13T12:00:00+01:00;51.4;50.8;53.9;66.3;71;32.65;50.77;40.89;45.05;53.74;54.56;42.55;59.19;46.98;;68.89;66.53;61.12;62.46;61.18;71.98;64.45;61.56;59.65;67.44;62.61;64.6;63.46;60.78;66.63;63.32;66.86;66.27;55.06;63.28;52.6;55.36;57.7;71.88;61.36;75.95;71.14;66.8;73.4;68.2
O3;uur;µg/m³;2023-09-13T12:00:00+01:00;2023-09-13T13:00:00+01:00;50.2;54.8;52.9;63.6;71.4;37.58;56.87;38.79;44.07;57.21;63.46;47.97;66.34;;;75.09;67.92;54.46;65.2;64.19;75.93;63.33;57.74;60.2;70.01;61.3;67.63;66.38;62.53;65.07;69.51;68.23;68.98;58.73;64.79;59.64;57.85;64.18;71.75;64.01;68.05;69.16;71.1;73.8;70
O3;uur;µg/m³;2023-09-13T13:00:00+01:00;2023-09-13T14:00:00+01:00;52.8;54.8;55.8;68.5;75.3;47.61;58.48;43.96;44.41;62.66;60.67;50;66.44;;;74.4;69.55;61.16;66.31;69.58;79.07;67.8;56.54;66.06;72.44;65.02;71.26;70.57;72.51;73.76;70.89;78.66;75.86;62.43;64.49;61.82;54.7;67.87;69.13;67.95;64.6;65.8;73.8;77;74.6
O3;uur;µg/m³;2023-09-13T14:00:00+01:00;2023-09-13T15:00:00+01:00;52.8;50.8;59.6;68.6;77.6;54.33;61.22;50.79;54.44;64.01;60.85;60.4;69.38;;;77.8;73.45;61.93;67.26;72.45;78.84;69.84;57.34;70.74;68.71;64.57;74.63;71.8;73.56;75.65;65.51;80.02;77.32;57.75;69.27;55.07;60.3;68.74;64.88;64.64;62.87;64.98;74.5;78.3;74.5
O3;uur;µg/m³;2023-09-13T15:00:00+01:00;2023-09-13T16:00:00+01:00;57.7;62.9;66.6;72.4;79.5;54.9;59.79;51.74;58.38;66.64;65.29;56.5;74.09;;;70.8;75.1;72.1;68.16;74.2;79.68;72.69;63.14;72.22;67.91;66.14;70.46;72.18;72.28;76.88;67.39;78.59;76.97;60.02;74.76;59.88;66.04;65.31;66.55;62.95;66.29;68.32;74.2;75.7;74.5
O3;uur;µg/m³;2023-09-13T16:00:00+01:00;2023-09-13T17:00:00+01:00;53.5;61;62.4;73.1;79.8;56.12;56.85;50.72;59.56;68.91;66.09;57.92;72.5;;;75.7;74.59;72.92;70.37;77.21;80.15;71.08;61.77;72.1;66.61;63.91;62.37;71.25;69.4;73.41;70.32;75.94;77.17;58.54;71.75;63.27;62.55;60.27;66.77;68.5;66.63;68.5;72;75.1;74.5
O3;uur;µg/m³;2023-09-13T17:00:00+01:00;2023-09-13T18:00:00+01:00;54.3;60.3;62.5;70.8;80.4;53.58;61.03;50.15;56.95;69.7;64.61;62.99;72.68;68.11;;72.85;73.27;69.05;64.63;74.8;73.75;70.01;62.86;70.35;63.14;61.65;62.15;66.38;66.04;68.95;62.86;71.19;73.62;54.1;67.79;60.52;54.93;58.83;64.86;69.29;62.41;66.45;67.7;76.1;71.2
O3;uur;µg/m³;2023-09-13T18:00:00+01:00;2023-09-13T19:00:00+01:00;57;54.4;66.1;66.7;78.6;50.79;40.78;46.03;50.04;64.4;52.17;53.98;65.39;67.24;;64.73;69.91;65.29;55.75;69.6;69.19;65.13;53.86;65.57;58.97;56.57;52.4;61.26;57.8;61.47;54;62.03;60.3;47.76;58.85;58.85;45.82;56.83;62;54.9;49.66;58.15;61.3;70.3;68.4
O3;uur;µg/m³;2023-09-13T19:00:00+01:00;2023-09-13T20:00:00+01:00;49;58.9;50.4;55.6;66.2;43.93;21.63;28.96;42.66;45.57;40.22;34.3;57.19;46.87;;52.15;59.18;58.29;51.39;57.4;60.24;58.46;40.21;44.9;51.02;51.11;36.61;54.66;51.37;56.52;40;56.3;49.61;26.42;49.78;48.22;21.46;46.95;60.78;29.67;50.89;44.4;55.3;63.7;62.8
O3;uur;µg/m³;2023-09-13T20:00:00+01:00;2023-09-13T21:00:00+01:00;36.9;51;44.7;47.7;51.9;32.99;10.29;31.66;44.21;42.34;25.25;14.07;49.3;17.62;;48.43;52.84;57.76;49.35;52.41;51.23;49.76;29.79;36.84;48.13;44.49;34.66;46.94;48.07;54.14;30.5;54.01;43.06;21.46;36.28;45.77;9.55;48.39;53.75;19.46;64.55;25.38;50.8;58.6;58.9
O3;uur;µg/m³;2023-09-13T21:00:00+01:00;2023-09-13T22:00:00+01:00;31.7;45.8;41.8;36;49.9;16.5;5.77;30.87;35.71;27.41;14.29;32.23;44.29;12.73;;49.04;49.28;53.87;33.34;44.27;45.6;27.09;16.41;36.34;44.88;45.03;28.49;32.51;44.79;41.08;25.84;47.13;48.34;16.92;7.28;42.66;3.46;41.16;55.9;9.85;29.06;21.29;52.1;58.9;45.4
O3;uur;µg/m³;2023-09-13T22:00:00+01:00;2023-09-13T23:00:00+01:00;26.1;29.7;28.6;32.5;31.4;8.92;5.23;18.78;21.86;19.41;14.42;32.93;39.44;23.35;;41.64;47.22;50.57;35.79;43.32;37.88;21.17;10.12;32.2;47.67;23.24;29.89;31.44;29.07;37.22;21.11;40.02;37.6;11.55;0.97;39.51;5.13;39.8;58.47;14.72;28.26;21.48;41.8;52.3;36.8
O3;uur;µg/m³;2023-09-13T23:00:00+01:00;2023-09-14T00:00:00+01:00;32.3;22.4;24.9;31.4;39.4;3.51;4.23;7.49;14.41;17.68;10.49;30.99;35.39;25.61;;28.79;40.81;49.27;25.3;41.21;30.16;19.34;9.18;23.44;36.57;14.45;27.58;26.69;29.4;34.09;9.6;40.32;34.26;6.16;0.46;34.31;0.31;30.87;49.01;12.93;30.39;26;30.6;52.1;30.9
O3;uur;µg/m³;2023-09-14T00:00:00+01:00;2023-09-14T01:00:00+01:00;27.1;13.3;15.4;26.2;33.3;1.57;3.12;7.18;5.65;7.3;9.25;29.24;33.84;14.31;;28.18;30.07;46.61;17.38;31.36;24.28;9.14;6.41;26.69;32.77;17.07;29.25;24.72;23.88;41.41;4.92;34.72;25.12;4.08;0.5;33.26;-0.13;15.79;43.75;8.89;21.51;25.86;32.7;45.8;21.8
O3;uur;µg/m³;2023-09-14T01:00:00+01:00;2023-09-14T02:00:00+01:00;22.3;5.3;10.3;24.8;24.5;1.84;1.84;3.99;5.63;10.75;7.44;21.26;30.26;10.25;;20.23;27.4;48.07;19.66;25.66;24.03;-1.12;5.77;27.68;36.37;10.39;22.29;20.57;21.48;33.07;12.86;31.4;16.11;0.03;0.52;29.48;-0.63;23.31;44.38;11.45;22.91;30.68;36;37.1;15.5
O3;uur;µg/m³;2023-09-14T02:00:00+01:00;2023-09-14T03:00:00+01:00;26.3;22.4;8.9;22;26.7;4.77;1.66;2.22;5.44;5.33;6.5;16.22;22.87;4.87;;23.69;26.43;44.04;26.01;22.3;20.05;-1.31;4.59;19.74;23.34;5.51;20.66;18.19;17.97;29.83;11.94;26.93;14.03;-1.08;3.03;29.38;-1.13;18.21;39.34;10;22.33;30.16;35.8;39;19.8
O3;uur;µg/m³;2023-09-14T03:00:00+01:00;2023-09-14T04:00:00+01:00;26;33;7.2;18.6;25.9;2.03;2.36;1.5;4.47;4.95;3.32;12.07;17.81;2.59;;18.4;37.46;40.87;18.71;15.28;12.85;-1.41;4.85;19.47;23.5;3.24;18.24;22.19;20.12;25.35;21.01;26.68;15.29;-0.36;1.95;33.47;-0.63;21.68;42.57;16.36;30.33;21.45;35.3;48.4;17.7
O3;uur;µg/m³;2023-09-14T04:00:00+01:00;2023-09-14T05:00:00+01:00;19.5;20.9;4.7;14.7;30.3;1.82;1.37;0.26;2.7;0.16;3.8;9.91;12.56;0.72;;11.43;37.5;31.32;10.45;10.67;6.29;-0.65;0.88;6.03;29.85;8.73;16.51;16.87;16.49;16.3;21.03;18.49;9.87;0.26;0.34;36.28;0.44;16.75;35.51;12.58;31.41;22.41;34;50.7;19.2
O3;uur;µg/m³;2023-09-14T05:00:00+01:00;2023-09-14T06:00:00+01:00;9.6;7.8;3.2;6.6;13.4;-0.3;1.24;0.9;2.31;-0.86;1.66;7.46;4.48;0.34;;6.36;28.66;26.18;4.94;3.92;3.43;3.33;0.93;-0.78;26.04;7.41;11;8.66;6.05;6.89;17.64;13.08;5.65;-0.43;0.4;45.64;-0.59;11.3;31.85;16.54;30.41;16.47;30.1;36;24.1
O3;uur;µg/m³;2023-09-14T06:00:00+01:00;2023-09-14T07:00:00+01:00;2.2;5.8;1;1.4;5.9;-0.26;1.39;2.26;2.23;-0.67;0.1;3.26;2.33;0.54;;5.93;13.89;20.19;9.79;3.08;4.71;3.98;1.79;-0.3;24.65;3.55;7.01;8.55;1.19;1.81;13.56;9.65;3.48;-1.4;0.55;42.34;-0.75;9.71;29.29;22.56;19.88;12.56;31;27.9;19.8
O3;uur;µg/m³;2023-09-14T07:00:00+01:00;2023-09-14T08:00:00+01:00;4.7;10.9;6.1;14.4;25.6;4.02;3.66;7.17;7.35;1.46;1.78;6.18;10.96;6.01;;16.99;10.38;9.29;9.98;14.94;14.13;9.36;7.46;1.41;33.33;7.64;14.31;10.4;6.7;6.6;11.07;16;14.92;-1.4;5.47;29.02;0.41;11.41;33.17;13.78;22.18;14.68;33.2;29;21
O3;uur;µg/m³;2023-09-14T08:00:00+01:00;2023-09-14T09:00:00+01:00;16.7;15.2;11.8;21.4;32.5;14.34;19.15;16.15;20.64;14.42;12.17;14.41;19.84;18.52;;25.78;15.48;8.64;17.63;25.21;31.64;15.22;17.61;4.28;46.93;28.43;36.54;23.02;15.61;19.25;20.45;25.55;20.29;14.46;15.79;32.96;12.98;28.82;48.8;38.55;44.39;50.13;38.6;37.6;36.7
O3;uur;µg/m³;2023-09-14T09:00:00+01:00;2023-09-14T10:00:00+01:00;29.9;22.9;20.2;30.6;36.5;29.64;34.09;24.75;42.03;28.34;33.83;34.93;32.94;39.45;;38.51;35.45;31.62;39.96;35.36;41.1;34.02;33.48;20.47;58.5;32.98;51.24;31.78;23.04;28.93;33.75;31.5;26.19;45.8;28.89;42.59;48.82;46.15;62.28;59.85;56.02;63.48;46.6;45;40.5
O3;uur;µg/m³;2023-09-14T10:00:00+01:00;2023-09-14T11:00:00+01:00;48.1;33.8;40.1;50.2;47.1;53.36;50.36;48.46;60.22;51.59;51.91;50.18;51.79;52.72;;58.08;51.21;49.01;52.55;50.72;57.24;50.76;51.33;35.39;64.89;44.02;55.01;46.4;39.37;44.55;43.59;48.68;50.4;59.18;51.78;54.9;61.93;60.24;68.02;67.34;67.91;71.58;59;50.1;49.1
O3;uur;µg/m³;2023-09-14T11:00:00+01:00;2023-09-14T12:00:00+01:00;63.3;45.4;58;66.6;65.2;68.13;65.86;66.21;68.84;69.92;67.87;62.83;67.31;68.58;;72.77;72.03;59.47;68.72;67.38;71.64;68.8;68.74;42.72;70.07;59.28;67.84;67.12;57.37;59.48;54.15;64.29;69.66;66.23;61.38;65.23;67.04;66.98;70.19;71.2;72.87;75.56;69.7;59.5;64.8
O3;uur;µg/m³;2023-09-14T12:00:00+01:00;2023-09-14T13:00:00+01:00;71.7;53.9;68.9;67.8;69.1;73.08;72.73;73.47;77.04;77.17;73;64.35;74.64;75.42;;69.91;83.52;78.55;78.41;81.37;82.47;79.91;69.6;54.89;74.56;64.57;77.44;75.5;61.92;67.17;69.44;70.7;79.68;65.87;74.37;72.59;70.05;72.69;75.56;75.58;74.62;75.3;73.7;73;77.9
O3;uur;µg/m³;2023-09-14T13:00:00+01:00;2023-09-14T14:00:00+01:00;77.1;58.1;71.6;73.5;61.6;78.4;78.65;80.87;83.43;80.45;78.36;69.85;79.73;79.44;;81.25;80.35;85.84;84.06;84.17;89.95;83.8;71.77;59.87;79.92;69.92;84.16;84.15;65.53;72.85;71.4;79.63;88.17;69.03;77.07;78.02;74.18;77.63;80.95;76.77;78.24;78.12;78.9;81.2;86.5
O3;uur;µg/m³;2023-09-14T14:00:00+01:00;2023-09-14T15:00:00+01:00;84.7;62;72.3;79.9;80.6;85.03;84.79;79.79;87.47;86.87;89.08;69.28;83.32;83.26;;90.19;89.15;84.5;91.02;90.2;100.15;88.26;69.39;55.95;84.45;73.37;90.4;90.11;71.47;77.6;80.64;85.34;94.79;72.42;82.04;79.03;78;80.45;85.14;78.4;80.58;81.21;92.7;83.5;90.8
O3;uur;µg/m³;2023-09-14T15:00:00+01:00;2023-09-14T16:00:00+01:00;88.6;64.4;71.1;74.8;89.9;85.03;87.92;76.06;83.89;87;93.04;73.53;83.76;84.88;;88.21;92.2;85.77;93.15;93.47;107.9;86.15;67.57;82.87;88.44;74.2;93.01;94.17;73.4;78.74;83.06;90.03;97.51;79.01;90;78.79;84;84.2;90.32;80.31;82.42;84.26;96.7;86.9;95.2
O3;uur;µg/m³;2023-09-14T16:00:00+01:00;2023-09-14T17:00:00+01:00;90.8;60.3;68.5;75.9;97.3;82.11;85.76;84.86;85.18;87.54;93.57;72.91;83.65;86.34;;88.78;96.36;93.99;96.45;96;114.02;87.25;58.48;85.12;90.66;84.51;87.04;97.93;74.72;83.3;83.09;89.79;97.61;79.79;88.53;77.55;85;82.86;92.99;82.4;83.59;84.68;99.1;90.8;97
O3;uur;µg/m³;2023-09-14T17:00:00+01:00;2023-09-14T18:00:00+01:00;94.5;45;87.4;83.7;101.1;72.12;60.02;79.62;86.47;85.49;82.62;70.27;84.82;87.75;;88.3;102.22;95.56;91.84;92.84;116.11;89.02;64.02;88.69;87.35;87.15;83.92;91.54;70.99;73.49;83.64;93.1;93.15;71.17;87.43;74.1;76.97;67.13;87.05;81.69;81.7;83.55;93.5;83.9;91.4
O3;uur;µg/m³;2023-09-14T18:00:00+01:00;2023-09-14T19:00:00+01:00;80.4;52.6;65.9;75.8;86.6;60.71;44.45;69.68;75.08;68.42;67.88;58.58;79.9;82.04;;74.04;93.8;86.55;82.83;74.48;97.64;81.01;48.85;63.1;69.89;76.21;69.79;68.1;61.13;59.19;38.82;83.77;84.74;62.74;70.97;72.51;55.72;48.03;76.01;66.26;63.39;72.76;86.4;83.9;82.4
O3;uur;µg/m³;2023-09-14T19:00:00+01:00;2023-09-14T20:00:00+01:00;26.4;42.9;59.9;60.9;55.5;40.7;32.48;31.44;48.95;40.27;47.4;30.33;60.35;68.01;;59.09;84.71;66.91;66.24;59.22;70.33;57.43;27.16;48.55;47.7;36.47;48.03;50.3;41.59;39.75;29.21;61.46;71.55;59.24;45.22;68.86;46.47;42.38;63.99;55.41;35.89;62.39;78.6;62.6;65.2
O3;uur;µg/m³;2023-09-14T20:00:00+01:00;2023-09-14T21:00:00+01:00;25.4;27.8;31.6;58;34.3;31.35;29.76;17.11;47.89;42.92;34.03;25.96;47.52;58.84;;59.27;82.59;64.16;52.09;57.61;63.21;46.71;14.11;38.36;52.89;18.5;53.76;35.05;28.74;42.53;36.12;47.75;60.59;46.23;25.22;68.29;39.89;44.05;48.52;46.02;52.14;54.37;77.4;60;55.1
O3;uur;µg/m³;2023-09-14T21:00:00+01:00;2023-09-14T22:00:00+01:00;29.8;40.6;8.9;46.9;37.8;26.69;27.36;9.33;47.03;32.82;28.72;32.73;37.02;52.7;;57.87;69.08;52.29;52.87;57.66;36.04;57.43;5.15;37.06;65.36;35.47;51.66;35.43;39.09;37.39;32.14;55.13;53.88;43.87;29.72;62.48;47.72;41.67;48.56;46.92;52.28;54.38;71.3;55.3;47.7
O3;uur;µg/m³;2023-09-14T22:00:00+01:00;2023-09-14T23:00:00+01:00;34.6;53.1;6.5;37;31.2;23.59;26.54;8.78;42.85;22.68;24.8;37.43;36.39;42.53;;53.11;56.01;55.9;42.25;51.14;37.99;41.8;25.72;27.49;54.96;25.07;51.13;29.85;38.41;34.99;36.53;48.81;46.76;42.35;26.15;59.96;45.59;40.62;41.8;47.35;52.63;53.51;59.5;51.9;48.4
O3;uur;µg/m³;2023-09-14T23:00:00+01:00;2023-09-15T00:00:00+01:00;33.4;55.2;13.2;42.5;26.2;23.35;24.7;5.73;39.91;19.02;20.18;33.52;33.2;33.57;;54.76;50.9;59.21;40.35;48.2;44.37;30.74;32.6;24.82;49.62;38.16;46.88;26.93;34.52;30.76;35.41;47.14;42.57;35.6;21.32;57.43;46.8;40.99;40.97;42.77;43.47;47.2;54.3;57.8;51.4
O3;uur;µg/m³;2023-09-15T00:00:00+01:00;2023-09-15T01:00:00+01:00;31.9;48.1;23.2;41.6;31.8;25.61;23.69;4.24;33.46;13.93;20.49;27.77;32.75;31.54;;54.12;45.92;59.48;38.41;43.95;43.8;33.04;29.97;25.37;47.55;42.44;47.46;28.43;34.66;30.43;29.67;42.53;40.17;23.28;8.4;45.61;46.9;39.58;41.98;40.44;37.77;44.84;46.2;59.5;49.4
O3;uur;µg/m³;2023-09-15T01:00:00+01:00;2023-09-15T02:00:00+01:00;31.3;53.1;17;28.9;28.4;25.3;8.53;4.31;34.06;5.4;15.69;22.08;31.91;23.48;;50.35;45.1;58.11;38.76;32.64;40.82;30.3;20.53;27.65;45.68;37.98;44.85;28.27;30.24;28.49;24.07;36.85;35.1;19.07;17.2;31.63;36.65;38.5;39.41;36.58;37.07;46.99;44.9;55.5;45.3
O3;uur;µg/m³;2023-09-15T02:00:00+01:00;2023-09-15T03:00:00+01:00;26.9;42.4;10.2;18.2;23.2;24.53;5.6;3.95;33.13;5.14;12.38;17.58;27.29;21.04;;47.3;44.71;49.23;37.87;25.26;37.41;28.99;8.92;27.35;42.58;34.25;39.31;25.86;24.58;24.79;24.11;31.08;33.08;20.42;7.8;30.24;34;35.38;37.32;34.09;36.37;36.94;36.7;50.8;38.1
O3;uur;µg/m³;2023-09-15T03:00:00+01:00;2023-09-15T04:00:00+01:00;27.9;25.1;3.8;15.8;19.5;15.77;6.91;4.21;23.24;3.5;9.86;15.55;24.1;21.01;;39.32;40.63;40;35.28;19.8;34.08;25.46;6.49;19.85;34.88;30.15;36.64;18.29;17.76;22.76;23.04;24.4;23.66;25.41;2.28;25.39;38.22;35.16;39.33;22.36;33.9;32.92;32.3;46.3;32.9
O3;uur;µg/m³;2023-09-15T04:00:00+01:00;2023-09-15T05:00:00+01:00;24.4;9.3;2;7.3;8.1;10.98;6.52;3.3;13.52;0.64;10.01;11.83;17.48;17.77;;34.78;29.86;28.6;30.29;19.28;30.44;19.13;2.66;6.8;34.21;18.43;32.18;15.39;14.59;20.05;21.77;18.7;20.49;21.41;1.02;22.9;37.65;33.62;37.23;16.43;31.18;21.1;29.5;29.7;25.7
O3;uur;µg/m³;2023-09-15T05:00:00+01:00;2023-09-15T06:00:00+01:00;11.4;5.2;3.3;2.3;2.8;9.74;2.81;2.65;7.32;-0.26;6.42;4.4;9.09;7.04;;25.98;19.01;19.74;23.99;15;23.99;10.01;2.77;2.1;35.34;4.52;21.53;12.95;9.33;10.57;19.55;12.15;17.32;23.03;0.76;19.2;29.19;31.27;31.48;11.42;26.33;21.27;28;19.3;20.6
O3;uur;µg/m³;2023-09-15T06:00:00+01:00;2023-09-15T07:00:00+01:00;3.3;4.8;5.2;0.7;1.2;7.61;3.69;-0.27;5.39;-1.4;4.23;3.54;4.95;5.46;;21.18;7.3;12.5;13.98;5.48;19.15;1.19;0.7;0.06;31.71;0.09;19.84;9.63;2.03;2.95;17.9;4.59;11.69;17.29;0.72;14.55;23.41;25.63;29.23;16.27;23.77;22.79;22.6;12.7;16.1
O3;uur;µg/m³;2023-09-15T07:00:00+01:00;2023-09-15T08:00:00+01:00;3.5;7.6;2.4;2.8;6.4;14.28;9.24;2.38;12.32;2.14;3.32;9.85;8.14;14.78;;18.96;12.94;14.66;12.14;13.03;18.85;7.44;4.25;1.77;33.39;4.77;28.78;10.09;3.2;8.24;17.68;12.44;13.63;14.24;7.73;11.89;23.43;21.39;32.71;27.14;29.48;25.75;20.7;15.5;16.2
O3;uur;µg/m³;2023-09-15T08:00:00+01:00;2023-09-15T09:00:00+01:00;12.5;14.2;5.2;13.8;14;26.07;25.35;7.62;23.42;11.46;7.88;19.4;19.31;23.05;;26.99;19.8;14.6;26.5;21;29.3;20.95;13.34;4.9;42.51;16.87;35.91;21.35;15.4;18.88;19.57;28.05;20.43;20.54;25.14;18.74;27.31;29.11;36.51;34.92;36.13;34.76;28.2;19.5;27.7
O3;uur;µg/m³;2023-09-15T09:00:00+01:00;2023-09-15T10:00:00+01:00;23.9;20;22.3;21.5;32.6;35.11;39.28;22.43;35.52;26.32;23.36;27.81;33.84;32.04;;36.82;34.61;21.44;33.99;30.7;43.83;33.9;30.4;12.27;53.27;27.15;46.79;34.84;34.68;32.56;33.09;43.78;35.35;33.42;44;23.76;37.14;37.16;43.83;43.9;53.46;39.97;33.5;31.6;42.3
O3;uur;µg/m³;2023-09-15T10:00:00+01:00;2023-09-15T11:00:00+01:00;53.7;38.2;50.6;54.9;66.3;45.29;47.4;47.51;59.78;42.36;52.53;48.88;46.45;51.6;;75.1;59.41;47.39;47.79;39.71;60.83;57.77;58.55;34.41;68.89;39.92;64.08;50.38;50.04;52.33;52.41;63.01;54.88;51.27;72.01;35.04;53.16;54.17;58.19;63.03;68.54;62.07;48;42.3;63.5
O3;uur;µg/m³;2023-09-15T11:00:00+01:00;2023-09-15T12:00:00+01:00;64.6;50.8;67.5;73.3;90.1;62.22;63.99;72.82;78.61;62.81;73.22;66.91;68.66;65.23;;86.44;83.8;63.31;58.41;51.83;87.01;79.49;75.82;49.62;81.27;66.24;81.5;76.55;62.3;72.11;73.49;77.78;73.37;68.86;82.88;55.3;75.16;75.95;80.77;78.22;84.52;81.49;65.9;55.2;86.9
O3;uur;µg/m³;2023-09-15T12:00:00+01:00;2023-09-15T13:00:00+01:00;64.4;55.9;64.7;78.4;103.9;76;79.88;84.32;80.84;79.69;78.8;77.45;86.21;85.53;;99.9;90.3;71.23;76.9;74.41;94.84;85.88;78.31;59.53;86.12;78.67;89.01;87.9;73.67;70.29;83.81;86.81;78.69;80.14;86.24;71.51;79.37;86.16;90.93;81.27;89.89;85.44;87.3;80.9;95.4
O3;uur;µg/m³;2023-09-15T13:00:00+01:00;2023-09-15T14:00:00+01:00;76.8;62.2;74.8;79.3;114.1;86.61;87.48;91.54;88.87;94.37;97.93;87.32;90.89;95.49;;105.04;96.8;79.61;85.27;83.7;105.14;94.44;77.53;59.55;95.8;84.26;94.29;89.26;74.67;79.76;92.71;89.91;90.97;86.12;88.65;88.02;88.64;91.63;93.96;85.09;90.84;88.4;100.3;91.3;102.6
O3;uur;µg/m³;2023-09-15T14:00:00+01:00;2023-09-15T15:00:00+01:00;83.5;67;86.5;81.5;112;92.73;94.82;95.18;98.84;98.75;98.89;92.27;96.69;103.02;114.24;111.15;100.03;88.81;92.04;95.66;113.45;99.56;87.23;63.05;103.03;90.41;101.57;92.28;82.74;87.27;93.53;98.26;101.11;91.19;95.54;94.83;94.07;95.63;94.57;88.15;92.04;92.5;102.9;100.7;107.5
O3;uur;µg/m³;2023-09-15T15:00:00+01:00;2023-09-15T16:00:00+01:00;93;74.8;88.9;90.2;112.5;95.19;96.89;93.94;101.93;100.49;93.95;94.22;98.55;108.89;115.31;108.15;105.23;92.14;96.17;107.32;112.69;106.6;95.47;62.34;103.84;92.97;102.99;99.94;89.98;98.09;100.49;108.19;103.62;95.33;94.27;103.92;97.03;93.57;98.22;92.51;93.07;95.42;104.8;107.8;110.6
O3;uur;µg/m³;2023-09-15T16:00:00+01:00;2023-09-15T17:00:00+01:00;89.9;74.7;94.4;94.3;108.6;91.35;96.67;86.84;97.67;102.53;87.23;96.5;97.92;109.59;109.36;110.52;107.21;102.19;96.24;106.53;114.23;106.29;102;57.31;105.52;92.09;99.31;97.59;90.25;100.32;102.03;112.65;101.06;93.23;91.94;115.17;96.73;91.88;96.99;94.85;92.77;92.35;103.3;106.3;108.1
O3;uur;µg/m³;2023-09-15T17:00:00+01:00;2023-09-15T18:00:00+01:00;97;74.9;91.9;92.1;115.1;81.56;71.53;87.02;89.82;92.28;74.63;84.25;95.54;100.51;104.98;106.49;104.22;105.48;93.49;100.9;115.07;104.66;102.8;63.14;97.63;80.38;92.41;74.77;80.99;76.65;79.75;102.77;86.54;84.22;88.63;105.52;93.07;81.24;90.26;92.12;82.98;85.62;90.5;103.3;101.6
O3;uur;µg/m³;2023-09-15T18:00:00+01:00;2023-09-15T19:00:00+01:00;81.1;69.2;83.6;87.5;94.9;70.55;50.34;77.6;88.56;68.47;62.72;74.03;88.43;89.18;86.58;88.61;103.49;93.96;83.69;82.57;107.19;102.03;96.92;54.91;88.19;76.47;75.51;69.53;74.95;66.17;60.14;87.31;71.31;79.37;80.01;90.58;74.85;74.83;77.88;83.92;64.78;74.62;88.3;78.3;98.9
O3;uur;µg/m³;2023-09-15T19:00:00+01:00;2023-09-15T20:00:00+01:00;57.9;56.2;66.6;73.7;69.7;57.06;38.06;26.06;75.52;41.95;54.68;57.94;73.41;69.51;73.69;68.36;88.97;74.46;71.45;68.13;78.41;82.18;46.23;33.02;84.72;62.64;71.85;52.21;65.32;50.58;51.68;73.13;73.84;67.32;54.99;72.94;54.95;70.14;72.21;54.91;47.17;42.91;73;62.9;74.5
O3;uur;µg/m³;2023-09-15T20:00:00+01:00;2023-09-15T21:00:00+01:00;56.8;46.2;33.9;66.2;70.4;43.47;21.89;17.81;69.25;29.86;36.98;46.57;57.38;56.82;68.02;45.93;79.86;61.53;58.41;66.4;67.19;49.69;13.02;30.55;83.32;40.4;69.75;43.01;55.51;46.95;53.42;62.65;69.95;57.96;13.92;68.02;57.08;54.53;64.44;22.77;48.79;26.3;65.7;62.1;61.5
O3;uur;µg/m³;2023-09-15T21:00:00+01:00;2023-09-15T22:00:00+01:00;39.5;41.9;41.5;54.5;74.5;32.85;18;12.04;66.68;31.09;24.25;41.01;60.34;56.12;59.93;50.92;71.36;58.15;63.53;58.18;48.39;36.24;34.45;33.26;74.26;29.78;62.31;30.6;41.34;47.6;41.11;52.14;67.46;35.08;13.77;57;35.04;56.49;60.68;6;35.29;22.45;67.7;57.9;57.7
O3;uur;µg/m³;2023-09-15T22:00:00+01:00;2023-09-15T23:00:00+01:00;37.8;51.4;35.8;36.4;47.4;29.34;21.19;7.51;49.06;27.19;23.12;31.85;48.58;47.25;54.23;67.01;54.48;55.08;56.19;47.23;39.25;19.22;41.94;21.2;64.9;30.52;49.44;26.08;40.12;37.54;43.67;51.12;51.76;32.86;12.29;60.1;25.09;61.95;59.8;6.92;42.29;14.37;73.4;56.7;61.3
O3;uur;µg/m³;2023-09-15T23:00:00+01:00;2023-09-16T00:00:00+01:00;39.9;44.2;22.8;31.5;31;19.48;21.37;12.01;29.14;21.73;22.57;32.3;41.27;43.19;55.67;62.54;47.18;50.42;45.27;52.09;39.51;27.72;38.78;22.32;58.01;38.75;40.3;24.5;43.93;36.94;46.21;49.71;43.54;22.15;3.12;68.87;18.46;57.67;62.5;3.9;46.75;13.29;72.4;61.7;65.2
O3;uur;µg/m³;2023-09-16T00:00:00+01:00;2023-09-16T01:00:00+01:00;36.7;45.1;35.5;27;30.2;26.46;19.28;9.12;20;18.25;13.57;33.18;37.39;40.95;48.73;56.51;51.88;58.82;38.53;51.35;44.82;47.25;29.37;28.57;63.96;42.85;42.29;31;46.66;42.61;46.28;53.04;45.46;16.31;3.12;59.31;17.28;52.51;57.24;5.65;50.31;14.89;72.3;58.9;58.6
O3;uur;µg/m³;2023-09-16T01:00:00+01:00;2023-09-16T02:00:00+01:00;44.7;48.2;34.1;31;38.6;17.95;24.54;5.28;11.58;17.04;14.31;30.57;34.14;33.96;42.85;49.44;55.15;57.13;43.81;47.05;55.38;46.21;5.61;32.46;56.76;42.56;41.05;40.96;33.45;47.25;49.49;45.18;46.32;11.39;4.67;57.6;13.73;43.31;47.26;9.61;47.78;10.14;61;60.8;64.1
O3;uur;µg/m³;2023-09-16T02:00:00+01:00;2023-09-16T03:00:00+01:00;33.8;45.1;39.2;28.4;45.7;13.51;15.68;5.88;8.57;15.1;16.07;25.9;23.43;26.48;33.16;43.61;48.82;48.24;43.47;45.57;50.67;34.59;3.09;29.93;60.67;34.79;45.7;39.35;27.52;36.43;48.85;39.48;37.74;6.53;3.85;43.71;41.06;38.69;45.04;7.66;44.47;12.74;61.9;51.8;55.7
O3;uur;µg/m³;2023-09-16T03:00:00+01:00;2023-09-16T04:00:00+01:00;35.1;29.6;9.6;27.4;40.3;10.4;9.37;1.97;7.35;9.54;16.7;19.87;22.34;18.95;29.95;37.6;42.98;44.86;33.91;35.77;52.85;28.2;3.68;27.07;61.36;44.15;27.9;36.52;21.16;34.08;42.6;31.84;34.67;1.93;1.73;37.19;30.06;26.19;49.03;13.22;42.38;11.63;49;58.8;50
O3;uur;µg/m³;2023-09-16T04:00:00+01:00;2023-09-16T05:00:00+01:00;22.1;14.9;17.5;27.8;29.5;11.96;4.61;0.34;9.84;5.5;12.34;12.46;17.68;12.01;24.7;28.06;38.43;34.76;23.57;28.69;51.62;28.01;2.37;19.83;63.59;37.7;21.8;34.52;16.71;32.04;31.06;28.82;24.64;3.53;1.15;30.59;12.9;26.31;34.22;11.32;36.05;9;28.8;48;43.4
O3;uur;µg/m³;2023-09-16T05:00:00+01:00;2023-09-16T06:00:00+01:00;13.2;15;6.7;22.2;27.9;8.79;3.16;-0.01;9.4;2.63;4.11;7.58;11.8;3.37;21.53;20.78;32.23;22.69;17.88;21.82;46.74;20.72;0.59;12.65;57.9;33.75;15.4;33.61;11.04;25.84;29.93;14.84;22.12;8.69;0.94;19.7;2.47;21.48;29.67;11.18;23.3;10.09;25.3;42.4;44.6
O3;uur;µg/m³;2023-09-16T06:00:00+01:00;2023-09-16T07:00:00+01:00;8.6;11.6;2.4;14;7.5;0.28;2.77;0.32;7.21;0.71;2.43;6.24;10.09;4.2;20.67;14.58;31.43;17.27;9.2;17.45;41.64;10.12;0.96;10.86;46.99;29.15;11.67;25.71;6.25;19.08;26.3;8.67;15.42;10.49;1.41;14.76;-0.23;13.36;23.5;2.71;23.12;16.67;23.6;37.1;28.4
O3;uur;µg/m³;2023-09-16T07:00:00+01:00;2023-09-16T08:00:00+01:00;11;16.9;3.4;12.2;11.7;9.53;7.46;5.6;15.13;4.14;3.66;12.47;15.5;14.72;26.5;24.22;31;16.95;11.14;24.95;35.73;20.18;6.61;9.17;38.1;11.15;19.77;29.17;10.65;12.71;25.93;18.97;18.48;10.42;6.2;14.56;1.46;17.14;19.76;9.51;25.74;20.55;24.8;38;15.9
O3;uur;µg/m³;2023-09-16T08:00:00+01:00;2023-09-16T09:00:00+01:00;21;18.1;8.4;12.2;21.4;24.39;24.72;20.36;36.75;17.16;6.67;25.6;26.78;28;35.28;33.74;33.44;24.69;24.17;33.68;42.21;28.54;12.59;9.12;54.74;17.29;24.78;37.03;18.94;23.36;34.87;29.11;28.18;22.56;23.1;16.64;14.85;22.36;29.91;21.54;37.28;32.72;46.8;31;25.7
O3;uur;µg/m³;2023-09-16T09:00:00+01:00;2023-09-16T10:00:00+01:00;37.4;22.1;23.4;14.3;33;33.8;42.83;45.33;68.76;35.07;27.96;36.36;39.17;37.24;50.22;41.65;44.97;32.98;35.72;44.35;67.62;45.86;32;12.7;66.97;44.46;34.24;40.51;30.61;33.07;42.95;38.54;40.49;31.99;30.38;24.5;27.39;27.48;43.69;35.19;46.77;44.21;62;57.7;48
O3;uur;µg/m³;2023-09-16T10:00:00+01:00;2023-09-16T11:00:00+01:00;56.2;33.8;53.3;31.1;47.4;46.45;56.61;73.04;88.14;57.38;57.18;52.22;65.32;61.42;73.14;78.93;65.38;61.68;55.84;61.57;86.52;59.35;54.08;26.1;74.33;58.06;55.66;48.38;54.94;59.23;56.27;68.36;61.08;47.42;75.71;47.86;52.55;55.49;71.36;43.46;84.25;74.79;80.4;72.4;85.5
O3;uur;µg/m³;2023-09-16T11:00:00+01:00;2023-09-16T12:00:00+01:00;68.5;50.7;65.4;63.8;57.4;64.92;75.93;95.86;101.94;73.87;79.53;67.52;83.91;80.15;92.65;102.1;76.95;70.83;78.78;75.72;92.08;70.28;78.67;38.23;94.31;69.58;75.79;63.57;64.21;83.26;70.98;80.85;85.01;67.18;98.38;58.64;72.65;75.95;97.78;55.85;108.87;97.39;94.6;79.1;95.7
O3;uur;µg/m³;2023-09-16T12:00:00+01:00;2023-09-16T13:00:00+01:00;76;62.5;73.7;84.4;93.1;82.36;86.94;108.39;101.78;88.97;87.96;83.74;92.27;95.11;97.24;110.44;86.04;84.43;88.63;94.2;107.64;81.36;88.32;51.46;105.23;86.83;89.21;81.3;76.77;88.89;89.98;89.52;93.52;85.94;103.98;69.49;86.54;80.68;108.83;71.01;112.63;107.55;94.8;94.8;101.6
O3;uur;µg/m³;2023-09-16T13:00:00+01:00;2023-09-16T14:00:00+01:00;84.1;78.5;86.9;89.3;107.9;92.96;96.62;103.98;108.01;101.89;98.28;93.13;103.58;104.75;105.98;111.77;94.61;99.67;95.9;103.97;114.99;93.95;95.98;48.17;112.6;91.54;99.86;95.54;92.7;99.44;92.69;103.23;102.59;95.91;106.73;80.95;94.68;96.86;110.41;94.49;117.83;112.74;102.3;93.5;107.3
O3;uur;µg/m³;2023-09-16T14:00:00+01:00;2023-09-16T15:00:00+01:00;89.5;84.3;97.5;98.6;109.1;93.26;104.76;99.16;106.81;111.47;100.66;101.13;110.26;113.05;112.99;114.28;100.08;101.52;100.39;111.65;;99.32;103.98;57.48;116.87;98.67;103.39;94.81;95.47;100.25;88.43;108.49;108.31;99.05;113.3;93.13;102.27;100.62;113.89;103.9;112.36;113.1;103.6;96.7;109.8
O3;uur;µg/m³;2023-09-16T15:00:00+01:00;2023-09-16T16:00:00+01:00;85.5;85;93.9;100.5;116.8;93.56;102.46;82.92;94.97;112.04;93.18;102.99;112.18;116.41;117.46;105.37;105.06;108.02;103.72;117.91;120.38;107.41;98.07;53.9;115.39;98.81;100.47;90.14;92.4;100.5;86.33;103.72;112.57;101.24;107.37;102.63;105.03;102.48;114.9;110.27;113.73;111.64;101.3;104.5;111.4
O3;uur;µg/m³;2023-09-16T16:00:00+01:00;2023-09-16T17:00:00+01:00;84;86.7;84.2;99.7;110.2;73.71;96.71;63.07;78.52;113.14;77.59;104.91;112.19;116.06;111.23;79.53;104.77;99.01;99.18;116.91;113.69;100.18;89.35;61.23;114.51;80.32;92.21;86.47;85.85;95.86;82.4;96.31;99.87;95.63;103.81;102.48;87.54;98.26;115.14;105.81;112.12;115.33;94.9;97.4;94
O3;uur;µg/m³;2023-09-16T17:00:00+01:00;2023-09-16T18:00:00+01:00;80;85.7;75.3;81.3;96.5;60.13;73.17;47.34;63.34;102.59;73.87;89.53;109.46;108.37;105.48;81.91;98.25;93.87;86.43;98.84;102.06;96.36;73.95;46.87;102.99;62.85;76.63;82.68;80.56;87.18;72.95;90.7;84.57;76.48;100.98;92.83;79.51;88.94;95.71;92.07;104.45;110.74;90.1;103.1;57.4
O3;uur;µg/m³;2023-09-16T18:00:00+01:00;2023-09-16T19:00:00+01:00;72.9;77.3;68.9;71.2;100.8;48.07;59.47;35.09;37.36;82.41;79.05;80.53;96.06;92.04;93.61;88.38;97.29;83.36;81.14;80.77;81.72;84.6;68.23;45.78;97.35;66.54;58.73;78.88;70.85;83.35;67.51;83.97;74.94;72.37;91.38;84.15;86.36;80.39;76.81;83.56;84.4;90.28;95.3;98.6;71.2
O3;uur;µg/m³;2023-09-16T19:00:00+01:00;2023-09-16T20:00:00+01:00;70.3;73;65.8;74.2;87.5;50.87;58.95;20.2;21.72;76.11;89.66;77.78;81.01;73.11;78.06;84.71;84.38;75.63;72.61;77.41;73.11;84.23;65.6;47.22;95.9;71.52;43.68;72.44;65.35;77.22;60.82;78.36;74.19;73.54;78.06;72.69;79.04;80.18;71.06;70.59;60.95;88.25;89;101.3;103.2
O3;uur;µg/m³;2023-09-16T20:00:00+01:00;2023-09-16T21:00:00+01:00;70.2;66.6;71.8;74.4;72.6;55.11;58.65;13.63;22.01;70.29;76.2;72.25;70.46;62.47;85.95;79.03;81.89;79.14;69.31;79.64;84.1;78.98;72.91;50.15;95.83;78.06;68.3;82.54;62.51;76.4;77.16;70.29;74.18;64.73;54.69;60.68;77.35;84.96;71.15;62.54;71.98;69.01;86.5;92.7;92.1
O3;uur;µg/m³;2023-09-16T21:00:00+01:00;2023-09-16T22:00:00+01:00;82.3;66.5;82.2;68.5;83.1;48.25;46.81;8.19;48.16;68.75;30.31;68.82;67.03;65.39;80.76;57.41;81.63;81.22;72.93;63.54;86.27;85.8;87.43;54.55;96.02;72.37;77.04;77.76;58.71;68;67.02;62.94;67.97;72.04;73.18;58.7;78.75;84.62;70.29;36.21;84.18;54.87;97.7;102.6;82
O3;uur;µg/m³;2023-09-16T22:00:00+01:00;2023-09-16T23:00:00+01:00;66.4;74.9;74;80.4;75.4;48.49;39.53;31.6;46.08;61.96;22.57;57.77;63.21;55.08;68.26;54.52;80.78;83.44;70.79;66.86;88.57;79.2;82.23;49.85;96.36;74.61;75.69;62.5;58.63;67.07;68.73;67.82;68.77;73.03;82.3;65.39;76.4;83.55;69.67;41.65;84.86;41.33;98.9;105.1;77.2
O3;uur;µg/m³;2023-09-16T23:00:00+01:00;2023-09-17T00:00:00+01:00;57.5;73.5;65.4;77.6;78.3;63.64;52.73;35.22;50.94;51.18;32.38;53.77;62.97;45.69;60.85;63.43;70.08;77.86;63.25;60.71;98.7;66.86;80.33;51.38;92.79;77.76;72.9;73.86;76.25;74.3;71.79;82.57;52.24;;89.31;64.61;70.27;79.19;65.94;40.92;68.71;31.49;98;105.7;99.5
O3;uur;µg/m³;2023-09-17T00:00:00+01:00;2023-09-17T01:00:00+01:00;48.5;63.6;53.2;63.5;70.2;57.53;47.72;38.27;56.5;46.37;52.76;59.54;62.04;60.01;80.48;36.14;87.41;62.85;59.56;54.48;97.66;75.13;62.45;76.86;91.78;83.78;67.71;77.19;82.35;83.94;70.1;89.01;65.53;;89.26;69.21;75.12;79.92;67.86;30.1;71.03;22.16;98;104.3;97
O3;uur;µg/m³;2023-09-17T01:00:00+01:00;2023-09-17T02:00:00+01:00;56.7;66;57.5;64.9;82.3;49.71;50;26.85;44;47.15;45.38;57.77;58.21;61.13;76.35;48.39;86.03;74.5;62.59;66.12;91.46;83.78;68.63;79.34;97.75;83.18;64.92;83.36;84.76;93.85;79.71;91.74;76.54;;83.93;73.69;82.93;78.71;75.36;53.12;73.56;16.77;99.3;102.9;97.5
O3;uur;µg/m³;2023-09-17T02:00:00+01:00;2023-09-17T03:00:00+01:00;63.3;73.4;67.1;69.1;85.8;;;;;;;;;;;;;;;;;;;;;;;;;;;;;;;;;;;;;;93;104;84.9
O3;uur;µg/m³;2023-09-17T03:00:00+01:00;2023-09-17T04:00:00+01:00;64.8;75.2;75.6;68.5;92.8;35.48;44.53;26.89;28.65;60.74;37.46;59.58;67.19;62.93;;54.29;89.19;82.6;64.19;73.09;85.57;87.24;70.87;85.55;90.45;81.47;63.19;81.37;80.18;87.5;77.2;85.96;85.68;;88.28;68.19;74.72;72.64;;55.26;58.99;39.09;96.1;105.4;75.8
O3;uur;µg/m³;2023-09-17T04:00:00+01:00;2023-09-17T05:00:00+01:00;65.6;76.6;77.3;70.6;99.2;39.99;46.46;17.49;33.75;52.04;30.19;51.57;70.18;55.59;74.06;53.53;88.81;86.72;67.58;70.76;92.09;85.5;68.43;83.15;87.03;83.45;65.55;69.72;68.92;77.62;71.46;76.48;79.02;;86.09;65.22;68.28;69.64;58.84;53.94;78.37;47.89;92.2;102.4;61.4
O3;uur;µg/m³;2023-09-17T05:00:00+01:00;2023-09-17T06:00:00+01:00;63.8;78.8;78.5;74.9;96.9;34.5;45.36;4.29;30;59.27;37.65;41.17;66.15;42.71;80.69;46.72;89.95;89.01;70.75;72.87;89.89;84.21;70.42;81.09;82.47;81.03;65.24;70.39;64.9;76.08;67.87;72.91;67.56;;71.98;57.29;66.67;66.75;64.73;52.89;77.41;47.88;86.6;97.3;85.6
O3;uur;µg/m³;2023-09-17T06:00:00+01:00;2023-09-17T07:00:00+01:00;66.8;73.3;70.2;65.3;90.9;29.06;46.17;10.17;27.11;46.22;46.49;33.77;63.57;35.12;71.93;43.22;84.51;81.97;68.18;69.87;92.91;83.24;69.79;81.46;84.04;73.44;63.8;67.93;71.95;81.45;67.21;80.6;73.26;;70.57;50.97;56.71;72.55;64.69;55.01;70.55;55.42;86.1;93.8;86.6
O3;uur;µg/m³;2023-09-17T07:00:00+01:00;2023-09-17T08:00:00+01:00;54.2;65.8;63.9;72.3;85.4;25.99;42.52;23.92;34.84;37.87;48.3;25.08;61.42;27.26;65.53;46.68;73.72;73.16;67.71;71.51;89.93;81.52;69.48;76.32;84.42;77.2;72.22;64.99;65.37;72.47;61.45;71.65;71.22;;74.22;49.63;48.7;63.7;69.85;57.89;85.89;60.34;87.3;92.2;80
O3;uur;µg/m³;2023-09-17T08:00:00+01:00;2023-09-17T09:00:00+01:00;56.9;69;68;73.7;83.8;31.53;33.11;43.92;47.43;37.08;51.22;17.84;54.52;22.85;63.84;50.37;77.98;77.51;68.85;62.56;87.29;80.59;71.93;66.02;85.08;72.4;75.79;65.08;62.3;65.67;60.53;70.36;66.5;;75.07;43.67;50.98;63.83;65.71;63.54;88.08;75.7;87.2;89;88.9
O3;uur;µg/m³;2023-09-17T09:00:00+01:00;2023-09-17T10:00:00+01:00;56.5;65.9;58.8;67.5;84.9;47.99;26.5;51.01;57.6;33.97;47.34;17.72;47.48;17.83;71.96;56.12;80.62;74.69;60.68;55.47;92.38;72.63;68.15;65.52;88.1;73.84;81.52;66.13;57.77;62.55;60.38;66.42;66.24;;62.87;42.76;56.59;66.58;61.54;69.11;91.25;88.35;82.7;93.9;80.3
O3;uur;µg/m³;2023-09-17T10:00:00+01:00;2023-09-17T11:00:00+01:00;49.4;63.9;55.9;64.9;75.2;54.29;28.35;60.04;65.34;32.42;43.44;23.58;42.17;19.05;71.46;55.73;81.98;73.44;55.65;60.03;83.63;70.17;63.02;62.16;87.96;70.56;79.99;65.93;63.81;64.16;64.56;71.62;67.62;;53.89;39.1;50.39;66.97;68.56;66.94;88.77;90.27;81.9;83;68.6
O3;uur;µg/m³;2023-09-17T11:00:00+01:00;2023-09-17T12:00:00+01:00;52.4;53.5;59.1;65.1;76.2;68.17;44.79;70.53;78.89;28.98;41.05;30.32;37.04;34.78;65.35;57.91;80.66;67.68;60.29;56.61;89.97;72.38;69.11;55.3;86.25;75.99;72.06;70.69;58.35;57.78;67.79;68.37;65.63;;50.51;31.38;45.56;64.43;78.7;65.72;82.18;88.07;81.2;88.1;79.7
O3;uur;µg/m³;2023-09-17T12:00:00+01:00;2023-09-17T13:00:00+01:00;52.2;47.5;57.6;61.4;70.1;78.68;57.55;80.16;83.74;32.74;48.1;45.71;36.25;52.24;64.78;54.38;75.74;60.51;54.04;52.67;92.34;71.25;66.43;48.6;88.44;68.25;62.87;69.09;49.28;49.92;63.24;61.81;57.11;;44.94;30.61;43.43;59.39;80.25;63.13;82.64;80.95;80.7;83.5;89.2
O3;uur;µg/m³;2023-09-17T13:00:00+01:00;2023-09-17T14:00:00+01:00;46.3;40.1;47.4;47.6;54.1;83.2;64.73;83.9;90.1;48.49;47.37;56.47;39.01;60.87;66.21;52.61;72.88;56.35;46.41;48.1;91.28;69.16;52.4;40.78;95.1;66.12;54.68;63.84;39.82;40.61;60.54;49.96;54.09;;40.89;43.73;40.74;55.13;79.33;62.01;88.1;79.86;76.7;76.1;85.9
O3;uur;µg/m³;2023-09-17T14:00:00+01:00;2023-09-17T15:00:00+01:00;46.2;38.5;51.4;46.9;48.1;87.16;73.27;79.66;90.08;54.52;46.64;63.9;48.88;71.75;70.33;61.15;65.82;54.06;57.71;51.81;84.96;61.47;55.71;35.67;85.81;61.75;47.89;57.25;33.72;46.91;47.27;46.3;56.73;;42.71;53.28;45.03;47.92;72.05;61.96;90.75;80.18;69.4;50.8;73.5
O3;uur;µg/m³;2023-09-17T15:00:00+01:00;2023-09-17T16:00:00+01:00;52.2;41.1;55.2;42.3;42.7;87.11;75.21;67.51;79.51;65.87;52.01;71.1;55.35;74.92;77.99;61.07;63.48;63.55;63.68;63.48;80.7;57.04;59.24;32.97;77.99;61.48;48.26;59.41;44.13;53.03;39.12;58.93;65.79;;50.08;57.48;50.61;48.93;62.28;64.62;75.73;73.12;68.4;52.4;68.5
O3;uur;µg/m³;2023-09-17T16:00:00+01:00;2023-09-17T17:00:00+01:00;55.2;44.6;50.7;40.6;44.7;85.62;68.37;53.53;73.36;67.46;43.15;62.16;49.49;69.28;70.53;68.41;59.48;60.28;58.56;64.3;83.06;54.51;58.48;29.55;67.75;61.95;50.06;63.84;40.19;52.64;46.52;57.39;62.62;;55.71;55.46;55.98;49.85;54.11;62.22;66.8;69.22;72.4;50.5;63.2
O3;uur;µg/m³;2023-09-17T17:00:00+01:00;2023-09-17T18:00:00+01:00;45.4;37.4;39;47.2;48;66.61;44.09;43.42;60.73;54.46;41.25;52.64;44.36;59.75;61.76;63.68;52.27;53.96;59.33;55.29;76.93;46.14;47.87;28.46;71.76;64.04;46.07;57.65;42.96;48.66;41.93;55.75;55.38;;44.34;56.11;43.43;43.75;60.37;54.46;56.76;67.99;73.7;54.2;69
O3;uur;µg/m³;2023-09-17T18:00:00+01:00;2023-09-17T19:00:00+01:00;34.9;27.1;34.2;39.9;39.2;50.54;27.46;19.6;24.13;38.11;30.16;40.53;34.72;44.35;44.52;60.24;45.39;41.29;43.16;41.28;66.7;44.04;22.06;18.39;75.47;55.91;36.45;39.92;28.78;25.66;34.53;40.26;39.75;;23.26;43.26;24.85;38.37;71.51;45.82;47.26;60.58;68.4;60.4;62
O3;uur;µg/m³;2023-09-17T19:00:00+01:00;2023-09-17T20:00:00+01:00;20;25;16.5;31.2;30.6;41.3;29.33;9.84;51.77;21.86;20.77;35.18;34.05;33.81;37.93;55.29;41.95;31.58;25.88;25.74;52.52;34.75;13.34;17.36;67.06;44.47;19.68;28.35;12.82;14.22;18.08;14.49;25.01;;7.29;27.31;18.24;18.91;70.3;35.41;52.57;54.61;52.9;50;41.6
O3;uur;µg/m³;2023-09-17T20:00:00+01:00;2023-09-17T21:00:00+01:00;24.4;27.3;12.7;23.4;23.5;40.02;36.61;2.13;41.14;18.76;17.11;38.77;22.81;43.73;31.43;44.55;35.78;34.6;18.54;13.15;42.42;25.81;8.33;13.87;58.58;29.49;9.44;28.36;2.49;6.12;14.27;6.5;18.84;;1.44;23.46;7.68;18.48;64.86;30;41.03;37.94;27.9;28.4;30
O3;uur;µg/m³;2023-09-17T21:00:00+01:00;2023-09-17T22:00:00+01:00;17.5;23.3;12.6;11.9;20.6;27.21;25.63;5.84;50.14;16.61;16.13;34.28;22.42;36.49;37.52;45.41;30.52;30.55;12.86;13.96;39.36;18.53;6.69;13.19;50.32;24.78;12.39;15.06;4.56;8.42;15.83;6.13;19.7;;0.63;44.61;22.58;9.33;50.2;13.62;33.95;23.82;34.3;22.2;27.7
O3;uur;µg/m³;2023-09-17T22:00:00+01:00;2023-09-17T23:00:00+01:00;20.2;29.3;18.6;12.3;21;21.38;18.89;1.04;46.37;20.75;12.72;40.65;27.82;34.8;34.67;44.64;31.35;36.14;27.71;19.53;29.48;25.26;16.64;16.37;42.9;16.82;15.76;11.44;5.69;11.07;22.8;6.27;29.18;;3.56;35.83;22.01;11.84;41.35;9.48;26.58;29.21;28.8;21.9;27.1
O3;uur;µg/m³;2023-09-17T23:00:00+01:00;2023-09-18T00:00:00+01:00;22.3;33.9;28.1;14.9;21.3;25.68;30.92;6.85;54.64;27.31;8.4;42.55;30.13;41.08;33.7;37.73;32.73;35.45;28.49;28.5;21.83;26.98;11.56;14.52;38.21;15.7;15.06;16.49;15.58;21.51;27.03;28.55;33.6;;4.38;40.93;24.36;16.67;28.92;8.36;27.11;11.68;29.2;25;24.4
O3;uur;µg/m³;2023-09-18T00:00:00+01:00;2023-09-18T01:00:00+01:00;23.8;37;30.1;12;21.7;27.62;26.06;6.33;40.47;30.93;5.85;36.57;33.66;37.38;31.67;35.13;35.8;33.09;28.02;27.74;26.46;26.55;8.05;23.54;38.54;20.03;30.51;28.59;22.29;21.69;30.24;32;33.84;;19.73;29.87;36.27;24.66;25.7;9.71;26.18;16.52;30.2;22.9;25.5
O3;uur;µg/m³;2023-09-18T01:00:00+01:00;2023-09-18T02:00:00+01:00;23;39.2;8.1;21.9;18.9;30.4;23.48;9.58;35.23;30.34;6.37;33.95;30.6;36.22;28.67;26.45;33.48;34.97;27.44;27.12;39.46;28.14;19.68;23.52;34.92;33.54;44.25;35.28;26.65;29.28;33.77;38.25;30.57;;10.5;22.72;43.37;33.02;25.09;14.38;25.16;18.46;37.3;20.4;37.8
O3;uur;µg/m³;2023-09-18T02:00:00+01:00;2023-09-18T03:00:00+01:00;23.3;37;7.2;19.6;17.9;40.34;24.1;15;43.81;25.03;17.64;33.53;27.91;37.34;24.39;33.63;33.04;35.15;22.9;26.29;36.3;26.84;18.55;23.59;39.14;36.1;43.78;32.1;24.1;28.83;34.69;36;26.51;;23.34;43.69;37.67;32.83;28.57;33.34;23.36;21.5;44.6;14;45.5
O3;uur;µg/m³;2023-09-18T03:00:00+01:00;2023-09-18T04:00:00+01:00;19.3;26.3;12.8;18.7;21.5;39.06;31.03;36.84;58.92;24.53;10.11;33.16;26.89;30.94;27.94;27.53;26.65;30.91;25.5;23.52;35.12;20.65;16.67;17.87;43.24;36.1;34.26;24.74;16.86;23.11;29.58;26.51;19.27;;26.31;45.16;34.74;32.63;36.04;31.71;29.66;30.42;38.7;47.5;45.1
O3;uur;µg/m³;2023-09-18T04:00:00+01:00;2023-09-18T05:00:00+01:00;16;20.9;6.7;14.3;13.2;45.24;32.66;52.1;59.36;21.37;11.2;32.1;38.31;30.69;26.39;27.58;14.35;33.6;30.8;20.85;26.88;11.48;18.59;4.62;42.73;26.31;30.31;20.96;11.73;16.04;19.58;17.94;20.28;;20.49;38.95;35.43;27.91;37.17;28.68;37.22;33.58;33.8;41.6;35.7
O3;uur;µg/m³;2023-09-18T05:00:00+01:00;2023-09-18T06:00:00+01:00;20.4;16.3;15;8;16;53.57;45.69;65.02;66.28;22.29;39.89;28.69;29.03;32;20.88;38.54;14.3;41.11;32.8;18.57;26.4;23.62;9.51;9.56;26.37;31.2;27.31;22.52;39.3;43.66;15.17;44.96;20.71;;15.65;29.7;36.49;22.96;31.4;29.18;36.06;31.38;31.3;42.2;35.3
O3;uur;µg/m³;2023-09-18T06:00:00+01:00;2023-09-18T07:00:00+01:00;15.9;14.6;11.3;11.1;20.1;60.72;49.84;67.44;70.59;27.13;36.58;45.36;30.41;48.92;42.75;39.98;19.19;10.01;31.94;36.29;32.2;18.62;8.54;6.33;39.75;26.09;36.25;19.17;10.72;17.56;12.22;25.67;19.94;;21.05;29.19;37.15;25.76;37.48;34.26;29.41;30.31;25.1;35.7;25.4
O3;uur;µg/m³;2023-09-18T07:00:00+01:00;2023-09-18T08:00:00+01:00;28.4;13.4;24.7;21.6;26.7;59.88;52.2;64.6;68.1;43.23;37.41;48.2;36.2;53.15;42.8;40.33;22.94;16.93;40.5;33.62;36.66;17.88;25.06;9.99;48.78;17.07;44.02;27.46;11.97;15.76;11.29;25.81;33.26;;21.71;31.84;30.2;20.89;64.13;35.96;35.33;28.05;27.9;21.3;16.3
O3;uur;µg/m³;2023-09-18T08:00:00+01:00;2023-09-18T09:00:00+01:00;31.2;21;23.3;27.4;27.8;55.47;57.81;60.83;65.79;51.44;36.96;46.67;37.64;50.85;44.05;43.13;37.04;26.83;41.1;33.57;32.55;35.24;31.28;24.71;41.78;18.4;40.61;30.67;18.39;23.91;18.71;28.98;33.99;;28.4;50.02;30.86;35.53;61.52;34.15;39.95;28.36;24.9;23.4;15.4
O3;uur;µg/m³;2023-09-18T09:00:00+01:00;2023-09-18T10:00:00+01:00;35.7;26.5;29.9;34.2;35.8;53.95;54.94;60.34;65.21;51.4;43.29;48.49;40.2;51.9;45.98;43.63;48.14;29.82;42.56;35.78;51.07;46.83;39.54;37.03;37.03;31.75;37.12;38.67;29.38;35.75;33.04;36.97;39.67;;38.33;48.73;40.11;34.03;48.42;35;51.17;31.43;32.6;30.6;28
O3;uur;µg/m³;2023-09-18T10:00:00+01:00;2023-09-18T11:00:00+01:00;40.4;34.6;36.8;38.3;40.8;57.75;57.98;63.22;66.52;54.02;46.96;52.11;36.18;57.65;56.15;53.44;52.71;37.54;46.79;40.73;59.61;50.33;44.4;43.98;53.05;46.39;45.97;41.82;42.09;47.77;39.59;48.08;40.68;;48.55;52.7;51.08;39.36;42.83;37.17;47.92;35.68;46.8;50.2;42.7
O3;uur;µg/m³;2023-09-18T11:00:00+01:00;2023-09-18T12:00:00+01:00;52.6;41.5;46.7;50.7;51.9;64.9;65.43;68.18;72.06;53.35;51.68;54.23;40.1;56.41;65.08;60.05;63.31;51.14;50.77;44.51;70.27;62.31;56.03;50.41;63.23;54;54.73;50.92;40.09;44.97;44.9;47.16;46.53;;56.26;59.81;58.7;53.95;52.59;51.25;52.19;42.68;61.9;61.1;59.6
O3;uur;µg/m³;2023-09-18T12:00:00+01:00;2023-09-18T13:00:00+01:00;56.9;47.2;54.7;57.2;;68.7;66.18;72.74;74.64;59.02;58.1;59.9;47.77;64.05;70.83;66.5;74.08;58.98;61.7;54.89;79.35;70.05;64.51;60.93;70.12;60.91;60.31;57.84;47.04;52.9;52.96;55.19;53.04;;55.63;62.59;62.65;57.73;66.6;61.73;61.52;59.6;68.4;67.7;69.9
O3;uur;µg/m³;2023-09-18T13:00:00+01:00;2023-09-18T14:00:00+01:00;55.9;50.2;59.4;59.7;;71.6;69.62;72.74;74.27;65.6;66.47;65.56;57.23;69.07;76.14;71.96;75.53;64.87;65.26;61.66;82.17;71.24;66.03;62.86;77.78;66.95;65.49;63.16;53.64;60.09;53.44;64.6;62.51;;63.15;62.83;63.79;65.92;72.05;69.31;70.41;66.34;74.5;74.9;75.3
O3;uur;µg/m³;2023-09-18T14:00:00+01:00;2023-09-18T15:00:00+01:00;64.7;54.2;65.7;63.2;62.4;72.64;74.61;73.19;74.98;76.25;71.74;66.13;61.75;71.44;75.74;73.46;74.85;71.79;70.65;71.08;83.17;73.79;70.53;61.41;79.46;67.56;68.63;68.58;56.42;61.28;59.6;65.83;72.42;;71.7;71.81;68.61;68.42;77.49;67.87;80.32;75.13;77.6;75.8;75.4
O3;uur;µg/m³;2023-09-18T15:00:00+01:00;2023-09-18T16:00:00+01:00;66;56;58.7;59.7;66.1;74.69;77.98;77.33;78.64;80.37;68.6;74.36;68.93;80.04;75.89;70.14;73.52;68.25;74.16;71.3;76.45;69.67;62.1;57.45;73.11;61.93;72.67;68.94;61.11;66.38;61.85;72.92;70.22;;75.51;73.89;77.55;74.02;77.11;71.87;82.16;80.84;78.3;75.2;76.1
O3;uur;µg/m³;2023-09-18T16:00:00+01:00;2023-09-18T17:00:00+01:00;61.3;53;56.1;59.8;65.4;74.6;78.54;76.69;78.67;72.51;67.11;70.38;63.71;75.72;77.02;74.23;68.98;68.18;68.85;66.15;77.7;66.52;65.67;53.31;65.44;63.67;73.19;67.82;55.43;65.31;60.49;68.93;69.31;;79.93;75.8;77.18;70.9;74.64;74.74;72.53;82.07;70.1;69.1;68.1
O3;uur;µg/m³;2023-09-18T17:00:00+01:00;2023-09-18T18:00:00+01:00;70.2;59.6;64.5;68.2;71.9;72.72;74.22;75.85;76.09;63.16;71.67;62.83;56.84;66.68;77.19;72.66;77.31;64.7;71.56;64.1;81.47;72.63;72.37;64.75;68.76;64.45;76.61;59.16;50.55;59.13;54.82;64.78;62.08;;73.89;70.12;74.3;73.59;73.8;75;72.53;78.48;69.4;69.7;67.3
O3;uur;µg/m³;2023-09-18T18:00:00+01:00;2023-09-18T19:00:00+01:00;68.8;61.5;64.3;65.3;67.9;66.65;65.4;71.86;75.65;58.04;71.18;56.98;60.27;58.45;76.72;74.05;73.18;64.55;70.54;69;80.3;73.25;71.53;64.08;71.1;67.43;68.29;63.36;56.76;63.08;60.27;63.77;67.31;;65.64;59.88;70.48;68.01;74.3;76.41;71.39;79.91;70.2;69.6;69.1
O3;uur;µg/m³;2023-09-18T19:00:00+01:00;2023-09-18T20:00:00+01:00;70;62.1;62.9;58.5;57.7;65.96;59.9;59.92;65.48;50.44;72.94;51.81;64.68;54.64;77.36;73.55;71.12;67.28;67.64;68.83;74.96;67.73;69.16;62.01;76.02;63.51;63.01;65.27;62.22;68.29;63.66;69.08;66.87;;58.18;52.23;64.63;61.14;72.76;72.91;72.46;79.29;61.5;73;61.4
O3;uur;µg/m³;2023-09-18T20:00:00+01:00;2023-09-18T21:00:00+01:00;69;57;60.7;56.5;62.8;55.72;57.87;55.04;64.43;63.78;68.76;54.71;65.76;59.6;70.63;67.92;72.49;66.89;64.01;67.93;78.37;65;68.7;66.4;77.49;66.41;67.48;65.07;59.71;66.09;65.13;64.85;64.94;;61.64;51.06;56.88;57.35;74.77;66.82;69.98;71.24;64.2;71.1;65
O3;uur;µg/m³;2023-09-18T21:00:00+01:00;2023-09-18T22:00:00+01:00;62.5;51.6;58.1;50.9;61.3;52.99;57.28;52.29;59.8;65.27;65.55;55.15;63.22;57.29;65.75;64.31;65.82;56.79;59.75;62.57;74.44;61.76;58.89;62.71;80.1;64.14;65.76;53.91;59.94;62.2;56.01;63.37;60.24;;67.39;50.75;54.55;60.64;79.68;60.2;77.82;74.35;72.2;75.4;67.8
O3;uur;µg/m³;2023-09-18T22:00:00+01:00;2023-09-18T23:00:00+01:00;46.9;47.7;53.7;42.5;65.9;54.14;58.4;57.47;58.8;64.59;61.03;60.23;58.7;63.67;59.54;58.79;66.73;53.07;56.61;59.05;72.45;64.36;49.68;63.98;64.31;59.97;60.1;56.34;51.87;54.18;54.64;56.8;54.56;;60.98;58.67;54.51;64.64;71.11;55.13;78.29;76.53;61;63.3;59.2
O3;uur;µg/m³;2023-09-18T23:00:00+01:00;2023-09-19T00:00:00+01:00;40.7;46.5;51.5;43.2;63.7;59.81;61.37;60.27;55.71;59.01;56.29;60.33;54.35;60.86;65.28;50.48;64.87;36.45;50.08;50.94;70.32;62.52;52.92;62.22;60.65;60.25;57.95;52.84;50.54;50.43;51.44;54.29;49.79;;58.2;58.67;57.11;64.33;62.65;64.26;66.01;75.01;64.4;71;61.5
O3;uur;µg/m³;2023-09-19T00:00:00+01:00;2023-09-19T01:00:00+01:00;51.9;44.4;53.9;47.1;73.9;58.63;60.51;58.14;57.27;53.9;52.27;56.47;50.12;59.39;61.91;49.78;67.21;49.35;50.46;41.55;70.93;63.88;54.86;64.51;60.1;59.32;50.57;39.82;43.95;44.59;45.44;50.17;37.05;;50.2;54.18;53;55.77;57.84;62.28;56.45;63.53;64.3;68.1;60.4
O3;uur;µg/m³;2023-09-19T01:00:00+01:00;2023-09-19T02:00:00+01:00;54.3;47.3;54.3;44.5;59.5;56.91;57;56.78;56.65;48.69;52.92;53.39;47.6;55.62;64.04;51.3;64.37;49.99;53.2;50.2;71.39;61.9;58.31;62.07;52.58;60.38;47;37.66;41.47;40.83;41.21;44.57;36.38;;47.85;48.01;46.58;49.1;57.98;55.48;51.67;56.96;58.9;67.7;61.2
O3;uur;µg/m³;2023-09-19T02:00:00+01:00;2023-09-19T03:00:00+01:00;59.5;46.2;51;46.4;61.6;52.7;55.07;55.25;55.49;49.51;49.32;51.3;46.53;52.86;64.15;50.15;65.56;56.31;55.46;49.03;69.23;58.88;51.72;62.42;56.39;59.61;43.07;40.22;42.39;42.33;33.43;46.43;40.42;;43.68;45.59;45.51;44.51;54.84;48.14;48.97;54.5;59.4;68.8;61.8
O3;uur;µg/m³;2023-09-19T03:00:00+01:00;2023-09-19T04:00:00+01:00;56.2;41.8;51.9;44.4;60.7;51.58;53.53;53.16;52.75;49.45;41.6;49.72;44.5;51.33;51.84;47.51;64.85;53.7;52.68;45.61;69.42;58.8;45.33;58.72;59.01;59.17;41.18;47.29;46.17;46.99;42.06;50.62;40.48;;44.54;44.97;41.47;41.68;57.39;44.36;49.8;52.67;59.1;67.7;61.9
O3;uur;µg/m³;2023-09-19T04:00:00+01:00;2023-09-19T05:00:00+01:00;46.6;39.1;42.7;48.3;41.3;46.53;51.23;48.42;52.76;50.29;43.42;46.68;41.9;49.12;53.69;50.85;64.35;34.85;49.53;41.29;70.19;55.94;42.44;52.9;58.99;59.02;44.2;45.73;39.91;38.08;43.92;43.83;38.8;;46.74;45.51;41.97;42.36;60.46;44.51;56.79;51.96;59.3;67.1;60.1
O3;uur;µg/m³;2023-09-19T05:00:00+01:00;2023-09-19T06:00:00+01:00;42.9;36.5;36.8;51.5;56;46.52;47.71;45.64;51.94;48.07;45.61;41.65;40.84;46.12;50.41;50.55;63.79;34.07;47.79;40.29;69.98;51.53;37.42;50.29;58.73;58.48;41.68;38.02;37.48;35.55;32.41;42.69;38.69;;44.98;45.64;43.15;43.37;59.28;42.5;51.75;43.95;58.8;67.2;61.6
O3;uur;µg/m³;2023-09-19T06:00:00+01:00;2023-09-19T07:00:00+01:00;42.7;27.7;32.9;39.1;58.9;44.75;46.29;40.52;48.13;49.53;44.21;43.41;38.99;48.43;46.19;44.6;63.97;29.74;47.56;34.28;69.79;52.68;34.31;45.46;55.96;55.54;38.97;36.33;32.4;31.44;32.7;37.52;35.07;;43.76;43.77;41.9;40.58;60.17;44.55;53.08;40.93;55.2;59.1;54.8
O3;uur;µg/m³;2023-09-19T07:00:00+01:00;2023-09-19T08:00:00+01:00;41.6;26.7;34.2;35.1;59.8;44.05;48.15;40.12;44.01;46.33;43.53;40.28;34.59;45.03;47.76;44.22;66.41;28.28;46.29;34.37;69.85;44.85;32.66;47.12;55.41;52.07;36.35;39.29;33.97;33.83;33.94;40.7;36.75;;45.54;41.66;41.46;39.15;59.05;43.91;58.16;43.3;39.4;48.7;39.9
O3;uur;µg/m³;2023-09-19T08:00:00+01:00;2023-09-19T09:00:00+01:00;43.4;32.3;40.6;38.2;51.6;44.59;45.57;42.88;40.77;45.46;42.36;38.56;37.19;43.35;47.39;43.51;56.75;36.33;46.5;36.55;71.14;43.65;40.76;37.82;61.19;55.76;41.96;40.42;37.53;38.77;38.94;44.01;42.67;;48.39;44.06;44.46;40.4;59.27;43.79;56.63;44.42;42.1;47.9;41.1
O3;uur;µg/m³;2023-09-19T09:00:00+01:00;2023-09-19T10:00:00+01:00;45.6;36.4;41;41.9;46.8;46.3;48.05;48.49;50.62;48.28;44.74;42.41;39.19;46.65;49.47;45.41;48.18;41.51;46.92;39.52;67.38;44.32;46.2;39.16;63.66;54.17;46.33;43.71;39.34;39.29;40.69;46.15;42.58;;50.23;46.03;47.58;45.15;61.17;46.94;61.01;46.97;52.1;48.5;48.1
O3;uur;µg/m³;2023-09-19T10:00:00+01:00;2023-09-19T11:00:00+01:00;48;39.3;44;45.3;54.8;52.23;53.66;52.2;54.98;54.38;50.91;50.26;44.86;54.14;51.77;49.85;52.93;45.07;48.5;48.7;54.87;50.26;48.14;44.7;64.16;44.3;50.63;43.93;46.58;46.23;44.01;51.96;50.57;;54.86;50.18;52.39;50.71;57.49;52.4;64.7;46.1;52.8;52.5;51.9
O3;uur;µg/m³;2023-09-19T11:00:00+01:00;2023-09-19T12:00:00+01:00;49.9;36.9;44.5;47;58.1;56.96;58.93;57.16;60.69;57.67;52.71;54.51;48.55;58.1;54.46;53.84;54.12;46.4;51.19;50.19;57.3;51.61;48.14;46.1;49.63;47.21;55.03;46.5;48.22;50.04;48.5;54.79;51.56;;60.05;55.83;57.69;53.37;55.27;60.15;59.17;56.66;56.8;55.2;53.4
O3;uur;µg/m³;2023-09-19T12:00:00+01:00;2023-09-19T13:00:00+01:00;50.8;39.6;46.9;48.8;60.3;61.11;63.17;58.81;62.5;60.7;54.43;57.37;51.11;61.27;56.24;57.07;54.56;45.35;53.85;52.01;58.16;53.29;48.5;46.85;49.86;;57.9;48.5;49.57;51.48;49.39;56.35;53.77;;60.71;59.37;59.64;55.12;54.56;61.55;56.08;59.4;56;55.5;54.4
O3;uur;µg/m³;2023-09-19T13:00:00+01:00;2023-09-19T14:00:00+01:00;52;42.6;49.8;55.3;71.3;60.52;63;59.14;63.26;61.21;57.92;56.82;50.72;60.61;61.02;61.16;60.26;51.02;54.57;50.26;61.54;59.42;53.48;52.02;51.67;;58.21;49.85;47.98;48.24;50.91;54.97;52.67;;62.61;61.04;58.22;55.45;55.16;62.19;54.4;58.98;57;51.2;53.5
O3;uur;µg/m³;2023-09-19T14:00:00+01:00;2023-09-19T15:00:00+01:00;56.9;46.7;51.5;56.4;72.3;57.83;61.88;57.49;61.25;61.13;59.89;55.21;52.6;58.87;67.14;64.75;62.92;52.59;59.84;59.62;69.04;59.97;53.08;51.83;59.78;;58.15;52.56;46.54;46.24;53.16;53.85;56.82;;59.37;59.45;59.69;55.78;57.81;60.37;54.73;57.24;65.5;59.3;61.4
O3;uur;µg/m³;2023-09-19T15:00:00+01:00;2023-09-19T16:00:00+01:00;60.3;53.2;51.3;53.6;72.8;57.34;60.1;58.78;61.75;61.16;58.45;53.99;56.57;58.24;67.61;65.04;65.41;55.76;62.24;62.33;71.7;60.44;55.38;51.39;67.97;;56.21;51.98;53.74;55.56;55.23;62.06;60.61;;60.63;59.31;57.99;56.18;63.45;60.03;57.39;57.19;64.2;60.5;59.8
O3;uur;µg/m³;2023-09-19T16:00:00+01:00;2023-09-19T17:00:00+01:00;60.3;52.8;49.9;55.3;72.3;58.43;59.09;61.18;62.69;62.77;55.66;53.92;55.88;60.48;66;64.76;64.07;53.49;62.84;60.26;71.36;60.29;57.6;52.43;70.97;;60.86;56.37;53.06;55.36;55.96;61.6;59.56;;62.54;59;60.18;57.01;60.75;58.76;59.05;60.81;63.6;59.8;60.4
O3;uur;µg/m³;2023-09-19T17:00:00+01:00;2023-09-19T18:00:00+01:00;57.7;50.5;52.7;50;68.8;58.05;60.18;61.02;64.05;61.58;59.48;54.91;54.2;59.09;63.89;63.04;60.23;51.68;61.35;61.1;69.04;56.88;55.34;48.99;69.07;;60.19;54.83;54.09;55.7;57.02;61.55;60.75;;61.67;57.53;59.26;59.31;60.09;60.67;60.08;60.95;63.7;60.9;59.9
O3;uur;µg/m³;2023-09-19T18:00:00+01:00;2023-09-19T19:00:00+01:00;58.4;53.3;51.1;50.8;69.5;58.39;59.46;61.13;63.39;60.25;54;52.93;53.82;58.16;57.89;54.98;60.53;54.71;59.03;59.96;63.06;57.39;56.06;50.9;69.29;53.59;59.63;54.74;53.57;55.83;54.35;60.82;58.33;51.89;60.86;56.78;58.47;58.36;59.99;60.82;58.27;61.16;60.9;58.6;57.3
O3;uur;µg/m³;2023-09-19T19:00:00+01:00;2023-09-19T20:00:00+01:00;53;47.4;48.8;45.6;61.3;58.64;57.97;60.67;65.28;57.32;52.15;55.19;50.15;58.51;59.9;48.63;58.7;47.01;55.79;49.94;63.06;55.34;55.29;49.67;67.74;53.97;58.08;54.55;51.68;50.41;53.91;58.27;54.59;53.02;56.49;55.88;55.89;54.65;58.58;56.95;58.25;57.59;59;60.9;57.4
O3;uur;µg/m³;2023-09-19T20:00:00+01:00;2023-09-19T21:00:00+01:00;51.5;45.7;48.2;47.3;61.4;57.84;59.09;61.14;65.97;56.33;48.42;52.77;47.11;57.26;59.49;45.3;56.04;45.55;51.75;47.3;60.7;55.5;55.64;48.98;55.58;51.42;55.7;51.08;50.15;52.11;51.69;56.28;50.95;50.11;53.31;54.34;52.75;53.02;57.56;52.67;57.92;57.11;58.8;60;56.5
O3;uur;µg/m³;2023-09-19T21:00:00+01:00;2023-09-19T22:00:00+01:00;54.2;47.5;50.3;49.4;64.5;56.91;58.82;61;64.58;56.56;46.69;53.81;47.44;58.06;59.02;53.6;58.31;45.19;50.59;46.13;59.95;55.82;53.68;52.22;53.58;50.11;53.93;50.61;47.83;51;49.75;53.65;51.1;51.91;55.02;55.81;55.1;52.2;57.49;51.95;58.43;56.94;58.4;57.3;54.7
O3;uur;µg/m³;2023-09-19T22:00:00+01:00;2023-09-19T23:00:00+01:00;52.5;45.6;50.2;51.1;65.3;54.59;58.42;59.59;63.52;56.42;52.21;53.36;48.42;56.93;57.4;55.57;59.45;44.12;51.68;45.43;61.92;56.88;56.53;53.85;58.14;51.38;52.32;50.06;45.71;49.19;50.57;51.01;47.3;49.98;53.83;56.72;54.74;51.17;56;53.59;58.38;55.39;60.6;61.2;57.4
O3;uur;µg/m³;2023-09-19T23:00:00+01:00;2023-09-20T00:00:00+01:00;52.2;46.3;50.5;48;63.1;53.04;56.98;59.37;62.75;57.78;50.69;51.51;48.09;55.74;55.66;57.25;57.91;45.61;52.77;44.82;60.92;54.88;53.51;53.2;64.32;52.5;51.96;50.38;45.79;50.1;51.61;51.2;47.67;49.5;53.01;56.08;53.18;49.15;56.67;54.06;56.05;54.17;59.7;62;57.2
O3;uur;µg/m³;2023-09-20T00:00:00+01:00;2023-09-20T01:00:00+01:00;52.3;48.2;48.7;48;63.3;52.53;54.97;59.49;63.95;58.77;52.22;51.66;47.38;54.95;55.75;56.98;56.36;46.99;53.99;50.42;58.05;55.46;52.45;54.05;62.79;49.91;51.74;50.92;48.22;52.29;51.8;54.02;50.62;49.01;53.77;54.5;52.03;48.28;57.47;52.65;55.43;54.35;58.2;60.1;55.2
O3;uur;µg/m³;2023-09-20T01:00:00+01:00;2023-09-20T02:00:00+01:00;53;45;48.8;44.9;61.9;52.46;53.55;57.86;63.46;54.91;49.36;50.32;47.14;53.41;56.68;52.84;56.34;43.06;52.88;46.68;59.94;54.16;52.74;54.05;60.61;51.05;54.18;50.63;48.96;51.28;52.79;53.81;50.54;50.37;54.12;53.88;52.2;50.23;55.25;52.57;55.76;53.14;59.5;61.5;57.2
O3;uur;µg/m³;2023-09-20T02:00:00+01:00;2023-09-20T03:00:00+01:00;51;42.8;46.7;46.2;56.7;50.92;51.67;57.12;61.44;53.17;48.75;47.57;47.62;51.79;54.4;53.09;57.01;46.91;49.86;47.38;59.74;52.68;51.68;52.54;61.99;51.54;54.07;49.08;45.56;49.33;49.31;51.24;47.16;50.4;54.22;51.27;52.75;50.18;54.17;50.95;54.73;50.55;60.4;61.9;57
O3;uur;µg/m³;2023-09-20T03:00:00+01:00;2023-09-20T04:00:00+01:00;49.7;40;46.9;42.2;58.9;49.31;51.18;55.03;59.15;53.19;48.65;49.37;47.88;52.89;56.46;54.75;51.59;47.48;51.42;48.14;57.33;50.05;48.32;47.19;55.97;49.34;50.27;43.97;42.73;45.18;44.62;48.47;44.27;49.39;52.73;47.15;50.76;48.96;55.71;51.35;52.85;50.53;57.5;59.4;54.6
O3;uur;µg/m³;2023-09-20T04:00:00+01:00;2023-09-20T05:00:00+01:00;51.8;39.9;46.3;47.4;57.1;47.09;48.44;53.7;57.86;48.87;46.69;45.52;45.56;45.87;56.76;54.26;51.64;48.3;50.02;50.22;54.8;50.94;48.27;42.77;50.02;46.85;47.96;44.73;41.13;45.47;42.87;47.86;47.41;46.22;48.47;47.85;46.4;46.02;54.54;51.02;54.2;53.04;54.4;54.9;50.7
O3;uur;µg/m³;2023-09-20T05:00:00+01:00;2023-09-20T06:00:00+01:00;49.8;36.5;47.6;47.8;57.6;46.89;46.03;53.73;57.56;45.4;43.82;41.56;43.39;41.61;56.79;49.09;51.75;46.24;49.31;46.76;56.3;51.02;44.55;40.36;45.51;45.72;46.41;44.39;39.17;42.13;39.44;47.38;45.37;42.66;47.15;45.17;43.07;45.73;51.92;48.51;52.12;50.6;53.7;52.1;49.3
O3;uur;µg/m³;2023-09-20T06:00:00+01:00;2023-09-20T07:00:00+01:00;42;30.7;42.8;44.5;58.2;44.4;40.01;51.31;52.95;43.39;39.82;40.01;38.72;41.77;51.78;44.47;49.52;43.42;45.95;43.1;54.45;46.64;41.34;38.69;44.61;42.97;46.29;44.49;34.7;35.79;35.96;44.1;42.61;44.77;46.16;42.01;42.65;42.47;53.09;45.99;47.07;46.66;49.7;48.4;47.3
O3;uur;µg/m³;2023-09-20T07:00:00+01:00;2023-09-20T08:00:00+01:00;41;29.4;42.2;42.6;46.3;45.75;41.08;51.35;53.06;43.5;38.78;39.81;38.78;41.23;46.69;45.88;47.87;42.44;46.48;40.58;52.78;43.65;39.28;37.5;43.99;41.69;49.99;43.45;33.1;35.87;34.18;42.03;41.5;43.91;44.24;40.42;44.78;43.84;51.95;46.7;45.55;46.77;46.1;43.8;44.4
O3;uur;µg/m³;2023-09-20T08:00:00+01:00;2023-09-20T09:00:00+01:00;44.6;33.6;41;43;48.6;50.73;48.34;57.92;60.27;47.27;47.16;44.45;43.62;47.41;49.48;51.29;48.75;42.71;47.28;40.18;53.34;48.16;41.71;42.73;41.82;39.41;49.05;44.43;35.13;40.04;37.17;43.75;40.8;45.84;46.96;44.55;48.28;47.21;51.51;48.8;46.66;45.97;50;46.4;46
O3;uur;µg/m³;2023-09-20T09:00:00+01:00;2023-09-20T10:00:00+01:00;50.4;37.3;43;41.8;57.4;57.28;55.87;61.89;64.08;52.25;51.19;48.46;46.49;50.65;54.33;52.76;50.73;39.45;51.79;46.06;56.23;50.98;45.75;43.05;43.62;45.44;49.45;44.57;38.16;41.2;43.58;45.57;43.34;48.66;51.7;51.03;48.99;47.06;51.87;53.16;50.76;51.69;51.1;49.3;48.2
O3;uur;µg/m³;2023-09-20T10:00:00+01:00;2023-09-20T11:00:00+01:00;50.6;41.3;48.6;47.6;62.7;60.54;59.77;62.44;65.88;57.6;52.31;50.47;49.66;54.42;57.71;54.97;52.67;45.02;50.72;46.96;56.2;50.41;48.92;44.15;49.03;46.96;50.03;46.59;36.91;40.13;44.83;46.47;47.98;53.83;53.31;58.57;50.64;48.63;52.45;54.06;50.79;51.56;51.1;50.7;
O3;uur;µg/m³;2023-09-20T11:00:00+01:00;2023-09-20T12:00:00+01:00;49.6;39.4;50.2;50;67.5;61.26;63.91;64.04;67.34;63.67;57.5;56.61;56.47;61.69;63.52;59.86;55.8;53.06;56.8;52.91;59.81;53.33;51.13;46.83;50.18;48.6;52.46;46.92;37.98;41.3;45.09;48.31;49;60.37;60.48;60.07;55.5;49.7;54.43;55.29;49.31;52.2;52.7;52.5;52.2
O3;uur;µg/m³;2023-09-20T12:00:00+01:00;2023-09-20T13:00:00+01:00;59.9;45.5;56.3;55.3;77.1;63.37;66.32;65.62;69.87;69.1;63.18;61.22;63.15;65.42;68.87;64.33;63.37;61.2;65.12;62.3;63.93;62.48;59.62;55.61;51.83;51.65;58.52;56.72;49.1;56.71;50.3;60.47;62.66;63.48;68.29;64.57;66.71;54.69;55.48;57.88;49.54;51.67;54.5;54;52.5
O3;uur;µg/m³;2023-09-20T13:00:00+01:00;2023-09-20T14:00:00+01:00;59.7;52.7;60.8;59.8;79.7;65.6;66.05;68.52;72.66;67.22;65.49;62.44;67.16;66.5;70.4;62.8;69.9;65.21;67.09;68.32;73.36;66.15;62.95;59.08;51.31;59.51;70.04;64.27;62.78;68.54;64.92;72.43;71.94;67.3;76.08;66.85;70.29;61.96;57.79;66.78;51.25;54.97;66.4;63;63.8
O3;uur;µg/m³;2023-09-20T14:00:00+01:00;2023-09-20T15:00:00+01:00;61.4;55.2;63.6;58.4;72.9;70.24;67.14;71.13;76.69;67.08;64.27;62.58;64.83;65.69;67.87;63.54;69.93;69.51;68.7;70.36;76.44;66.77;64.1;59.79;66.8;64;77.19;68.92;66.77;72.69;63.94;76.34;74.49;67.9;77.78;70;72.96;70.85;68.53;73.62;56.53;66.06;74.2;70.2;70
O3;uur;µg/m³;2023-09-20T15:00:00+01:00;2023-09-20T16:00:00+01:00;60.6;53.4;62.2;55.1;68.3;73.97;68.27;75.91;78.91;67.48;67.54;62.6;62.46;67.03;68.36;68.13;64.77;65.6;65.08;64.88;72.31;64.1;62.88;54.52;69.04;61.49;78.11;66.12;61.44;63.81;63.81;72.31;67.1;69.11;74.85;67.19;73.66;74.25;76.44;75.53;64.44;73.71;77.4;72.5;72.4
O3;uur;µg/m³;2023-09-20T16:00:00+01:00;2023-09-20T17:00:00+01:00;61.3;49.8;63.2;54.4;70.7;74.99;67.24;76.42;80.02;67.13;68.41;64.36;64.02;69.38;73.35;72.27;66.21;66.89;66.3;64.6;72.82;64.44;64.45;53.67;65.65;60.74;70.52;61.68;51.97;58.24;55.65;65.8;63.76;67.94;66.92;63.67;70.05;71.44;79.26;74.78;73.56;76.57;72.6;67.6;69.8
O3;uur;µg/m³;2023-09-20T17:00:00+01:00;2023-09-20T18:00:00+01:00;63.4;52.2;63.5;62.4;62.7;68.85;66.36;71.12;80.01;71.13;69.5;57.78;64.08;61.57;73.81;74.54;65.41;67.61;66.98;67.42;72.47;68.12;64.35;55.6;64.79;60.45;65.14;59.39;48.53;54.04;53.39;61.93;62.76;58.44;62.47;59.09;67;65.56;72.4;72.44;72.9;75.94;69.4;66.9;67.5
O3;uur;µg/m³;2023-09-20T18:00:00+01:00;2023-09-20T19:00:00+01:00;67;54.6;61.6;58.8;50.5;67.4;62.68;64.4;75.76;55.13;61.7;48.44;59.56;57.14;73.28;72.69;65.84;68.24;65.39;64.09;74.18;66.74;60.6;56.98;60.64;62.4;65.22;63.16;44.78;53.96;59.38;60.21;57.08;59.54;53.99;52;62.77;61.54;66.92;67.54;69.51;73.03;68.7;64.8;66.6
O3;uur;µg/m³;2023-09-20T19:00:00+01:00;2023-09-20T20:00:00+01:00;61.1;51.9;58.4;53.7;59.7;66.29;60.66;65.27;74.32;48.11;58.08;47.98;51.07;51.68;67.39;67.4;64.64;65.94;57.61;56.3;72.17;64.73;57.03;57.27;59.71;58.79;62.34;59.15;47.19;56.74;59.27;63.07;48.86;57.1;54.35;55.39;58.22;54.47;67.49;65.54;63.79;68.76;65.2;64.8;66.5
O3;uur;µg/m³;2023-09-20T20:00:00+01:00;2023-09-20T21:00:00+01:00;51.4;52.7;50.9;52.8;62.1;63.55;55.54;58.2;73.5;41.47;57.85;47.72;46;53.72;61.4;67.08;59.63;58.54;55.75;49.98;61.58;55.77;46.71;48.14;59.28;55.82;60.52;53.53;39.36;53.4;58.64;55.65;45.68;49.71;52.58;58.08;57.41;53.07;69.81;61.04;58.27;66.83;61.7;64.7;62.5
O3;uur;µg/m³;2023-09-20T21:00:00+01:00;2023-09-20T22:00:00+01:00;50.3;53.6;53.7;44.8;58.7;63.12;63.62;62.26;73.38;44.06;48.2;50.94;49.41;57.71;59.91;64.62;50.87;58.35;53.62;48.59;59.31;53.13;48.51;42.42;61.12;52.05;59.65;48.56;33.91;51.34;54.26;50.73;44.91;51.25;56.36;59.07;56.32;52.27;65.21;58.64;59.19;64.03;66.8;64.2;60.2
O3;uur;µg/m³;2023-09-20T22:00:00+01:00;2023-09-20T23:00:00+01:00;49.4;52.2;53.5;48.8;59.6;62.12;64.78;66.62;76.74;48.87;51.31;58.54;54.85;55.87;59.31;62.4;52.38;58.29;53.47;53.69;56.28;54.54;43.27;46.83;59.26;49.54;62.22;47.82;38.5;53.41;55.17;49.57;46.64;52.3;60.8;62.9;56.66;48.8;62.41;58.05;59.52;60.06;63.4;62.5;57.6
O3;uur;µg/m³;2023-09-20T23:00:00+01:00;2023-09-21T00:00:00+01:00;52.4;52.3;50.8;51.3;56.7;54.81;68.72;66.55;77.39;62.56;52.51;56.21;57.58;57.66;54.02;65.98;55.48;58.92;54.68;58.13;56.06;53.16;49.26;51.2;55.38;48.84;66.47;51.05;52.77;61.15;55.46;62.42;50.18;49.15;62.93;63.31;58.07;46.44;62.22;54.97;58.97;63.16;60.9;63.1;57.3
O3;uur;µg/m³;2023-09-21T00:00:00+01:00;2023-09-21T01:00:00+01:00;53.2;53.3;52.5;53.8;60.8;46.84;67.01;66.8;76.91;68.5;55.59;54.37;60.89;56.95;65.09;66.84;56.89;58.88;56.8;62.31;59.6;53.64;47.75;54.77;57.38;50.09;65.92;55.57;54.97;62.1;56.99;64.73;58.1;45.77;64.38;64.5;58.66;48.35;68.76;49.56;59.32;63.93;64.7;63.1;58.4
O3;uur;µg/m³;2023-09-21T01:00:00+01:00;2023-09-21T02:00:00+01:00;57.6;54.3;54.7;53.8;54.2;50.79;61.29;70.31;77.34;67.71;60.19;56.71;60.95;62.82;66.13;68.51;59.74;59.08;53.66;63.08;63.58;59.64;52.83;56.29;61.86;54.44;69.44;60.27;56.72;63.05;61.71;65.01;62.86;55.13;66.05;62.72;54.91;52.68;71.12;49.43;60.77;65.38;66.7;66.9;61.5
O3;uur;µg/m³;2023-09-21T02:00:00+01:00;2023-09-21T03:00:00+01:00;63.3;50.4;63.2;50.8;56.3;;;;;;;;;;;;;;;;;;;;;;;;;;;;;;;;;;;;;;68.5;69.4;65.2
O3;uur;µg/m³;2023-09-21T03:00:00+01:00;2023-09-21T04:00:00+01:00;60.8;53.4;54.3;51.8;59.4;51.64;61.13;73.1;81.72;64.74;59.86;60.99;60.16;66.11;67.28;55.5;62.59;56.69;59.99;;67.18;61.47;62.89;57.47;61.55;57.37;68.5;56.79;55.07;60.57;59.07;63.46;55.37;52.98;61.77;66.2;57.21;56.34;;57.31;63.9;60.96;66.8;68.4;61.6
O3;uur;µg/m³;2023-09-21T04:00:00+01:00;2023-09-21T05:00:00+01:00;59.8;51.4;57.3;51.3;59;49.84;57.22;72.2;80.19;62.11;59.84;60.23;59.15;66.05;59.97;58.53;59.91;59.36;53.55;60.79;65.06;58.11;57.35;49.25;67.58;54.97;66.74;50.29;49.55;56.56;46.98;60.29;54.94;51.34;63.11;66.31;60.78;54.15;66.82;58.44;62.06;63.67;59.1;59.1;51.2
O3;uur;µg/m³;2023-09-21T05:00:00+01:00;2023-09-21T06:00:00+01:00;49.9;35.8;46.2;44.3;47.5;35.23;55.26;70.04;74.99;60.06;60.29;61.08;54.49;65.92;63;62.53;56.53;45.11;57.07;66.96;61.5;45.76;50.42;41.4;51.28;51.97;62.25;40.76;41.84;47.82;23.93;55.96;52.15;46.21;64.02;64.51;56.05;52.82;59.86;55.12;59.73;64.78;53.1;57.9;53
O3;uur;µg/m³;2023-09-21T06:00:00+01:00;2023-09-21T07:00:00+01:00;52.4;42.5;47.9;36.4;67.7;54.98;48.17;64.85;69.33;58.3;56.12;60.53;52.68;65.28;70.86;53.92;72.18;57.46;62.98;63.02;72.99;59.37;42.54;53.49;58.75;50.33;57.6;51.22;46.26;47.75;43.66;59.76;59.09;41.31;56.47;60.62;53.05;49.76;55.66;52.28;54.65;59.24;50.3;52.1;51.5
O3;uur;µg/m³;2023-09-21T07:00:00+01:00;2023-09-21T08:00:00+01:00;33.3;24.5;36.4;34.2;71.9;55.04;46.38;59.5;64.07;51.87;50.94;57.71;52.39;60.8;63.68;49.8;71.95;48.25;55.78;52.72;75.83;34.93;21.49;42.37;64.62;44.12;51.63;60.58;42.34;48.48;53.93;54.84;56.6;44.94;50.35;53.3;55.69;47.64;59.05;53.49;51.15;58.19;59.7;54.4;49.1
O3;uur;µg/m³;2023-09-21T08:00:00+01:00;2023-09-21T09:00:00+01:00;33.1;;30.7;28.8;49.5;52.14;40.11;52.41;60.88;52.32;39.64;47.89;50.52;49.96;66.51;50.26;64.78;30.06;46.34;37.87;63.61;41.51;25.46;38.13;67.84;40.11;64.52;54.71;27.48;48.96;35.27;54.81;55.71;50.05;48.24;44.3;60.49;43.34;68.29;54.41;48.57;58.53;53.8;37;40
O3;uur;µg/m³;2023-09-21T09:00:00+01:00;2023-09-21T10:00:00+01:00;41.3;;6.2;27;51.7;49.72;42.21;52.13;55.15;55.71;37.89;41.36;47.85;43.78;75.9;67.18;60.78;31.35;50.58;42.74;65.12;37.02;15.09;34.14;63.93;42.92;58.45;48.46;27.19;19.36;42.27;46.58;50.49;44.04;49.24;40.69;56.36;58.41;62.84;56.87;66.07;52.28;48.4;36.6;42.8
O3;uur;µg/m³;2023-09-21T10:00:00+01:00;2023-09-21T11:00:00+01:00;53.7;27.9;32.7;55;63.9;48.75;41.68;54.55;53.89;57.62;54.09;27.31;41.77;40.11;80.79;73.99;42.69;42.08;59.56;51.83;60.18;39.64;37.48;21.17;69.47;43.91;59.4;55.97;27.74;36.26;38.28;46.83;59.39;48.19;52.54;36.43;50.17;64.06;64.09;62.22;69.76;54.95;48.4;39.4;46.1
O3;uur;µg/m³;2023-09-21T11:00:00+01:00;2023-09-21T12:00:00+01:00;38.1;38.3;55.2;43.5;53.8;52.83;46.55;57.8;56.28;47.11;61.1;34.38;48.25;47.15;78.88;68.64;49.69;51.2;64.59;53.32;63.17;50.22;59.86;29.17;71.24;46.13;68.21;57.53;40.71;45.57;43.87;55.53;65.05;52.85;58.4;45.52;43.89;73.38;71.64;55.31;74.19;66.52;61.8;51.4;57.1
O3;uur;µg/m³;2023-09-21T12:00:00+01:00;2023-09-21T13:00:00+01:00;32.6;35.7;30.8;55.7;66.9;55.59;51.96;55.32;56.37;56.58;53.81;44.59;50.9;50.96;73.09;60.35;52.04;42.06;57.89;53.42;65.88;51.69;38;25.42;70.47;49.3;67.19;58.07;34.93;43.83;53.4;52.09;55.72;54.82;56.08;32.16;43.34;69.71;74.17;47.22;71.29;66.23;63.7;56.5;60.7
O3;uur;µg/m³;2023-09-21T13:00:00+01:00;2023-09-21T14:00:00+01:00;32.7;33.6;21.3;26.4;66.1;52.33;56.79;47.51;51.79;59.7;49.29;36.53;46.04;55.49;67.82;62.65;56.89;43.09;42.4;56.26;69.17;57.81;32.47;28.21;69.21;41.33;65.28;57.69;36.24;39.18;53.84;51.28;56.04;53.93;61.08;45.83;61.8;76.41;75.99;53.22;70.91;61.32;62.2;53.7;61.2
O3;uur;µg/m³;2023-09-21T14:00:00+01:00;2023-09-21T15:00:00+01:00;28.3;20.1;18.4;20;25.5;45.67;43.95;48.33;55.16;57.88;43.99;35.19;47.28;55.68;61.29;58.15;50.93;38.67;44.96;53.15;69.51;53.15;30.71;19.72;72.31;42.15;69.16;52.31;35.6;37.76;57.81;54.06;54.88;45.49;62.75;43.81;65.3;65.11;69.32;60.71;69.71;67.6;59.8;47.3;62.5
O3;uur;µg/m³;2023-09-21T15:00:00+01:00;2023-09-21T16:00:00+01:00;27.8;15.2;20.2;25.4;42.2;47.13;38.17;42.53;44.97;46.67;38.8;35.45;42.78;42.28;53.69;52.25;45.51;33.54;40.96;54.23;63.25;48.41;23.79;15.33;70.35;32.36;66.4;44.86;36.22;37.64;48.36;48.17;49.05;41.62;56.55;41.53;62.02;58.87;68.57;59.84;68.18;71.14;56.7;39.1;57.4
O3;uur;µg/m³;2023-09-21T16:00:00+01:00;2023-09-21T17:00:00+01:00;23.3;17.4;17.2;25.5;52.3;39.78;34.24;44;48.64;39.74;35.5;29.82;43.73;43.4;46.14;41.63;37.4;32.17;41.96;50.41;54.22;44.24;28.13;10.51;68.16;24.78;59.38;41.44;28.2;30.97;42.61;44.18;48.06;50.08;49.42;39.15;51.5;46.1;62.17;58.61;65.8;61.77;50;34;49.8
O3;uur;µg/m³;2023-09-21T17:00:00+01:00;2023-09-21T18:00:00+01:00;21.8;19.9;14.2;26.4;38.6;47.7;34.13;57.62;62.4;33.35;36.38;22.46;42.32;35.94;44.62;43.35;32.79;33.42;34.98;48.54;46.11;37.9;13.05;10.62;63.31;24.39;47.2;39.29;18.71;26.7;39.94;35.53;40.81;35.81;37.36;34.91;46.52;43.33;54.43;51.36;56.26;51.11;38;29.5;38.7
O3;uur;µg/m³;2023-09-21T18:00:00+01:00;2023-09-21T19:00:00+01:00;23.7;17.8;12.5;17.7;21.1;45.37;45;52.39;65.99;38.94;36.42;36.49;35.75;40.34;70.35;54.49;35.7;24.32;41.94;43.96;42.1;33.02;14.75;11.57;61.04;22.07;41.28;29.13;18.35;21.4;23.68;33.65;36.1;23.61;29.56;23.06;39.24;33.52;50.9;42.41;54;38.31;36.9;35.3;32.7
O3;uur;µg/m³;2023-09-21T19:00:00+01:00;2023-09-21T20:00:00+01:00;31.6;18.1;25.9;37;63.7;41.91;34.29;52.27;64.89;40.11;36.64;30.65;35.49;32.83;80.36;61.72;38.33;16.06;42.21;44.54;33.73;36.34;36.61;14.55;50.94;12.12;47.12;34.26;15.95;19.67;16.96;30.39;29.4;23.05;30.05;21.37;31.38;26.15;40.75;34.43;49.69;44.77;37.6;33.3;31.2
O3;uur;µg/m³;2023-09-21T20:00:00+01:00;2023-09-21T21:00:00+01:00;38.1;37.1;47.2;61;87.7;55.01;42.16;56.71;71.24;37.99;46.38;34.71;33.89;37.01;74.75;57.84;80.05;43.18;51.64;38.43;41.04;65.44;57.23;73.6;46.92;12.89;41.96;30.67;15.78;17.08;22.86;26.47;25.99;17.71;23.63;24.68;23.72;28.93;29.2;38.48;37.93;50.26;35.7;34.5;28.1
O3;uur;µg/m³;2023-09-21T21:00:00+01:00;2023-09-21T22:00:00+01:00;46.7;42.6;57;33.5;84.2;59.86;44.15;63.38;63.48;43.34;55.46;40.26;38.28;41.54;82.05;48.11;66.35;66.68;50.54;37.29;76.81;61.56;53.92;63.9;37.07;37.86;31.66;26.44;19.12;25.63;28.37;28.57;30.2;24.63;25.05;37.38;25.15;28.86;36.06;61;31.12;48.31;34.3;33.3;28
O3;uur;µg/m³;2023-09-21T22:00:00+01:00;2023-09-21T23:00:00+01:00;34.4;41.8;41.3;11.7;67.3;55.97;45.72;58.53;60.13;39.76;45.53;40;33.81;43.56;75.09;52.17;65.9;57.38;47.72;43.3;79.58;45.6;26.69;48.06;53.05;46.14;31.66;38.39;29.08;31.9;23.55;36.17;33.27;33.65;36.66;40.75;27.83;24.44;34.28;56.26;34.12;54.73;36.3;38.5;33.1
O3;uur;µg/m³;2023-09-21T23:00:00+01:00;2023-09-22T00:00:00+01:00;44.5;21.3;24.2;13.4;63;47.64;43.74;53.11;56.33;39.68;46.35;42.55;40.98;45.89;51.66;47.86;64.04;17.31;58.89;53.69;80.11;28.35;36.78;47.94;47.43;48.76;38.64;50.04;38.59;41.23;44.24;41.38;52.07;42.74;41.5;38.72;33.05;26.92;35.22;48.44;30.43;39.56;42.2;44.5;43.3
O3;uur;µg/m³;2023-09-22T00:00:00+01:00;2023-09-22T01:00:00+01:00;54.1;46.1;42.4;32.9;62.5;47.35;47.04;56.33;60.41;46.72;38.63;53;44.52;57.77;50.48;34.71;50.67;38.39;51.64;54.26;65.59;36;47.58;39.71;45;47.56;41.12;43.38;46.02;52.42;48.6;52.92;39.07;41.13;42.52;40.53;41.4;28.24;67.27;38.96;40.31;40.41;51.4;51.4;49.7
O3;uur;µg/m³;2023-09-22T01:00:00+01:00;2023-09-22T02:00:00+01:00;38.5;36.9;40.5;37.3;52.3;45.93;53.46;51.61;54.73;48.56;31.86;53.7;46.98;48.09;48.7;38.16;46.8;48.27;49.1;44.12;54.44;46.51;44.43;44.08;42.41;44.76;56.52;35.27;42.81;48.54;37.23;49.68;47.07;35.31;46.62;46.69;42.15;33.8;58.49;35.15;44.64;43.67;58;56.7;45.6
O3;uur;µg/m³;2023-09-22T02:00:00+01:00;2023-09-22T03:00:00+01:00;37.1;37.4;38.8;33.5;49.9;47.64;44.91;43.78;52.03;41.32;22.27;42.05;42;36.57;39.29;42.91;43.81;35.04;40.3;42.73;51.22;38.76;28.58;40.2;27.95;40.95;55.98;42.79;40.35;43.55;44.78;44.78;36.56;38.25;50.07;47.44;43.37;46.83;53.71;40.65;43.59;41.5;52.7;50.7;43.1
O3;uur;µg/m³;2023-09-22T03:00:00+01:00;2023-09-22T04:00:00+01:00;29.3;36.8;30.8;32.3;38.9;42.06;36.51;45.91;52.89;35.71;31.37;34.33;34.62;30.34;40.28;41.42;34.85;30.43;33.4;42.21;44.3;31.37;24.63;34.93;46.44;35.45;52.11;36.38;31.56;37.34;34.43;38.1;36.64;41.83;45.35;45.4;46.93;49.91;46.9;39.75;36.99;32.37;53.2;47.4;39.4
O3;uur;µg/m³;2023-09-22T04:00:00+01:00;2023-09-22T05:00:00+01:00;30;27.5;26.5;33.1;36.9;41.95;35.02;46.05;53.13;33.9;35.53;31.56;33.21;30.43;44.26;41.17;32.46;25.04;34.01;39.4;43.5;32.86;28.46;26.38;51.86;36.83;48.87;33.86;29.31;36.79;33.04;36.64;35.64;38.4;38.14;40.65;43.82;49.82;55.13;44.58;33.89;38.87;53.7;50.9;42.2
O3;uur;µg/m³;2023-09-22T05:00:00+01:00;2023-09-22T06:00:00+01:00;27.2;19.3;26.3;33.8;40.9;40.64;37.1;46.53;52.02;31.32;41.39;30.12;31.77;28.55;47.39;42.59;35.18;33.26;40.5;33.85;36.77;33.16;30.99;25.1;33.92;28.07;45.19;28.88;21.32;26.49;30.1;31.43;29.79;36.21;34.74;34.28;41.03;39.59;60.16;52.62;45.63;43.29;40.3;39.2;32.8
O3;uur;µg/m³;2023-09-22T06:00:00+01:00;2023-09-22T07:00:00+01:00;32.3;24.9;27.3;35.1;46.7;38.03;35.19;45.85;51.2;32.35;43.57;27.17;32.79;24.68;51.87;41.95;38.89;41.38;43.9;33.98;32.5;32.98;37.94;31.41;34.25;19.64;38.94;24.56;15.46;18.78;19.39;25.48;23.16;34;33.01;27.27;38.89;41.53;52.4;44.99;47.42;50.07;35.9;31.3;28.7
O3;uur;µg/m³;2023-09-22T07:00:00+01:00;2023-09-22T08:00:00+01:00;39.3;29;33.9;38.1;55.1;42.36;36.35;43.96;48.43;36.94;48.77;28.96;34.25;29.94;53.5;43.4;44.57;36.42;48.65;45.86;44.61;39.86;43.84;33.24;35.04;23.78;37.25;30.88;20.48;25.3;19.01;29.45;28.41;34.91;33.97;28.79;37.84;35.87;47.54;45.72;49.69;48.96;33.9;28.9;26.7
O3;uur;µg/m³;2023-09-22T08:00:00+01:00;2023-09-22T09:00:00+01:00;45.2;34.8;39.8;39.3;60;47.89;44.79;49.52;52.09;47;42.23;41.94;39.13;47.03;50.41;49.41;49.83;47.25;50.7;54.45;53.43;48.69;43.95;39.38;37.32;39.66;41.14;42.33;30.46;37.41;30.11;39.87;45.91;37.57;44.01;40.23;41.74;37.96;49.66;43.27;48.08;46.7;41.5;38;37.6
O3;uur;µg/m³;2023-09-22T09:00:00+01:00;2023-09-22T10:00:00+01:00;45.2;36.1;43.2;34.7;60.7;53.5;53.43;55.18;58.02;54.66;46.68;52.76;46.72;56.2;53.11;52.3;48.6;47.9;51.46;51.72;55.56;45.64;44.52;36.41;43.91;43.78;50.82;45.77;45.29;44.34;40.41;53.02;50.82;43.01;49.63;52.11;47.48;45.77;48.93;43.15;47.48;45.22;51.9;47.6;46.5
O3;uur;µg/m³;2023-09-22T10:00:00+01:00;2023-09-22T11:00:00+01:00;42.5;34.8;39.5;36.6;61.3;59.01;59.51;60.54;64.5;62.35;53.19;55.83;52.98;60.95;59.7;55.47;52.84;50.51;56.04;56.31;53.87;48.37;42.59;39.26;53.02;43.21;53.25;49.77;44.91;49.59;44.54;53.05;53.48;50.3;58.43;59.51;56.75;56.58;54.46;50.77;52.9;49.97;53.9;52.2;50.4
O3;uur;µg/m³;2023-09-22T11:00:00+01:00;2023-09-22T12:00:00+01:00;49.7;38.5;46;43.1;67.8;60.7;65.12;66.99;71.27;66.23;55.94;56.4;58;64.1;61.85;55;56.93;57.4;63;65.97;60.68;56;54.02;47.51;58.37;43.64;60.77;54.07;49.82;54.3;51.57;58.31;60.04;56.2;63.93;61.93;64.33;59.19;60.59;60.47;60.66;60.8;58.4;54.7;53.6
O3;uur;µg/m³;2023-09-22T12:00:00+01:00;2023-09-22T13:00:00+01:00;52.6;45.6;52.3;50.7;71.1;68.08;67.39;67.16;72.89;68.22;57.81;59.96;60.03;65.84;59.09;52.36;65.34;61.34;;67.78;65.47;66.11;56.25;49.62;70.72;49.64;64.07;60.41;56.99;63.13;60.26;67.26;67.03;63.39;70.18;68.62;69.28;64.72;60.96;66.3;61.43;64.22;61.1;56.3;56.6
O3;uur;µg/m³;2023-09-22T13:00:00+01:00;2023-09-22T14:00:00+01:00;53.5;41.9;52.7;47.4;65.5;69.04;67.74;68.16;72.59;66.59;56.6;60.87;54.87;68.8;55.29;52.16;59.94;52.36;;65.63;70.3;62.25;56.62;48.49;68.83;43.51;69.6;62.75;59.31;63.5;63;68.55;64.98;62.48;72.79;71.87;69.3;67.34;62.95;69.56;67.89;66.59;68.4;63.3;63.8
O3;uur;µg/m³;2023-09-22T14:00:00+01:00;2023-09-22T15:00:00+01:00;50.1;44.6;48.9;42.3;68.5;66.17;68.25;63.38;70.12;61.09;56.16;61.13;51.74;65.09;54.93;56.6;60.93;49.21;;58.5;65.34;55.23;47.75;39.66;71.88;49.25;73.23;53.53;56.45;57.34;53.56;64.16;61.68;61.21;71.21;67.16;72.15;68.48;67.43;68.41;68.58;65.28;69.8;66.9;65.2
O3;uur;µg/m³;2023-09-22T15:00:00+01:00;2023-09-22T16:00:00+01:00;48.5;40.4;49.9;48.5;76.7;55.29;62.22;51.2;61.54;53.48;47.87;52.95;49.8;61.02;61.12;51.32;60.62;52.58;;55.25;74.48;47.66;52.62;38.77;70.15;48.31;70.32;50.16;50.29;55.52;40.59;59.82;52.04;64.66;70.85;65.04;70.67;74.35;66.56;67.24;71.62;59.93;63.9;55.5;60.7
O3;uur;µg/m³;2023-09-22T16:00:00+01:00;2023-09-22T17:00:00+01:00;50.4;38.7;50;48.2;64.9;44.21;50.29;49.88;60.9;50.67;40.6;43.46;53.41;51.68;76.19;59.14;65.19;48.32;;50.4;68.2;51.76;53.88;39.93;73.8;52.06;64.67;45.6;42.8;46.38;31.28;56.47;45.84;52.97;60.72;56.74;69.91;72.9;62.11;65.38;69.2;58.1;66.2;60;64.7
O3;uur;µg/m³;2023-09-22T17:00:00+01:00;2023-09-22T18:00:00+01:00;52;30.5;41.2;21.9;67.3;49.32;41.42;42.87;53.9;39.6;29.56;43.17;55.1;52.3;74.09;67.66;65.77;43.52;59.77;48.11;65.77;35.53;46.48;29.2;68.74;45.42;52.12;34.16;30.84;35.28;26.09;46.89;37.75;40.67;48.07;46.22;59.58;63.08;63.48;58.87;68.53;66.47;71;48.6;50.4
O3;uur;µg/m³;2023-09-22T18:00:00+01:00;2023-09-22T19:00:00+01:00;48.7;27.9;23.1;27;54.1;47.66;29.99;37.84;47.57;46.67;49.27;32.84;43.59;43.61;71.95;57.31;45.12;38.16;58.24;48.2;74.03;35.56;33.5;24.05;54.77;52.2;43.32;34.35;30.78;30.43;21.58;42.55;30.79;43.23;31.53;45.68;51.14;60.29;59.96;51.79;58.21;61.1;64.5;38.8;41.6
O3;uur;µg/m³;2023-09-22T19:00:00+01:00;2023-09-22T20:00:00+01:00;48.3;23.3;29.4;52.8;74.3;44.3;25.94;60.71;60.72;44.08;44.87;43.82;43.68;56.55;59.42;52.13;71.21;22.33;54.97;54;75.34;57.35;47.17;55.63;58.44;53.92;38.51;50.56;31.58;31.24;39.04;39.23;52.89;38.07;34.7;35.18;51;52.87;49.16;38.98;61.27;70.22;61.8;51.6;47.8
O3;uur;µg/m³;2023-09-22T20:00:00+01:00;2023-09-22T21:00:00+01:00;51.3;41.6;56.1;35.3;50.2;51.5;49.71;50.27;54.28;46.11;45.52;46.1;46.97;51.02;48.55;42.05;64.25;59.2;67.89;53.95;72.48;54.83;64.73;43.7;61.79;55.31;34.34;44.52;49.19;45.15;54.67;55.08;43.16;24.05;29.76;31.43;43.95;48.64;56.16;40.61;54.47;62.2;59.2;55.1;63.2
O3;uur;µg/m³;2023-09-22T21:00:00+01:00;2023-09-22T22:00:00+01:00;46.8;25.5;26.1;38.2;44.6;46.42;57.41;54.11;54.77;36.73;35.8;49.14;51.31;48.06;47.43;37.57;52.95;39.62;64.11;59.83;65.16;53.81;24.03;39.33;62.39;53.59;53.61;52.63;42.6;49.61;53.11;49.6;51.51;16.37;33.03;41.91;39.27;38.65;57.21;42.41;49.67;59.8;63.5;52;55.3
O3;uur;µg/m³;2023-09-22T22:00:00+01:00;2023-09-22T23:00:00+01:00;41.4;25.8;28.6;41.5;47.6;42.83;52.48;55.11;61.32;55.52;24.05;39.07;59.46;37.65;52.58;33.81;33.28;44.96;54.82;63.28;59.12;28.49;38.84;25.64;65.42;47.65;58.62;50.56;41.33;50.37;38.46;52.56;50.25;15.66;46.68;45.95;39.53;52.36;61.11;31.9;48.17;53.04;54.1;42.9;45.3
O3;uur;µg/m³;2023-09-22T23:00:00+01:00;2023-09-23T00:00:00+01:00;36.9;41.7;43;33.4;50.9;46.82;50.9;44.75;47.97;52.77;21.83;46.09;48.98;52.68;67.81;29.1;31.28;45.22;50.13;60.16;52.38;35.91;41.63;27.25;59.4;50.08;49.57;45.2;49.71;52.55;44.74;56.16;54.46;28.59;40.67;39.7;45.36;64.86;61.37;36.21;42.57;54.13;58.1;50;51
O3;uur;µg/m³;2023-09-23T00:00:00+01:00;2023-09-23T01:00:00+01:00;22.6;31.5;22.6;46;70.6;44.1;51.31;43.35;50.3;35.18;29.37;43.57;28.04;40.02;47.34;32.39;43.37;8.61;34.98;41.56;48.42;41.79;27.11;33.21;51.08;38.9;55.24;43.47;51.8;52.12;42.5;56.91;48.87;35.31;41.56;51.42;45.2;67.26;58.21;49.04;47.92;51.51;58.3;53.1;49.6
O3;uur;µg/m³;2023-09-23T01:00:00+01:00;2023-09-23T02:00:00+01:00;18.7;11;5.5;35;36;36.22;47.77;43.5;48.98;34.61;22.23;33.93;22.15;35.53;45.48;33.06;52.09;16.56;27.22;28.69;52.14;45.77;16.35;44.4;49.77;39.37;53.28;46.16;44.55;46.15;41.93;49.32;36.58;30.71;54.44;52.72;40.4;57.02;55.75;46.21;59.72;55.21;51.3;46.6;46.1
O3;uur;µg/m³;2023-09-23T02:00:00+01:00;2023-09-23T03:00:00+01:00;33.4;19.9;23.8;36.5;56.4;34.09;38.51;44.36;49.3;31.41;21.39;30.88;19.06;31.78;42.48;31.86;34.22;28.66;32.65;22.69;54.66;22.47;26.97;29.32;53.42;44.26;54.48;31.82;30.17;32.28;32.51;35.69;24.16;28.22;46.38;41.69;38.4;52.89;54.04;51.95;61.73;66.21;57.1;52.6;49.8
O3;uur;µg/m³;2023-09-23T03:00:00+01:00;2023-09-23T04:00:00+01:00;34;21.6;31.6;34;46.9;37.41;34.5;41.72;48.46;30.98;23.6;28.86;18.07;32.55;36.43;31.2;40.02;28.92;33.43;27.37;45.44;40.81;34;38.95;44.95;38.15;50.24;26.6;22.73;23.22;20.51;25.77;17.81;34.76;37.14;32.1;37.39;44.41;53.58;53.2;54.61;63.4;50.4;48.5;44.6
O3;uur;µg/m³;2023-09-23T04:00:00+01:00;2023-09-23T05:00:00+01:00;28.6;21.8;26.6;27.8;51.7;38.05;33.07;40.73;47.3;32.11;23.81;29.07;17.95;34.46;40.95;30.42;38.96;30.09;31.49;24.31;39.11;41.17;19.35;32.51;44.72;26.51;36.05;30.81;23.24;21.94;23.74;25.36;20.71;31.51;26.9;29.04;38;39.24;54;46.35;48.46;53.27;36.8;38.8;34.8
O3;uur;µg/m³;2023-09-23T05:00:00+01:00;2023-09-23T06:00:00+01:00;26.3;14.3;23.5;17.3;46;35.76;32.9;40.06;45.51;30.14;18.76;30.3;20.19;33.45;31.39;28.48;40.56;30.14;32.43;21.54;57.88;25.51;23.45;25.45;37.53;32.08;25.51;28.27;20.19;17.53;25.73;23.32;18.13;27.06;22.48;29.3;32.52;30.37;51.13;40.37;45.86;48.26;39;33.5;31.5
O3;uur;µg/m³;2023-09-23T06:00:00+01:00;2023-09-23T07:00:00+01:00;29;17.1;19.7;21.7;48.1;33.99;31.77;38.99;45.14;27.06;23.34;28.46;18.95;31.59;35.98;28.07;46.84;19.13;29.84;21.99;55.75;19.6;30.01;25.99;41.75;32.02;23.69;21.49;13.63;13.77;17.57;18.29;16.13;25.44;20.94;27.18;27.44;23.87;44.7;35.55;40.08;46.59;42.1;37.1;34.4
O3;uur;µg/m³;2023-09-23T07:00:00+01:00;2023-09-23T08:00:00+01:00;25.4;14.7;8.7;27.1;51.9;34.98;31.88;37.86;45.37;28.84;22.37;27.82;19.55;31.04;35.91;28.31;50.27;11.98;34.78;25.61;54.66;31.42;19.58;47.02;32.99;25.18;22.54;20.93;16.1;18.77;18.08;20.74;20.59;26.78;23.1;25.82;27.78;24.7;43.4;33.93;40.62;41.18;33.1;28;25.2
O3;uur;µg/m³;2023-09-23T08:00:00+01:00;2023-09-23T09:00:00+01:00;27.1;19.2;13.6;37.5;49.5;37.35;33.63;39.23;46.65;31.18;25.23;29.83;22.37;31.74;37.75;29.03;50.76;16.66;34.18;28.22;59.11;41.71;25.74;43.68;33.23;28.14;24.28;26.98;21.05;20.45;23.19;25.46;25.43;27.07;25.71;26.47;29.29;26.16;45.24;34.04;38.69;36.07;25.7;23.1;21.8
O3;uur;µg/m³;2023-09-23T09:00:00+01:00;2023-09-23T10:00:00+01:00;31.7;28.3;36.9;40.7;61.2;38.73;36.66;40.39;48.03;32.98;29.63;31.2;25.66;34.5;45.51;33.67;53.99;35.18;37.53;30.38;65.43;47.66;43.32;46.74;41.03;38.04;29.82;26.41;21.9;21.28;22.62;26.97;24.93;30.2;29.19;30.78;32.92;29.52;48.45;33.75;44.42;36.18;31;25.1;26.3
O3;uur;µg/m³;2023-09-23T10:00:00+01:00;2023-09-23T11:00:00+01:00;40.4;31.7;45.3;42.3;61.7;43.48;39.78;44.81;50.11;33.52;34.64;33.34;28.78;36.74;54.97;37.85;53.92;49.21;42.89;35.92;67.17;46.54;50.64;46.25;49.46;44.15;34.03;42.66;18.13;19.54;34.93;23.19;32.47;29.88;30.59;33.34;35.13;32.94;48.33;37.66;54.89;44.99;34.8;26.4;31.1
O3;uur;µg/m³;2023-09-23T11:00:00+01:00;2023-09-23T12:00:00+01:00;41.8;31.1;46.4;40.2;55;45.96;41.1;49.71;52.48;35.94;42.09;36.09;33.94;42.33;55.78;48.32;56.92;51;56.42;36.63;65.5;52.46;47.09;50.04;56.95;45.44;39.83;47.94;29.03;32.73;47.12;39.19;43.85;30.52;32.6;34.92;34.7;36.89;50.2;41.84;55.87;48.39;50.6;50.5;50.5
O3;uur;µg/m³;2023-09-23T12:00:00+01:00;2023-09-23T13:00:00+01:00;40.9;33.5;42.5;38.5;61.9;47.71;43.7;51.95;55.07;43.58;44.69;37.35;37.92;46.8;58.54;57.08;55.55;47.99;59.58;45.3;66.24;51.81;38.7;48.69;61.53;45.94;47.47;50.48;41.98;46;50.48;51.9;49.01;33.67;35.51;39.61;36.37;43.44;60.71;42.83;63.27;46.14;55.1;56.9;55.4
O3;uur;µg/m³;2023-09-23T13:00:00+01:00;2023-09-23T14:00:00+01:00;50.5;28.9;40.6;44.1;54.7;52.57;47.73;58.05;61.01;43.38;53.49;40.23;41.01;46.56;65.2;60.76;56.43;44.56;64.24;48.1;65.68;53.06;54.41;51.74;61.64;49.72;54.87;52.45;49.92;50.89;53.64;56.61;52.27;35.35;40.28;33.87;42.79;54.29;66.99;45.85;71.62;56.21;55.2;53.6;53.9
O3;uur;µg/m³;2023-09-23T14:00:00+01:00;2023-09-23T15:00:00+01:00;51;30.8;50.2;50.6;69.7;53.88;48.85;61.85;65.58;44.66;55.31;40.32;50.13;44.47;66.72;63.63;55.97;50.65;64.48;60.2;69.23;49.42;61.2;53.17;63.87;49.06;58.46;51.49;52.15;53.44;51.85;57.77;52.68;39.15;45.37;39.7;49.84;59.63;64.83;49.04;67.87;57.06;54.8;51.2;54.8
O3;uur;µg/m³;2023-09-23T15:00:00+01:00;2023-09-23T16:00:00+01:00;55.6;37.2;56.6;50.5;59.5;55.95;49.1;64.68;68.52;36.26;61.12;34.31;54.85;46.66;69.65;64.64;63.85;57.9;65.81;63.3;71.57;59.06;61.44;57.44;64.69;48.11;57.54;52.83;50.51;50.19;51.26;57.08;54.49;35.92;50.11;41.48;50.48;54.44;65.4;51.92;67.14;53.7;47;56.4;56.5
O3;uur;µg/m³;2023-09-23T16:00:00+01:00;2023-09-23T17:00:00+01:00;55.7;33.4;50.4;51.2;69.4;50.99;47.49;64.93;68.48;51.65;58.95;32.82;56.37;40.38;69.69;64.49;63.68;52.34;65.19;63.56;72.21;59.73;61.19;58.32;62.72;45.2;55.22;53.31;46.56;44.66;52.51;53.52;50.15;37.1;48.59;39.65;51.19;53.66;63.45;51.35;65.39;56.63;58.3;52.6;55.7
O3;uur;µg/m³;2023-09-23T17:00:00+01:00;2023-09-23T18:00:00+01:00;56.5;38.9;58.1;47.6;65.1;41.76;44.51;58.99;62.23;56.02;57.22;38.17;57.37;46.77;69.34;65.28;63.17;57.53;62.45;61.82;71.71;54.01;60.84;55.09;59.98;53.28;52.51;54.35;47.72;46.59;51.34;54.42;45.78;30.82;45.92;38.55;51.74;53.03;59.78;55.49;57.49;58.16;57;51.2;53.3
O3;uur;µg/m³;2023-09-23T18:00:00+01:00;2023-09-23T19:00:00+01:00;50.4;38.6;52.5;42.4;60.7;30.91;34.59;44.36;50.47;49.55;51.67;26.69;52.29;44.24;68.4;50.48;57.48;47.92;59.9;56.23;69.96;49.68;53.29;42.86;55.65;36.56;45.47;51.92;42.69;42.86;41.21;54.63;42.52;20.12;42;44.32;47.06;53.42;58.58;40.03;58.5;45.16;51.6;50.5;49.2
O3;uur;µg/m³;2023-09-23T19:00:00+01:00;2023-09-23T20:00:00+01:00;44.9;35.1;44.1;44.5;44.9;19.46;23.89;23.13;24.13;39.08;41.93;25.2;42.11;31.11;64.56;34.46;58.74;45.21;52.44;55.72;58.56;36.81;51.82;39.21;42.4;24.1;45.22;44.28;42.68;45.8;27.26;55.33;40.53;11.85;40.92;33.96;33.93;48.21;44.06;27.13;57.22;21.93;25.6;34.1;31
O3;uur;µg/m³;2023-09-23T20:00:00+01:00;2023-09-23T21:00:00+01:00;41.6;14.2;30.8;14.2;32.9;15.86;21.96;17.3;4.87;25.17;17.49;20.18;25.19;32.67;59.19;32.09;43.92;33.3;43.66;46.23;43.52;9.78;34.04;20.08;44.11;13.8;40.85;33.41;35.27;38.11;25.12;45.56;26.69;14.23;36.51;25.76;15.86;43.14;41.27;23.27;36.85;18.63;14.1;27.1;19.9
O3;uur;µg/m³;2023-09-23T21:00:00+01:00;2023-09-23T22:00:00+01:00;36.7;14.2;13.1;16.7;38.7;10.82;19.31;14.8;4.36;17.45;10.39;19.86;26.63;25.73;54.24;32.35;16.13;11.64;41.05;33.46;39.18;11.25;18.47;8.94;56.44;15.92;29.34;28.07;22.47;23.45;21.43;37.46;25.82;19.44;41.87;24.34;12.96;42.89;33.31;19.23;30.17;14.13;14.7;14.7;10.6
O3;uur;µg/m³;2023-09-23T22:00:00+01:00;2023-09-23T23:00:00+01:00;31.6;9;10.1;30.9;47.8;7.25;17.95;13.21;5.51;13.94;6.92;9.19;28.06;8.71;57.61;32.63;22.01;6.6;46.7;38.41;31.66;11.03;13.48;9.93;56.61;19.93;20.28;19.68;20.45;13.66;15.16;34.11;19.54;14;29.35;19.82;14.5;34.77;48.67;18.43;28.57;24.14;23.9;18.2;13.4
O3;uur;µg/m³;2023-09-23T23:00:00+01:00;2023-09-24T00:00:00+01:00;35.4;9.1;14.5;24.3;49.1;6.2;15.94;10.49;4.98;11.61;6.64;10.8;27.92;13.2;59.82;30.49;19.85;12.8;49.46;30.48;21.26;35.88;31.81;19.32;40.8;15.8;26.76;25.83;26.84;15.61;13.84;33.87;18.97;11.86;30.2;24.03;8.83;39.44;50.3;15.57;25.72;32.9;28.9;20.8;22
O3;uur;µg/m³;2023-09-24T00:00:00+01:00;2023-09-24T01:00:00+01:00;42.1;19.6;23.1;38.1;50.2;10.76;17.03;12.25;4.63;15.33;7.27;13.19;22.04;10.27;57.02;32.01;35.75;22.92;52.33;36.66;27.46;40.23;41.89;28.15;31.56;18.56;29.75;25.01;15.01;13.71;15.28;18.75;15;8.87;24.46;20.69;14.15;31.97;54.27;15.42;22.06;25.03;33.1;29.5;23.5
O3;uur;µg/m³;2023-09-24T01:00:00+01:00;2023-09-24T02:00:00+01:00;44.2;26.1;28.1;44.5;47.6;8.85;15.32;16.44;5.95;20.98;8.43;18.11;17.04;13.46;63.74;29.79;46.65;29.07;53.25;43.77;39.96;45.69;38.83;34.42;33.19;21.21;25.58;23.82;12.12;14.13;19.26;19.07;12.87;12.4;21.42;20.59;10;15.63;43.83;17.29;25.95;30.82;32.7;29;23.7
O3;uur;µg/m³;2023-09-24T02:00:00+01:00;2023-09-24T03:00:00+01:00;46.8;24.6;36.9;39.8;48.8;8.56;15.24;16.27;9.48;15.68;3.94;16.47;11.57;14.81;58.5;28.97;36.38;44.54;53.18;27.71;44.23;39.01;34.43;37.13;31.53;23.55;29.56;21.46;15.82;18.98;15.41;22.17;19.27;13.49;20.15;19.81;16.84;21.5;38.45;19.72;25.21;31.59;35.2;30.7;27.4
O3;uur;µg/m³;2023-09-24T03:00:00+01:00;2023-09-24T04:00:00+01:00;44.3;31.7;41.8;44.9;61.3;12.45;14.29;13.94;9.24;13.73;-0.37;19.67;12.97;11.61;60.2;31.13;35.72;46.91;35.07;31.97;45.94;43.38;29.7;39.17;31.73;28.22;26.91;25.61;15.47;16.68;19.21;18.94;17.17;9.45;19.08;21.04;18.97;20.79;39.25;23.7;27.82;28.98;34.1;35;31.4
O3;uur;µg/m³;2023-09-24T04:00:00+01:00;2023-09-24T05:00:00+01:00;29;24.6;33.2;48.2;66.5;8.4;13.89;13.2;9.9;14.39;0.51;19.06;16.09;9.78;57.7;32.42;44.63;33.9;31.58;25.12;46.56;46.42;28.6;42.12;36.05;27.23;26.84;24.61;14.2;17.43;17.11;18.18;18.4;8.18;17.97;20.58;19.36;20;41.87;24.41;31.8;29.24;38.4;36.1;31.4
O3;uur;µg/m³;2023-09-24T05:00:00+01:00;2023-09-24T06:00:00+01:00;20.2;19.9;26.7;35.5;68.6;7.8;13.7;14.82;9.9;19.71;2.14;17.37;17.82;10.03;51.37;27.73;46.1;38.72;30.07;14.4;52.82;40.16;32.17;39;33.48;29.93;23.75;19.04;18.97;20.09;17.46;21.18;11.65;9.51;18.4;18.71;19.16;19.6;41.47;19.07;32.48;29.01;40.8;41.3;36
O3;uur;µg/m³;2023-09-24T06:00:00+01:00;2023-09-24T07:00:00+01:00;20.4;23.5;26.9;35.2;60;6.2;13.82;18.97;9.25;15.73;2.95;17.28;18.99;8.89;45.79;18.95;38.66;33.22;20.51;18.82;49.57;30.85;27.8;36.79;38.76;32.22;25.58;17.5;10.75;12.53;13.76;16.34;8.08;10.86;17.65;21.02;20.48;20.56;42.04;17.09;32.4;27.9;36.8;41.5;35.2
O3;uur;µg/m³;2023-09-24T07:00:00+01:00;2023-09-24T08:00:00+01:00;26.9;23.7;26.1;32.7;35.9;12.83;17.61;23.47;14.23;19.89;10.29;20.14;23.74;14.48;45.35;17.34;29.2;29.09;21.87;27.15;40.52;24.53;28.28;25.29;48.87;28.23;27.17;15.86;9.9;17.35;18.54;16.78;18.06;11.25;26.34;23.15;27.58;23.27;47.07;20.47;33.63;32.3;37.5;40.1;36
O3;uur;µg/m³;2023-09-24T08:00:00+01:00;2023-09-24T09:00:00+01:00;27.2;26;27.9;26.1;42;23.59;24.04;40.68;54.45;32.61;16.04;25.83;30.56;22.92;46.28;37.11;30.67;32.4;34.05;39.52;48.29;31.2;34.69;28.72;54.97;35.82;36.5;26.42;18.39;27.43;28.29;28.73;30.02;22.43;37.93;27.05;30.06;31.01;56.19;32.07;39.09;43.55;39.3;40.5;37.3
O3;uur;µg/m³;2023-09-24T09:00:00+01:00;2023-09-24T10:00:00+01:00;42.3;30.5;41;39.8;60.9;35.15;38.43;45.82;64.84;45.28;28.74;37.64;37.23;37.64;55.94;48.46;49.79;38.53;46.63;49.39;55.92;47.56;48.06;38.62;57.71;41.98;49.25;41.58;34.92;44.02;41.66;46.63;43;37.45;44.62;36.57;42.69;44.31;61.03;42.72;50.85;50.7;48.6;51.3;46.8
O3;uur;µg/m³;2023-09-24T10:00:00+01:00;2023-09-24T11:00:00+01:00;51.2;40.6;54.2;53.3;70.4;57.31;55.66;60.82;69.39;57.57;48.31;49.61;50.5;56.87;58.96;60.93;66.13;54.84;58.12;56.55;63.18;57.21;59.83;51.44;62.48;48.76;63.31;52.06;46.56;55.55;51.42;58.72;52.54;53.87;56.81;48.34;53.45;62.75;65.48;57.86;65.1;62.74;62.9;60;57.9
O3;uur;µg/m³;2023-09-24T11:00:00+01:00;2023-09-24T12:00:00+01:00;62.1;49.4;59.4;62.2;77.7;68.66;68.71;67.55;73.47;69.85;71.69;61.42;59.6;66.06;65.7;68.73;74.25;65.2;72.52;65.37;73.36;69.03;68.36;61.45;68.64;56.92;67.22;61.13;59.42;65.83;58.32;69.79;64.73;64.29;66.67;63.26;64.24;69.61;75.32;72.59;73.75;74.77;70.9;69.3;66
O3;uur;µg/m³;2023-09-24T12:00:00+01:00;2023-09-24T13:00:00+01:00;67.4;61.3;69.6;63.3;81.1;70.9;75.79;69.46;74.27;75.05;78.37;67.6;69.76;71.94;79.87;75.91;76.04;79.39;79.17;76.89;83.19;74.69;73.55;65.79;75.43;66.93;72.69;67.47;63.7;70.51;65.35;74.15;73.01;68.24;75.88;73.31;71.97;72.63;76.16;74.08;79.3;82.26;77.3;74.1;75.2
O3;uur;µg/m³;2023-09-24T13:00:00+01:00;2023-09-24T14:00:00+01:00;70.6;65.4;78.1;68.9;89.8;72.74;79.05;70.91;76.63;78.93;82.5;70.2;75.72;77.61;84.79;78.25;79.89;81.52;86.76;81.36;86.06;78.19;78.7;68.3;81.33;73.67;77.77;73.6;66.56;73.87;71.27;77.56;77.6;72.02;80.01;76.59;77.28;74.34;82.55;79.23;82.8;84.16;82.1;78.8;80.6
O3;uur;µg/m³;2023-09-24T14:00:00+01:00;2023-09-24T15:00:00+01:00;76.3;72.1;83.3;73.9;92.1;72.61;82.66;72.08;75.74;81.57;82.26;70.8;77.36;78.79;87.01;80.17;83.86;88.81;93.57;87.72;90.47;84.02;84.63;71.33;90.43;76.26;81.89;79.37;69.73;76.87;74.98;80.03;81.36;77.49;83.36;80.58;77.05;78.28;84.62;81.68;80.77;83.33;88;85.8;86.3
O3;uur;µg/m³;2023-09-24T15:00:00+01:00;2023-09-24T16:00:00+01:00;79.2;74;84;78.3;90.4;71.3;83.89;71.8;77.81;81.56;81.31;71.81;78.34;78.85;86.16;81.14;86.29;91.96;93.56;88.87;94.5;86.39;85.09;75.21;93.27;82.12;82.76;82.41;68.52;77.11;77.12;80.9;82.36;78.9;85.89;82.73;79.37;79.12;84.47;83.57;81.27;85.34;92.3;90;90.7
O3;uur;µg/m³;2023-09-24T16:00:00+01:00;2023-09-24T17:00:00+01:00;75.7;72.4;84;71.9;93.2;69.6;77.43;70.91;78.56;78.8;79.96;71.77;77.06;76.51;86.15;79.56;85.83;89.74;89.17;87.25;98.14;86.33;83.23;73.25;91.64;87.15;83.01;79.19;65.69;74.39;72.91;80.3;80.27;76.07;84.81;82.37;77.38;79.91;83.79;82.4;79.22;88.24;89.7;85.5;90.5
O3;uur;µg/m³;2023-09-24T17:00:00+01:00;2023-09-24T18:00:00+01:00;71.9;64;76;69.5;81;65.44;71.31;52.63;72.17;74.74;71.63;64.88;71.74;72.52;85.53;75.13;79.08;49.14;75.48;80.61;93.9;81.83;81.2;67.12;79.28;74.99;76.82;72.01;56.54;70.62;72.95;76.55;69.49;70.43;78.18;75.43;73.12;73.63;81.48;74.17;73.28;83.26;87.6;78.9;84.5
O3;uur;µg/m³;2023-09-24T18:00:00+01:00;2023-09-24T19:00:00+01:00;61.6;52.6;67.5;56.9;64.1;48.83;42.77;33.76;41.95;60.27;53.57;50.65;59.11;59.86;73.18;60.6;63.44;5.04;65.33;71.73;79.93;71.64;68.37;45.24;69.66;66.32;68.82;61.15;48.45;57.19;55.29;66.49;53.77;56.64;68.77;63.38;62.97;54.61;69.99;61.74;70.5;70.27;65.9;69.7;73.9
O3;uur;µg/m³;2023-09-24T19:00:00+01:00;2023-09-24T20:00:00+01:00;55.2;47.2;61.3;48.8;55.6;31;45.84;16.24;17.37;56.41;46.49;44.68;54.31;48.57;71.49;40.57;59.92;13.32;56.7;65.37;73.51;61.83;67.24;38.7;61.12;60.46;64.24;45.32;39.67;41.47;45.22;56.09;52.01;56.59;54.85;57.91;53.31;37.06;58.17;61.66;62.62;69.08;51.6;59.9;66.6
O3;uur;µg/m³;2023-09-24T20:00:00+01:00;2023-09-24T21:00:00+01:00;52.4;39.2;49.1;37.5;61.4;26.35;48.34;10.44;14.66;47.83;41.44;44.12;49.37;55.16;67.03;36.5;58.8;11.95;56.2;60.62;64.81;51.21;61.04;34.38;60.89;57.24;61.24;39.75;30.97;44.58;43.53;52.41;37.44;52.57;39.97;56.4;53.96;35.69;57.24;55.41;61.06;60.36;53.9;58.2;56.2
O3;uur;µg/m³;2023-09-24T21:00:00+01:00;2023-09-24T22:00:00+01:00;51.8;40.5;38.9;46.1;59.7;34.1;45.58;14.64;32.57;46.16;37.66;37.71;43.47;49.39;63.2;48.2;52.64;6.92;54.63;59.2;58.19;40.47;50.83;40.8;56.21;54.07;57.62;46.13;32.14;49.2;46.75;48.36;39.07;49.54;43.14;55.11;53.42;49.42;54.17;53.37;57.92;57.24;48.3;58.8;53.8
O3;uur;µg/m³;2023-09-24T22:00:00+01:00;2023-09-24T23:00:00+01:00;48.9;41.2;40.4;48.7;49.9;38.73;47.9;9.62;48.42;43.64;37.12;36.99;48.22;43.56;59.11;38.89;48.99;11.88;51.34;58.45;53.34;49.22;38.64;42.93;57.08;49.02;51.85;51.48;33.57;45.75;50.28;46.76;42.47;50.46;49.61;57.66;53.02;49.55;54.81;53.12;53.63;54.5;48.4;55.1;54.5
O3;uur;µg/m³;2023-09-24T23:00:00+01:00;2023-09-25T00:00:00+01:00;47;47.9;48.5;47.6;52.9;41;52.82;8.71;52.72;41.21;35.82;34.44;45.78;38.96;45.53;37.93;53.14;4.05;56.2;57.32;55.05;49.92;48.09;47.27;54.76;49.04;48.92;47.95;34.34;44.46;52.92;43.55;39.4;48.68;49.03;61.8;50.35;46.77;53.03;50.01;54.27;52.74;51.3;59.6;56.7
O3;uur;µg/m³;2023-09-25T00:00:00+01:00;2023-09-25T01:00:00+01:00;50.3;51.1;53.8;49.3;46.6;46.58;55.42;8.38;35.97;34.17;42.4;35.77;45.19;40.86;58.38;39.15;54.16;18.29;59.09;56.73;55.99;55.55;37.97;49.54;56.27;50.1;55.5;42.72;30.5;39.78;50.95;40.85;39.51;45.25;51.5;63.49;48.5;41.74;48.37;44.08;54.83;49.72;46.2;60.2;56.5
O3;uur;µg/m³;2023-09-25T01:00:00+01:00;2023-09-25T02:00:00+01:00;46.5;52.6;53.3;37.6;46.5;55.51;53.81;9.34;40.13;31.12;47.28;39.53;41.3;42.15;60.2;50.78;51.55;36;57.78;50.69;57.48;52.35;36.3;45.36;52.87;47.66;54.15;42.78;32.49;40.16;48.22;40.66;37.23;40.9;54.72;63.6;44.76;37.61;50.93;47.93;51.86;48.31;45.1;59.1;53.5
O3;uur;µg/m³;2023-09-25T02:00:00+01:00;2023-09-25T03:00:00+01:00;44.8;52.2;50.4;41.1;47.2;;;;;;;;;;;;;;;;;;;;;;;;;;;;;;;;;;;;;;56.8;58.2;50.8
O3;uur;µg/m³;2023-09-25T03:00:00+01:00;2023-09-25T04:00:00+01:00;43.6;49.8;39.6;38.6;43.1;52.06;51.37;11.73;32.49;28.64;36.54;40.85;40.22;40.91;57.74;38.88;42.83;26.57;50.94;;50.22;46.08;39.31;38.11;51.1;;55.84;37.08;33.41;40.99;45.7;40.16;32.64;34.49;54.34;63.15;40.15;38.64;;44.57;49.63;45.75;56.1;56.1;47.1
O3;uur;µg/m³;2023-09-25T04:00:00+01:00;2023-09-25T05:00:00+01:00;39.5;43.6;40.5;33.8;32.7;44.93;48.65;6.84;34.95;32.31;36.65;41.37;40.24;40.97;49.74;38.64;38.42;43.66;51.37;44.24;48.5;40.19;27.23;27.53;53.71;41.23;59.12;38.05;36.12;42.52;49.61;43.24;33.88;34.96;51.51;57.65;38.87;40.52;53.75;45.36;48.84;45.32;57.8;54.6;47.7
O3;uur;µg/m³;2023-09-25T05:00:00+01:00;2023-09-25T06:00:00+01:00;34;33.8;31.8;32;42.4;40.17;46.87;5.97;30.94;37.87;32.39;34.59;38.79;36.3;54.95;39.85;36.1;43.19;49.04;43.31;42.56;35.17;24.51;21.03;52.07;34.87;59.08;36.49;27.8;37.56;44.43;42.47;33.09;33.12;47.87;52.26;39.8;40.39;60.05;44.46;46.24;44.19;56.6;49.9;45
O3;uur;µg/m³;2023-09-25T06:00:00+01:00;2023-09-25T07:00:00+01:00;28.7;30.1;27.9;23.7;42.7;30.38;43.15;0.6;29.41;40.34;31.7;25.86;34.46;30.29;53.57;26.04;27.91;16.66;46.71;40.78;32.15;24.97;20.85;14.7;42.58;31.93;52.34;35.13;19.86;31.85;37.45;37.29;32.6;31.62;38.87;52.04;40.24;37.94;60.8;42.23;41.79;41.48;50.9;44.3;41.8
O3;uur;µg/m³;2023-09-25T07:00:00+01:00;2023-09-25T08:00:00+01:00;25.5;24.9;15.6;22.4;42.2;30.13;40.73;0.43;27.9;39.58;29.3;28.43;32.19;28.81;48.58;24.69;24.49;27.35;43.47;40.1;33.65;22.69;16.22;10.33;43.17;26.77;48.67;35.79;19.88;38.26;40.55;37.23;34.38;34.34;37.32;43.48;36.78;32.94;58.85;38.67;43.51;41.04;49.1;41.2;37.5
O3;uur;µg/m³;2023-09-25T08:00:00+01:00;2023-09-25T09:00:00+01:00;26.4;25.4;19.9;21.2;43.9;35;46.04;4.13;29.34;42.53;25.5;39.33;36.53;38.27;45.73;36.96;26.14;29.37;40.39;41.59;30.04;26.49;24.92;18.1;41.58;28.24;51.15;34.97;29.89;39.94;38;44.42;37.81;32.37;45.04;47.16;41.57;40.04;56.19;42.5;47.09;43.23;47.6;38.7;37.9
O3;uur;µg/m³;2023-09-25T09:00:00+01:00;2023-09-25T10:00:00+01:00;29.3;25.8;27.4;31.7;43.6;42.09;50.86;20.6;39.58;49.49;26.15;44.67;44.34;41.91;43.98;45.53;34.14;32.4;41.99;46.87;39.57;34.98;34.03;26.29;45.44;31.62;54.48;37.4;30.78;40.49;39.66;44.95;40.67;41.2;54.24;48.53;48.58;43.58;57.16;48.69;51.18;47.83;48.3;40.7;43
O3;uur;µg/m³;2023-09-25T10:00:00+01:00;2023-09-25T11:00:00+01:00;41;28.3;38.2;38.9;46.5;48.25;56.09;49.57;56.7;55.58;42.17;47.29;46.85;49.71;53.32;49.34;47.58;41.91;49.87;48.53;45.82;44.54;45.78;33.52;46.24;36.33;56.62;41.71;36.67;43.76;37.44;47.9;45.97;50.43;61.58;54.48;57.33;50.87;60.47;55.5;56.83;54.93;46.5;42.9;42.4
O3;uur;µg/m³;2023-09-25T11:00:00+01:00;2023-09-25T12:00:00+01:00;46.9;36.8;41.9;36.1;50.3;54.38;61.71;67.15;75;61.58;53.89;54.6;51.1;62.46;54.31;51.73;50.31;50.19;58.77;54.08;52.89;51.66;46.63;38.7;46.13;38.77;60.95;47.25;44.65;51.21;44;53.78;55.14;57.24;65.14;59.87;62.2;56.53;61.73;61.2;60.44;61.17;52.5;46.7;47.7
O3;uur;µg/m³;2023-09-25T12:00:00+01:00;2023-09-25T13:00:00+01:00;46.9;37.6;46.2;36.8;53.9;57.65;63.21;73.9;79.91;64.4;67.59;62.95;54.58;66.55;55.59;51.78;49.04;55.69;66.15;58.32;59.16;53.9;45.91;35.69;49.06;41.26;65.22;49.62;46.61;55.69;49.94;58.82;61.36;64.23;67.69;62.8;66.48;68.33;63.51;65.88;63.12;69.77;55.5;50.3;51.2
O3;uur;µg/m³;2023-09-25T13:00:00+01:00;2023-09-25T14:00:00+01:00;48.6;39.7;46.8;42.7;44.8;64.66;67.62;77.92;84.76;70.2;60.28;66.68;61;72.28;56.01;54.44;49.22;56.05;71.29;64.38;53.38;54.02;41.03;34.43;51.18;45.44;70.98;55.58;51.77;57.27;50.92;62.05;66.57;73.63;73.17;69.91;70.32;73.25;69.55;71.79;69.04;73.36;63.4;58.7;59.6
O3;uur;µg/m³;2023-09-25T14:00:00+01:00;2023-09-25T15:00:00+01:00;50.7;39.8;44.5;44.5;47.8;72.41;73.29;73.95;85.89;78.18;61.97;72.09;67.05;79.74;58.34;58.3;48.55;56.59;68.92;76.66;53.41;45.97;43.03;26.5;51.21;37.56;77.59;67.71;55.49;65.52;53.57;68.33;73.23;79.85;78.34;75.04;71.85;71.44;66.84;72.79;75.57;73.66;66.3;55.7;60.3
O3;uur;µg/m³;2023-09-25T15:00:00+01:00;2023-09-25T16:00:00+01:00;53.2;38.6;44;44.3;51.5;81.75;82.49;74.2;87.94;79.55;63.71;77.15;70.68;85.44;57.1;61.87;50.45;49.79;58.15;68.15;51.59;51.77;43.97;22.73;51.53;38.02;78.95;60.63;53.05;64.58;54.87;69.9;77.43;77.47;80.15;78.84;72.92;74.29;65.88;74.35;80.75;80.82;51.7;62.1;53.7
O3;uur;µg/m³;2023-09-25T16:00:00+01:00;2023-09-25T17:00:00+01:00;53.3;43.4;48.5;37.4;46.3;83.82;83.32;63.98;90.01;81.98;56.93;76.25;62.54;87.83;57.38;64.13;50.3;54.99;60.93;64.17;54.36;52.27;47.2;21.65;52.22;40.63;69.9;48.63;62.92;70.03;49.93;77.18;69.78;67.7;83.94;78.04;70.58;69.26;65.46;76.36;76.04;82.08;47.2;52.7;49.8
O3;uur;µg/m³;2023-09-25T17:00:00+01:00;2023-09-25T18:00:00+01:00;54.5;38.2;48.1;40.1;53.8;69.41;65.56;58.21;78.31;73.18;39.37;64.15;52.18;80.68;55.66;49.79;43.72;55.15;59.81;52.46;48.44;43.39;45.96;24.51;50.22;34.46;64.97;38.91;55.33;62.38;38.07;70.86;67.17;60.76;77.37;72.03;63.39;59.04;58.88;70.54;62.77;76.11;59.3;48.9;50
O3;uur;µg/m³;2023-09-25T18:00:00+01:00;2023-09-25T19:00:00+01:00;32.3;25.9;35.6;30.3;26;50.06;40.75;27.34;44.08;52.56;27.68;26.78;43.35;62.46;47.93;37.33;29.32;51.6;40.22;42.64;29.19;21.26;38.68;12.88;47.52;29.11;37.65;38.11;43.83;50.79;30.7;67.81;40.97;61.93;60.3;51.98;44.92;42.99;57.03;60.36;54.77;56.83;48.8;42.3;42
O3;uur;µg/m³;2023-09-25T19:00:00+01:00;2023-09-25T20:00:00+01:00;12.9;6.4;11;14.6;29.2;36.96;32.44;9.07;8.25;37.22;9.89;-0.26;26.94;27.08;26.62;30.3;22.74;32.49;27.3;19.5;13.85;0.66;4.82;3.38;34.11;11.72;33.93;34.48;36.61;24.35;26.47;51.89;21.8;49.34;49.64;33.87;20.71;34.94;52.6;51.07;46.86;41.94;35;27.7;30
O3;uur;µg/m³;2023-09-25T20:00:00+01:00;2023-09-25T21:00:00+01:00;8.2;2.1;0.7;3.7;28.3;17.97;23.57;6.9;5.93;22.89;4.96;12.16;5.69;9.08;21.19;21.88;15.28;26.93;19.16;6.39;5.35;-0.63;0.67;0.22;22.48;2.19;26.23;26.85;23;8.47;18.07;36.84;12.79;26.34;43.58;57.83;31.77;35.43;46.66;42.42;27.75;46.33;13.9;23.2;16.7
O3;uur;µg/m³;2023-09-25T21:00:00+01:00;2023-09-25T22:00:00+01:00;4.9;1.6;0.4;2.3;11.4;21.44;20.93;4.03;4.3;21.16;2.25;34.47;0.75;13.33;34.99;17.03;6.1;25.74;19.75;2.45;9.1;-1.13;0.31;-0.16;14.67;-1.3;32.62;18.8;5.47;0.82;0.63;14.77;1.45;25.74;30.73;55.8;51.76;37.76;47.3;35.35;21.34;52.76;10.8;16.9;9.9
O3;uur;µg/m³;2023-09-25T22:00:00+01:00;2023-09-25T23:00:00+01:00;1.8;3.4;0.2;2.8;18.8;15.13;7.7;5.07;2.32;18.81;0.03;31.84;0.72;29.03;25.57;12.36;3.01;9.57;12.75;0.53;3.66;-1.2;-0.14;-0.51;15.03;-0.56;31.89;9.09;6.6;0.73;3.75;5.15;-0.89;18.99;18.25;60.69;41.21;36.04;33.06;32.15;27.46;45.81;7.7;13.5;6.5
O3;uur;µg/m³;2023-09-25T23:00:00+01:00;2023-09-26T00:00:00+01:00;-3.2;2.6;0.3;0.3;22.6;7.6;5.25;11.38;3.53;11.41;-0.84;25.57;0.92;22.09;18.16;10.08;1.92;8.06;1.84;1.52;5.65;-1.28;-0.24;-1.07;18.43;1.99;22.14;7.79;6.2;0.76;2.61;4.04;-0.8;13.41;25.12;61.96;39.49;31.14;26.38;29.89;27.36;34.91;3;22;4.7
O3;uur;µg/m³;2023-09-26T00:00:00+01:00;2023-09-26T01:00:00+01:00;0;1.2;0.2;0;15.5;3.75;3.53;18.89;8.76;5.14;-0.81;25.94;1.09;16.81;22.01;12.92;3.3;12.35;2.27;1.09;9.22;-1.27;-0.42;-0.98;17.02;4.36;15.47;9.41;5.54;5.09;1.48;8.64;0.66;8.72;8.12;55.5;24.81;31.64;25.83;29.17;28.9;39.59;3.5;24.7;5.8
O3;uur;µg/m³;2023-09-26T01:00:00+01:00;2023-09-26T02:00:00+01:00;1.7;0.8;0.2;0;23;1.55;2.22;23.39;11.76;4.4;0.43;24.06;4.18;19.07;4.8;13.87;5.65;22.13;2.26;3.8;7.82;-1.34;-0.65;-1.11;20.18;4.67;19.18;9.06;10.37;12.95;5.05;17.72;15.39;7.71;3.53;45.99;27.77;27.26;26.89;27.78;28.52;34.83;4.7;17.9;5.8
O3;uur;µg/m³;2023-09-26T02:00:00+01:00;2023-09-26T03:00:00+01:00;1.2;1.3;0.4;0;20.3;3;1.42;16.92;12.58;1.5;-0.44;20.09;4.71;16;15.55;9.39;3.31;25.4;12.45;6.72;7.12;-1.26;-0.38;-1.28;20.69;9.75;22.88;7.75;15.93;16.43;3.64;21.23;14.33;12.13;3.3;40.79;26.97;29.06;21.51;23.6;30.32;29.84;6.4;21.4;7.6
O3;uur;µg/m³;2023-09-26T03:00:00+01:00;2023-09-26T04:00:00+01:00;7;5.2;0.4;0;15.8;2.03;1.27;19.76;11.99;2.5;-0.75;17.27;5.82;14.24;17.15;7.89;4.69;15.97;11.42;8.52;5.29;-1.21;-0.15;-1.12;21.3;8.5;21.07;6.01;17.96;14.72;10.02;23.14;5.72;11.74;1.93;31.28;19.05;23.4;24.02;19.82;26.35;26.84;14;25.8;16.9
O3;uur;µg/m³;2023-09-26T04:00:00+01:00;2023-09-26T05:00:00+01:00;5.3;9.7;3;0.8;15.2;5.41;0.92;15.06;14.98;2.48;-0.71;10.56;4.27;10.31;7.94;9.85;6.55;17.77;7.77;6.05;9.23;-1.22;-0.12;-0.9;22.92;5.55;26.36;6.04;15.48;11.16;9.72;20.49;5.05;7.41;6.92;22.63;7.51;20.16;25.11;19.79;21.73;26.07;13.6;26.7;11.8
O3;uur;µg/m³;2023-09-26T05:00:00+01:00;2023-09-26T06:00:00+01:00;0.8;7.1;0.5;0;3.8;5.93;0.98;13.81;10.61;0.7;-0.44;2.51;1.48;3.27;3.08;15.3;2.69;10.23;5.87;3.05;10.77;-1.27;-0.25;-0.95;11.52;4.31;18.45;4.12;7.35;4.1;8.9;16.58;1.77;9.16;7.18;7.27;9.22;14.02;23.69;14.66;19.11;20.5;9.7;21.4;7.4
O3;uur;µg/m³;2023-09-26T06:00:00+01:00;2023-09-26T07:00:00+01:00;1.6;3.2;0.4;0.1;7.8;3.73;3.11;17.92;4.85;-0.14;-0.74;-1.45;0.91;1.56;2.1;10.5;1.54;5.68;4.79;-0.19;8.41;-1.09;-0.32;-0.95;16.18;1.56;19.01;3.88;1.18;0.96;3.62;5.75;1.3;9.88;5.56;4.04;19.29;8.98;19.1;10.32;18.88;19.59;7.1;13.7;5.3
O3;uur;µg/m³;2023-09-26T07:00:00+01:00;2023-09-26T08:00:00+01:00;0.3;2.9;0.8;9.2;10.6;11.08;8.61;12.66;6.9;3.48;-0.47;1.16;3.58;5.42;14.14;8.4;2.92;2.34;6.48;2.22;6.45;0.21;0.17;-0.41;22.66;-0.13;12.72;5.57;0.92;2.81;3.42;7.21;3.69;14.12;6.65;9.82;21.44;9.1;15.02;11.47;20.73;20.71;7.6;9.7;4.4
O3;uur;µg/m³;2023-09-26T08:00:00+01:00;2023-09-26T09:00:00+01:00;2.4;4.3;1;2.3;27.8;20.22;21.11;37.19;29.66;8.49;5.9;13.3;12.07;14.21;20.18;18.69;5.85;4.9;4.86;12.7;12.4;3.52;1.54;0.51;28.48;4.8;22.58;11.07;5.91;6.39;10.05;13.91;10.97;17;10.54;18.5;24.57;13.94;19.81;14.94;27.38;26.24;11.1;10.5;8.5
O3;uur;µg/m³;2023-09-26T09:00:00+01:00;2023-09-26T10:00:00+01:00;8.5;10.3;2;5.4;27.3;30.65;36.85;48.17;60.87;16.85;16.65;20.65;25.06;23.99;31.73;20.93;8.81;11.59;6.71;23.73;19.38;6.24;6.68;1.49;38.49;10.09;23.84;14.83;11.42;11.81;15.47;20.61;12.7;26.73;15.7;29.61;29.5;18.32;26.71;22.73;34.17;30.23;11.4;12.3;16.9
O3;uur;µg/m³;2023-09-26T10:00:00+01:00;2023-09-26T11:00:00+01:00;22.8;14.9;10.7;29.1;29.1;47.48;49.46;60.12;77.54;33.76;17.8;38.86;31.15;39.81;44.67;32.5;27.76;24.82;28.32;30.03;35.62;24.4;25.79;10.28;46.9;19.32;39.65;25.41;16.98;20.43;22.66;29.2;23.94;37.94;31.37;39.29;32.98;27.96;30.38;31.49;38.42;39.45;14.9;18.2;29.6
O3;uur;µg/m³;2023-09-26T11:00:00+01:00;2023-09-26T12:00:00+01:00;50.1;28.8;30.4;47.5;51;57.35;69.99;75.8;86.11;50.69;38.02;61.07;45.09;61.23;51.02;44.06;55.94;41.04;48.9;42.77;61.92;47.67;56.07;32.54;59.05;43.88;58.81;35.76;25.29;34.36;37.37;38.98;35.86;48.66;54.4;54.58;47.25;37.4;46.54;47.34;46.8;50.27;39.3;35.9;35.5
O3;uur;µg/m³;2023-09-26T12:00:00+01:00;2023-09-26T13:00:00+01:00;60.1;49.2;53.3;52.6;60;71.75;87.29;83.06;95.61;63.66;60.68;74.96;60.03;76.95;45.06;65;72.8;71.92;67.85;65.38;62.75;66.32;67.4;48.47;66.08;52.55;73.88;57.54;42.86;47.42;53.29;55.3;56.79;58.79;56.67;55.3;54.08;45.63;62.38;56.8;54.02;58.02;54;52;51.7
O3;uur;µg/m³;2023-09-26T13:00:00+01:00;2023-09-26T14:00:00+01:00;67.7;59.2;64.3;56.3;58.5;88.43;83.97;86.09;99.76;77.33;60.81;79.17;71.37;85.43;67.52;69.92;77.03;78.46;67.18;74.96;65.72;70.27;70.07;57.3;68.7;53.56;67.65;64.55;50.77;60.5;61.89;67.89;68.09;53.49;63.69;74.72;62.4;59.52;64.7;69.34;55.94;60.96;67.7;60;63.2
O3;uur;µg/m³;2023-09-26T14:00:00+01:00;2023-09-26T15:00:00+01:00;80.1;53.5;73.5;62.9;64.2;92.21;86.48;85.97;96.26;79.88;66.6;77.15;71.83;84.65;74.21;68.96;74.14;77.31;68.52;83.13;80.47;69.94;67.23;46.2;68.85;55.74;68.69;69.6;53.58;67.64;68.01;73.54;74.59;69.18;76.57;91.84;66.85;66.89;67.62;73.44;62.85;64.66;78.4;66.4;72.1
O3;uur;µg/m³;2023-09-26T15:00:00+01:00;2023-09-26T16:00:00+01:00;64.9;50.5;62.6;52.3;50;91.85;82.36;66.3;92.53;80.49;72.14;74.24;71.02;81.88;70.58;61.95;72.82;69.66;59.96;79.38;76.3;72.96;71.43;42.71;69.68;60.84;72.89;67.94;56.37;75.29;64.78;80.61;75.7;67.17;81.62;91.41;75.44;64.78;66.64;71.53;64.24;69;77.3;66.4;70.2
O3;uur;µg/m³;2023-09-26T16:00:00+01:00;2023-09-26T17:00:00+01:00;52.5;38.9;55.6;44.5;53;83.07;80.46;46.4;82.03;69.02;63.86;69.02;71.41;77.98;70.16;57.92;65.71;60.94;49.48;72.54;69.4;64.05;58.95;33.71;62.91;63.55;69.33;68.27;51.48;73.1;64.88;78.04;70.38;50.44;87.24;84;73.77;55.39;56.63;70.04;63.79;62.34;71.2;74.2;74.1
O3;uur;µg/m³;2023-09-26T17:00:00+01:00;2023-09-26T18:00:00+01:00;46.5;38.8;47.4;38.9;45.2;55.87;73.43;30;45.97;54.81;37.43;59.25;64.77;69.61;67.89;50.02;53.35;53.57;42.93;68.2;70.26;53.91;58.66;27.22;60.56;62.95;68.56;63.21;42.44;53.76;62.99;66.28;54.94;42.88;79.97;73.69;63.29;52.86;44.66;69.98;56.87;57.66;46.4;68.4;75.3
O3;uur;µg/m³;2023-09-26T18:00:00+01:00;2023-09-26T19:00:00+01:00;33;26.7;29.2;30.9;42.1;40.58;54.53;18.47;30.17;43.64;33.44;47.5;48.53;58.98;60.59;37.48;38.8;46.82;36;55.24;66;31.51;28.61;20.05;54.92;56.73;59.65;46.27;32.89;40.7;49.87;49.04;40.31;47.91;60.58;70.89;61.71;46.54;41.84;59.85;48.91;53.64;51.6;71.6;74.4
O3;uur;µg/m³;2023-09-26T19:00:00+01:00;2023-09-26T20:00:00+01:00;13.3;18.3;14.3;14.3;39.2;20.5;41.18;8.96;10.4;31.42;21.69;32.64;27.33;35.1;53.75;34.46;25.72;39.88;27.08;49.03;51.8;3.54;17.58;5.57;43.9;46.89;58.19;32.7;18.48;23.29;19.82;32.86;34.07;41.56;40.14;60.68;46.83;40.65;37.13;36.26;38.5;47.78;22.7;62.8;62.7
O3;uur;µg/m³;2023-09-26T20:00:00+01:00;2023-09-26T21:00:00+01:00;13.5;20.8;5.7;26.6;43.6;11.88;30.64;9.28;11.92;22.3;10.68;22.7;25.87;19.71;46.63;38.02;18.51;47.19;28.7;39.16;51.25;11.72;31.33;12.13;52.66;49.66;51.88;29.47;19.85;18.46;38.97;34.78;29.22;33.39;37.62;56.44;32.36;40.13;30.14;25.7;42.06;43.5;23.9;53.6;59.8
O3;uur;µg/m³;2023-09-26T21:00:00+01:00;2023-09-26T22:00:00+01:00;21.7;13;13.6;18.1;34.9;9.93;17.38;6.02;3.13;22.84;9.14;29.1;34.27;23.34;39.66;38.89;12.26;37.62;33.47;35.5;36.55;-0.81;19.51;10.5;56.81;36.93;51.3;41.5;21.74;13.64;38.01;29.58;26.81;17.15;37.6;66.19;42.5;45.35;35.54;27.83;46.34;42.94;51.5;47.9;56.2
O3;uur;µg/m³;2023-09-26T22:00:00+01:00;2023-09-26T23:00:00+01:00;21.8;17.3;11.5;26.6;30.7;12.25;17.46;3.57;3.19;24.63;7.91;26.99;30.31;13.63;34.19;31.62;10.57;40.44;27.76;29.79;28.56;0.35;22.23;16.66;51.88;29.44;54.98;35.89;16.65;19.41;24.39;21.9;22.73;16.45;31;60.97;56.13;44.49;50.73;31.95;51.75;46.25;51.2;50.5;44.4
O3;uur;µg/m³;2023-09-26T23:00:00+01:00;2023-09-27T00:00:00+01:00;24;14.5;10.5;7.2;22.2;6.56;32.05;5.63;5.43;21.17;1.54;29.77;24.72;15.08;33.12;25.09;6.09;33.39;26.65;21.07;11.92;5.54;5.21;4.35;43.31;24.48;43.62;29.14;17.71;15.57;24.73;20.48;23.86;20.42;32.81;53.46;46.21;37.47;58.94;31.41;48.22;54.49;53.7;45;43
O3;uur;µg/m³;2023-09-27T00:00:00+01:00;2023-09-27T01:00:00+01:00;18.5;2.4;5.1;1.4;18.8;3.33;32.83;2.4;7.26;16.87;0.12;27.94;23.08;22.64;24.99;20.26;7.12;4.58;24.77;13.95;7.73;3.17;-0.16;1.15;38.72;18.8;37.1;19.76;17.14;10.32;27.57;18.86;21.63;19.99;28.2;53.5;49;35.14;56.38;27.78;46.63;58.22;44.1;37.9;35.4
O3;uur;µg/m³;2023-09-27T01:00:00+01:00;2023-09-27T02:00:00+01:00;4.4;1.8;11;2.3;19.9;3.24;21.35;7.88;13.22;15.37;-1.05;19.85;16.72;11.92;25.98;15.16;2.87;7.23;18.32;10.12;6.39;-0.2;-0.27;-0.55;33.01;12.36;34.29;17.63;13.63;6.53;19.59;14.97;11.08;12;20.62;42.34;41.32;41.87;48.19;20.8;44.46;57.94;32.5;31.8;22.4
O3;uur;µg/m³;2023-09-27T02:00:00+01:00;2023-09-27T03:00:00+01:00;2.3;1.4;3.2;6.3;15.1;1.4;19.87;8.9;15.18;12.46;-0.69;20.1;11.38;13.24;16.9;12.5;1.61;8.75;8.19;7.53;5.14;-1.09;-0.31;-0.15;21.55;5.9;29.96;14.15;10.6;5.19;16.02;9.97;12.61;8.83;16.46;39.25;42.6;39.56;39.1;27.18;43.3;56.01;25.7;23.1;12.4
O3;uur;µg/m³;2023-09-27T03:00:00+01:00;2023-09-27T04:00:00+01:00;5;1.7;0.7;0.1;10.8;7.07;16.57;6.25;17.13;9.06;-0.98;13.94;9.11;8.42;17.17;15.54;1.08;-0.17;3.77;1.88;8.03;-0.28;-0.32;-0.31;17.3;4.42;26.3;9.88;6.1;2.26;9.9;7.8;1.01;7.61;5.36;33.65;30.81;37.87;30.38;28.06;37.07;49.72;14.2;15.2;6.7
O3;uur;µg/m³;2023-09-27T04:00:00+01:00;2023-09-27T05:00:00+01:00;7.7;1.8;1.6;5.2;0.5;6.77;13.27;6.13;14.92;3.13;-0.98;9.42;8.18;3.3;28.55;10.54;0.75;-0.4;2.57;0.9;6.03;-1.31;0.98;0.83;13.7;4.52;21.38;5.04;3.3;0.84;3.32;4.89;-0.21;2.92;1.37;30.24;18.46;31.5;23.85;23.41;34.95;43.21;15;12.6;3.3
O3;uur;µg/m³;2023-09-27T05:00:00+01:00;2023-09-27T06:00:00+01:00;6.5;2.2;4;1.2;2.1;3.25;6.64;8.37;8.22;0.38;-1.13;5.9;3;0.56;25.26;6.96;0.82;0.05;1.78;0.1;3.1;-1.26;0.2;-1.24;7.08;0.58;13.03;0.58;-0.13;0.18;0.71;2.57;-0.61;-0.13;0.39;24.27;8.7;18.95;19.31;17.94;34.01;33.86;15.4;13.3;0.9
O3;uur;µg/m³;2023-09-27T06:00:00+01:00;2023-09-27T07:00:00+01:00;0.2;1.7;0.4;0;3;2.02;1.83;4.22;2.45;0.69;-1.32;-1.16;1.55;0.3;26.64;5.73;1.06;0.12;2.13;-0.02;2.25;-0.86;-0.12;-1.1;2.13;-1.88;8.18;-1.23;-0.54;0.23;-0.49;1.8;-0.18;-1.41;0.55;16.32;7.16;3.2;11.7;11.44;27.57;19.71;3.3;7.2;0.6
O3;uur;µg/m³;2023-09-27T07:00:00+01:00;2023-09-27T08:00:00+01:00;0;2.2;0.3;0;1.4;3.89;13.15;3.49;4.42;1.79;-0.75;-0.23;2.42;2.98;11.45;6.06;1.53;1.3;3.93;1.54;3.7;-0.52;0.05;-0.25;3.85;-1.32;7.41;-0.29;-0.33;0.78;0.3;3.23;1.19;0.05;3.34;13.63;16.75;4.47;11.34;14.23;22.75;12.13;3.3;7.2;0.7
O3;uur;µg/m³;2023-09-27T08:00:00+01:00;2023-09-27T09:00:00+01:00;1.2;2.3;0.5;1.6;5.2;8.38;22.29;12.75;8.77;7.87;-0.49;3.7;6.28;9.66;6.26;5.33;2.56;3.05;6.06;9.16;5.71;1.04;1.35;1.03;8.85;0;8.83;4.79;1.59;3.53;1.89;8.23;5.29;6.35;12.75;19.28;19.5;5.94;17.61;16.37;27.83;14.9;5.7;8.4;3.1
O3;uur;µg/m³;2023-09-27T09:00:00+01:00;2023-09-27T10:00:00+01:00;1.7;3.5;0.4;2.4;3.3;20.71;37.5;25.86;32.46;23.67;3.84;11.72;16.7;21.56;7.19;10.94;2.87;2.45;2.94;14.68;7.26;0.35;1.02;0.37;19.45;1.04;22.42;8.84;9.25;8.89;3.21;17.75;11.67;16.98;22.47;30.24;24.68;22.35;22.73;17.23;31.67;24.54;8;10.2;6.3
O3;uur;µg/m³;2023-09-27T10:00:00+01:00;2023-09-27T11:00:00+01:00;3.3;4.8;0.9;3.2;7;32.59;60.09;49.72;53.57;38.95;20.8;36.21;29.98;37.14;15.06;25.86;7.63;4.92;18.36;17.92;11.38;2.29;4.79;1.24;23.35;2.84;31.15;12.34;10.41;11.26;9.6;20.44;11.09;30.85;41.09;48.01;36.78;32.17;25.74;30.34;41.53;45.41;10.2;10.6;8.6
O3;uur;µg/m³;2023-09-27T11:00:00+01:00;2023-09-27T12:00:00+01:00;17.4;13.6;7.9;9.8;16.9;54.52;64.74;64.97;70.42;53.8;39.16;52.07;50.22;54.27;34.98;37.67;15.61;20.32;30.28;36.99;35.97;13.57;16.57;4.81;28.86;16.47;35.47;17.08;23.11;24.29;20.76;38.62;31.32;48.74;61.09;71.41;47.92;41.4;29.89;44.3;51.63;58.72;17.5;19.8;27.5
O3;uur;µg/m³;2023-09-27T12:00:00+01:00;2023-09-27T13:00:00+01:00;46.6;35.6;40.7;44.3;37.2;65.99;60.11;74.09;84.22;69.9;56.59;77.21;74.44;75.89;56.03;57.44;45.33;54.48;56.93;60.11;54.28;49.79;53.53;21.88;46.91;31.31;45.53;48.4;47.63;51.42;42.77;62.79;61.2;64.44;79.46;79.33;65.43;50.28;43.45;56.4;50.79;59.56;36.2;33.6;47.5
O3;uur;µg/m³;2023-09-27T13:00:00+01:00;2023-09-27T14:00:00+01:00;65;51.6;63.4;65.8;46.3;77.24;62.88;74.56;90.7;86;71.19;77.66;85.16;91.62;76.74;61.08;60.8;77.05;77.11;86.73;59.56;63.34;76.09;36.32;63.03;40.84;83.12;77.3;60.82;73.07;75.66;78.06;79.52;63.88;82.35;85.39;77.52;74.42;61.12;61.62;59.3;66.76;52.1;53;67.6
O3;uur;µg/m³;2023-09-27T14:00:00+01:00;2023-09-27T15:00:00+01:00;82.3;66;80.3;75.8;79.6;84.16;72.13;79.19;90.03;101.02;77.95;87.86;88.38;103.74;75.32;68.26;82.08;91.88;86.17;93.66;84.1;85.16;93.09;53;54.1;60.23;94.75;83.68;70.17;78.37;85.15;88.49;87.97;73.52;91.84;87.67;83.83;74.27;74.62;70.99;78.52;84.73;67.3;52;85.6
O3;uur;µg/m³;2023-09-27T15:00:00+01:00;2023-09-27T16:00:00+01:00;79.1;66.1;79.6;78.1;72.3;88.16;76.1;76.03;94.74;91.13;70.15;86.36;86.35;102.76;77.91;86.67;88.17;87.78;75.83;86.4;96.08;87.99;91.75;46.44;55.1;77.55;81.95;79.81;66.04;73.74;74.2;87.93;82.26;79.16;89.71;82.16;85.53;76.36;79.07;81.91;83.05;84.37;70.5;80.8;88.9
O3;uur;µg/m³;2023-09-27T16:00:00+01:00;2023-09-27T17:00:00+01:00;76;65.9;68.7;73.3;61.3;77.09;63.42;52.08;66.18;80.96;67.03;75.02;80.86;83.82;80.22;83.95;83.91;85.27;75.65;80.38;94.08;82.27;78.32;38.98;69.33;77.01;63.17;67.26;51.67;52.11;68.64;73.64;69.74;80.61;75.16;76.65;84.59;64.18;70.67;94.46;73.23;76.91;74.4;78.4;86.8
O3;uur;µg/m³;2023-09-27T17:00:00+01:00;2023-09-27T18:00:00+01:00;68.7;57.2;55.1;71.4;76.6;61.39;60.78;36.33;35.88;76.8;49.38;62.98;76.06;71.49;73.68;74.13;82.24;79.72;67.41;79.01;86.16;83.11;61.06;37.53;75.38;65.22;66.09;58.19;43.95;45.56;64.41;64.43;72.24;59.49;58.4;71.05;77.34;47.2;67.12;82.7;53.26;69.94;82.3;75.6;84.4
O3;uur;µg/m³;2023-09-27T18:00:00+01:00;2023-09-27T19:00:00+01:00;63.7;58.3;34.6;61.9;68.4;37.46;70.43;15.34;14.5;60.66;45.77;65.82;64.84;69.4;64.32;65.67;73.65;76;63.98;73.03;81.56;74.45;51.69;44.36;67.94;56.81;59.01;51.46;42.48;43.09;56.41;60.95;54.33;58.44;43.82;70.54;73.66;38.07;61.7;70.52;53.58;71.25;66.5;69.5;70.7
O3;uur;µg/m³;2023-09-27T19:00:00+01:00;2023-09-27T20:00:00+01:00;58.2;54.9;42.1;37.5;56.8;33.23;66.56;20.1;46.33;56.76;49.21;65.05;60.4;67.7;57.52;60.35;72.21;73.35;57.94;65.51;79.38;63.57;44.35;41.79;64.79;61.57;49.95;48.83;37.87;46.43;58.71;55.02;44.44;51.64;45.96;64.72;67.6;39.64;53.58;63.64;64.61;74.53;63.5;69;66.5
O3;uur;µg/m³;2023-09-27T20:00:00+01:00;2023-09-27T21:00:00+01:00;54.6;55.3;43.8;50;58.5;40.2;60.52;16.2;63.14;55.82;51.11;57.78;58.73;63.64;36.51;60.87;68.49;68.65;52.86;67.1;64.16;62.04;52.66;43.89;56.88;61.59;53.49;51.01;37.76;41.69;60.73;52.07;54.64;63.43;51.97;69.77;67.63;45.79;53.57;59.48;71.97;74.19;59.6;69.9;64.7
O3;uur;µg/m³;2023-09-27T21:00:00+01:00;2023-09-27T22:00:00+01:00;56.2;54.7;55.3;45.6;55.9;49.41;55.07;15.44;70.26;55.7;54;57.16;57.82;56.58;51.72;60.07;62.95;64.64;59.41;69.91;67.29;64.6;60.88;49.49;56.81;68.18;64.91;59.07;45.23;49.57;70.02;56.85;58.22;62.51;54.85;71.39;69.01;46.9;58.32;60.6;68.48;70.5;67.1;77.9;69.7
O3;uur;µg/m³;2023-09-27T22:00:00+01:00;2023-09-27T23:00:00+01:00;59.9;53;55.6;55.7;50.3;52.92;51.93;55.65;77.81;53.55;58.14;56.28;57.12;54.44;55.51;61.91;60.31;63.31;61.54;65.8;66.37;61.18;54.43;53.57;62.17;65.03;72.19;60.31;46.73;57.89;64.37;57.25;60.44;59.61;59.22;69.04;67.97;55.75;60.45;58.28;72.81;65.84;72;76.8;75
O3;uur;µg/m³;2023-09-27T23:00:00+01:00;2023-09-28T00:00:00+01:00;61.8;52.2;57;58.5;52.9;50.4;57.56;76.88;93.66;54.36;49.56;56;58.41;52.71;54.22;59.64;61.56;61.95;58.86;60.27;60.36;60.94;55.2;56.33;55.17;57.9;66.1;56.5;46.74;58.43;61.89;57.01;54.8;54.69;59.5;67.27;63.38;59.62;63.45;58.27;74.56;67.85;68.7;69.9;68.9
O3;uur;µg/m³;2023-09-28T00:00:00+01:00;2023-09-28T01:00:00+01:00;52.5;47.2;51;46.3;47.7;43.18;56.21;78.05;90.35;59.14;53.47;56.17;59.05;61.33;54.35;54.64;57.24;56.64;58.08;60.81;60.16;55.95;43.55;52.09;58.76;52.78;63.22;49.43;49.79;57.11;52.96;59.17;49.31;49.15;63.19;64.81;58.66;53.16;61.22;61.27;71.75;65.84;66.7;64.9;63.1
O3;uur;µg/m³;2023-09-28T01:00:00+01:00;2023-09-28T02:00:00+01:00;50.6;45.1;43.7;40.4;40.2;34.88;58.28;72.69;84.19;55.16;55.97;61.1;51.77;63.53;58.42;47.16;55.25;49.09;52.76;52.62;60.3;48.29;45.75;50.03;54.43;47.07;58.3;44.44;49.94;54.42;47.84;57.04;44.97;50.91;61.28;59.42;56.47;45.65;66.48;58.33;65.1;67.26;60.3;59.9;55.7
O3;uur;µg/m³;2023-09-28T02:00:00+01:00;2023-09-28T03:00:00+01:00;51.5;43.6;33;58.2;43.6;32.15;56.2;73.22;78.23;47.06;51.14;57.16;44.49;58.73;61.58;42.51;55.03;51.92;50.42;48.34;64.86;58.69;52.13;57.17;48.74;54.72;53.85;41.88;47.24;46.33;42.01;51.65;36.39;50.59;56.79;55.58;55.13;43.03;60.87;55.6;60.67;65.95;56.2;56.2;50.9
O3;uur;µg/m³;2023-09-28T03:00:00+01:00;2023-09-28T04:00:00+01:00;59.2;52.5;44.8;59.1;56.5;25.72;54.04;66.12;70.05;42.04;49;53.91;39.97;51.43;59.88;58.93;62.38;53.44;49.61;43.92;67.26;64.95;53.73;59.04;52.99;60.8;47.58;42.59;45.08;45.69;42.57;49.65;45.99;25.92;52.27;51.49;49.95;48.14;57.08;56.5;54.63;62.99;56.1;58.5;51.3
O3;uur;µg/m³;2023-09-28T04:00:00+01:00;2023-09-28T05:00:00+01:00;58.8;47.9;51.2;55.7;54.5;23.55;50.44;53.08;65.25;37.66;55.08;47.21;38.82;44.47;63.16;54.13;65.74;58.08;51.48;52.4;73.23;64.54;54.82;50.45;65.66;62.68;43.88;52.21;42.43;44.05;43.83;48.43;40.76;7.45;46.15;46.68;46.79;37.61;53.47;50.44;50.44;56.88;61.6;66.8;61.2
O3;uur;µg/m³;2023-09-28T05:00:00+01:00;2023-09-28T06:00:00+01:00;56.9;43.6;45.7;45.7;57.9;23.95;43.65;32.65;55.41;27.61;58.53;35.25;53.1;35.8;61.51;51.07;64.82;40.86;58.96;62.67;75.29;57.88;48.59;38.86;64.34;64.43;44.66;50.97;42.26;39.34;47.61;49.7;38.88;11.64;42.25;39.54;42.63;39.72;57.87;46.81;47.43;51.83;61.1;66.5;60
O3;uur;µg/m³;2023-09-28T06:00:00+01:00;2023-09-28T07:00:00+01:00;53;39.5;40.1;41.2;56.4;30.9;37.49;21.7;46.03;27.22;51.28;32.86;44.38;29.24;56.85;46.04;53.69;44.13;55.56;54.28;74.44;46.27;38.69;34.65;61.5;61.57;55.67;43.63;39.63;27.71;39.59;50.09;47.85;18.62;42.8;34.23;34.13;46.41;60.21;44.84;53;49.13;55.7;62.4;54.8
O3;uur;µg/m³;2023-09-28T07:00:00+01:00;2023-09-28T08:00:00+01:00;46.1;28.7;35.8;38.2;48.3;31.52;33.4;17.15;38.94;32.15;49.71;35.85;38.3;24.42;52.99;43.19;42.56;39.18;50.78;54.43;76.32;43.45;35.66;28.62;60.59;54.76;45.66;40.61;41.14;34.4;34.04;49.84;39.92;0.42;47.77;25.07;31.83;48.25;58.68;41.45;50.88;47.57;52.5;41;50.1
O3;uur;µg/m³;2023-09-28T08:00:00+01:00;2023-09-28T09:00:00+01:00;46.5;32.5;35.9;39.7;50.2;35.8;35.93;42.06;44.77;40.8;52.8;41.08;42.5;45.23;52.27;43.03;52.69;43.28;51.6;50.76;75.44;49.69;41.9;33.23;61.82;59.23;47.63;42.62;38.71;39.51;39.02;47.58;48.57;12.2;54.43;40.55;41.55;41.9;61.49;45.87;53.65;55.16;49.1;37.8;42.6
O3;uur;µg/m³;2023-09-28T09:00:00+01:00;2023-09-28T10:00:00+01:00;47.2;30.5;35.2;35.3;54.6;48.34;52.07;55.53;55.53;57.03;52.11;55.97;53.81;59.7;53.76;47.66;68.29;43.83;53.1;;75.53;48.92;42.55;31.22;63.11;60.51;50.75;45.27;42.1;42.96;38.39;49.57;50.2;42.1;60.65;55.53;56.58;44.56;59.31;55.72;57.34;62.76;52.1;36.7;47.8
O3;uur;µg/m³;2023-09-28T10:00:00+01:00;2023-09-28T11:00:00+01:00;49.8;37.2;42.1;34.4;64.2;58.53;62.66;58.3;61.12;59.23;57.63;57.81;56.8;63.92;53.67;51.47;70.82;49.06;56.81;;75.1;44.07;43.51;40.74;60.2;58.55;53.79;48.24;45.8;48.75;45.06;51.75;52.06;48.81;64.19;61.18;63.53;49.83;64.75;56.97;61.01;64.74;60.9;56.9;61.8
O3;uur;µg/m³;2023-09-28T11:00:00+01:00;2023-09-28T12:00:00+01:00;50.7;42;40;42.2;65.4;61.06;66.12;54.45;58.94;63.43;64.57;59.04;60.02;65.11;59.6;53.5;69.62;48.91;61.13;;75.59;48.69;43.71;36.88;63.02;61.93;58.66;50.04;43.46;48.86;46.06;53.44;55.05;54.16;67.83;66.73;65.96;52.45;61.44;64.45;62.53;60.91;68;69.1;68.5
O3;uur;µg/m³;2023-09-28T12:00:00+01:00;2023-09-28T13:00:00+01:00;53.7;38.7;44.5;43.6;49.2;62;68.76;50.72;56.19;64.64;66.57;63.45;58.48;67.16;66.47;62;56.7;53.84;62.68;63.35;75.39;50.41;44.53;38.22;68;60.02;56.98;48.92;47.68;51.79;43.04;56.03;60.23;58.25;69.22;68.75;68.39;55.99;62.71;66.25;64.82;60.35;59.5;65.6;63
O3;uur;µg/m³;2023-09-28T13:00:00+01:00;2023-09-28T14:00:00+01:00;58.1;42.8;53.7;50.4;55.8;59.2;70.64;47.93;56.37;68.95;64.84;65.28;59.02;72.18;66.36;58.45;53.8;57.85;63.94;68.34;69.53;56.45;51.8;36.41;67.11;57.41;57.18;52.6;51.59;55.87;49.24;62.99;63.01;57.94;69.28;66.09;68.04;56.02;65.73;67.4;60.4;61.06;56.4;58.1;58.7
O3;uur;µg/m³;2023-09-28T14:00:00+01:00;2023-09-28T15:00:00+01:00;60.9;44.3;51.8;53;58.9;52.22;72.76;53.2;62.5;71.75;57.25;66.6;61.47;74.76;68.15;59.99;59.4;57.05;62.65;65.28;58.27;58.93;54.76;37.36;59.82;47.18;57.36;52.82;52.5;57.23;50.06;62.46;64.66;56.56;70.56;68.5;65.05;57.58;65.56;65.99;63.23;65.97;52.3;43.7;52.6
O3;uur;µg/m³;2023-09-28T15:00:00+01:00;2023-09-28T16:00:00+01:00;59.6;46.5;51.7;47.3;59.4;55.49;73.58;55.61;64.06;70.84;56.1;68.38;60.9;73.89;67.63;61.59;61.81;56.05;64.08;66.04;52.05;59.8;57.78;40.31;57.46;41.27;59.69;53.86;50.17;54.23;47.19;62.36;60.96;58.76;66.47;70.85;66.56;55.4;63.45;60.06;63.02;64.65;51.9;52.3;54.1
O3;uur;µg/m³;2023-09-28T16:00:00+01:00;2023-09-28T17:00:00+01:00;56.6;45.5;51.9;50.5;57.9;55.61;67.45;45.41;61.24;64.76;59.73;59.51;55.65;65.72;64.49;63.11;61.78;60.29;61.64;59.36;60.44;58.46;54.84;36.47;55.84;43.09;59.13;52.82;43.79;51.74;45.73;59.25;57.53;48.16;64.32;67.98;65;56.3;58.18;54.06;62.03;57.16;57.6;48.6;54.1
O3;uur;µg/m³;2023-09-28T17:00:00+01:00;2023-09-28T18:00:00+01:00;51.6;36.2;44.9;49.3;55.1;44.93;37.78;30.04;44.43;47.86;65.31;48;55.39;54.47;61.29;61.17;56.65;46.57;53.27;46.2;53.98;50.71;46.03;35.31;48.87;41.08;50.85;40.82;32.98;34.3;30.22;54.71;38.12;40.96;48.49;61.16;58.62;42.72;58.15;52.02;51.93;61.49;57.6;51;54.1
O3;uur;µg/m³;2023-09-28T18:00:00+01:00;2023-09-28T19:00:00+01:00;33.4;22.6;37.3;29.8;43;23.81;24.7;10.09;7.21;25.4;60.34;24.47;45.25;38.08;60.64;50.45;49.26;37.19;24.97;29.24;52.81;41.4;38.34;30.06;46.28;39.01;47.1;33.73;23.57;8.52;18.81;35.91;17.31;36.86;24.84;37.25;37.58;31.36;46.38;44.4;43.38;56.04;52.1;47.5;47.3
O3;uur;µg/m³;2023-09-28T19:00:00+01:00;2023-09-28T20:00:00+01:00;19.5;19.5;10.2;24;37.3;14.45;21.94;8.84;7.97;10.63;40.07;16.88;39.16;17.41;60.25;41.5;30.15;32.69;33.29;26.71;45.38;29.8;31.07;17.65;32.02;30.73;36.47;23.11;2.79;0.99;6.45;9.36;7.76;19.29;2.93;14.82;17.15;23.14;49.49;39.97;39.88;41.38;47.9;40.6;41.9
O3;uur;µg/m³;2023-09-28T20:00:00+01:00;2023-09-28T21:00:00+01:00;39.5;25.7;28.9;37;41.6;9.93;14.33;7.88;41.68;6.05;25.08;3.78;35.14;3.82;54.69;39.02;30.33;38.62;36.83;53.82;35.81;29.6;35.97;20.27;27.3;27.76;27.91;25.74;4.53;8.41;15.15;13.03;18.02;16.26;9.14;21.26;23.44;22.02;51.45;37.2;38.6;35.28;37.8;40.3;41.4
O3;uur;µg/m³;2023-09-28T21:00:00+01:00;2023-09-28T22:00:00+01:00;44.8;23.3;37.6;35.8;43.4;18.33;6.6;8.69;48.95;17.94;18.91;-1.58;28.49;0.41;44;30.33;34.95;42.38;37.1;44.52;29.36;38.75;35.01;28.64;33.11;28.64;32.21;29.58;13.24;17.57;16.89;23.25;19.79;12.92;14.62;33.32;42.13;13.89;40.61;33.28;36.57;36.11;29;40.1;40.6
O3;uur;µg/m³;2023-09-28T22:00:00+01:00;2023-09-28T23:00:00+01:00;39.4;32.2;26.4;32.2;45.4;20.55;3.72;21.03;49.75;11.56;14.76;-1.67;33.23;2.71;33.59;23.79;36.31;44.22;32.93;36.9;24.59;37.91;21.17;31.15;35.48;25.14;35.58;30.17;15.49;17.97;21.2;23.82;18.16;9.18;21.2;35.67;43.97;15.36;38.62;31.21;39.55;37.59;39.5;37.3;39
O3;uur;µg/m³;2023-09-28T23:00:00+01:00;2023-09-29T00:00:00+01:00;31.2;32.6;25.1;31.3;32.3;23.11;9.07;25.36;49.41;2.77;17.96;-1.52;31.06;7.17;34.26;40.42;30.44;41.53;33.54;32.81;25.28;32.3;25.6;25.48;36.97;27.32;35.94;27.32;22.86;25.09;27.21;27.77;22.13;12.49;28.03;21.37;36.32;26.14;36.34;29.97;39.95;36.84;44.9;39.8;40.7
O3;uur;µg/m³;2023-09-29T00:00:00+01:00;2023-09-29T01:00:00+01:00;30.8;34.9;26.1;26.6;34;25.81;13.82;29.61;50.33;17.52;18.46;12.24;31.65;14.05;45.43;48.96;32.51;43.11;38.18;34.83;39.92;33.79;27.6;26.28;35.22;35.95;32.84;33.58;27.01;37.17;41.82;33.77;33.08;1.76;37.7;24.83;29.25;27.06;47.06;30.51;38.48;42.29;45.3;39.3;38.7
O3;uur;µg/m³;2023-09-29T01:00:00+01:00;2023-09-29T02:00:00+01:00;28.5;40.1;23.4;35;31.8;35.39;19.1;23.18;51.78;28.85;23.78;29.69;30.87;19.21;48.19;49.34;33.49;46.27;38.85;38.63;36.36;30.32;29.51;28.27;39.07;34.78;41.06;39.37;37.71;44.95;45.84;45.44;37.45;5.2;40.23;36.94;33.63;31.68;48.1;28.79;39.67;48.17;53.7;48.9;44.4
O3;uur;µg/m³;2023-09-29T02:00:00+01:00;2023-09-29T03:00:00+01:00;29.7;35.8;20.6;36.9;38.9;;;;;;;;;;;;;;;;;;;;;;;;;;;;;;;;;;;;;;57;51.9;47.5
O3;uur;µg/m³;2023-09-29T03:00:00+01:00;2023-09-29T04:00:00+01:00;28;31.4;21.1;34.2;42;36.14;30.92;27.03;52.56;32.51;33.14;36.97;38.73;32.47;44.25;50.6;36.31;38.51;34.8;43.69;35.31;26.77;26.16;22.17;44.31;34.01;50.09;39.09;36.22;42.34;42.75;42.85;33.9;8.35;36.53;34.43;39.09;40.33;;22.59;40.93;40.14;51.9;47.2;43.5
O3;uur;µg/m³;2023-09-29T04:00:00+01:00;2023-09-29T05:00:00+01:00;30.3;29.1;18.5;35;39.4;38.87;30.59;34.67;46.34;33.23;38.09;35.25;40.03;32.51;47.98;50.35;35.99;39.84;37.51;42.85;35.48;27.6;23.97;22.35;41.25;32.63;46.76;36.45;31.01;36.01;40.54;37.49;32.68;14.61;33.66;36.6;33.61;38.37;;19.5;44.7;41.49;44.8;44.8;38.7
O3;uur;µg/m³;2023-09-29T05:00:00+01:00;2023-09-29T06:00:00+01:00;37.1;23;8;32.7;39.1;33.49;30.61;29.07;48.24;33.43;36.5;27.61;38.48;29.44;43.77;46.92;29.9;35.96;40.11;38.82;26.21;23.13;20.69;18.72;32.93;29.37;40.57;33.35;19.08;30.43;36.58;32.01;33.09;20.34;32.14;37.8;32.99;32.58;;16.92;45.06;45.24;47;44.8;41.8
O3;uur;µg/m³;2023-09-29T06:00:00+01:00;2023-09-29T07:00:00+01:00;28.1;17.8;20;34;30.7;20.83;29.11;31.83;49.28;34.59;35.85;23.62;35.63;27.42;40.33;46.57;33.1;30.37;36.47;36.87;18.15;29.05;21.59;18.73;32.53;23.14;33.45;29.92;17.21;21.9;22.71;29.74;30.27;18.38;29.97;33.58;35.45;30.97;;16.34;45.04;36.1;43.5;34.7;38.3
O3;uur;µg/m³;2023-09-29T07:00:00+01:00;2023-09-29T08:00:00+01:00;34.5;14.5;22;28.1;29.6;23.73;32.46;42.14;50.82;38.64;29.63;25.06;34.56;36.35;45.22;42.91;29.95;28.55;42.21;35.01;23.63;31.81;20.89;20.76;28.72;15.9;32.38;28.33;16.49;17.24;19.97;26.28;27.58;18.53;31.16;27.45;33.97;25.91;;20.77;37.94;31.33;35.6;28.1;31.4
O3;uur;µg/m³;2023-09-29T08:00:00+01:00;2023-09-29T09:00:00+01:00;36.6;22.6;24.7;28.7;28;29.88;35.43;48.99;53.09;40.08;36.15;31.76;31.9;38.9;41.17;35.9;32.36;31.46;43.88;29.1;32.04;31.69;24.87;20.9;29.59;14.53;31.72;27.26;20.94;18.99;26.21;28.61;30.4;18.01;33.21;25.84;33.59;27.52;;26.14;36.03;30.17;33.1;27.6;27.3
O3;uur;µg/m³;2023-09-29T09:00:00+01:00;2023-09-29T10:00:00+01:00;37.7;26.7;29.6;29;32.8;50.28;45.42;48.78;57.5;39.11;34.25;39.82;34;44.42;39.2;42.77;36.05;29.64;42.75;40.67;38.54;35.02;31.41;20.95;29.77;25.32;34.5;31.69;15.76;20.32;27.6;25.55;33.77;20.85;37.1;37.46;34.24;29.42;;28.86;37.06;37.33;34.7;30.3;31.7
O3;uur;µg/m³;2023-09-29T10:00:00+01:00;2023-09-29T11:00:00+01:00;36;28.3;23.8;29;34.9;54.21;52.31;53.81;59.25;42.81;44.2;41.02;34.68;44.72;46.07;40.4;40.85;32.15;40.66;40.15;39.69;33.88;26.8;26.84;31.58;32.03;35.85;37.62;33.26;37.55;34.45;38.57;42.13;32.31;42.73;45.53;35.77;38.08;;38.63;42.22;43.29;38.8;30.8;35.2
O3;uur;µg/m³;2023-09-29T11:00:00+01:00;2023-09-29T12:00:00+01:00;38.2;33.4;37.9;48.6;57.8;55.69;50.91;55.93;61.12;41.9;39.36;39.28;40.55;44.47;58.05;55.15;57.97;43.68;43.48;38.87;64.69;47.71;43.84;54.01;36.68;44.93;42.49;37.83;34.22;36.18;33.73;39.12;37.79;39.64;47.28;46.34;40.96;38.74;;43.38;42.65;46.71;36.3;35.3;29.2
O3;uur;µg/m³;2023-09-29T12:00:00+01:00;2023-09-29T13:00:00+01:00;47.9;42.4;52.8;61.7;72.5;53.27;50.84;53.77;58.5;40.72;;43.48;42.84;46.45;64.06;60.72;68.13;56.88;51.43;46.67;76.84;62.91;55.45;66.29;60.24;62.45;43.68;56.32;40.02;44.39;49.21;45.54;50.94;47.68;43.66;43.08;45.3;40.58;;42.55;48.69;41.76;60.1;59.8;51.5
O3;uur;µg/m³;2023-09-29T13:00:00+01:00;2023-09-29T14:00:00+01:00;57;47.1;65.6;66.7;74.9;47.44;48.85;47.91;53.69;40.65;;36.66;49.23;40.32;71.5;66.05;73.22;68.96;65.43;58.58;80.55;69.62;62.22;71.62;68.78;67.4;56.17;68.33;47.48;57.05;58.18;56.72;63.46;45.79;43.57;42.72;43.03;46.73;;42.51;65.82;51.22;74.1;69.9;60.2
O3;uur;µg/m³;2023-09-29T14:00:00+01:00;2023-09-29T15:00:00+01:00;54.9;47.3;66.9;65.6;81;46.9;48.18;48.63;54.24;49.79;;31.68;59.68;44.82;69.58;65.4;75.07;68.65;60.42;64.95;80.7;67.34;64.2;72.16;70.48;65.25;66.7;67.45;57.54;67.38;61.81;67.45;66.6;38.91;59.77;44.79;51.17;59.91;;46.5;71.48;64.37;75.9;70.2;62.6
O3;uur;µg/m³;2023-09-29T15:00:00+01:00;2023-09-29T16:00:00+01:00;64.5;53.5;75.5;70.7;87.6;46.27;54.06;46.04;50.32;61.29;;44.3;60.02;52.76;76.57;65.03;82.9;76.68;67.7;65.8;88.69;78.9;73.77;79.64;77;72.01;70.59;70.07;58.88;66.57;63.94;66.55;67.63;46.74;65.14;54.38;61.3;65.82;74.59;58.52;74.1;69.59;75.3;72.6;70.9
O3;uur;µg/m³;2023-09-29T16:00:00+01:00;2023-09-29T17:00:00+01:00;62.1;55.1;74.9;68.6;86.7;52.81;62.91;52.86;49.68;55.95;;44.91;69.94;59.01;75.49;68.93;78.69;78.78;71.74;71.8;85.08;75.67;72.39;74.25;72.58;68.66;74.46;76.63;67.99;75.09;70.41;76.89;77.4;52.4;65.91;61.55;67.49;71.07;75.04;62.39;76.65;69.85;80.1;74;75.7
O3;uur;µg/m³;2023-09-29T17:00:00+01:00;2023-09-29T18:00:00+01:00;56.5;44.7;69.4;65.5;78.8;59.44;58.42;53.11;56.84;62.41;;44.52;70.43;60.03;79.8;69.07;74.46;72.66;64.62;71.85;80.4;69;62.52;70.51;69.66;63.93;72.08;69.69;61.52;72.17;63.95;71.3;71.9;51.28;66.59;64.53;67.99;72.87;70.06;60.48;71.99;68.4;72.6;64.6;71.7
O3;uur;µg/m³;2023-09-29T18:00:00+01:00;2023-09-29T19:00:00+01:00;48.1;32.2;55.9;44.9;67.5;56.9;58.64;49.96;56.5;61.31;;46.56;59.14;61.25;80.58;51.32;75.32;59.44;44.54;55.03;80.75;60.61;41.47;67.1;68.12;64.87;64.47;57.94;51.27;59.06;46.11;62.48;59.73;36.5;55.15;63.27;66.55;65.97;66.03;57.95;57.4;58.94;70.7;52.9;62.9
O3;uur;µg/m³;2023-09-29T19:00:00+01:00;2023-09-29T20:00:00+01:00;38;23.2;38.7;25.3;44.3;47.2;55.79;45.35;50.51;51.01;;27.96;31.91;52.56;78.84;42.75;75.52;44.18;36.83;25.1;81.61;60.41;8.92;66.03;64.42;56.46;55.73;46.7;35.15;33.93;37.23;51.25;44.41;36.24;44.98;54.31;53.53;58.44;63.82;50.46;48.71;56.37;44;52;55.7
O3;uur;µg/m³;2023-09-29T20:00:00+01:00;2023-09-29T21:00:00+01:00;40.8;12.5;25;8.9;44.6;34.75;31.82;26.03;42.07;15.9;;21.49;21.64;38.16;68.49;37.41;72.94;23.87;40.26;16.45;78.1;51.97;6.71;57.91;56.58;48.88;51.37;30.88;28.14;21.08;30.59;31.73;26.1;30.34;43.04;45.36;47.36;54.63;61.6;44.62;45.1;53.61;40.1;48.8;44.4
O3;uur;µg/m³;2023-09-29T21:00:00+01:00;2023-09-29T22:00:00+01:00;54.6;4.5;26.3;6.6;52.9;28.19;23.6;13.91;20.24;13.51;;26.33;20.59;29.66;64.53;37.87;69.58;10.44;44.02;20.28;76.69;32.72;18.43;49.85;54.3;34.81;50.92;27.28;19.58;27.85;24.26;21.03;14.08;27.52;38.94;29.9;32.74;49.97;58.32;38.99;42.56;54.82;44.2;49.8;34.2
O3;uur;µg/m³;2023-09-29T22:00:00+01:00;2023-09-29T23:00:00+01:00;39.3;2;22.4;12.7;21.1;22;20.2;10.78;3.92;15.51;;22.54;27.55;14.01;63.74;23.25;55.74;2.84;37.93;14.28;73.87;2.07;1.73;28.17;49.55;19.88;35.86;15.52;21.8;20.86;18.7;31.88;19.74;25.48;37.39;22.94;30.42;50.31;46.42;32.38;45.24;52.19;39.2;35.2;23.8
O3;uur;µg/m³;2023-09-29T23:00:00+01:00;2023-09-30T00:00:00+01:00;44.2;1.9;9.9;24.3;51.4;12.42;20.41;3.24;2.61;14.34;;19.13;27.86;12.33;33.64;25.73;32.04;20.44;34.47;11.42;70.33;0.29;9.73;9.79;47.45;18.67;29.23;12.51;11.85;8.55;14.49;20.17;16.98;21.28;34.6;25.4;26.61;36.41;40.06;30.75;43.49;48.28;17.1;11;3.1
O3;uur;µg/m³;2023-09-30T00:00:00+01:00;2023-09-30T01:00:00+01:00;42.8;13.4;26.2;33.2;67.6;7.57;20.97;3.02;4.79;17.5;;17.64;23.11;17.12;36.75;21.17;7.09;43.49;31.59;14.15;69.49;2.52;9.73;4.76;44.45;15.43;29.86;10.75;6.31;7.93;12.13;10.22;19.89;15.72;21.52;28.76;20.96;29.02;40.22;29.43;46.4;48.99;14.2;9.7;2.4
O3;uur;µg/m³;2023-09-30T01:00:00+01:00;2023-09-30T02:00:00+01:00;27.7;18.2;20.7;16.9;64.2;5.6;22.3;5.73;4.69;13.8;;18.44;12.16;15.22;33.75;20.54;7.37;26.92;25.66;21.93;56.73;15.35;1.74;14.54;47.24;14.99;24.18;20;9.03;14.43;13.01;10.53;15.32;16.28;14.19;27.94;21.29;19.51;43.73;29.27;38.21;46.88;23.5;13.7;7
O3;uur;µg/m³;2023-09-30T02:00:00+01:00;2023-09-30T03:00:00+01:00;24.8;7.2;10.4;17.6;62.3;4.91;19.9;6.25;5.62;15.19;;15.9;14.02;16.31;27.71;17.55;12.53;20.08;24.36;18.25;30.97;12.24;1.05;15.72;42.27;13.52;20.71;17.89;16.41;18.62;14.54;19.26;13.94;8.77;7.2;25.64;22;23.4;38.37;29.73;36.77;45.45;24.3;20.2;11.2
O3;uur;µg/m³;2023-09-30T03:00:00+01:00;2023-09-30T04:00:00+01:00;18.1;7.2;9.6;16.8;15;2.4;14.61;4.97;4.46;19.29;;18.28;12.98;14.03;16.36;17.96;6.72;13.92;10.43;8.74;24.85;5.26;2.97;4.58;35.04;10.06;22.57;15.38;17.57;18.9;12.72;21.82;12.94;12.06;4.99;24.58;17.3;24.09;40.31;26.81;33.94;43.24;18;15.3;7.2
O3;uur;µg/m³;2023-09-30T04:00:00+01:00;2023-09-30T05:00:00+01:00;18.3;9.9;7.2;12.2;8.4;0.39;12.13;2.74;4.77;18.71;;17.43;10.71;12.23;11.52;15;1.15;18.72;10.53;3.72;19.37;4.01;0.61;1.66;36.35;10.03;24;10.77;16.8;17.94;8.21;21.16;5.47;10.29;3.49;20.97;16.84;20.61;36.17;25.15;31.47;40.5;21.2;16.5;10
O3;uur;µg/m³;2023-09-30T05:00:00+01:00;2023-09-30T06:00:00+01:00;5.3;4.5;8.1;10.9;12.7;0.22;10.8;7.12;4.77;14.91;;17.48;6.76;12.54;15.28;15.15;0.94;3.81;7.12;3.11;15.86;3.77;0.36;-0.19;25.25;7.71;20.07;7.87;9.3;5.02;4.63;13.37;0.09;9.76;2.37;17.47;19.13;20.6;34.68;25.21;28.8;40.41;20.7;17.2;10.8
O3;uur;µg/m³;2023-09-30T06:00:00+01:00;2023-09-30T07:00:00+01:00;0.9;0.7;1.3;3.9;7.6;0.08;9.55;6.2;2.43;11.03;;11.25;6.56;11.53;20.18;14.99;0.99;1.56;6.36;2.43;8.19;1.48;0.13;-1.16;8.09;4.19;15.58;2.78;1.26;0.71;1.43;4.69;0.7;6.45;2.96;15.36;16.11;22.32;31.78;21.98;27.79;34.7;12.5;10.6;5.2
O3;uur;µg/m³;2023-09-30T07:00:00+01:00;2023-09-30T08:00:00+01:00;1.8;3;3.3;4.5;7.3;1.91;13.28;6.41;3.97;11.69;;13.37;8.91;12.22;19.6;16.53;2.97;6.98;8.32;4.96;10.79;2.09;3.21;1.68;10.78;4.79;14.99;5.12;0.78;2.1;3.13;4.85;3.93;4.17;8.14;16.72;14.36;20.26;25.72;20.42;25.67;28.93;12.3;10.2;3.7
O3;uur;µg/m³;2023-09-30T08:00:00+01:00;2023-09-30T09:00:00+01:00;7.9;6.8;5.9;10.5;11.5;12.2;25.82;20.68;24.07;16.42;;20.79;14.63;21.03;22.82;18.09;4.54;10.89;15.69;9.58;17.77;9.13;8.05;3.22;17.54;8.43;15.89;5.85;8.02;7.4;5.37;13.7;10.5;16.59;15.51;18.44;20.47;20.75;24.76;26.99;26.65;32.05;18.4;14.4;8.9
O3;uur;µg/m³;2023-09-30T09:00:00+01:00;2023-09-30T10:00:00+01:00;13.5;10.2;8.8;14.6;23.6;24.76;42.79;26.72;38.08;23.83;;35.34;17.92;36.67;23.76;22.77;13;14.73;20.72;14.45;28.96;21.87;17.5;6.95;31.53;18.38;20.06;17.6;18;15.03;8.03;24.85;18.89;31.35;26.43;28.55;26.67;26.88;37.29;33.64;36.11;37.67;25.1;19.1;18
O3;uur;µg/m³;2023-09-30T10:00:00+01:00;2023-09-30T11:00:00+01:00;25.6;15.6;21.9;27.5;40.1;32.95;53.99;40.2;48.07;39.83;;48.33;29.2;49.94;35.04;32.84;41.52;27.24;33.37;22.12;49.58;40.25;32.7;26.61;50.43;30.33;31.99;28.73;26.59;27.94;23.61;34.19;26.67;43.55;35.37;48.4;37.21;32.45;50.74;36.49;54.59;48.69;38.6;30;26.9
O3;uur;µg/m³;2023-09-30T11:00:00+01:00;2023-09-30T12:00:00+01:00;36.5;32.8;40.1;45.6;62.4;46.36;65.16;58.76;66.59;52.53;;58.23;45.21;63.94;41.83;41.94;60.08;51.33;42.79;43.62;61.8;54.04;43.11;47.38;65.9;52.54;43.71;37.92;32.32;41.2;35.79;39.65;36.31;58.14;45.96;61.74;50.57;42.97;57.09;47.4;62.77;55.14;58.2;48.1;36.9
O3;uur;µg/m³;2023-09-30T12:00:00+01:00;2023-09-30T13:00:00+01:00;45.9;38.7;51.2;52.5;70.8;58.13;72.27;67.28;76.26;60.99;;62.79;68.1;70.97;50.53;55.01;68.75;55.35;58.93;70.1;65.14;64.13;61.78;45.15;69.36;52.72;57.13;47.19;47.63;55.95;35.33;56.38;60.22;67.8;62.47;73.05;62.21;52.74;62.07;58.78;67.69;57.3;58.1;52.5;56.4
O3;uur;µg/m³;2023-09-30T13:00:00+01:00;2023-09-30T14:00:00+01:00;54.8;47.7;59.6;51.1;68.9;69.47;77.63;62.89;77.58;74.16;;72.24;70.26;77.6;65.7;65.43;67.3;63.99;64.26;74.3;70.33;66.46;63.05;47.34;70;56.41;64.43;57.06;56.14;60.45;32.55;63.44;71.54;69.71;72.89;79.9;59.32;58.24;64.26;64.78;70.77;60.44;70.2;65.8;61.6
O3;uur;µg/m³;2023-09-30T14:00:00+01:00;2023-09-30T15:00:00+01:00;58;46.9;52.9;55.9;74.4;74.07;77.12;63.88;70.4;77.43;;70.05;68.7;77.04;67.55;69.02;69.41;63.26;66.52;70.01;75.18;65.12;62.82;50.72;72.77;61.53;61;60.78;63.3;68.14;48.05;69.72;73.54;72.85;78.1;79.03;63.63;61.86;62.68;70.06;70.5;65.2;65.6;59.2;58.6
O3;uur;µg/m³;2023-09-30T15:00:00+01:00;2023-09-30T16:00:00+01:00;61.8;47.6;61.2;58.7;70.1;66.72;75.62;64.52;70.44;77.72;;71.7;66.87;71.75;67.34;69.34;73.28;61.46;66.62;66.78;78.57;70.81;66.99;50.28;77.24;59.22;57.87;63.53;68.04;69.82;59.21;74.26;72.79;66.89;82.46;78.57;68.1;58.61;59.95;71.01;68.21;66.91;68.2;57.6;61.4
O3;uur;µg/m³;2023-09-30T16:00:00+01:00;2023-09-30T17:00:00+01:00;61.7;50.7;61.8;59.6;72.1;57.05;71.07;59.95;67.89;69.79;;65.3;65.38;66.26;76.32;65.41;72.06;64.07;59.99;63.19;74.45;68.86;65.11;44.85;74.49;61.5;55.02;54.56;61.91;66.27;47.16;72.39;61.13;53.9;80.79;77.08;54.73;47.27;55.52;66.48;58.91;55.66;71.7;67.6;69.8
O3;uur;µg/m³;2023-09-30T17:00:00+01:00;2023-09-30T18:00:00+01:00;58;48.5;57;43.8;77;53.21;60.48;46.25;55.47;60.52;;58.53;61.1;59.76;71.09;59.82;65.63;59.27;56.92;60.1;70.62;61.19;49.69;38;65.55;52.35;51.6;48.7;45.95;48.04;35.02;56.92;56.29;50.88;69.13;71;40.48;42.54;55.75;44.12;50.99;32.01;73.7;63.6;67.7
O3;uur;µg/m³;2023-09-30T18:00:00+01:00;2023-09-30T19:00:00+01:00;40.4;39.6;44.3;47.9;64.8;33.57;42.98;24.38;21.32;42.79;;40.38;47.61;47.02;69.58;53.31;61.15;54.46;39.96;45.99;64.49;49.74;35.92;33.6;64.16;49.62;39.58;39.49;35.77;34.24;25.13;56.05;35.14;43.29;55.4;53.16;39.86;35.28;50.93;40.81;37.36;29.33;67.3;53.2;59.2
O3;uur;µg/m³;2023-09-30T19:00:00+01:00;2023-09-30T20:00:00+01:00;29;21.7;38.3;41.7;70.4;15.47;40.96;10.91;3.89;33.7;;31.89;29.75;41.69;50.4;46.98;47.74;41.99;31.09;32.11;64.65;33.7;32.74;24.73;45.2;44.19;37.87;32.04;28.85;21.7;20.42;48.48;21.25;33.89;43.72;46.13;50.35;31.16;48.52;37.89;33.94;21.57;55;50.8;43.6
O3;uur;µg/m³;2023-09-30T20:00:00+01:00;2023-09-30T21:00:00+01:00;17.1;10;18.2;35.3;49.3;16.47;37.2;5.61;2.98;36.22;;35.5;34.77;39;62.81;33.57;31.3;29.19;20.86;21.48;46.88;13.56;11.31;9.53;47.31;42.54;24.39;28.17;17.2;7.3;15.8;25.94;13.33;33.91;40.37;45.47;50.49;32.44;49.3;38.25;29.42;13.26;40.9;34.7;27.8
O3;uur;µg/m³;2023-09-30T21:00:00+01:00;2023-09-30T22:00:00+01:00;14.8;23.4;12.8;31.8;52;6.68;28.79;4.8;4.64;31.14;;33.8;31.27;27.53;60.71;37.78;31.91;42.59;29.21;22.32;37.23;22.16;36.95;12.08;45.52;31.42;23.81;20.6;5.94;13.47;14.23;15.75;15.82;29.65;39.13;39.72;40.98;32.98;45.56;35.66;36.27;41.44;44;29.9;31.8
O3;uur;µg/m³;2023-09-30T22:00:00+01:00;2023-09-30T23:00:00+01:00;31.8;26.2;30.3;38.7;37.6;1.25;29.5;12.88;1.76;23;;27.51;29.04;21.91;56.52;35.08;29.5;41.84;33.21;25.67;32.76;13.45;42.2;18.05;46.21;27.42;28.21;17.28;14.09;20.54;10.22;21.22;19.53;32.81;32.73;39.62;39.85;33.47;48.24;40.37;38.08;47.62;43.6;35.7;32.4
O3;uur;µg/m³;2023-09-30T23:00:00+01:00;2023-10-01T00:00:00+01:00;46.5;35;39.3;46.3;54.2;0.67;29.33;12.54;2.4;20.44;;34.07;26.52;24.94;47.65;39;39.32;51.02;33.8;22.85;27.34;27.95;51.28;31.52;42.5;28.87;33.43;24.22;20.24;25.95;20.65;29.76;19.89;22.62;40.26;40.28;37.04;31.29;48.86;38.79;41.91;46.96;43.7;36.4;38.1
O3;uur;µg/m³;2023-10-01T00:00:00+01:00;2023-10-01T01:00:00+01:00;49.1;39.2;42.7;48.2;57.9;0.42;31.33;12.73;6.17;19.16;;31.67;32.29;22.7;47.52;46.56;48.06;49.29;25.1;31.06;26.76;45.56;53.72;40.76;36.77;31.45;35.71;25.41;21.79;27.6;27.9;31.49;26.41;19.15;40.84;37.37;36.53;32.27;47.31;39.06;36.58;42.87;50.5;42.1;42.1
O3;uur;µg/m³;2023-10-01T01:00:00+01:00;2023-10-01T02:00:00+01:00;42;32.8;40.5;34.8;48.4;5.32;28.92;12.85;9.04;19.56;;31.46;28.79;21.28;50.46;42.04;48.15;38.54;30.09;35.89;41.87;45.1;37.87;43.31;43.59;35.77;40.81;27.73;25.57;34.39;27.97;35.04;30.03;21.21;36.85;33.53;37.87;35.57;47.33;36.52;32.19;37.82;52.8;46.6;45.1
O3;uur;µg/m³;2023-10-01T02:00:00+01:00;2023-10-01T03:00:00+01:00;37.1;36.1;37.6;30.9;41.1;14.65;25.48;17.71;15.14;25.8;;29.98;27.87;22.89;53.5;44.73;44.29;41.24;30.29;33.02;48.26;39.61;29.5;36.36;39.95;36.21;44.56;29.21;38.99;42.17;34.11;45.25;30.3;24.56;37.51;33.78;39.18;37.08;53.82;36.41;32.39;38.2;45.7;47.6;44.4
O3;uur;µg/m³;2023-10-01T03:00:00+01:00;2023-10-01T04:00:00+01:00;32.9;34.7;34.5;34.2;33.8;15.76;21.82;17.41;23.68;28.31;;28.36;25.67;22.96;49.7;38.08;40.54;36.19;38.71;31.42;46.43;40.69;21.99;32.71;36.46;35.57;43.02;30.32;35.29;36.05;31.52;40.6;24.65;25.66;38.77;37.61;39.57;37.48;54.54;36.91;33.91;41.43;42.8;41.3;38
O3;uur;µg/m³;2023-10-01T04:00:00+01:00;2023-10-01T05:00:00+01:00;35.8;31.6;34.8;36.7;38.8;16.9;22.12;15.96;20.34;24.52;;27.1;28.66;21.06;47.22;35.23;44.9;37.89;38.15;30.41;43.54;41.62;38.41;37.99;37.87;36.32;39.52;34.9;32.36;33.2;28.07;36.4;26.09;25.7;38.81;37.72;40.59;37.91;47.34;39.16;36.72;42.48;41.6;41;38.8
O3;uur;µg/m³;2023-10-01T05:00:00+01:00;2023-10-01T06:00:00+01:00;30.5;31.1;35.7;37.9;42.1;10.49;27.73;9.84;23.21;25.87;;30.86;28.61;21.57;44.31;36.54;44.49;33.6;33.25;31.75;42.81;44.69;44.57;38.72;33.72;36.75;38.46;32.53;32.79;34.8;27.34;36.78;26.55;24.28;40.62;37.87;39.31;37.58;42.88;42.09;40.26;46.1;41.6;41.4;39.5
O3;uur;µg/m³;2023-10-01T06:00:00+01:00;2023-10-01T07:00:00+01:00;23.8;26.5;27.3;32.2;39.4;9.81;28.63;39.92;42.29;31.19;;34.16;28.27;24.06;44.36;36.89;40.94;29.33;35.87;28.35;47.68;43.75;26.77;35.9;33.63;37.6;37;29.54;32.59;36.05;27.69;36.68;26.54;25.64;39.92;35.68;35.98;34.59;40.33;42.88;38.38;43.5;38.6;43.3;40.9
O3;uur;µg/m³;2023-10-01T07:00:00+01:00;2023-10-01T08:00:00+01:00;27.3;20.8;25.8;30;34.3;11.38;31.67;41.52;58.79;34.65;;36.54;29.55;29.32;42.69;37.08;38.87;33.9;36.71;28.12;45.93;40.06;20.58;29.15;32.98;37.6;36.72;27.9;34.72;36.03;29.72;38.18;23.81;26.33;39.38;45.57;32.25;37.66;39.98;43.01;38.69;42.41;43.2;41.5;40.7
O3;uur;µg/m³;2023-10-01T08:00:00+01:00;2023-10-01T09:00:00+01:00;32.8;29.1;32.2;31.3;35.9;35.45;40.93;52.09;64.69;40.95;;39.95;39.97;38.01;41.69;35.87;39.04;39.23;42.89;33.02;47.2;43.05;29.48;27.91;36.5;39.37;39.05;35.64;35.28;37.77;37.39;41.84;32.29;32.57;44.28;47.42;36.81;38.64;42.34;39.19;38.94;42.07;45.2;41.1;41.2
O3;uur;µg/m³;2023-10-01T09:00:00+01:00;2023-10-01T10:00:00+01:00;38.4;32.7;38.9;33.6;49.9;54.47;50.65;60.43;65.59;48.63;;47.99;46.02;49.79;47.48;48.05;43.16;42.62;51.93;40.59;54.55;45.59;39.68;28.52;54.39;45.81;47.41;39.21;39.33;39.63;39.13;45.32;41.31;41.41;51.29;52.61;43.3;42.12;43.73;38.78;37.3;42.83;51.8;43.5;44
O3;uur;µg/m³;2023-10-01T10:00:00+01:00;2023-10-01T11:00:00+01:00;48.2;33.8;45;43.6;56;65.71;58.22;65.57;74.11;58.46;;57.33;55.31;59.47;55.21;59.28;58.38;50.93;59.56;51.74;67.88;54.41;44.69;40.89;59.03;54.84;56.37;46.2;44.77;48.43;41.47;52.26;48.59;52.93;60.65;57.03;53.84;49.49;45.69;45.48;46.29;48.18;50.9;47.3;50.8
O3;uur;µg/m³;2023-10-01T11:00:00+01:00;2023-10-01T12:00:00+01:00;58.4;41.8;52.5;49.7;63.6;75.16;69.47;69.06;78.09;70.06;;66.77;74.4;69.42;65.33;68.69;74.87;58.6;65.95;64.71;86.91;67.85;65.83;55.33;75.17;71.21;63.13;61.04;56.71;62.02;60.14;65.52;60.59;62.37;70.34;68.28;68.1;61.41;51.35;53.49;58.05;60.04;65;63.7;65.4
O3;uur;µg/m³;2023-10-01T12:00:00+01:00;2023-10-01T13:00:00+01:00;70.8;56.9;63.1;59.9;70.8;78.6;79.17;75.44;80.78;78.72;;73.94;80.21;79.34;75.98;75.96;83.29;70.39;74.77;78.9;92.14;76.83;72.77;63.73;84.23;80.51;75;73.8;62.33;70.67;69.98;72.62;74.96;68.58;81.01;77.51;77.55;70.98;59.35;64;56.76;62.43;84.4;73.6;75.2
O3;uur;µg/m³;2023-10-01T13:00:00+01:00;2023-10-01T14:00:00+01:00;76.4;69.6;73.6;68.7;83.2;84.65;83.02;81.08;86.07;87.18;;80.9;87.03;85.08;86.76;84.46;90.7;85.51;80.04;89.13;92.32;86.67;80.29;67.87;87.67;79.8;85.2;77.36;69.17;81.74;75.63;80.93;88.03;76.22;88.99;81.58;73.31;78.96;71.61;73.27;62.54;70.68;96.1;86.5;91.4
O3;uur;µg/m³;2023-10-01T14:00:00+01:00;2023-10-01T15:00:00+01:00;83.9;70.1;80.5;73.9;84.4;89.35;88.37;83.04;90.54;92.91;;84.2;92.68;89.94;93.39;86.67;90.52;88.85;92.5;94.38;96.84;90.12;87.87;77.9;89.31;82.14;90.02;89.63;83.42;90.74;83.31;90.66;94.61;78.2;88.1;83.9;76.46;80.78;75.67;77.48;67.23;85.52;97.9;92.9;92.3
O3;uur;µg/m³;2023-10-01T15:00:00+01:00;2023-10-01T16:00:00+01:00;88.1;72.1;79.3;81.3;87.3;88.09;87.17;85.99;90.78;91.71;;83.44;99.19;90.15;96.19;88.39;92.3;88.14;96.29;99.74;102.22;91.16;88.78;74.42;86.97;82.12;90.84;90.16;83.96;92.66;87.05;92.81;94.21;76.6;95.48;88.69;77.03;82.64;80.65;74.42;77.71;91.79;96.5;90.8;91
O3;uur;µg/m³;2023-10-01T16:00:00+01:00;2023-10-01T17:00:00+01:00;90.1;72;82;81;70.7;83.79;83.95;78.53;85.89;89.23;;77.39;93.38;81.42;95.69;88.65;92.43;88.17;95.22;96.87;101.79;89.31;88.2;70.37;85.98;83.58;88.27;80.28;82.33;87.67;76.71;91.97;90.44;68.54;99.27;84.75;73.85;81.31;78.43;64.83;82.97;92.87;86.3;85.6;85.7
O3;uur;µg/m³;2023-10-01T17:00:00+01:00;2023-10-01T18:00:00+01:00;83.7;53.1;81.1;63.2;52.3;65.91;75.44;60.89;76;74.44;;64.45;80.86;68.01;95.63;78.75;78.41;83.56;79.46;87.42;104.24;78.7;81.25;51.39;50.13;84.52;82.81;65.05;69.79;72.93;56.53;86.6;66.66;60.98;93.55;79.06;74.01;71.49;70.71;61.7;78.03;86.56;78.9;76.9;72.7
O3;uur;µg/m³;2023-10-01T18:00:00+01:00;2023-10-01T19:00:00+01:00;56.1;46.5;70.7;55.6;48.4;57.27;56.85;40.23;43.91;52.74;;30.68;57.73;55.89;90.56;50.82;55.63;76.66;58.55;60.51;97.57;54.39;37.7;25.47;74.42;81.17;63.64;59.24;55.78;39.37;44.67;72.92;30.8;57.18;62.09;59.77;64.59;63.58;67.25;56.98;66.9;74.27;72.7;70.2;65.1
O3;uur;µg/m³;2023-10-01T19:00:00+01:00;2023-10-01T20:00:00+01:00;41.6;18.6;42.6;57.8;26.8;29.11;51.81;27.81;6.96;41.25;;0.45;21.71;27.6;86.42;40.15;72.2;51.36;36.96;39.49;83.71;8.85;29.19;28.3;74.99;76.12;43.91;43.96;39.01;6.95;26.25;36.71;44.35;47.73;26.59;52.4;52.04;54.47;69.56;55.24;67.51;74.66;53.2;67.9;53.4
O3;uur;µg/m³;2023-10-01T20:00:00+01:00;2023-10-01T21:00:00+01:00;22.7;7.2;32.7;40.7;32.5;13.66;50.63;15.72;6.37;22.72;;14.3;28.89;30.02;73.01;33.67;44.83;19.75;33.69;32.11;57;-0.86;12.48;13.03;61.39;67.74;49.2;40.52;11.12;1.84;26.15;15.28;35.59;55.52;9.73;44.36;28.05;41.74;63.35;47.15;63.93;70.29;60.7;59.4;49.4
O3;uur;µg/m³;2023-10-01T21:00:00+01:00;2023-10-01T22:00:00+01:00;32.8;3.4;28.5;15.9;41.7;13.11;47.83;8.76;5.99;25.75;;42.06;30.65;37.13;71.33;27.17;5.08;13.11;26.98;30.58;44.82;-1.29;5.07;1.3;70.61;61.01;50.98;32.43;11.35;7.26;23.34;18.99;25.55;44.9;8.59;49.66;23.06;41.35;70.86;42.52;52.11;69.08;44.4;29.6;24.5
O3;uur;µg/m³;2023-10-01T22:00:00+01:00;2023-10-01T23:00:00+01:00;21.6;2;12.1;34.7;45.6;10.9;46.51;10.32;5.59;33.65;;40.38;37.25;34.93;67.18;22.6;23.34;10.57;24.06;23.49;36.87;-1.16;0.57;5.38;64.35;56.91;55.63;23.27;35.67;23.78;24.44;37.62;23.06;35.02;17.91;44.7;17.9;55.92;67.57;43.49;48.42;68.13;35.5;33.6;19.5
O3;uur;µg/m³;2023-10-01T23:00:00+01:00;2023-10-02T00:00:00+01:00;31.1;18;21.7;31.4;51;13.18;44.32;10.17;9.3;41.41;;40.89;35.17;37.25;57.8;31.8;41.25;67.58;19.79;21.41;29.23;16.74;26.25;39.03;61.11;45.56;44.98;28.71;43.33;31.63;17.39;48.45;18.54;29.38;21.75;38.94;24.65;49.9;61.74;34.74;52.52;63.66;51.7;52.7;28
O3;uur;µg/m³;2023-10-02T00:00:00+01:00;2023-10-02T01:00:00+01:00;46.2;40.4;36.8;31;40.8;12.53;41.81;8.13;16.24;42.17;;43.4;40.45;32.99;41.23;37.1;50.46;53.97;22.13;24.17;26.52;22.75;47.48;28.65;58.43;28.71;41.16;28.92;34.53;38.1;30.83;41.18;19.12;23.49;32.88;38.11;34.95;43.97;54.01;43.54;49.93;61.21;47.2;41.6;26
O3;uur;µg/m³;2023-10-02T01:00:00+01:00;2023-10-02T02:00:00+01:00;27.1;20;28;33;35.3;8.38;37.92;8.86;13.93;35.96;;42.44;39.06;30.48;31.72;33.18;35.95;35.14;29.85;28.57;19.75;15.48;27.68;21.39;52.72;27.98;38.99;21.75;32.88;37.35;22.28;38.23;26.02;26.68;42.99;38.9;38.28;32.49;46.73;43.05;54.09;51.13;49.2;48;29.5
O3;uur;µg/m³;2023-10-02T02:00:00+01:00;2023-10-02T03:00:00+01:00;28.3;17.5;18.5;16.9;27.3;4.93;37.31;7.8;13.62;36.65;;37.18;33.56;29.1;30.6;32.59;23.95;22.39;30.06;24.56;18.88;23.37;7.89;24.83;40.43;24.03;36.03;19.59;33.87;35.73;18.15;39.26;19.16;25.54;43.69;38.2;33.8;26.71;54.19;38.64;49.21;51.55;48.3;41.5;29.7
O3;uur;µg/m³;2023-10-02T03:00:00+01:00;2023-10-02T04:00:00+01:00;17.7;12.7;7.5;11.3;21.9;7.73;38.06;12.83;14.36;20.94;;36.41;38.54;28.01;27.98;27.49;19.77;15.09;33.29;20.97;16.27;17.63;6.3;13.77;38.71;21.03;32.39;17.38;30.63;30.84;20.44;35.13;18.05;27.59;40.91;37.94;28.68;25.1;51.66;35.36;46.3;54.83;33.8;34.5;25.1
O3;uur;µg/m³;2023-10-02T04:00:00+01:00;2023-10-02T05:00:00+01:00;12.9;3.4;7.9;15.7;17.6;6.29;40.27;13.42;18.06;27.48;;34.18;33.08;33.83;25.64;26.94;7.15;10.69;22.94;21.97;15.51;9.84;5.64;3.46;34.81;18.09;27.71;15.68;27.9;24.6;13.91;31.58;16.26;24.44;33.82;38.04;31.54;22.91;41.51;34.18;43.13;52.72;27.4;29.6;21.1
O3;uur;µg/m³;2023-10-02T05:00:00+01:00;2023-10-02T06:00:00+01:00;12.5;4.2;10.5;9.2;11.2;9.26;28.96;18.43;10.97;17.26;;25.15;25.14;26.63;23.76;26.34;1.58;18.85;15.25;8.86;9.51;0.62;8.79;2.64;23.79;11.65;23.93;14.8;17.77;11.69;7.59;26.11;8.37;20.87;31.37;33.15;27.85;21.66;31.27;24.9;36.52;44.72;24.1;20.4;17.1
O3;uur;µg/m³;2023-10-02T06:00:00+01:00;2023-10-02T07:00:00+01:00;8;1.7;0.9;7.6;8;2.73;23.44;15.45;2.65;9.59;;11.91;12.6;19.38;10.69;25.29;1.12;1.74;4.88;9.74;6.05;-1.02;0.14;-1.17;9.66;4.14;18.91;7.42;3.5;2.43;7.27;8.36;6.71;18.81;23.41;27.9;21.74;18.31;23.68;23.3;29.12;34.25;15.7;13.9;8.9
O3;uur;µg/m³;2023-10-02T07:00:00+01:00;2023-10-02T08:00:00+01:00;2.1;3;1.2;9;8.1;3.07;21.1;19.01;3.1;9.01;0.41;19.16;7.93;17.29;12.36;24.27;2.31;1.57;8.52;9.15;5.24;2.49;2.17;-0.47;11.84;2.17;17.75;7.43;0.93;3.47;6.27;5.31;5.95;14.95;20.92;21.23;21.92;17.74;19.22;24.06;24.04;27.25;8.4;8.7;3.8
O3;uur;µg/m³;2023-10-02T08:00:00+01:00;2023-10-02T09:00:00+01:00;5.8;4.8;2.1;7.6;9.9;14.14;29.97;31.47;17.68;24.84;5.47;29.02;13.88;30.05;18.86;25.37;4.14;6.1;16.63;12.82;11.63;5.13;4.95;0.77;17.75;6.01;16.6;8.18;10.68;11.33;5.7;17.66;13.43;25.49;25.88;27.13;28.03;20.72;26.15;28.86;28.57;29.32;9.3;10.3;6.2
O3;uur;µg/m³;2023-10-02T09:00:00+01:00;2023-10-02T10:00:00+01:00;10.3;5.2;3.6;13.8;13.4;35.91;38.21;43.73;63.29;38.28;13.35;31.59;23.12;39.53;22.27;28.15;7.77;6.92;20.7;15.33;19.28;12.47;8.29;4.27;35.98;13.15;21.49;11.14;14.69;20.87;6.87;23.49;17.66;31.81;30.81;27.64;31.77;25.49;29.29;34.11;39.42;39.59;12.6;13.7;9
O3;uur;µg/m³;2023-10-02T10:00:00+01:00;2023-10-02T11:00:00+01:00;22;15;18.5;17.9;28.5;61.19;45.84;59.2;72.55;42.37;18.11;36.78;33.85;48.55;21.82;37.14;24.54;23.52;30.01;22.16;27.76;33.53;22.31;12.55;45.04;23.37;35.41;27.91;25.59;32.32;21.16;32.73;31.17;34.33;35.62;34.78;35.43;35.5;45.24;39.29;46.05;48.48;28.9;24;23.4
O3;uur;µg/m³;2023-10-02T11:00:00+01:00;2023-10-02T12:00:00+01:00;32;19.5;26.8;32.5;32.2;76.28;53.43;74.58;79.19;48.43;37.32;49.36;50.57;57.49;27.37;49.16;45.23;32.11;41.7;24.25;43.35;44.66;33.88;33.68;48.72;29.64;42.19;38.84;31.39;37.08;30.51;40.9;31.39;41.99;49.53;45.1;43.15;42.65;38.54;47.46;51.89;53.06;35.6;35.3;35.5
O3;uur;µg/m³;2023-10-02T12:00:00+01:00;2023-10-02T13:00:00+01:00;46.3;26.6;33.6;38.4;41.4;78.89;61.12;79.3;86.23;56.91;45.21;56.9;50.4;67;49.12;60.68;50.27;41.18;51.19;36.16;44.32;53.55;38.75;31.96;51.03;36.98;44.84;42.47;38.58;43.05;39.2;49.73;40.66;53.26;60.09;53.54;49.02;48.72;38.69;56.26;57.72;57.55;44.7;40.9;39.6
O3;uur;µg/m³;2023-10-02T13:00:00+01:00;2023-10-02T14:00:00+01:00;57.2;35.4;52.4;40.9;36.3;81.18;67.42;80.78;87.4;72.27;56.82;63.91;53.97;75.31;55.18;65.79;57.37;55.85;55.18;52.66;48.85;63.09;54.28;33.34;51.37;40.98;42.14;48.36;42.03;49.37;41.84;54.25;54.66;56.37;62.5;57.55;51.5;55.39;40.29;60.16;58.55;57.09;45.7;41.2;41.5
O3;uur;µg/m³;2023-10-02T14:00:00+01:00;2023-10-02T15:00:00+01:00;52.9;39.7;54.3;52.8;27.4;81.55;79.3;75.12;86.35;77.91;64.19;73.52;66.99;81.53;51.53;78.6;65.8;58.54;57.79;64.45;48.33;66.78;61.21;40.07;55.43;43;53.09;59.36;43.78;51.08;47.55;57.71;66.71;55.36;68.48;64.28;64.95;53.81;46.77;61.59;57.47;56.5;46.1;39.4;42.9
O3;uur;µg/m³;2023-10-02T15:00:00+01:00;2023-10-02T16:00:00+01:00;50.4;43.6;48.6;48.6;41;81.6;89;63.11;82.55;80.73;72.16;77.05;81.36;86.41;68.46;80.24;70.27;54.64;68.65;66.24;41.11;63.77;57.83;40.6;54.12;50.59;64;58.39;46.32;62;49.71;68.31;67.49;59.81;71.54;73.51;68.64;52.78;58.25;59.83;56.52;55.62;54;50.1;54.7
O3;uur;µg/m³;2023-10-02T16:00:00+01:00;2023-10-02T17:00:00+01:00;51.4;44.5;43.5;48.8;29;77.74;84.3;53.84;84.37;83.99;70.6;75.61;81.76;83.67;76.81;79.9;61.41;29.2;64.29;72.14;42.31;55.03;50.64;29.32;42.96;38.39;65.24;62.02;47.92;64.92;49.97;70.24;62.94;58.85;69.43;75.9;60.8;53.57;64.82;57.17;57.96;59.55;65.6;54.6;60.8
O3;uur;µg/m³;2023-10-02T17:00:00+01:00;2023-10-02T18:00:00+01:00;40.1;33;53.1;28.1;12.9;68.45;74.93;37.56;71.17;66.34;41.44;57.71;77.12;72.69;70.73;70.3;25.99;10.61;47.49;65.98;44.95;40.3;42.82;8.02;48.43;33.71;53.23;48.47;41.5;53.46;41.26;67.51;50.64;49;65.03;69.38;50.88;49.95;43.12;51.11;51.15;51.41;55.2;46.5;52.5
O3;uur;µg/m³;2023-10-02T18:00:00+01:00;2023-10-02T19:00:00+01:00;13.1;9.4;22.5;7.4;28.4;35.6;34.45;23.38;57.08;35.11;30.98;34.65;49.47;53.77;49.59;57.74;38.7;0.53;46.09;38.53;45.98;19.48;16.62;30.75;47.12;31.91;25.04;28.48;36.43;19.27;11.29;45.51;38.68;44.47;37.23;56.48;36.61;33.45;38.21;29.04;35.63;34.22;27.8;35.6;35.6
O3;uur;µg/m³;2023-10-02T19:00:00+01:00;2023-10-02T20:00:00+01:00;5;11.2;15.2;13.8;35.2;25.63;17.8;42.76;63.85;24.97;17.76;6.08;34.77;33.39;48.17;54.72;39.57;4.6;27.2;23.72;40.05;39.11;16.67;35.04;43.78;29.29;13.69;29.61;18.4;12.36;5.19;14.8;24.39;27.92;8.5;50.76;11.51;30.1;40.76;15.78;35.35;35.25;31.4;27.6;20.9
O3;uur;µg/m³;2023-10-02T20:00:00+01:00;2023-10-02T21:00:00+01:00;2.1;22.5;16.4;30.6;30.2;14.09;38.03;60.81;36.01;14.66;10.15;33.95;18.48;29.01;28.91;37.06;36.5;23.66;10.98;20.17;36.62;32.55;24.87;19.4;49.8;18.02;11.15;18.17;10.4;6.99;14.2;19.54;29.79;13.08;5.74;42.53;6.06;25.25;29.97;10.46;29.38;34.15;42.5;41.6;35.8
O3;uur;µg/m³;2023-10-02T21:00:00+01:00;2023-10-02T22:00:00+01:00;-2;16.5;12.4;24.6;19.5;19.5;46.09;72.98;75.08;13.09;7.47;40.69;23.76;38.49;33.82;40.15;17.88;21.09;7.92;20.36;26.04;15.64;18.07;7.74;43.06;27.9;23.28;15.84;11.97;16.9;19.84;19.33;27.35;1.69;3.1;27.83;23.95;19.25;35.16;20.27;36.9;35.17;47;43.6;47.3
O3;uur;µg/m³;2023-10-02T22:00:00+01:00;2023-10-02T23:00:00+01:00;6;25.6;9.1;9.9;12.4;33.03;50.37;73.18;95.84;18.27;2.7;45.8;33.35;42.53;48;46.8;21.38;27.78;27.73;32.09;25.15;16.98;11.62;9.41;40.4;25.45;28.82;21;20.58;32;24.18;35.73;31.95;5.42;16.96;49.25;28.13;23.14;35.52;26.37;40.19;35.5;31;32.4;32.9
O3;uur;µg/m³;2023-10-02T23:00:00+01:00;2023-10-03T00:00:00+01:00;28.4;30.9;30.9;35.3;29.2;44.88;44.89;78.51;92.35;32.08;27.69;52.73;41.82;58.52;41.85;64.18;27.03;42.11;44.79;41.79;27.81;19.04;30.74;16.64;39.97;17.36;35.63;34.38;27.38;35.15;35.08;35.53;31.78;17.57;31.86;58.68;24.88;24.61;35.43;21.35;33.61;36.33;26.2;27.4;23
O3;uur;µg/m³;2023-10-03T00:00:00+01:00;2023-10-03T01:00:00+01:00;35.8;44.2;38.5;40;36.1;44.77;50.35;79.89;87.72;55.01;45.86;57.74;50.63;63.8;51.46;68.64;44.23;54.92;45.58;45.73;34.52;38.74;38.73;35.56;38.11;28.65;40.19;42.75;31.69;43.2;48.99;39.92;41.03;23.49;36.75;62.03;29.03;23.16;35.07;26.09;37.76;41.07;37.7;40.1;39.3
O3;uur;µg/m³;2023-10-03T01:00:00+01:00;2023-10-03T02:00:00+01:00;46.5;44.1;40.5;40.8;50.1;38.35;56.75;75.45;81.47;62.4;47.54;59.46;57.6;66.24;56.75;66.1;51;52.99;46.5;51.3;40.66;48.67;48.25;47.3;38.13;39.13;53.36;46.2;40.82;50.55;51.94;48.8;45.92;23.45;48.42;64.41;42.84;31.72;29.03;29.35;40.05;43.98;58;56.2;49.7
O3;uur;µg/m³;2023-10-03T02:00:00+01:00;2023-10-03T03:00:00+01:00;58.4;46.2;55.7;50.9;48.9;;;;;;;;;;;;;;;;;;;;;;;;;;;;;;;;;;;;;;60.4;59.6;54
O3;uur;µg/m³;2023-10-03T03:00:00+01:00;2023-10-03T04:00:00+01:00;58.8;50.7;50.2;55.3;51.6;68.67;59.18;77.07;79.7;55.72;58.39;63.71;56.08;67.03;69.67;65.78;64.57;54.69;58.45;61.41;66.5;59.94;57.79;59.7;49.36;50.58;55.19;43.92;52.07;55.88;47.69;58.06;48.34;37.37;62.4;58.73;49.93;40.16;56.58;37.12;45.84;37.11;56;59.1;52.5
O3;uur;µg/m³;2023-10-03T04:00:00+01:00;2023-10-03T05:00:00+01:00;60.2;49.8;57;57.8;44.2;66.68;62.56;71.25;78.81;51.82;61.7;59.69;58.49;62.52;73.36;67.31;57.96;62.45;64.77;63.43;64.84;57.47;59.25;48.74;54.84;56.18;55.9;57.24;53.68;58.69;56.25;58.64;58.89;45.18;58.48;58.97;50.17;50.04;57.98;45.17;53.39;52.11;60.2;68;62.5
O3;uur;µg/m³;2023-10-03T05:00:00+01:00;2023-10-03T06:00:00+01:00;60.3;44.3;54.8;60.2;45.4;60.96;60.67;64.47;69.06;61.88;64.23;58.98;61.62;61.26;70.8;70.19;58.39;59.32;65.37;68.25;60.89;55.58;56.19;49.79;50.67;48.9;58.25;54.43;53.46;58.61;52.21;59.23;60.91;45.29;60.54;58.33;52.94;54.46;55.38;53.54;55.43;56.08;57.3;63.3;58.3
O3;uur;µg/m³;2023-10-03T06:00:00+01:00;2023-10-03T07:00:00+01:00;53.2;42.3;49.1;47.7;35.7;55.85;58.81;59.21;60.61;59.02;61.1;59.2;56.44;64.54;56.07;64.4;51.02;52.38;59.3;63.62;52.63;48.98;49.18;45.27;48.18;41.65;55.13;54.12;51.72;56.62;50.26;58.49;59.94;42.1;63.56;64.69;56.24;55.84;48;54.23;54.96;56.35;52.3;57.5;52.8
O3;uur;µg/m³;2023-10-03T07:00:00+01:00;2023-10-03T08:00:00+01:00;40.8;36.5;42.9;39.2;52.6;62.17;64.51;64.94;68.16;57.3;53.57;58.66;50.31;62.61;53.17;47.6;61.48;30.15;44.14;46.44;68.94;54.68;43.24;56.93;61.07;49.38;50.96;45.7;44.5;47.8;44.63;50.92;45.51;54.2;61.32;59.53;57.87;50.38;52.98;56.4;53.09;54.72;45;47.5;47.5
O3;uur;µg/m³;2023-10-03T08:00:00+01:00;2023-10-03T09:00:00+01:00;26.5;38.7;51.6;42.5;63.2;65.18;65.55;66.39;69.28;48.72;42.46;59.96;39.01;63.56;65.81;47.36;65.63;53.11;52.58;40.91;73.33;57.81;49.46;62.24;64.47;58.25;50.71;54.72;41.63;39.94;50.92;48.61;44.52;51.54;50.48;55.43;54.96;46.4;62.64;52.5;65.55;53.26;54.2;52.1;58.9
O3;uur;µg/m³;2023-10-03T09:00:00+01:00;2023-10-03T10:00:00+01:00;43.7;47.4;59.4;63.3;75.9;60.88;60.45;62.87;65.83;46.35;58.14;47.37;49.8;51.81;74.23;59.63;75.53;61.71;56.2;44.32;80.86;67.79;58.53;73.72;69.81;63.85;61.44;59.99;50.63;56.61;54.57;;56.47;42.5;49.23;45.15;48.47;59.56;68.98;48.18;71.28;65;66.2;61.8;53.9
O3;uur;µg/m³;2023-10-03T10:00:00+01:00;2023-10-03T11:00:00+01:00;38.2;51.8;64.1;60.8;79.4;54.53;50.17;56.52;61.68;55.45;64.31;45.95;60.02;54.46;83.88;66.9;77.3;68.62;61.97;60.07;87.19;69.84;63.11;74.91;76.24;70.09;65.27;65.13;55.54;61;59.82;;58.79;33.66;56.56;51.85;56.6;63.1;73.77;58.21;75.11;66.8;72.7;68.6;58.9
O3;uur;µg/m³;2023-10-03T11:00:00+01:00;2023-10-03T12:00:00+01:00;39.8;51.2;63.9;62.1;81.6;39.11;53.5;45.02;48.19;64.36;73.76;50.45;66.93;62.5;86.1;71.22;79.3;69.58;70.26;58.94;84.62;71.12;61.55;78.06;73.59;69.35;70.46;66.66;58.28;65.54;58.78;;66.03;51.26;63.64;59.48;62.77;66.86;75.56;62.89;84.1;71.65;77.8;69.1;61.9
O3;uur;µg/m³;2023-10-03T12:00:00+01:00;2023-10-03T13:00:00+01:00;42.1;51.5;67;61.5;77.5;55.93;62.28;46.88;45.76;68.21;77.26;61.26;70.42;68.8;78.9;73.82;77.67;70.2;68.97;59.78;84.19;70.58;62.69;75.94;70.43;65.21;73.14;66.07;55.47;66.26;59.23;62.12;67.78;58.29;68;62.99;67.96;69.82;71.65;66.31;80.65;77.47;72.7;68.1;57
O3;uur;µg/m³;2023-10-03T13:00:00+01:00;2023-10-03T14:00:00+01:00;44.5;43.5;62.4;57.7;69.2;64.1;67.47;61.66;61.79;72.42;73.85;64.48;67.84;70.94;83.49;85.07;78.4;64.83;66.78;62.39;84.09;71.42;59.42;74.22;74.14;61.24;69.56;68.18;53.31;62.61;63.24;63.54;67.29;63.46;66.43;62.52;72.14;64.77;71.03;70.24;73.7;69.35;64.4;60.5;62.1
O3;uur;µg/m³;2023-10-03T14:00:00+01:00;2023-10-03T15:00:00+01:00;60.5;49.7;71.4;59.2;78;72.78;66.93;66.93;66.9;67.69;75.21;62.12;64.95;69.77;89.06;82.85;78.95;71.18;75.95;60.94;82.41;76.34;69.6;75;69.12;61.46;68.66;68.4;56.96;65.17;62.77;66.97;68.9;63.52;61.15;58.27;64.35;66.08;67.12;70.16;74.51;67.31;69.4;67.8;64.8
O3;uur;µg/m³;2023-10-03T15:00:00+01:00;2023-10-03T16:00:00+01:00;67.3;52;71.6;60.6;73;76.51;65.05;74.1;74.97;71.03;80.71;54.07;72.27;65.65;88.67;80.94;74.6;72.59;75.5;72.01;80.36;71.93;73.75;69.32;68.2;63.42;68.26;71.53;61.68;68.33;64.18;69.62;72.59;48.82;66.15;61.51;69.45;66.25;66.84;66.87;71.9;71.97;76.3;76.9;71.9
O3;uur;µg/m³;2023-10-03T16:00:00+01:00;2023-10-03T17:00:00+01:00;70.6;57.2;70.2;65.8;66.3;74.76;67.26;80.39;82.69;76.87;76.33;61.61;74.02;71.41;85.35;81.08;76.26;68.72;75.97;73.69;79.59;70.4;73.1;68.45;66.96;61;66.28;66.21;63.68;63.24;63.51;69.69;65.79;45.5;67.69;62.1;65.63;62.23;66.86;64.78;66;68.41;73.9;74.6;68.3
O3;uur;µg/m³;2023-10-03T17:00:00+01:00;2023-10-03T18:00:00+01:00;67.2;54.4;66.9;57.7;64.4;68.21;68.27;77.59;80.35;74.59;72.52;62.06;69.78;73.08;80.81;76.11;72.59;64.99;68.91;72.16;79.01;67.12;68.62;65.91;69.43;57.08;65.04;65.04;55.24;56.56;57.75;63.52;64.45;37.64;65.12;61.8;56.94;61.28;64.44;60.26;66.28;65.5;70.5;68.8;66.8
O3;uur;µg/m³;2023-10-03T18:00:00+01:00;2023-10-03T19:00:00+01:00;63.7;48.7;60;54.8;67.8;59.5;67.48;72.56;74.48;54.94;68.88;59.54;58.42;64.23;78.3;63.55;72.67;60.96;65.36;67.46;77.92;67.76;60.18;67.47;70.3;60.26;61.4;58.82;49.88;57.28;55.12;56.68;63.2;31.97;57.87;60.99;55.08;62.65;65.18;52.74;64.81;64.74;59.2;65.4;55.8
O3;uur;µg/m³;2023-10-03T19:00:00+01:00;2023-10-03T20:00:00+01:00;55.6;52.4;64;54.1;62.5;59.62;60.67;52.72;65.65;45.49;61.35;55.14;54.51;57.04;77.03;62.09;73.23;58.57;62.42;62.28;78.92;68.25;62.75;68.52;69.04;62.17;54.95;56.47;49.2;51.21;49.56;53.05;53.37;27.55;55.86;57.72;55.45;56.27;70.39;51.66;62.59;63.99;67.1;69.1;57.4
O3;uur;µg/m³;2023-10-03T20:00:00+01:00;2023-10-03T21:00:00+01:00;57.9;52.7;65;51.3;63;63.94;56.31;50.96;62.76;48.19;56.04;56.39;52.83;60.23;75.74;60.46;71.91;60.11;59.34;55.93;77.52;70.44;65.31;68.64;68.43;62.69;47.91;62.64;44.53;46.36;57.33;48.36;49.14;30.15;53.48;57.64;52.88;53.37;66.11;51;60.97;61.4;71.2;72.2;63.8
O3;uur;µg/m³;2023-10-03T21:00:00+01:00;2023-10-03T22:00:00+01:00;50.1;47.2;56.5;43.8;68.1;61.7;55.93;61.32;59.03;42.05;53.06;56.88;49.43;56.6;74.2;52.08;68.99;52.27;56.76;45.18;74.39;66.93;60.14;66.22;66.35;61.03;51.02;59.55;37.37;43.5;52.53;47.6;49.98;31.14;47.75;54.41;50.15;56.32;63.14;49.77;64.31;62.69;69.2;71.5;65
O3;uur;µg/m³;2023-10-03T22:00:00+01:00;2023-10-03T23:00:00+01:00;51.5;46.1;58.1;40.1;61.8;57.27;57.32;59.53;55.43;39.05;50.17;52.28;45.43;52.76;71.73;47.94;66.23;52.98;55.68;51.45;70.69;65.54;59.57;63.72;64.29;58.43;53.39;57.4;41.19;38.52;52.68;51.42;45.26;28.45;45.03;50.35;43.21;57.64;63.88;47.21;62.44;65.41;68.3;70.3;63.9
O3;uur;µg/m³;2023-10-03T23:00:00+01:00;2023-10-04T00:00:00+01:00;47.1;47.9;55.7;41.5;63.7;54.81;54.69;57.39;53.77;39.74;46.64;49.89;42.04;52.33;69.96;48.86;64.39;55.73;56.42;51.81;69.12;63.7;57.5;62.7;61.45;57.93;46.3;55.76;39.05;45.8;55.94;45.42;48.59;28.92;43.51;45.6;42.4;49.72;60.8;46.06;55.11;59.98;65.8;69;61.8
O3;uur;µg/m³;2023-10-04T00:00:00+01:00;2023-10-04T01:00:00+01:00;46.8;52.8;58.7;36.4;60.2;51.08;52.2;47.85;52.08;39.11;39.65;48.24;39.9;52.27;68.23;43.8;64.32;59.06;52.66;47.92;68.61;63.37;53.22;62.73;61.5;58.77;44.12;54.93;44.05;49.35;55.76;47.96;49.93;26.72;41.72;42.24;43.19;55.54;61.12;51.59;53.06;57.93;61.3;64.8;61.1
O3;uur;µg/m³;2023-10-04T01:00:00+01:00;2023-10-04T02:00:00+01:00;43.3;48.7;54.4;34;55.9;46.73;49.35;46.21;51.88;37.81;38.03;47.41;37.69;49.36;67.62;33.75;64.33;55.06;49.63;46.43;68.93;63.22;50.34;62.83;63.61;58.84;50.59;53.28;40.8;50.01;52.49;46.44;48.71;25.29;39.11;40.34;39.68;54.39;60.74;47.07;56.86;49.25;60;67.6;60.9
O3;uur;µg/m³;2023-10-04T02:00:00+01:00;2023-10-04T03:00:00+01:00;46.2;44.9;46.7;35.7;67.5;43.7;45.31;44.57;50.58;32.75;35.5;44.55;34.12;46.09;67.41;38.3;65.4;45.09;47.45;48.73;69.27;64.23;44.8;64.07;61.5;58.37;52.04;52.3;44.67;48.19;47;48.22;43.87;25.34;36.65;39.09;33.73;52.85;58.86;40.11;55.42;48.05;63.5;67.9;58.7
O3;uur;µg/m³;2023-10-04T03:00:00+01:00;2023-10-04T04:00:00+01:00;52.9;42.3;47.7;33.9;65.3;43.07;42.47;42.2;48.73;28.74;35.23;40.72;28.13;40.92;67.73;34.2;64.83;37.59;47.79;47.79;68.69;64.23;54.48;63.14;58.03;57.18;43.02;44.42;42.45;37.31;42.49;49.71;45.79;23.39;34.75;37.53;34.66;50.34;56.52;37.43;53.6;49.22;63.9;66.2;59.2
O3;uur;µg/m³;2023-10-04T04:00:00+01:00;2023-10-04T05:00:00+01:00;53.3;40;47.9;27;66.4;39.46;38.94;39.36;46.05;24.44;31.03;37.65;26.25;35.95;65.35;30.9;64.62;44.74;47.33;44.29;69.72;59.83;49.39;57.51;58.33;57.42;39.25;36.9;38.8;34.33;36.05;46.33;25.3;22.93;31.67;34.19;34.73;46.11;54.11;36.31;52.99;49.23;62.1;63.1;58.5
O3;uur;µg/m³;2023-10-04T05:00:00+01:00;2023-10-04T06:00:00+01:00;43.6;32.3;41.9;44.9;52.9;36.21;33.97;35.66;41.54;24.62;17.33;30.23;20.07;33.25;48.33;28.33;63.4;34.72;36.87;25.14;66.52;48.14;39.21;45.65;54.16;50.49;33.77;28.91;34.02;19.08;28.26;41.41;23.44;17.07;29.85;29.28;31.11;36.15;51;32.21;51.38;46.76;58.1;51.3;51.3
O3;uur;µg/m³;2023-10-04T06:00:00+01:00;2023-10-04T07:00:00+01:00;35;14.4;20;39.1;48.5;30.88;29.22;31.45;36.27;18.65;19.51;24.94;9.8;28.87;31.98;28.14;60.36;13.79;27.99;21.42;68.96;40.19;27.12;41.3;50.91;44.24;27.24;20.12;18.09;12.89;22.64;25.43;14.42;14.79;26.59;22.61;28.31;33.23;56.55;32.58;47.17;43.79;50.3;36.7;38.4
O3;uur;µg/m³;2023-10-04T07:00:00+01:00;2023-10-04T08:00:00+01:00;28.1;8.3;3.5;43.1;43.1;28.92;27.14;27.7;35.39;17.73;20.88;22.76;9.42;24.74;27.45;26.14;58.79;9.49;26.4;20.99;68.83;34.64;10.96;42.99;49.85;42.23;30.16;18.96;18.14;11.65;13.73;23.42;11.25;13.1;23.01;18.04;28.28;30.76;46.62;32.37;42.01;40.36;33.2;31.2;30.5
O3;uur;µg/m³;2023-10-04T08:00:00+01:00;2023-10-04T09:00:00+01:00;21.3;13.8;16;16.1;48.8;32.74;31.02;31.08;36.97;23.31;25.79;26.44;15.47;30.03;25.05;30.25;59.17;14.23;30.9;24.09;67.62;45;19.96;46.56;51.74;47.88;30.35;21.08;18.43;16.67;18.78;23.65;18.7;18.2;27.21;22.47;31.1;31.38;47.33;34.53;45.28;43.37;22.7;30.2;25.4
O3;uur;µg/m³;2023-10-04T09:00:00+01:00;2023-10-04T10:00:00+01:00;28.2;23.8;21.1;24.7;52.5;37.55;35.5;37.19;40.72;30.32;29.62;29.6;21.41;34.58;31.72;36.77;60.26;28.05;34.07;28.36;67.73;48.87;24.6;52.88;56.93;51.39;34.97;23.43;22.93;23.41;23.75;27.79;27.59;25.5;32.33;31.56;35.12;37.11;50.88;42.45;52.74;51.6;33;46.8;37.2
O3;uur;µg/m³;2023-10-04T10:00:00+01:00;2023-10-04T11:00:00+01:00;34.3;27.2;25.2;37;58.8;44.63;41.68;50.31;47.68;37.75;33.39;35.88;34.42;40.2;45.38;43.69;64.63;28.02;44.55;38.15;70.14;57.71;37.59;56.02;61.41;52.34;36.94;28.8;24.75;28.38;25.71;31.18;32.66;34.83;37.2;37.67;39.64;40.54;58.5;49.45;59.17;55.27;58.3;59.5;59.8
O3;uur;µg/m³;2023-10-04T11:00:00+01:00;2023-10-04T12:00:00+01:00;47;37.5;47.7;55.8;62.2;52.34;48.37;56.1;59.57;43.69;46.58;41.13;43.56;45.35;53.64;50.28;63.16;40.93;47.99;47.97;69.65;56.81;60.08;46.03;63.36;52.81;43.14;41.71;35.63;36.55;37;38.36;45.57;38.77;42.66;43.37;46.62;40.47;61.16;52.48;61.89;61.76;66.8;60.1;62.2
O3;uur;µg/m³;2023-10-04T12:00:00+01:00;2023-10-04T13:00:00+01:00;58.3;47.1;57.6;55.7;63.2;56.75;54.28;61.47;62.22;50.18;53.34;48.06;46.35;55.2;68.51;54.38;64.82;57.46;48.68;51.66;71.13;53.85;61.82;48.38;64.85;54.87;45.81;58.24;41.71;47.12;49.17;48.58;50.1;41.66;50.28;50.92;49.9;39.91;59.94;53.19;63.28;64.62;68.1;65.8;65.9
O3;uur;µg/m³;2023-10-04T13:00:00+01:00;2023-10-04T14:00:00+01:00;60.2;51.7;58.6;58.1;67.4;59.64;58.83;62.68;66.09;51.57;54.86;48.81;49;56.19;73.66;53.34;66.72;61.2;59.85;52.17;72.12;62.22;59.27;50.28;62.96;57.82;49.03;56.85;46.86;48.65;54.77;50.85;50.75;43.97;55.7;53.18;50.94;46.56;61.9;49.9;62.17;67.02;68.2;66.1;65.3
O3;uur;µg/m³;2023-10-04T14:00:00+01:00;2023-10-04T15:00:00+01:00;64.1;50.5;61;58.3;70.1;59.38;57.58;61.46;66.52;50.4;56.74;48.85;49.26;53.44;76.02;56.06;70.74;63.4;64.85;62.47;72.39;65.04;62.49;57.07;66.44;56.08;60.54;62.47;50.12;52.12;54.26;55.78;63.39;44.85;53.73;52.27;47.98;48.63;60.87;50.05;61.51;65.57;70.5;64.7;66.6
O3;uur;µg/m³;2023-10-04T15:00:00+01:00;2023-10-04T16:00:00+01:00;65.7;54.3;63.8;59.9;71.6;56.75;55.76;60.93;63.75;54.85;54.92;47.98;53.13;54.63;76.93;61.62;72.1;63.77;66.46;66.2;74.29;64.71;65.7;58.25;68.71;54.99;60.62;63.99;57.09;59.76;60.22;62.78;65.9;39.6;60.06;49.73;51.23;55.65;63;49.16;62.03;66.15;67.1;65.7;66
O3;uur;µg/m³;2023-10-04T16:00:00+01:00;2023-10-04T17:00:00+01:00;66.8;58.5;66.1;64.8;72.4;55.95;53.25;53.12;58.98;53.86;59.76;48.33;54.23;54.58;75.78;65.63;72.67;66.44;67.01;66.63;76.64;65.66;67.02;58.17;61.13;58.26;61.23;62.96;54.4;58.76;55.8;61;65.7;40.62;64.54;48.85;48.22;57.04;63.51;45.44;59.13;66.58;68.6;67.8;66.6
O3;uur;µg/m³;2023-10-04T17:00:00+01:00;2023-10-04T18:00:00+01:00;65.7;58.5;64.6;64;73.2;51.38;52.35;49.12;48.82;48.21;64.22;46.12;54.42;48.7;77.14;55.54;74.8;65;63.69;68.64;79.34;65.49;66;64.28;60.94;60.95;59.63;61.47;49.71;56.42;57.52;58.42;67.98;32.59;63.45;45.34;57.77;55.47;59.79;48.94;60.26;65.36;71.2;65.2;66.1
O3;uur;µg/m³;2023-10-04T18:00:00+01:00;2023-10-04T19:00:00+01:00;57.9;52.2;52.2;50.7;66.1;44.53;48.21;46.51;49.35;31.11;61.74;39.54;42.14;40.93;75.93;47.19;75.65;60.6;55.95;60.28;83;61.08;59.88;56.36;54.96;65.41;56.96;50.71;45.67;55.38;43.95;55.92;59.08;25.46;62.54;46.35;56.97;55.49;61.4;51.83;58.78;64.04;67.5;67.3;67.2
O3;uur;µg/m³;2023-10-04T19:00:00+01:00;2023-10-04T20:00:00+01:00;55.7;42;45.4;30.7;54.9;42.03;41.24;42.57;49.34;32.81;45.92;33.36;46.34;32.73;73.39;52.22;70.97;43.39;59.79;47.61;80.6;52.56;43.55;45.62;49.73;66.66;51.31;48.69;46.75;48.03;42.89;57.24;43.27;25.15;56.37;38.9;52.96;53.52;62.44;54.43;57.54;62.05;61;67.9;68.5
O3;uur;µg/m³;2023-10-04T20:00:00+01:00;2023-10-04T21:00:00+01:00;55.9;41.9;42;41.9;48.8;44.89;36.25;36.31;49.15;29.97;56.32;28.79;44.19;29.82;62.43;48.66;71.49;43.77;56.7;53.53;79.87;41.66;45.47;39.31;57.35;65.55;51.88;46.47;48.71;43.85;42.58;56.64;30.44;20.88;53.87;37.08;51.36;50.02;58.73;50.54;55.69;60;57.5;64.5;55.1
O3;uur;µg/m³;2023-10-04T21:00:00+01:00;2023-10-04T22:00:00+01:00;54.6;47.7;39.3;56.7;48.7;41.19;35.61;39.53;48.54;22.74;51.12;29.78;50.62;28.66;59.08;48.16;74.17;51.43;55.47;54.78;79.19;43;47.71;56.85;69.56;65.17;50.3;41.39;46.01;41.89;43.33;49.45;44.67;17.29;52.23;40.31;49.32;48.91;55.31;49.4;55.86;60.49;50;44;49.9
O3;uur;µg/m³;2023-10-04T22:00:00+01:00;2023-10-04T23:00:00+01:00;50.6;44.9;39.6;46.2;58.7;41.41;37.2;46.55;45.12;35.9;50.63;39.43;52.12;40.77;56.65;49.87;71.91;48.05;55.75;57.34;77.51;65.63;46.1;67.25;69.68;65.46;47.54;43.79;46.75;46.51;46.08;50.96;48.3;20.98;49.87;45.02;47.56;48.68;57.59;53.62;52.39;57.08;50.4;43.5;44.2
O3;uur;µg/m³;2023-10-04T23:00:00+01:00;2023-10-05T00:00:00+01:00;49.3;40.1;37;51.5;56.5;42.61;44.44;48.48;45.76;38.73;52.83;47.91;48.21;50.19;57.92;49.24;69.15;46.7;54.46;55.13;76.44;67.14;46.76;67;67.88;64.25;44.74;42.13;44.77;46.5;46.03;49.68;48.67;30.96;51.68;47.4;46.91;49.3;62.62;53.67;50.02;54.57;51.8;67;59.5
O3;uur;µg/m³;2023-10-05T00:00:00+01:00;2023-10-05T01:00:00+01:00;50.3;41.9;41.7;56.9;59.3;44.73;51;50.7;44.41;41.87;50;50.38;47.18;53.68;56.72;44.84;69.83;49.55;53.65;54.08;75.41;65.65;42.55;67.8;67.62;65.29;42.59;37.18;45.59;49.07;43.34;49.75;50.37;27.97;51.58;46.79;45.31;44.77;62.96;50.05;54.55;52.91;70.6;72.9;67.1
O3;uur;µg/m³;2023-10-05T01:00:00+01:00;2023-10-05T02:00:00+01:00;52.3;41.1;49.7;56.3;61;49.66;52.19;54.22;49.52;42.24;45.08;50.32;46.37;52.07;52.71;44.32;68.92;48.17;53.13;52.72;74.43;67.32;53.46;67.22;66.89;62.53;42.98;39.94;46.34;52.31;39.03;50.24;52.88;30.04;49.32;46.92;45.77;42.75;62.78;45.72;55.01;51.64;70.1;71.9;66.1
O3;uur;µg/m³;2023-10-05T02:00:00+01:00;2023-10-05T03:00:00+01:00;60;55.8;61.7;52.9;68.5;51.56;51.32;55.19;52.78;40.65;43.11;48.08;42.27;50.48;45.85;42.22;69.67;55.38;46.12;47.2;75.27;68.56;63.59;68.09;64.91;64.37;43.68;56.23;45.13;51.77;51.76;48.48;47.13;32.65;44.94;45.07;44.31;42.29;61.73;42.7;56.31;48.7;71;72.5;67.5
O3;uur;µg/m³;2023-10-05T03:00:00+01:00;2023-10-05T04:00:00+01:00;57.1;54.7;61;54.3;61.9;52.49;50.35;52.53;49.55;35.64;44.75;48.19;39.17;49.84;50.93;40.25;68.78;53.21;43.59;45.58;75.2;64.46;64;65.5;63.62;64.26;41.71;60.61;42.98;47.81;57.63;48.59;44.61;32.45;44.75;42.89;47.7;42.08;60.12;41.08;57.46;49.74;71;73.4;67
O3;uur;µg/m³;2023-10-05T04:00:00+01:00;2023-10-05T05:00:00+01:00;44.2;50.9;59.5;50.4;68.8;49.86;49.38;50.34;48.83;37.34;41.39;46.59;35;46.95;66.3;39.42;66.63;42.64;43.75;44.22;75.03;60.41;58.57;57.16;63.52;63.64;40.42;;39.42;43.6;51.02;44.5;39.59;30.59;41.07;40.18;39.31;44.55;59.56;40.08;54.1;55.28;70.7;72;66.2
O3;uur;µg/m³;2023-10-05T05:00:00+01:00;2023-10-05T06:00:00+01:00;54.7;42.4;52.9;53.1;64.6;46.62;46.1;48.14;48.22;31.24;39.67;38.63;29.93;41.93;54.83;37.12;67.09;49.98;40.42;39.31;75.04;56.97;50.23;54.04;59.9;59.06;40.74;44.05;31.24;32.03;32.23;37.24;36;25.55;38.4;36.66;37.19;46.56;57.21;39.1;51.43;55.12;68.7;68;62.8
O3;uur;µg/m³;2023-10-05T06:00:00+01:00;2023-10-05T07:00:00+01:00;53.5;35.6;48.8;47.4;52.6;43.16;39.72;41.07;45.56;30.62;35.16;32.41;29;36.01;46.01;33.09;69.64;42.11;39.78;31.84;74.12;54.58;45.19;60.98;55.4;53.99;34.25;30.79;23.33;18.21;19.11;32.12;32.53;17.02;33.04;33.4;31.22;45.21;54.02;40.5;52.01;51.86;62.9;58.9;56
O3;uur;µg/m³;2023-10-05T07:00:00+01:00;2023-10-05T08:00:00+01:00;52.3;32.7;47.1;47;54.5;42.58;35.33;37.93;39.84;24.44;33.85;27.48;22.52;30.78;43.33;31.78;65.28;33.57;38.99;31.11;71.38;53.64;45.75;57.01;53.29;47.78;33.74;18.78;21.74;17.08;16.82;29.22;21.1;20.87;28.11;27.22;29.14;40.94;52.49;38.59;51.41;48.63;58.8;55.5;51.2
O3;uur;µg/m³;2023-10-05T08:00:00+01:00;2023-10-05T09:00:00+01:00;54.2;38.5;53.1;50.6;57.5;39.81;35.82;39.72;36.97;27.76;30.86;30.28;28.02;33.16;41.34;28.84;65.22;42.75;38.82;35.14;69.17;51.28;52.71;57.63;52.67;48.64;33.73;16.93;20.48;17.44;18.61;27.67;21.69;23.08;31.74;26.91;31.92;41.22;51.64;39.91;51.86;50.89;48.5;44.7;49.2
O3;uur;µg/m³;2023-10-05T09:00:00+01:00;2023-10-05T10:00:00+01:00;55.9;43.2;54.4;48.9;61.1;40.07;42.8;42.83;39.56;34.72;30.39;35.31;30.36;36.21;42.01;32.58;66.47;52.35;39.46;37.73;69.73;55.73;55.22;57.82;50.96;47.67;37.08;35.71;25.74;26.32;25.19;31.14;32.83;30.2;34.14;32.69;35.04;40.44;50.06;42.08;52.4;48.78;54.8;51.3;50.7
O3;uur;µg/m³;2023-10-05T10:00:00+01:00;2023-10-05T11:00:00+01:00;48.9;48.6;58.4;51.7;59;40.97;45.18;44.49;42.3;35.9;36.05;37.2;30.12;40.58;43.94;35.84;66.72;55.81;40.25;37.54;70.1;54.56;52.99;51.36;56.15;49.82;42.12;52.79;25.72;30.73;40.65;32.57;36.57;32.47;39.23;40.93;41.91;40.68;55.55;43.9;51.8;47.08;56.5;50.8;50.3
O3;uur;µg/m³;2023-10-05T11:00:00+01:00;2023-10-05T12:00:00+01:00;47.8;55.1;63.9;54;65.9;43.4;46.92;45.22;48.38;40.44;43.39;39.6;35.56;43.7;51.83;47.38;65.4;56.93;48.92;39.79;72.73;59.48;63.97;57.87;61.15;55.43;48.84;60.74;31.56;35.5;51.37;37.83;38.94;37.87;38.29;43.61;48.66;42.82;58.6;40.62;53.39;49.53;62.3;60.2;58.3
O3;uur;µg/m³;2023-10-05T12:00:00+01:00;2023-10-05T13:00:00+01:00;62;55.4;69;58.9;66.8;49.13;54.05;50.97;54.18;53.25;50.25;47.63;47.3;54.97;72.58;59.33;69.24;62.72;55.43;47.43;74.61;64.08;66.37;61.49;64.85;58.75;53.87;62.39;34.84;38;59.79;41.15;50.34;41.58;48.74;49.46;49.67;57.28;59.21;47.05;57.74;54.67;70.8;65.4;65.3
O3;uur;µg/m³;2023-10-05T13:00:00+01:00;2023-10-05T14:00:00+01:00;68.4;59.9;72.6;64.3;70.6;59.45;59.94;56.22;58.55;61.92;60.68;48.48;56.14;59.88;75.45;64.49;75.66;65.66;65.94;56.22;78.32;66.48;68.27;62.98;65;58.4;63.92;63.48;45.48;49.41;59.98;53.07;59.45;42.83;50.4;56.16;54.72;61.34;60.65;58.23;61.07;58.46;73.2;68.8;68.9
O3;uur;µg/m³;2023-10-05T14:00:00+01:00;2023-10-05T15:00:00+01:00;67.7;60.3;74.3;64.1;73.5;59.87;63.82;60.63;63.42;66.29;63.16;55.35;54.98;64.08;73.84;67.23;74.69;67.45;72.17;72.67;80.27;68.03;69.29;60.46;68.78;60.28;67;68.58;57.38;63.4;61.16;63.73;67.25;41.63;53.83;56;54.96;62.2;63.89;58.36;64.14;56.59;71.2;68.3;71.1
O3;uur;µg/m³;2023-10-05T15:00:00+01:00;2023-10-05T16:00:00+01:00;68.5;58.2;74.6;68.9;70.6;60.88;63.72;61.43;64.92;66.73;63.88;55.89;54.15;61.46;72.94;70.05;76.86;68.12;69.34;71.66;79.61;66.36;72.5;60.47;67.38;64.77;67.27;65.03;62.34;66.57;62.26;71.17;68.36;38.97;61.74;59.43;60.6;61.67;64.51;62.12;62.96;54.81;74;68.2;70.9
O3;uur;µg/m³;2023-10-05T16:00:00+01:00;2023-10-05T17:00:00+01:00;66.8;57;62.5;63.6;71.3;57.84;62.19;64.34;69.25;61.14;61.73;49.34;56.62;52.68;77.25;64.7;68.22;66.36;66.79;67.12;78.19;68.24;68.92;44.21;62.19;62.09;67.36;61.88;56.11;58.43;52.39;70.59;68.35;38.27;68.39;60.44;49.37;59.87;62.94;61.38;61.26;56.33;59.9;66.7;72.8
O3;uur;µg/m³;2023-10-05T17:00:00+01:00;2023-10-05T18:00:00+01:00;51.4;47.2;58.3;57.5;64;49.55;54.1;54.8;61.41;51.22;55.8;41.96;49.05;46.65;74.57;45.97;63.22;59.17;60.83;64.02;76.65;61.47;60.84;46.5;55.69;58.7;58.8;63.69;50.95;54.56;53.87;62.22;62.77;35.67;64.29;50.33;50.02;52.22;55.86;43.87;55.35;59.18;63;63.1;65.4
O3;uur;µg/m³;2023-10-05T18:00:00+01:00;2023-10-05T19:00:00+01:00;47.5;47;42.5;40.6;59.4;37.83;44.08;28.6;36.93;33.52;30.58;35.47;37.02;36.5;68.51;43.98;61.97;46.15;55.96;56.19;68.95;52.11;34.52;43.83;62.73;57.32;47.44;46.77;47.63;46.43;47.02;60.86;52.36;26.06;55.68;44.4;45.85;51.12;53.85;42.5;52.52;48.68;43.3;62.5;59.8
O3;uur;µg/m³;2023-10-05T19:00:00+01:00;2023-10-05T20:00:00+01:00;52.9;42;40.7;36.7;28.9;30.88;38.53;16.79;6.68;31.41;32.59;34.2;36.8;36.73;64.35;40.08;51.42;43.46;48.12;38.94;72.51;43.59;38.63;35.85;54.21;48.69;48.45;32.95;44.53;35.96;31.22;58.7;32.6;23.47;53.97;39.43;40.28;52.45;54.64;38.98;44.56;47.9;55.7;53.6;49.1
O3;uur;µg/m³;2023-10-05T20:00:00+01:00;2023-10-05T21:00:00+01:00;51;44;38;36;36.2;27.31;34.19;14.28;36.01;32.4;42.24;34.18;30.85;31.63;51.11;35.7;50.66;33.78;35.02;25.06;60.78;43.59;38.99;35.05;54.21;44.35;44.53;29.18;44.75;33.97;26.7;55.23;19.64;17.04;50.12;29.85;39.73;44.96;54.82;37.92;48.7;50.27;57.4;44.8;48.3
O3;uur;µg/m³;2023-10-05T21:00:00+01:00;2023-10-05T22:00:00+01:00;50.7;33.5;41.3;30.6;47.8;26.08;29.42;22.05;46.66;35.64;43.39;30.37;31.18;25.69;47.69;31.84;53.39;39.32;29.63;26.61;48.77;51.81;41.78;37.83;57.5;35.71;45.68;34.78;39.3;23.14;25.55;42.41;21.67;19.93;37.24;24.38;39.03;47.38;57.36;39.39;53.04;54.32;50.9;45.7;48.6
O3;uur;µg/m³;2023-10-05T22:00:00+01:00;2023-10-05T23:00:00+01:00;43.7;23.7;39.7;28.6;46.4;20.37;31.93;28.54;47.99;33.57;40.66;33.25;31.1;28.36;45.02;30.97;55.73;30.07;36.13;30.78;63.82;49.57;38.92;42.14;48.2;32.81;45.56;33.43;31.83;25.97;28.97;33.69;22.56;20.56;29.99;26.98;37.55;34.12;53.41;41.58;52.94;53.88;46.9;50.2;47.6
O3;uur;µg/m³;2023-10-05T23:00:00+01:00;2023-10-06T00:00:00+01:00;43;29.3;35.7;24.2;42.6;27.96;31.03;33.57;47.32;34.53;49.54;30.13;29.64;27.31;53.59;36.28;49.72;20.66;40.52;32.37;57.45;45.06;41.47;43.68;44.21;39.67;41.66;21.88;28.92;26.41;22.62;30.97;23.15;21.12;33.17;33.47;31.62;43.9;50.73;45.61;51.53;47.73;46.6;46.4;43.4
O3;uur;µg/m³;2023-10-06T00:00:00+01:00;2023-10-06T01:00:00+01:00;46.4;33.1;32.7;24.6;36.9;33.46;31.65;40.5;46.33;32.26;49.94;29.75;28.85;31.44;51.81;39.39;51.44;32.7;41.62;27.99;60.49;43.12;41.22;44.56;46.86;42.19;34.58;26.59;27.63;27.07;26.74;28.55;25.22;20.01;32.96;33.51;29.76;45.9;48.63;45.04;48.81;49.45;45.1;45;42.9
O3;uur;µg/m³;2023-10-06T01:00:00+01:00;2023-10-06T02:00:00+01:00;50.4;44.3;34.2;34.3;43.4;34.8;30.89;43.63;51.33;31.35;39.56;31.23;30.25;30.84;51.15;38.45;46.83;39.9;43.85;39.92;70.72;43.35;46.87;46.79;62.6;58.42;33.43;25.88;30.98;30.95;29.92;32.91;23.19;21.43;31.65;31.65;32.7;34.53;47.33;41.72;49.72;49.66;46.1;49.8;48.5
O3;uur;µg/m³;2023-10-06T02:00:00+01:00;2023-10-06T03:00:00+01:00;56.3;43.7;38.1;40.2;48.2;37.33;29.19;46.1;50.86;32.25;31.5;28.48;33.4;28.71;55.28;41.31;51.45;41.71;45.03;48.09;52.71;50.26;49.32;51.66;73.9;40.24;34.46;29.93;33.36;34.81;33.92;35.76;26.35;24.12;33.43;30.45;31.32;37.91;44.85;42.49;49.69;50.53;45.4;48.9;45.7
O3;uur;µg/m³;2023-10-06T03:00:00+01:00;2023-10-06T04:00:00+01:00;54.5;36.6;37.8;40.5;44.7;38.42;27.88;44.16;51.92;30.7;29.62;29.85;34.48;26.64;55.71;39.76;54.62;32.35;47.9;37.32;54.94;51.63;49.28;50.8;73.31;43.55;37.21;38.67;36.46;38.19;35.79;40.91;28.72;23.16;34.69;32.62;32.47;38.3;44.79;43.53;49.3;48.79;55.9;55.9;53
O3;uur;µg/m³;2023-10-06T04:00:00+01:00;2023-10-06T05:00:00+01:00;50;35;44;38.3;48.7;35.96;29.75;48.13;49.85;31.2;31.73;30.77;30.96;28.57;54.29;35.64;50.95;38.28;42.28;33.56;55.37;51.47;43.46;39.49;71.81;46.49;41.68;36.07;38.46;38.14;33.83;40.02;25.56;26.78;36.13;31.77;34.08;40.42;42.97;40.65;53.18;46.55;58.7;59.4;56.5
O3;uur;µg/m³;2023-10-06T05:00:00+01:00;2023-10-06T06:00:00+01:00;44.8;25;42.9;41.3;47.7;34.85;33.18;47.12;50.36;36.06;30.88;31.72;26.41;26.57;46.04;33.1;49.9;24.61;38.2;30.08;52.57;48.32;41.33;35.29;57;42.95;41.16;33.57;35.46;33.67;26.91;38.87;29.67;29.13;37.6;31.96;36.49;44.26;48.9;41.75;47.55;43.38;;56;54.5
O3;uur;µg/m³;2023-10-06T06:00:00+01:00;2023-10-06T07:00:00+01:00;35.7;21.8;28.4;30.8;39.5;35.43;32.98;41.82;47.08;35.5;31.77;27.84;24.56;28.1;41.85;31.42;44.08;23.79;34.69;22.22;51.14;40.54;29.42;30.5;59.72;40.62;38.68;28.46;31.24;27.86;24.95;34.1;25.34;26.4;34.34;31.71;43.29;44.35;49.23;43.2;48.16;44.26;43.4;48.6;49.2
O3;uur;µg/m³;2023-10-06T07:00:00+01:00;2023-10-06T08:00:00+01:00;36.1;25.2;24.8;28.6;28.5;36.23;30.94;44.62;46.84;33.92;28.27;24.74;23.28;26.06;42.12;31.65;35.78;24.35;34.4;30.04;44.99;31.08;22.65;22.29;62.59;33.37;37.66;28.71;26.66;22.86;26.37;29.9;25.62;30.23;32.63;32.18;36.89;41.55;45.83;43.82;50.46;45.12;39.1;42.6;44.7
O3;uur;µg/m³;2023-10-06T08:00:00+01:00;2023-10-06T09:00:00+01:00;39.1;28.1;22.5;34.2;37.2;43.51;40.03;49.6;52.8;36.27;31.67;27.55;29.29;34.66;44.28;32.36;36.5;30.2;38.25;31.46;43.08;37.02;29.31;26.8;63.52;33.35;37.75;30.31;28.35;26.88;31.04;33.95;28.53;35.38;37.46;34.82;39.89;38.71;43.01;47.25;48.55;46.78;;39.3;41.7
O3;uur;µg/m³;2023-10-06T09:00:00+01:00;2023-10-06T10:00:00+01:00;40.2;30.8;29.8;33.3;43;48.32;47.62;52.13;60.48;44.75;37;39.59;31.74;45.82;51.87;34.55;43.82;34.24;43.01;44.67;50.45;39.42;32.95;32.48;64.23;35.58;44.77;37.31;31.08;33.02;31.73;35.49;39.91;38.84;45.89;41.7;48.83;39.34;43.39;46.27;48.86;46.85;;34.1;38.3
O3;uur;µg/m³;2023-10-06T10:00:00+01:00;2023-10-06T11:00:00+01:00;42.6;32.7;33.5;37.6;46.7;53.43;55.39;53.16;63.15;52.89;39.36;52.24;41.11;55.76;55.73;38.93;50.5;38.49;47.93;46.34;62.91;45.38;35.05;39.17;71.25;48.04;44.21;;38.6;39.01;38.2;43.93;44.69;43.26;51.9;51.64;52.96;43.56;45.7;47.37;57.81;50.25;;36.1;36.1
O3;uur;µg/m³;2023-10-06T11:00:00+01:00;2023-10-06T12:00:00+01:00;48.9;37.8;38.3;46.9;49.3;64.67;64.76;63.29;63.99;53.61;46.21;54.85;45.94;59.3;63.03;48.97;54.23;45.84;50.66;51.02;70.74;54.73;42.98;42.78;71.86;61.1;47;;44.86;47.95;45.24;51.02;52.04;48.85;54.43;58.07;54.63;44.51;60.01;50.49;64.69;53.92;56.3;63.5;53.8
O3;uur;µg/m³;2023-10-06T12:00:00+01:00;2023-10-06T13:00:00+01:00;56.9;43.9;48.3;55.2;48.4;67.98;67.62;69.99;71.67;57.71;53.48;56.3;44.91;59.99;67.94;56.64;66.11;54.95;55.99;48.76;83.86;62.2;55.03;47.1;74.13;67.61;49.69;;49.83;52.75;54.83;54.42;52.47;56.42;57.42;60.53;56.39;46.46;69.12;54.2;71.14;56.78;67.7;70;65.1
O3;uur;µg/m³;2023-10-06T13:00:00+01:00;2023-10-06T14:00:00+01:00;62.2;51;54.2;61.5;67.6;69.46;69.39;69.13;73.56;61.24;60.73;60.34;49.92;67.16;74.97;62.26;75.58;63.27;61.82;58.3;85.63;71.14;61.96;55.45;76.52;71.05;60.3;;51.97;53.99;61.21;57.73;57.96;57.31;58.2;60.31;56.93;53.33;70.6;56.5;70.68;65.85;80.4;79.8;78.7
O3;uur;µg/m³;2023-10-06T14:00:00+01:00;2023-10-06T15:00:00+01:00;73.2;59.2;68.9;75.8;73.4;69.21;71.27;72.48;75.37;68.84;61.35;65.33;56.87;70.9;81.97;69.34;77.4;72.08;67.79;67.04;90.56;77.76;75.44;63.04;75.72;74.51;64.51;;57.08;59.41;64.02;62.56;64.8;57.74;60.06;63.03;57.93;60.46;70.29;56.47;67.89;71.31;78.7;79.5;77.1
O3;uur;µg/m³;2023-10-06T15:00:00+01:00;2023-10-06T16:00:00+01:00;75.6;63.9;76.1;80;77.6;73.05;73.03;74.88;76.59;70.93;67.52;69.09;57.92;75.09;87.83;73.37;83.37;77.43;63.85;66.52;86.34;87.59;79.55;67.87;73.95;71.69;63.63;;61.5;64.01;70.46;69.18;67.73;53.84;64.52;64.64;56.54;62.28;69.53;57.77;68.18;68.95;81.4;82.8;80.5
O3;uur;µg/m³;2023-10-06T16:00:00+01:00;2023-10-06T17:00:00+01:00;72.4;61.1;75.5;75;70;72.13;76.61;71.67;72.55;70.11;67.54;70.1;56.48;75.21;87.76;73.81;82.7;79.29;68.37;61.92;86.49;81.37;76.01;67.5;71.01;70.9;67.65;;61.1;62.52;74.89;69.01;63.88;46.67;66.1;65.16;57.65;60.1;69.85;59.62;66.34;68.57;78.9;82.6;78.1
O3;uur;µg/m³;2023-10-06T17:00:00+01:00;2023-10-06T18:00:00+01:00;76.8;56.7;70.6;77.9;67.7;69.21;74.21;59.3;64.87;63.72;66.96;64.53;54.48;68.81;81.48;70.88;79.72;78.63;71.87;60.63;86.56;76.9;75.87;58.62;79.11;73.51;76.44;;56.7;58.94;75.31;64.94;63.12;48.4;64.87;61.2;59.88;62.76;74.27;60.46;68.33;69.06;81.8;83.9;81.2
O3;uur;µg/m³;2023-10-06T18:00:00+01:00;2023-10-06T19:00:00+01:00;68.6;51.4;63.4;63;57.2;58.68;68.6;50.58;61.26;55.33;59.28;60.91;54.18;66.43;72.66;64.49;67.71;72.23;65.58;62.66;83.3;65.84;60.4;51.74;79.18;69.46;78.46;74.63;62.32;62.81;70.95;69.04;69.33;41.53;62.76;62.36;61.55;68.14;78.15;62.55;72.83;72.15;78.6;83.1;77.5
O3;uur;µg/m³;2023-10-06T19:00:00+01:00;2023-10-06T20:00:00+01:00;66.2;49.5;57.9;69.5;62.5;52.2;62.66;54.95;62.74;53.3;59.05;53.42;47.49;59.28;74.54;61.96;76.48;61.37;63.91;63.92;83.42;64.18;64.76;61.1;77.58;66.75;75.93;62.91;64.04;69.01;62.94;70.75;66.09;45.2;57.56;59.75;58.42;68;76.61;68.97;73.7;77.36;74;77.3;72.3
O3;uur;µg/m³;2023-10-06T20:00:00+01:00;2023-10-06T21:00:00+01:00;65.8;51.2;61.7;73.3;66.4;46.93;59.64;56.53;64.97;50.81;61.36;51.96;53.58;54.28;67.65;63.38;74.59;63.54;61.37;50.12;82.06;76.01;64.95;61.45;72.34;66.58;65.89;65.98;56.53;60.08;60.3;62.54;60.33;48.24;57.77;59.4;57.11;68.95;74.11;69.65;72.25;77.38;75.1;79.5;73.6
O3;uur;µg/m³;2023-10-06T21:00:00+01:00;2023-10-06T22:00:00+01:00;70;51.1;65.4;71.4;53.1;49.74;54.57;57.47;65.63;49.68;60.61;48.73;56.34;49.57;69.78;64.99;70.78;71.97;55.49;52.52;77.06;75.03;64.7;57.68;69.88;63.44;63.18;66.31;50.88;59.77;61.34;57.87;63.65;42.82;55.73;52.15;61.5;60.17;68.08;70.83;71.95;76.51;71.8;79.4;69.1
O3;uur;µg/m³;2023-10-06T22:00:00+01:00;2023-10-06T23:00:00+01:00;70;51.8;68.1;70.1;60.2;48.7;49.47;51.08;63.55;49.52;62.26;50.14;56.57;55.73;67.08;59.39;67.9;70.57;61.21;59.93;74.6;71.85;63.81;47.06;69.55;64.87;64.35;65.41;53.8;61.35;63.58;60.81;54.78;37.83;53.36;49.75;61.91;59.71;69.13;65.43;67.97;71.71;70.7;71.4;68.6
O3;uur;µg/m³;2023-10-06T23:00:00+01:00;2023-10-07T00:00:00+01:00;60.7;54.9;65.9;64.9;32.9;53.98;48.8;46;60.71;49.07;59;55.29;54.32;59.34;66.99;56.52;62.95;61.76;60.67;59.68;74.39;59.08;67.59;51.64;68.28;63.47;64.61;61.72;51.17;57.18;60.21;56.46;55.87;42.11;52.12;50.58;57.8;57.85;67.24;62.04;62.86;68.54;69;71.9;67.9
O3;uur;µg/m³;2023-10-07T00:00:00+01:00;2023-10-07T01:00:00+01:00;61;46.1;58;59;34.1;52.02;55.42;52.06;56.22;51.46;57.45;59.73;52.29;63.14;69.33;53.57;65.07;55.11;57.32;58.77;70.74;53.12;54.64;55.89;63.49;61.16;61.28;56.37;51.72;57.17;56.15;56.64;51.63;39.17;60.81;54.33;56.49;58.29;63;61.28;63.68;68.47;67.5;71.8;66.6
O3;uur;µg/m³;2023-10-07T01:00:00+01:00;2023-10-07T02:00:00+01:00;55;44.2;53;51.9;33.4;57.76;61.76;59.53;56.08;49.5;54.57;58.32;51.02;61.62;63.33;50.49;65.27;52.96;48.93;54.07;67.65;57.38;61.08;59.88;53.57;55.71;56.99;50.03;48.16;52.24;49.65;53.04;48.59;40.52;56.35;51.73;54.53;55.84;55.71;58.81;51.1;60.62;64.7;66.7;62.2
O3;uur;µg/m³;2023-10-07T02:00:00+01:00;2023-10-07T03:00:00+01:00;58.8;48;55.2;45.9;38.5;;;;;;;;;;;;;;;;;;;;;;;;;;;;;;;;;;;;;;59;63.3;59
O3;uur;µg/m³;2023-10-07T03:00:00+01:00;2023-10-07T04:00:00+01:00;59.8;51.2;58.3;41.4;39;57.41;57.04;59.51;66.38;44.97;46.61;52.27;43.27;56.76;65.72;49.94;64.04;49.3;55.36;43.26;60.69;59;60.55;58.77;43.85;;49.18;53.67;38.01;42.91;54.9;42.51;39.46;41.93;49.32;45.14;51.12;47.55;44.6;50.63;47;45.66;58.2;61.5;55.9
O3;uur;µg/m³;2023-10-07T04:00:00+01:00;2023-10-07T05:00:00+01:00;56.7;41.5;49.3;45.6;36;55.45;54.01;59.77;66.02;41.75;45.32;50.64;40.12;54.99;68.02;47.54;60;50.4;54.74;45.33;57.98;50.79;57.43;56.66;44.66;48.65;49.6;52.55;34.95;38.94;50.4;39.22;39.73;37.76;45.21;42.07;47.36;43.3;42.93;45.97;44.25;44.35;56.3;59;53
O3;uur;µg/m³;2023-10-07T05:00:00+01:00;2023-10-07T06:00:00+01:00;53.5;38.8;47.1;51.3;32.6;51.88;52.18;58.14;64.64;41.15;50.16;48.78;40.95;51.26;68.27;42.62;56.94;51.91;54.54;48.01;58.77;45.19;52.74;47.41;44.44;45.45;46.29;47.64;36.23;41.87;47.65;42.51;53.24;33.15;40.39;38.73;42.95;41.38;42.17;41.77;42.83;42.25;43.6;55.6;50.3
O3;uur;µg/m³;2023-10-07T06:00:00+01:00;2023-10-07T07:00:00+01:00;54.1;36.5;33.7;55.7;42.3;50.97;48.87;55.24;63.94;36.12;45.24;45.38;46.95;48.5;68.19;40.26;52.26;46.1;54.08;44.09;61.51;47.4;49.9;34.71;45.57;47.62;43.89;39.91;42.13;47.73;40.15;45.29;46.64;30.77;41.28;37.05;40.76;40.63;42.08;37.86;42.05;42.15;32.9;54.6;50.8
O3;uur;µg/m³;2023-10-07T07:00:00+01:00;2023-10-07T08:00:00+01:00;57.2;45.5;34.9;50.3;51;50.51;47.2;54.21;62.39;37.68;43.18;44.75;44.91;47.28;62.61;38.1;50.65;44.38;48.91;43.22;64.05;52.04;52.96;43.18;46.99;52.51;44.34;45.03;39.91;43.72;41.53;43.63;41.77;32.39;42.33;35.98;39.71;40.55;42.81;37.41;41.44;39.21;28.1;55.6;48.9
O3;uur;µg/m³;2023-10-07T08:00:00+01:00;2023-10-07T09:00:00+01:00;54.3;48.2;53.6;59.4;56.1;49.94;46.44;53.74;63.58;42.75;44.37;44.99;44.63;48.41;58.67;40.56;57.36;57.48;53.31;43.77;64.96;59.12;65.05;48.3;49.08;56.2;45.53;51.14;41.92;41.6;46.55;44.56;46.67;35.03;44.19;36.82;43.02;42.65;44.51;39.55;43.6;41.54;32.7;56.1;51.4
O3;uur;µg/m³;2023-10-07T09:00:00+01:00;2023-10-07T10:00:00+01:00;61.1;49.4;59.1;62.9;65.8;53.58;52.47;52.71;62.54;49.83;49.19;48.7;49.38;52.99;64.2;52.19;74.71;63.41;55.78;45.79;75.99;71.93;64.72;59.64;57.25;61.74;53.27;61.03;45.36;51.21;54.6;47.98;54.29;36.14;48.14;44.09;44.79;44.17;49.97;43.87;48.06;46.75;52.8;63.8;61.8
O3;uur;µg/m³;2023-10-07T10:00:00+01:00;2023-10-07T11:00:00+01:00;64.3;49.4;62.5;62.4;69.2;57.27;58.04;58.55;64.22;54.15;58.5;53.12;55.49;57.82;68.56;62.63;79.2;64.87;61.84;53.02;80.04;74.31;66.62;67.32;63.1;65.29;59.08;70.61;57.63;59.44;66.91;60.28;60.56;43;55.25;54.55;52.36;54.78;55.93;50.09;55.23;52.39;73.5;74.9;73.6
O3;uur;µg/m³;2023-10-07T11:00:00+01:00;2023-10-07T12:00:00+01:00;71.5;63.1;74.7;68.3;70.9;62.35;63.25;64.62;66.6;59.2;62.96;56.25;59.02;61.81;78.54;68.4;81.97;73.24;68.79;67.04;81.15;78.28;76.21;73.77;64.41;65.76;68.44;75;69.8;68.77;72.23;71.46;68.68;47.25;60.55;59.51;57.95;61.38;59.17;57.91;61.63;57.02;78.1;76.7;76.2
O3;uur;µg/m³;2023-10-07T12:00:00+01:00;2023-10-07T13:00:00+01:00;77.4;72.5;81.2;75.6;65.8;66.44;67.84;68.62;68.81;63.96;71.31;61.16;68.7;66.53;82.46;71.95;82.53;77.69;75.2;74.93;82.14;80.3;83.97;74.68;70.09;68.19;75.14;80.19;71.8;77.23;75.31;75.95;74.98;56.79;66.07;68.15;68.66;65.3;65.46;61.5;64.5;61.94;76.9;76.3;75.3
O3;uur;µg/m³;2023-10-07T13:00:00+01:00;2023-10-07T14:00:00+01:00;78.2;73.4;83.1;74.5;69.8;69.09;73.25;70.17;72.04;76.18;76.29;65.63;78.02;72.45;89.89;74.42;82.58;79.55;76.29;80.39;85.19;80.53;84.51;73.69;70.15;73.16;74.45;79.43;73.44;78.14;75.36;75.93;82.12;63.43;80.08;69.69;76.5;68.08;66.74;64.96;66.07;65.24;79.3;80.6;78.4
O3;uur;µg/m³;2023-10-07T14:00:00+01:00;2023-10-07T15:00:00+01:00;78.2;69.2;79.1;70.9;68.5;72.67;77.63;73.35;77.06;79.55;76.82;71.83;79;77.78;95.64;82.69;84.69;77.36;82.41;83.15;90.62;80.39;78.71;74.1;69.54;72.68;74.46;79.59;72.94;79.67;75.88;78.13;78.23;66.7;81.92;78.73;77.5;69.44;65.7;72.63;65.33;63.79;82.3;82.6;81.1
O3;uur;µg/m³;2023-10-07T15:00:00+01:00;2023-10-07T16:00:00+01:00;80.3;69.4;77.8;75.4;72.9;75.29;81.59;74.51;78.49;78.95;79.36;71.48;79.71;79.62;95.52;82.43;82.56;78.33;84.28;89.33;87.2;78.84;80.52;68.37;69.68;75.12;78.81;76.01;72.49;75.61;74.27;75.13;75.99;68.12;80.22;78.99;76.84;70.02;62.9;72.67;67.07;65.86;82.5;85;84.3
O3;uur;µg/m³;2023-10-07T16:00:00+01:00;2023-10-07T17:00:00+01:00;85.6;71.5;78.1;80.1;67.8;73.82;77.76;72.41;75.81;73.77;74.88;70.54;76.04;80.53;92.25;80.19;80.69;84.64;83.45;85.6;83.26;79.84;86.37;62.2;65.47;67.52;76;76.28;70.09;71.63;67.97;76.32;80.64;66.67;76.42;81.5;73.01;67.31;65.24;69.8;67.97;65.37;80.7;80.7;79.1
O3;uur;µg/m³;2023-10-07T17:00:00+01:00;2023-10-07T18:00:00+01:00;86.4;71.1;79;79.6;64.4;71.09;75.55;67.97;69.45;75.26;73.92;72.05;68.3;78.22;87.28;77.22;80.22;74.71;78.96;80.9;87.41;84.65;84.42;58.38;63.36;70.94;68.12;76.11;74.09;66.82;67.24;78.1;80.44;58.96;72.98;81.33;70.73;67.05;65.4;68.08;69.09;68.32;77.7;80.1;78.7
O3;uur;µg/m³;2023-10-07T18:00:00+01:00;2023-10-07T19:00:00+01:00;84.4;62.4;76.1;78;55.7;64.35;72.25;63.37;60.08;61.66;69.21;65.23;56.97;68.11;88.86;75.72;77.12;76.51;74.65;75.29;89.98;74.68;;60.54;65.76;76.41;72.59;78.5;74.92;69.89;69.98;74.08;82.44;57.79;75.09;74.09;66.88;66.77;64.81;66.24;64.58;69.04;81.7;83.4;81.5
O3;uur;µg/m³;2023-10-07T19:00:00+01:00;2023-10-07T20:00:00+01:00;74.3;44.8;67.5;68;58.3;59.84;67.87;53.25;60.82;58.73;63.91;61.33;37.46;64.16;85.66;69.55;70.89;77.58;73.97;75.5;84.64;73.07;72.8;53.18;67.28;74.91;73.36;75.38;72.68;68.36;67.06;73.13;78.95;61.39;77.78;65.21;68;61.15;63.99;63.21;64.84;66.86;79.7;82.9;78.9
O3;uur;µg/m³;2023-10-07T20:00:00+01:00;2023-10-07T21:00:00+01:00;67.6;54.9;68;57.1;51.7;52.28;63.76;54.45;64.22;57.92;61.11;60.47;49.87;63.09;78.07;65.49;69.37;63.3;70.39;71.48;82.43;61.99;68.8;56.38;64.92;69.22;71.04;68.96;69.23;64.64;62.89;71.85;70.33;58.47;76.54;56.25;68.46;66.44;54.93;60.4;65.81;62.12;77.8;80.1;74.2
O3;uur;µg/m³;2023-10-07T21:00:00+01:00;2023-10-07T22:00:00+01:00;66.4;48.4;50.3;54.4;38.4;52.26;59.82;58.81;67.65;50.16;54.78;55.77;52.91;62.19;77.28;64.17;67.17;57.53;62.33;66.51;68.84;48.43;64.05;53.61;59.61;64.34;65.34;57.42;61.86;58.79;56.35;62.41;64.22;55.07;70.87;54;66.8;61.39;54.81;58.13;;63.35;74.3;73.9;70.4
O3;uur;µg/m³;2023-10-07T22:00:00+01:00;2023-10-07T23:00:00+01:00;68.1;48.4;51.7;42.6;24.4;52.78;59.55;60.61;69.84;51.08;55.74;53.73;51.37;58.48;72.5;57.39;56.75;59.43;63.22;65.18;62.97;45.17;56.94;49.26;57.55;56.37;60.22;49.99;57.44;55.23;49.95;58.02;64.42;47.33;64.06;49.91;62.23;55.56;56.6;58.06;;65.81;66.8;64.7;60.6
O3;uur;µg/m³;2023-10-07T23:00:00+01:00;2023-10-08T00:00:00+01:00;62.5;45;51.7;40.2;37;54.35;55.72;58.07;63.8;50.46;50.1;50.46;47.86;54.91;64;48.7;58.7;41.04;56.45;58.39;64.56;54.03;53.48;54.33;52.55;51.24;56.07;45.32;50.69;48.79;46.36;51.82;60.65;38.46;58.95;49.97;57.77;51.56;53.76;54.78;;65.96;55.9;57.2;51.2
O3;uur;µg/m³;2023-10-08T00:00:00+01:00;2023-10-08T01:00:00+01:00;52.1;39.3;47;21.7;36.2;54.06;51.14;57.25;60.64;46.83;53.16;45.6;43.88;50.33;59.25;45.24;53.15;33.79;50.89;51.7;59.74;55.65;50.56;49.8;47.45;45.56;48.6;50.67;40.79;39.91;49.26;42.4;48.41;31.78;50.48;50.17;52.88;46.57;56.74;63.07;;65.9;38.3;37;46.3
O3;uur;µg/m³;2023-10-08T01:00:00+01:00;2023-10-08T02:00:00+01:00;30;28.1;32;12.1;31.5;53.24;49.3;55.08;60.56;42.97;46.6;44.53;39.77;49.11;56.6;35.98;44.39;35.84;44.68;43.87;49.9;47.13;19.64;43.13;62.41;39.18;45.67;44.9;35.71;33.61;41.02;35.03;36.66;32.57;41.7;48.32;48.59;51.64;61.66;61.68;;57.82;47.1;33.4;33
O3;uur;µg/m³;2023-10-08T02:00:00+01:00;2023-10-08T03:00:00+01:00;33.9;25.9;33;9.3;23.9;50.25;45.58;54.92;58.85;34.56;39.51;43.4;37.62;47.56;48.03;33.96;43.33;32.65;39.41;41.37;45.85;42.75;10.9;41.1;66.5;31.3;40.54;36.86;36.3;26.95;31.62;34.69;33.15;29.34;35.98;42.95;48.81;60.25;61.06;57.54;;56.62;44.1;32.1;25.9
O3;uur;µg/m³;2023-10-08T03:00:00+01:00;2023-10-08T04:00:00+01:00;10.2;19;26.8;24.2;33.1;50.97;43.16;53.66;58.52;33.06;37.54;40.99;34.18;45.42;49.73;33.07;44.44;27.24;32.56;32.7;39.93;40.74;14.77;42.24;67.67;34.03;52.63;31.27;33.92;25.4;21.8;33.74;22.92;21.77;26.42;42.36;55.23;57.64;57.51;54.09;;44.29;51.4;44.5;35.4
O3;uur;µg/m³;2023-10-08T04:00:00+01:00;2023-10-08T05:00:00+01:00;10.4;15.8;26.3;32.6;37.6;48.46;39.74;53.38;55.73;27.8;34.81;38.01;29.24;42.44;48.57;26.21;37.69;25.68;28.12;27.17;38.15;30.96;20.37;36.63;64.89;45.46;57.06;24.29;25.02;18.67;32.34;24.63;9.88;49.4;16.28;35.25;50.41;57.97;52.15;41.98;;32.21;68.1;73.3;64.1
O3;uur;µg/m³;2023-10-08T05:00:00+01:00;2023-10-08T06:00:00+01:00;20.1;12.5;23.3;19.3;33.9;46.99;39.22;52.05;52.05;22.9;24.91;34.72;24.59;39.91;42.58;23.41;42.27;30.29;22.99;20.17;58.94;29.28;12.88;42.14;65;55.54;52.65;47.99;28.93;26.67;45.42;30.1;17.66;47.68;40.04;28.4;43.98;58.15;48.1;39.11;;35.49;61.2;66.1;61.7
O3;uur;µg/m³;2023-10-08T06:00:00+01:00;2023-10-08T07:00:00+01:00;15.6;5.6;14.6;16.9;32.4;44.81;33.98;49.12;52.38;20.82;13.41;30.35;15.51;35.86;35.4;21.83;34.85;29.9;14.25;8.87;57.54;22.12;8.24;24.63;63.92;53.32;46.81;46.38;42.66;37.76;43.74;45.26;23.58;49.85;58.36;26.06;42.23;55.73;41.79;39.33;;43.76;60.1;67.4;59.9
O3;uur;µg/m³;2023-10-08T07:00:00+01:00;2023-10-08T08:00:00+01:00;9.3;19.2;11.8;12.9;15;36.49;29.13;35.91;44.43;13.85;8.9;28.2;19.06;32.78;32.17;17.43;43.85;28.04;12.23;6.92;56.16;47.6;8.09;38.49;59.84;50.14;48.66;49.2;48.68;49.8;48.69;50.57;33.97;47.39;57.3;45.93;43.95;50.03;43.45;22.12;;44.17;59.6;58.4;62.4
O3;uur;µg/m³;2023-10-08T08:00:00+01:00;2023-10-08T09:00:00+01:00;16.1;38.3;31;34.4;31.2;40.05;27.33;40.9;45.58;23.91;9.46;27.68;21.36;34.21;29.4;19.52;48.64;41.73;13.39;22.76;63.3;46.09;37.76;37.96;59.36;47.7;47.81;54.09;55.97;58.47;54.95;59.36;44.97;44.16;54.46;45.63;39.45;42.8;49.86;39.39;;43.25;62.4;60.1;63.3
O3;uur;µg/m³;2023-10-08T09:00:00+01:00;2023-10-08T10:00:00+01:00;24.3;33.3;30.8;37.8;42.4;43.41;31.17;45.54;51.01;25.94;4.95;25.6;21.17;33.77;36.22;22.84;49.94;41.52;34.26;31.39;61.62;47.24;37.72;33.98;61.26;47.65;53.67;52.88;49.26;53.7;51.95;54.17;49.83;52.09;55.18;47;46.09;50.24;52.67;47.24;;48;61.1;58.1;63
O3;uur;µg/m³;2023-10-08T10:00:00+01:00;2023-10-08T11:00:00+01:00;30;29.4;34.1;36.5;44.1;42.95;38.82;46.75;53.08;26.19;13.37;27.7;20.86;32.16;32.7;30.65;53.21;35.68;31.23;28.54;64.12;49.63;37.85;40.05;62.06;48.83;54.74;51.86;47.61;49.58;50.87;52.48;47.75;58.92;53.79;55.57;54.48;51.15;57.01;54.39;;59.3;64.6;63.2;62
O3;uur;µg/m³;2023-10-08T11:00:00+01:00;2023-10-08T12:00:00+01:00;26.1;26.8;29;30.9;41.1;44.38;46.58;49.62;56.24;31.63;31.26;32.78;27.49;39.11;33.59;40.1;51.1;37.67;26.67;33.18;64.17;48.4;28.38;32.88;62.12;51.3;59.89;51.43;45.99;47.69;52.16;52.42;48.76;62.07;55.53;53.29;58.93;56.21;61.31;59.52;;63.31;66.1;65;62.5
O3;uur;µg/m³;2023-10-08T12:00:00+01:00;2023-10-08T13:00:00+01:00;29.1;27.2;30.7;27.4;37;48.42;42.1;53.28;57.9;39.36;44.25;29.99;39.8;42.61;33.94;53;48.15;37;29.48;40.03;60.6;46.19;32.25;28.89;64.12;46.79;61.45;52.2;40.66;43.21;50.93;46.2;42.4;62.67;55.61;51.16;60.03;59.4;61.57;63.17;;64.48;66.7;62.5;60.8
O3;uur;µg/m³;2023-10-08T13:00:00+01:00;2023-10-08T14:00:00+01:00;27.1;27.5;29.1;26.9;31.1;53.99;39.92;59.41;62.09;35.18;75.4;30.39;36.22;39.38;46.07;58.64;45.41;38.16;32.76;40.91;58.43;44.06;30.32;25.34;64.99;44.21;60.21;46.29;37.67;41.61;46.1;45.49;41.25;61.3;58.7;48.48;62.1;60.68;62.1;63.87;;65.35;62.4;54.6;59
O3;uur;µg/m³;2023-10-08T14:00:00+01:00;2023-10-08T15:00:00+01:00;25.6;25.7;21.7;23.5;25.7;55.86;38.56;63.9;64.22;36;86.58;33.52;31.45;35.77;44.12;64.01;40.36;34.21;38.99;38.65;57.05;41.38;32.2;21.16;64.29;40.72;57.39;44.38;41.85;44.44;42.98;50.17;41.4;58.86;53.98;43.11;60.01;58.38;60.4;66.89;;67.61;49.3;48.5;53.7
O3;uur;µg/m³;2023-10-08T15:00:00+01:00;2023-10-08T16:00:00+01:00;28.6;22;19.8;23.8;27;56.76;37.13;60.8;63.2;33.78;54.51;36.41;36.31;37.22;45.36;66.56;37.44;31.13;38.31;36.23;50.72;39.16;29.09;19.63;63.22;36.78;56.28;45.04;38.7;36.95;44.95;44.59;43.13;56.7;47.38;37.31;57.79;55.86;57.96;64.42;;60.72;41.4;40.1;46.7
O3;uur;µg/m³;2023-10-08T16:00:00+01:00;2023-10-08T17:00:00+01:00;27.7;18.7;16;20;24.9;47.44;24.22;51.84;65.14;34.36;42.75;40.02;37.6;41.88;52.54;41.87;32.83;27.91;32.49;33.81;46.51;31.71;25.6;14.62;60.47;27.39;53.08;40.55;33.78;34.18;42.2;41.83;40.86;53.84;44.46;36.2;56.08;49.3;52.87;59.61;;54.56;45.8;36;44.3
O3;uur;µg/m³;2023-10-08T17:00:00+01:00;2023-10-08T18:00:00+01:00;19.3;19.2;13.1;6.3;30.8;38.7;12.82;35.76;44.81;26.03;20.59;33.01;29.78;38.48;53.6;28.05;27.46;27.08;25.11;30.1;45.5;29.4;16.95;13.17;53.54;28.48;48.95;;26.99;26.99;39.58;35.52;35.22;50.63;41.05;38.07;51.48;42.89;49.08;50.5;;40.78;38.3;40.4;39.2
O3;uur;µg/m³;2023-10-08T18:00:00+01:00;2023-10-08T19:00:00+01:00;7.1;15.2;4.3;0.7;25.5;28.75;6.19;11.27;9.45;13.27;13.73;17.27;23.34;23.69;50.6;17.58;23.07;23.05;21.04;30.15;38;23.04;1.7;8.34;44.21;27.6;41.94;;22.83;25.1;31.95;29.32;26.91;46.26;37.51;29.71;47.84;35.74;45.86;45.3;;41.12;34.2;33.2;34.4
O3;uur;µg/m³;2023-10-08T19:00:00+01:00;2023-10-08T20:00:00+01:00;10.5;11.3;3.4;0.5;28;21.74;8.51;5.13;2.82;6.75;4.37;9.38;17.95;11.61;49.24;8.96;15.02;14.41;17.64;26.21;30.04;15.55;10.92;2.37;38.51;24.91;38.63;;15;13.75;23.34;17.64;20.02;50.29;31.06;22.69;50.47;34.51;38.36;42.71;;40.31;30.1;33.1;32.3
O3;uur;µg/m³;2023-10-08T20:00:00+01:00;2023-10-08T21:00:00+01:00;4.1;5.4;2.5;1.2;25.3;14.61;6.14;6.03;3.55;11.08;1.72;6.25;14.15;11.72;39.19;4.83;3.94;10.98;11.06;18.63;26.89;4.36;0.64;-0.09;36.6;20.71;35.34;;7.6;8.87;9.87;11.44;12.25;41.94;24.79;17.66;50.41;42.69;35.99;40.51;;35.64;30.6;28.1;27.3
O3;uur;µg/m³;2023-10-08T21:00:00+01:00;2023-10-08T22:00:00+01:00;8.2;2;2.8;6.2;12.9;15.73;3.71;10.21;9;10.37;-0.59;4.81;4.78;15.16;36.49;5.96;2.52;2.24;17.97;12.93;18.13;-0.09;0.97;-1.08;28.34;14.83;31.59;;6.38;6.46;6.51;7.14;5.3;31.53;19.31;12.21;44.07;40.47;38.34;44.58;;37.67;20.2;21;17.2
O3;uur;µg/m³;2023-10-08T22:00:00+01:00;2023-10-08T23:00:00+01:00;19.5;5.8;5.1;12.8;16;8.84;4.96;15.6;30.09;7.6;-0.69;15.3;4.08;18.59;30.75;6.44;4.8;9.56;26.41;11.62;10.67;-1.32;13.64;-0.31;20.37;11.78;24.05;;2.28;2.84;4.44;-0.19;2.33;22.83;12.21;9.79;35.9;34.14;35.68;47.86;;41.84;18.7;19.8;14
O3;uur;µg/m³;2023-10-08T23:00:00+01:00;2023-10-09T00:00:00+01:00;24.8;8.9;12.4;14;21.7;17.45;8.06;41.72;48.98;7.81;1.27;23.92;7.55;31.21;25.37;13.45;9.13;15.61;32.01;23.62;16.13;1.31;29;5.4;14.48;5.39;16.21;;8.31;3.94;7.12;8.44;7.53;11.88;9.64;10.28;24.84;25.5;29.82;40.89;;38.86;12;15.5;8.7
O3;uur;µg/m³;2023-10-09T00:00:00+01:00;2023-10-09T01:00:00+01:00;19.1;5.9;15.2;24.7;26.2;32.63;15.37;45.68;52.12;5.75;18.8;27.01;3.86;25.53;31.95;38.2;48.81;19.88;29.99;21.33;39.78;16.27;31.42;10.03;8.79;13.27;11.34;;10.58;18.89;6.46;14.68;13.04;1.81;9.17;12.08;18.35;22.61;19.45;33.24;;39.28;13.9;18.2;6.1
O3;uur;µg/m³;2023-10-09T01:00:00+01:00;2023-10-09T02:00:00+01:00;27.4;26.7;32.4;12.5;20;35.56;18.87;45.55;52.97;10.07;28.32;25.7;3.21;25.97;39.46;40.45;36.95;18.31;27.71;20.49;46.03;28.18;36.71;30.93;18.05;38.82;11.41;;17.75;26.94;11.13;19.21;26.37;2.38;16.62;9.71;13.42;14.42;15.19;27.53;;38.42;20.9;22.8;11.3
O3;uur;µg/m³;2023-10-09T02:00:00+01:00;2023-10-09T03:00:00+01:00;26.2;27;28.4;8.1;26.8;40.09;21.48;48.1;54.15;17.81;22.88;26.07;11.35;28.67;37.49;39.8;40.48;16.52;30.31;20.27;31.81;33.8;30.86;37.72;28.88;33.61;19.1;;17.49;24.07;17.91;17.48;23.29;1.27;25.69;9.79;9.96;11.74;14.45;23.3;;33.35;29.3;33.1;12.7
O3;uur;µg/m³;2023-10-09T03:00:00+01:00;2023-10-09T04:00:00+01:00;27.6;13.7;29.8;15.1;16.8;38.6;22.05;49.44;50.63;13.03;20.35;25.02;17.12;27.83;33.3;32.64;44.06;17.19;29.89;27.88;47.09;40.16;31.33;41.68;48.06;39.23;24.18;;18.76;25.47;15.98;19.24;18.06;7.74;30.12;8.92;12.28;15.04;17.24;19.06;;27.45;30.8;37.7;13.5
O3;uur;µg/m³;2023-10-09T04:00:00+01:00;2023-10-09T05:00:00+01:00;24.7;21;35.4;18.2;21.6;42.84;20.52;49.36;51.33;14.56;29.85;22.46;18.36;26.71;31.7;33.32;46.55;21.49;30.56;25.12;56.36;43.28;32.54;37.99;51.41;46.02;22.91;;15.69;19.9;16.37;17.53;20.34;7.63;27.16;11.54;13.75;17.6;43.92;14.69;;23.45;45.4;48.9;35
O3;uur;µg/m³;2023-10-09T05:00:00+01:00;2023-10-09T06:00:00+01:00;24.5;21.9;30.1;17.6;29.6;42.85;21.53;49.84;51.15;17.12;23.85;20.44;12.92;24.81;35.92;29.57;46.45;16.16;26.91;21.09;60.55;34.42;25.81;35.58;50.78;43.66;25.33;;8.02;13.67;21.72;8.55;18.94;6.38;22.16;14.24;16.54;24.32;48.09;13.13;;33.84;50.2;53.2;43.3
O3;uur;µg/m³;2023-10-09T06:00:00+01:00;2023-10-09T07:00:00+01:00;24.4;17.6;23.8;14.1;36;38.81;19.49;46.57;49.58;13.44;25.3;16.08;5.76;26.24;39.16;22.56;38.48;4.35;26.77;14.93;62;31.66;18.92;31.45;49.77;39.04;27.02;;3.29;8.28;24.95;5;13.84;2.69;17.71;12.86;20.32;29.08;47.38;17.02;;37.75;37;42.9;44
O3;uur;µg/m³;2023-10-09T07:00:00+01:00;2023-10-09T08:00:00+01:00;24.7;5;13.3;18.6;11.3;39.32;19.14;39.23;43.28;10.46;14;14.15;4.78;22.23;39.38;17.78;33.99;2.78;26.82;18.11;61.35;23.77;18.64;24.4;48.87;27.21;29.23;;2.7;6.94;22.84;6.77;9.78;1.24;19.45;5.58;20.4;32.86;41.21;25.98;;41.23;15.4;23.5;34.6
O3;uur;µg/m³;2023-10-09T08:00:00+01:00;2023-10-09T09:00:00+01:00;27.1;13.9;21.9;18.4;19.9;37.34;20.97;35.1;36.04;13.21;17.93;16.58;11.27;25.35;43.94;20.67;38.03;10.93;28.66;23.42;55.93;25.83;21.79;24.32;41.31;26.76;34.96;23.59;6.61;10.02;20.17;7.64;11.7;2.87;20.1;8.41;18.97;30.69;40.07;33.08;;39.64;26;31.8;27.2
O3;uur;µg/m³;2023-10-09T09:00:00+01:00;2023-10-09T10:00:00+01:00;37.2;21.9;29.9;36.9;37.8;35.91;25.33;37.52;41.51;18.86;18.42;20.57;16.03;26.15;48.67;28.44;43.6;24.74;38.65;24.91;58.98;33.35;43.55;40;52.95;42.03;27.9;30.77;11.59;15.55;26.03;14.4;22.2;8.37;24.55;15.63;24.18;36.76;46.91;34.28;53.52;41.37;42.3;44.8;38
O3;uur;µg/m³;2023-10-09T10:00:00+01:00;2023-10-09T11:00:00+01:00;38.2;28.3;35.8;29.5;50.6;40.72;33.71;39.55;54.66;21.44;26.03;27.79;19.29;34.41;50.36;34.32;54.04;41.69;47.79;35;61.67;51.23;37.01;49.34;55.42;43.21;29.94;46.14;29.36;26.43;43.18;31.18;27.3;12.22;27.59;21.81;28.17;43.47;50.1;37.32;55.02;44.69;41.8;43.3;50
O3;uur;µg/m³;2023-10-09T11:00:00+01:00;2023-10-09T12:00:00+01:00;33.1;40.2;55.7;39.4;46.3;45.86;38.14;48.97;61.82;30.32;35.14;27.68;32.55;38.28;57.52;40.66;58.84;59.27;51.49;46.88;66.65;58.37;49.4;56.75;59.62;51.32;42.85;56.76;44.69;49.91;49.97;48.95;52.76;14.03;39.34;29.49;39.39;48.6;54.34;41.16;55.55;49.69;39.5;39.9;55.7
O3;uur;µg/m³;2023-10-09T12:00:00+01:00;2023-10-09T13:00:00+01:00;36.6;41.2;56.2;42.9;53.4;49.14;40.88;61.91;60.17;37.58;39.78;28.84;46.3;37.32;70.24;49.47;65.46;65.2;56.24;44.47;65.96;62.88;48.95;62.33;60.08;51.77;51.9;58.91;49.71;58.12;54.11;56.67;58.1;16.13;51.92;34.48;42.2;51.94;59.91;45.13;57.85;52.21;43.2;42.4;57.5
O3;uur;µg/m³;2023-10-09T13:00:00+01:00;2023-10-09T14:00:00+01:00;34.1;45.7;61.1;42;43.7;53.33;38.06;63.33;68.5;47.36;56.73;31.79;56.45;39.44;68.77;55.02;66.9;63.14;65.35;46.8;67.39;64.38;57.7;64.04;64.24;50.45;51.87;59.84;46.65;55.79;50.37;55.02;58;23.73;48.16;43.34;47.84;59.41;62.45;47.82;58.32;52.66;47.2;41.8;54.9
O3;uur;µg/m³;2023-10-09T14:00:00+01:00;2023-10-09T15:00:00+01:00;31.7;44.7;60.8;46.3;45.1;56.17;46.13;63.02;63.42;57.6;47.24;38.72;63.29;48.87;72.98;59.69;67.99;62.32;66.17;50.21;70.04;64.99;48.6;62.46;61.96;48.67;50.55;58.88;48.41;55.41;46.63;55.66;61.57;27.38;42.91;53.67;49.06;58.27;60.03;52.74;59.27;51.38;59.5;50.4;47.2
O3;uur;µg/m³;2023-10-09T15:00:00+01:00;2023-10-09T16:00:00+01:00;47.7;45.6;59.9;58.1;46.5;54.8;54.86;59.9;65.29;63.31;48.94;44.88;60.51;55.24;73.93;61.31;69.62;65.64;61.04;41.43;73.96;65.34;53.45;66.32;57.1;56.04;52.3;59.28;46.71;56.8;45;54.46;60.82;33.66;52.08;53.87;52.22;54.34;59.34;50.25;57.11;52.01;51.4;46;48.2
O3;uur;µg/m³;2023-10-09T16:00:00+01:00;2023-10-09T17:00:00+01:00;42.2;48.5;63.9;41.3;43.8;50.91;54.54;51.2;61.35;62.56;57.25;44.44;61.88;55.5;67.16;65.67;67.07;67.45;56.68;39.36;71.71;64.02;58.97;62.12;54.54;51.43;53.26;59.74;45.69;53.61;48.86;54.97;55.67;31.33;47.83;47.61;43.97;56.51;57.52;48.23;61.13;53.73;49;43.2;55
O3;uur;µg/m³;2023-10-09T17:00:00+01:00;2023-10-09T18:00:00+01:00;37.3;45.9;60.5;51.1;59.6;44.57;45.88;48.41;56.28;60.95;34.85;39.72;61.72;44.31;51.87;60.17;64.68;64.29;45.22;40.94;64.11;58.4;53.15;62.11;52.68;46.84;49.54;53.96;45.31;54.49;47.21;53.89;58.17;25;44.55;47.53;45.94;53.59;55.72;46.95;60.5;50.15;53.4;47.5;49.7
O3;uur;µg/m³;2023-10-09T18:00:00+01:00;2023-10-09T19:00:00+01:00;25.3;37.7;56.6;55.2;63.1;31.89;39.27;39.2;50.53;48.44;14.58;25.48;47.18;28.96;42.01;43.87;65.83;60.98;39.53;51.1;64.14;57.95;50.53;60.93;51.02;37.69;42.35;46.17;43.23;50.77;41.78;49.77;51.08;11.89;44.93;38.82;50.8;49.95;56.21;51.26;60.98;51.53;41.6;41.6;46.4
O3;uur;µg/m³;2023-10-09T19:00:00+01:00;2023-10-09T20:00:00+01:00;28.6;32.7;50.8;44.8;47.6;27.92;24.85;20.99;43.15;28.43;3.71;19.98;29.34;19.22;46.05;34.08;60.9;54.66;38.38;37.55;58.71;48.48;47.49;54.24;51.45;36.96;42.72;38.79;39.37;43.4;36.67;45.44;41.51;11.52;41.14;42.4;49.33;45.3;51.31;46.92;52.38;55.07;27;37.3;42
O3;uur;µg/m³;2023-10-09T20:00:00+01:00;2023-10-09T21:00:00+01:00;26.6;29.9;43.7;9.9;29.7;25.76;22.74;10.86;5.8;25.1;-0.59;19.59;23.34;18.79;41.97;32.03;57.68;52.06;40.71;30.84;55.63;50.35;23.74;54.94;52.01;34.9;39.59;31.55;40.04;34.02;29.67;43.5;37.96;12.27;36.27;40.34;46.83;40.16;44.77;49.77;49.06;47.82;18.8;31.3;41.7
O3;uur;µg/m³;2023-10-09T21:00:00+01:00;2023-10-09T22:00:00+01:00;34.4;25.8;31;24.3;40.9;20.16;16.16;5.31;17.59;20.02;-0.75;17.34;10.97;14.97;32.55;16.69;58.97;39.07;33.95;30.97;51.15;44.44;23.43;37.66;48.33;30.79;38.39;29.61;35.39;26.01;30.13;42.71;30.07;8.93;33.23;46.71;40.26;35.69;43.74;47.79;44.95;47.32;33.9;44.7;31
O3;uur;µg/m³;2023-10-09T22:00:00+01:00;2023-10-09T23:00:00+01:00;26.1;13.9;26.7;24;13.6;12.92;7.87;9.28;10.92;9.31;-0.67;13.36;8.39;8.76;16.42;13.68;53.81;1.24;29.98;26.74;49.37;31.03;8.56;36.43;38.85;26.12;37.94;24.73;32.24;29.54;29.93;37.12;40.56;8.89;38.53;38.94;34.57;31.91;39.28;43.57;38.8;43.35;35;39.7;23.3
O3;uur;µg/m³;2023-10-09T23:00:00+01:00;2023-10-10T00:00:00+01:00;16.1;3.2;14.4;12.2;14.4;7.31;7.14;5.63;7.45;3.66;-0.59;6.86;3.2;0.37;8.87;11.33;49.56;-0.42;24.73;13.46;34.58;16.79;1.75;34.1;35.81;23.11;36.88;32.04;31.54;33.73;29.49;34.17;23.21;9.21;34.82;30.71;32.01;32.5;35.52;40.01;34.97;41.52;26.8;30.2;14.6
O3;uur;µg/m³;2023-10-10T00:00:00+01:00;2023-10-10T01:00:00+01:00;12.4;1.8;3.2;17.4;29.5;5.2;4.52;4.08;8.76;2.79;-0.67;2.19;3.77;0.03;28.22;7.69;31.29;2.7;15.63;13.37;21.88;1.65;0.23;15.47;32.52;16.57;27.39;27.34;31.74;33.66;34.87;31.76;11.49;11.01;30.85;27.31;28.88;38.99;33.27;37.72;33.89;40.02;24.1;32.4;11.7
O3;uur;µg/m³;2023-10-10T01:00:00+01:00;2023-10-10T02:00:00+01:00;21.3;7.2;11.3;23.4;25.5;1.19;3.78;3.43;7.28;1.28;-0.8;1.72;8.06;0.11;13.08;4.84;3.2;34.14;2.95;9.49;17.59;-1.38;2.25;5;32.07;20.23;21.9;23.47;25.1;30.01;30.03;27.01;7.19;12.58;22.75;19.35;30.07;36.48;28.44;34.32;31.07;34;27.6;27.4;7.2
O3;uur;µg/m³;2023-10-10T02:00:00+01:00;2023-10-10T03:00:00+01:00;18.7;7.7;17;24;17.3;0.79;3.38;3.22;8.27;1.17;-0.82;1.77;6.2;0.24;2.74;8.09;4.99;28.07;10.32;9.37;18.16;-1.16;18.86;9.49;32.73;22.57;26.52;14.65;19.98;10.4;18.19;18.2;6.4;12.94;19.81;14.56;23.55;30.51;36.68;30.49;29.06;34.7;39.4;33.2;16.3
O3;uur;µg/m³;2023-10-10T03:00:00+01:00;2023-10-10T04:00:00+01:00;8.9;6.3;16.4;10;10.6;1.7;3.67;3.67;6.7;0.41;-1.07;2.01;8.66;0.5;3.11;8.73;20.9;19.61;14.39;14.2;19.02;7.95;14.85;12.72;21.95;20.67;30.9;10.59;9.99;7.05;12.65;7.21;5.63;9.66;6.64;10.34;19.58;26.78;40;30.14;28.38;32.99;36.4;34.9;16.2
O3;uur;µg/m³;2023-10-10T04:00:00+01:00;2023-10-10T05:00:00+01:00;-1;4.1;0.6;0;0.4;1.37;2.98;9.33;9.16;-0.39;-1.35;-0.21;5.29;0.52;23.41;16.77;10.11;3.66;6.36;18.18;9.79;4.14;-0.01;2.68;27.89;6.48;25.35;10.49;18.43;13.72;11.85;15.55;5.23;5.31;6.2;9.26;21.62;22.09;32.34;32.4;29.81;34.06;27.9;29.6;18.5
O3;uur;µg/m³;2023-10-10T05:00:00+01:00;2023-10-10T06:00:00+01:00;-1;3.8;0.8;0;1.3;1.1;4.14;8.45;6.56;-0.58;-1.66;0.52;2.05;0.99;27.04;23.9;1.06;3.2;2.31;7.55;7.05;-1.37;0.05;-1.22;22.35;8.14;17.75;12.3;11.22;3.33;8.44;11.75;5.56;6.12;11.16;10.36;20.03;18.8;34.95;30.39;32.66;33.79;33.5;33.3;22.9
O3;uur;µg/m³;2023-10-10T06:00:00+01:00;2023-10-10T07:00:00+01:00;-1;3.9;0.9;2.7;13.3;0.27;4.28;8.26;2.47;1.11;-0.19;1.7;0.87;1.2;21.51;30.39;1.15;1.17;2.49;0.73;3.39;-1.14;0.23;-1.15;10.03;0.28;21.48;6.85;0.5;0.96;6.22;-0.23;2.58;13.16;20.53;8.03;16.75;17.71;36.89;29.63;32.36;25.15;17;18.8;11.8
O3;uur;µg/m³;2023-10-10T07:00:00+01:00;2023-10-10T08:00:00+01:00;2.2;4.4;2.2;9.8;21.1;0.71;8.02;11.56;2.18;12.54;1.83;9.89;2.68;6.19;21.71;28.04;3.14;3.3;10.24;3.46;6.49;2.34;2.35;1.98;13.82;-0.49;24.36;4.64;0.04;1.8;4.01;-0.53;1.9;16.98;16.76;3.59;21.12;15.63;31.54;25.22;26.82;19.7;12.9;12.7;6
O3;uur;µg/m³;2023-10-10T08:00:00+01:00;2023-10-10T09:00:00+01:00;10.3;7.5;3.7;11.7;23.6;7.66;20.96;21.36;22.42;27.16;11.8;26.47;12.72;28.97;23.88;26.6;10.99;10.18;18.86;10.91;16.72;10.75;5.89;7.66;14.44;2.22;22.13;8.6;4.32;5.36;7.32;7.54;7.76;14.68;13.33;8.9;24.89;20.34;31.67;29.05;32.73;26.16;15;17.1;11.4
O3;uur;µg/m³;2023-10-10T09:00:00+01:00;2023-10-10T10:00:00+01:00;16.9;12.1;8;13.1;22.4;29.81;47.96;49.27;54.24;37.3;14.52;37.91;26.2;55.18;28.25;30.84;24.09;15.14;26.3;16.14;26.66;21.04;13.35;14.61;18.37;9.43;25.69;22.17;9.62;12.29;13.55;15.02;16.13;19.52;21.66;25.01;25.84;24.2;30.89;29.12;38.72;38.06;20.8;23;16.4
O3;uur;µg/m³;2023-10-10T10:00:00+01:00;2023-10-10T11:00:00+01:00;21.6;15.9;9.8;15.1;21.9;48.02;54.66;52.6;63.21;42.65;18.17;46.53;32.04;50.63;31.26;41.33;26.9;18.27;33.52;24.71;60.04;24.68;19.89;18.22;23.04;40.29;29.46;26.71;18.8;24.73;23.68;23.83;26.1;36.64;41.07;38.5;33.4;37.17;35.49;36.89;42.27;41.5;31.1;25;19.3
O3;uur;µg/m³;2023-10-10T11:00:00+01:00;2023-10-10T12:00:00+01:00;27.1;18.4;11.8;23.2;27.1;50.39;58.27;60.95;71.49;51.13;35;52;37.85;55.61;48.55;48.6;32.43;23.74;34.36;38.3;49.78;29.3;26.48;19.5;46.74;49.43;40.68;29.87;27.6;33.63;31.13;33.79;32.76;48.81;50.62;50.25;46.72;47.83;35.51;42.36;45.7;51.31;35;41.7;26.3
O3;uur;µg/m³;2023-10-10T12:00:00+01:00;2023-10-10T13:00:00+01:00;34.8;22.5;21;34.6;47.3;59.6;64.73;60.92;76.37;55.89;43.48;55.98;48.84;60.62;61.72;62.91;50.53;32.86;45.47;44.68;49.08;36.43;36.2;25.53;46.58;33.32;47.13;36.16;29.02;35.16;29.5;33.83;40.15;59.25;58.72;60.79;51.88;51.76;38.82;48.49;47.86;54.37;47.2;47.5;38.5
O3;uur;µg/m³;2023-10-10T13:00:00+01:00;2023-10-10T14:00:00+01:00;49.2;35;38.1;46.8;58.2;72.39;69.97;69.37;77.21;64.14;58.34;58.64;57.25;66.19;75.2;79.11;59.11;41.28;58.06;51.57;67.38;49.41;53.56;38.83;44.03;45.55;49.8;41.18;36.03;40.48;35.86;42.76;47.9;65.62;63.64;70.89;58.8;48.77;68.92;60.8;48.71;57.93;51;41.4;46.2
O3;uur;µg/m³;2023-10-10T14:00:00+01:00;2023-10-10T15:00:00+01:00;57.8;42.4;60.2;60.2;83.7;75.83;77.63;76.81;79.65;75.76;69.72;64.84;64.52;74.53;80.31;87.68;84.26;48.8;66.94;66.31;63.06;70.14;73.16;56.33;41.48;48.79;53.61;44.46;39.98;41.95;32.42;47.2;55.4;65.85;64.84;70.42;63.21;47.74;67.63;63.71;44.12;56.45;54.9;46.1;51.4
O3;uur;µg/m³;2023-10-10T15:00:00+01:00;2023-10-10T16:00:00+01:00;66.9;48.2;59.1;56.7;70.1;72.65;80.46;72.16;80.71;79.99;75.88;65.4;75.26;77.77;84.91;88.86;94.11;58.15;72.03;76.64;92.77;90.04;68.83;71.83;40.57;49.69;45.15;55.3;49.89;55.8;46.68;58.69;63.34;55.79;64.77;68.34;67.86;51.39;51.38;58.8;60.92;58.39;47.8;50.8;52.6
O3;uur;µg/m³;2023-10-10T16:00:00+01:00;2023-10-10T17:00:00+01:00;65.6;40.2;57;55.3;70.3;69.18;80.81;66.16;73.64;74.65;72.54;69.43;69.73;73.36;93.91;72.78;70.98;63.83;71.74;65.82;93.93;67.78;60.15;48.01;57.42;82.32;44.04;54.67;49.55;48.73;40.84;60.73;54.32;53.84;66.22;65.27;67.97;50.66;41.7;54.47;77;56.08;79.2;72.9;74.1
O3;uur;µg/m³;2023-10-10T17:00:00+01:00;2023-10-10T18:00:00+01:00;63.2;39.4;47.8;54.9;73.8;61.27;67.13;48.15;66.02;57.18;55.17;58.11;67.48;62.97;77.25;71.97;57.53;56.37;63.56;61.26;73.93;66.41;53.03;47.27;75.95;60.41;50.4;50.94;28.86;17.81;37.09;40.92;31.9;49.66;55.23;57.51;62.29;37.28;46.58;58.28;56.86;53.7;63.5;57.8;61.9
O3;uur;µg/m³;2023-10-10T18:00:00+01:00;2023-10-10T19:00:00+01:00;54.1;26.9;45.9;48.7;73.1;54.5;57.76;54.15;68.04;53.88;50.68;51.31;60.99;54.57;68.46;76.12;59.44;56.12;58.94;56;60.85;65.79;42.35;47.67;73.88;40.66;46.63;37;16.1;23.55;25.44;31.2;39.79;42.98;55.05;50.05;53.84;26.21;63.58;61.41;41.19;49.45;55.4;51.6;51.8
O3;uur;µg/m³;2023-10-10T19:00:00+01:00;2023-10-10T20:00:00+01:00;56.5;23.1;44.7;35.8;44.2;58.69;54;69.84;70.35;59.25;51.03;55.59;57.4;56.08;80.52;85.25;52.63;39.37;59.01;54.89;66.79;50.17;50.86;34.55;49.08;35.79;45.65;34.69;36.27;37.82;30.61;43.47;46.93;48.31;63.41;51.89;54.41;31.12;62.52;57.69;43.23;48.86;52.3;52.6;45.7
O3;uur;µg/m³;2023-10-10T20:00:00+01:00;2023-10-10T21:00:00+01:00;62.7;50;51;34.4;55.4;65.66;52.55;73.59;74.72;59.04;59.79;55.98;49.1;56.53;74.97;80.05;68.34;60.83;71.8;62.04;84.55;65.75;65.74;57.58;43.88;68.67;50.23;45.1;51.51;48.7;41.2;54.77;43.69;48.07;61.95;55.99;57.4;35.28;54.78;55.68;46.14;53.58;47.7;51;41.4
O3;uur;µg/m³;2023-10-10T21:00:00+01:00;2023-10-10T22:00:00+01:00;69.1;58;65.1;34.3;51.6;67.65;59.07;77.35;77.6;52.95;68.99;49.96;45.18;58.2;70.72;74.23;68.39;70.41;67.28;66.85;79.28;71.18;68.54;56.5;70.73;68.88;55.97;67.32;55.39;56.68;60.22;60.25;59.14;43.59;59.74;58.24;56.37;58.12;48.78;59.6;51.3;55.18;57.9;76.8;65.2
O3;uur;µg/m³;2023-10-10T22:00:00+01:00;2023-10-10T23:00:00+01:00;65.9;47.9;56.4;29.5;55;66.2;61.68;75.45;79.22;52.66;71.97;53.55;63.62;59.5;68.28;70.4;66.95;69.76;64.26;66.26;73.64;61.11;61.79;52.67;69.72;62.14;55.71;65.38;59.58;64.56;65.6;62.22;60.65;38.52;59.36;57.19;51.42;56.23;63.8;57.89;47.01;56.94;69.5;77.1;69.7
O3;uur;µg/m³;2023-10-10T23:00:00+01:00;2023-10-11T00:00:00+01:00;59.3;52.9;52;22.3;68.3;60.77;59.68;72.12;79.05;56.37;72.23;59.05;66.93;63.74;61.68;65.15;68.58;62.76;59.76;60.62;75.1;71.8;57.92;65.43;68.72;62.54;58.97;58.36;57.75;61.57;61.2;60.93;57.15;40.1;61.94;56.13;55.06;54.43;57.52;55.76;58.29;58.84;68.3;75.8;68.2
O3;uur;µg/m³;2023-10-11T00:00:00+01:00;2023-10-11T01:00:00+01:00;52.9;53.8;37.2;33.1;67.2;52.44;58.9;70.18;80.57;55.85;67.85;63.94;66.75;65.64;64.73;59.75;68.1;56.44;57.06;59.52;74.64;71.63;57.44;69.36;69.73;63.87;58.58;55.89;54.4;58.23;54.2;56.08;55.6;38.79;65.95;57.57;56.98;56.7;54.91;56.17;64.2;61.11;68.2;75;64.6
O3;uur;µg/m³;2023-10-11T01:00:00+01:00;2023-10-11T02:00:00+01:00;52.7;51.6;32.9;32.1;52.3;45.17;58.97;66.96;76.95;55.61;59.89;63.6;63.88;64.98;55.53;53.27;60.07;55.32;53.15;57.64;71.25;60.52;53.22;59.32;62.58;63.62;53.66;47.77;51.68;54.71;46.46;52.24;49.79;40.25;61.65;58.99;56.58;53.88;56.18;55.42;59.29;60.97;65.8;69.2;61.8
O3;uur;µg/m³;2023-10-11T02:00:00+01:00;2023-10-11T03:00:00+01:00;46.7;48.9;26.7;39.6;56.2;;;;;;;;;;;;;;;;;;;;;;;;;;;;;;;;;;;;;;60.5;65.8;57.1
O3;uur;µg/m³;2023-10-11T03:00:00+01:00;2023-10-11T04:00:00+01:00;51.5;46.9;29.3;35.8;57.6;54.26;59.77;65.82;75.96;58.39;49.02;62.88;48.21;65.11;56;52.99;59.41;47.73;56.15;56.06;66.46;53.36;41.38;54.21;63.46;55.66;45.95;37.81;45.93;48.31;38.99;;45.9;44.76;53.48;61.2;49.29;47.34;56.89;51.61;57.39;61.21;52;62;49.3
O3;uur;µg/m³;2023-10-11T04:00:00+01:00;2023-10-11T05:00:00+01:00;48.6;49.3;29.2;25;57.9;58.31;58.03;68;77.41;55.98;48.61;59.71;43.7;63.36;52.86;54.03;56.38;44.87;50.08;51.86;69.73;46.45;38.85;41.68;63.18;58.54;45.48;36.38;47.72;47.99;28.67;51;45.17;44.41;54.63;61.43;44.7;43.61;56.32;49.35;53.86;57;51.8;61.5;48.4
O3;uur;µg/m³;2023-10-11T05:00:00+01:00;2023-10-11T06:00:00+01:00;44.3;40.5;20.8;21.5;52.7;61.44;57.59;71.03;79.43;57.12;47.5;55.78;37.28;63.42;51.17;55.89;64.07;42.95;46.38;47.1;74.75;50.35;31.16;42.97;60.44;60.15;43.84;38.61;41.79;40.42;23.66;46.73;41.67;41.81;49.64;57.82;42.41;44.25;55.85;44.71;54.44;54.85;53.4;61.9;48.1
O3;uur;µg/m³;2023-10-11T06:00:00+01:00;2023-10-11T07:00:00+01:00;41.1;33.6;17.1;20.2;57.7;62.23;52.18;68.59;72.25;53;43.34;52.2;32.91;61.99;57.49;50.43;64.52;40.15;48.02;43.21;74.32;51.82;32.2;42.9;54.84;57.81;45.26;38.38;35.44;34.32;27.36;40.38;37.95;41.04;44.83;54.7;41.81;42.63;53.9;39.57;50.17;52.14;50.5;64.6;48.9
O3;uur;µg/m³;2023-10-11T07:00:00+01:00;2023-10-11T08:00:00+01:00;43.1;38.3;19.3;20.2;47.8;62.05;55.67;68.07;73.66;50.04;44;51.3;32.56;59.9;63.1;44.89;55.87;41.64;48.63;47.43;69.74;52.19;34.94;35.61;58.89;53.31;40.92;43.7;32.81;34.98;34.67;38.44;43.59;43.27;42.86;49.3;41.54;40.52;55.86;36.25;52.45;51.83;52.5;60;53.1
O3;uur;µg/m³;2023-10-11T08:00:00+01:00;2023-10-11T09:00:00+01:00;51.9;37.4;42.2;31.1;43.2;66.19;58.25;65.47;74.55;54.12;44;56.74;44.57;61.11;63.9;50.06;58.94;47.05;50.62;51.26;72.1;51.06;54.12;47.54;54.62;54.32;40.23;47.28;36.4;42.16;38.25;40.91;46.36;45.14;43.95;51.55;41.3;43.68;57.4;39.71;57.87;56.61;62.2;65.4;58.8
O3;uur;µg/m³;2023-10-11T09:00:00+01:00;2023-10-11T10:00:00+01:00;47.2;39.2;47.2;48.6;43.3;66.11;63.28;63.83;74.24;55.15;54.08;59.98;44.47;65.3;62.37;55.44;65.92;42.32;48.12;49.92;71.13;59.92;48.93;58.64;53.46;55.28;40.55;53.03;38.78;44.19;48.4;43.65;48.2;43.04;46.52;53.5;42.76;41.5;54.34;44.51;59.97;58.44;64.1;65.9;63.2
O3;uur;µg/m³;2023-10-11T10:00:00+01:00;2023-10-11T11:00:00+01:00;52.3;46.9;47.9;45.3;56.1;71.34;66.6;66.5;73.23;51.55;52.05;57.62;46.58;64.93;64.93;56.15;69.07;50.66;52.37;49.09;72.84;59.49;53.57;56.49;55.08;55.8;48.23;56.76;38.04;39.55;55.05;41.6;44.53;45.58;48.64;49.11;45.66;51.09;59.25;43.82;59.32;60.25;64.3;64.6;61.5
O3;uur;µg/m³;2023-10-11T11:00:00+01:00;2023-10-11T12:00:00+01:00;59.6;48.6;49.7;40.7;55.2;74.43;63.31;80.74;80.99;50.03;49.14;52.23;47.83;59.55;67.59;60.6;65.11;58.08;56.75;48.32;74.65;62.29;57.84;51.51;58.27;60.82;60.07;60.08;38.57;42.3;57.49;42.7;49.66;46.3;48.51;47.83;45.3;59.11;60.02;46.85;61.06;59.22;68.5;67.6;65.8
O3;uur;µg/m³;2023-10-11T12:00:00+01:00;2023-10-11T13:00:00+01:00;58.9;50.5;52.3;42.1;56.9;76.03;60.6;87.22;88.12;51.59;51.36;53.72;49.24;61.11;62.47;63.34;63.4;59.94;57.16;52.26;73.7;62.84;57.48;53;63.95;59.52;61.35;58.54;51.17;52.77;57.4;54.36;56.15;45.71;54.21;48.87;47.06;60.21;63.58;52.9;63.09;63.86;67.7;69.4;65.9
O3;uur;µg/m³;2023-10-11T13:00:00+01:00;2023-10-11T14:00:00+01:00;53.1;48.6;48.3;33.7;53.1;80.4;64.27;89.16;92.29;57.55;51.18;55.8;48.38;63.55;61.34;62.67;61.18;52.76;57.79;57.83;69.57;63.05;49.35;48.78;65.1;56.4;61.43;57.92;49.27;50.45;55.21;53.78;55.3;45.88;55.63;49.15;49.89;62.77;65.78;59.68;64.18;64.97;67;68.9;64.5
O3;uur;µg/m³;2023-10-11T14:00:00+01:00;2023-10-11T15:00:00+01:00;51.3;45.8;42.3;40.8;56;80.12;68.3;83.68;90.74;58.14;50.43;58.72;48.02;65.79;63.09;64.02;61.46;48.55;56.8;56.93;68.44;57.8;46.32;48.11;64.64;54.4;58.62;51.59;46.29;49.93;48.83;52.23;53.26;44.1;51.22;49.74;52.66;58.06;64.37;57.12;64.78;66.55;64.1;65.6;
O3;uur;µg/m³;2023-10-11T15:00:00+01:00;2023-10-11T16:00:00+01:00;54.1;43.7;46.4;33.7;41.6;85.22;68.16;77.21;83.7;57.85;47.02;59.7;49.54;68.9;64.05;59.34;55.29;45.27;53.7;48.12;70.29;51.31;48.37;34.42;61.59;52.92;51.01;46.17;43.74;43.87;41.55;49.28;48.7;41.26;51.55;51.69;49.43;55.33;61.51;56;64.93;66.87;54.6;63.4;
O3;uur;µg/m³;2023-10-11T16:00:00+01:00;2023-10-11T17:00:00+01:00;50;41.1;45.5;38;51.3;77.48;69.06;68.69;73.88;56.9;52.86;60.16;49.48;67.69;56.4;57.09;53.34;36.56;49.16;45.08;71.65;47.92;48.65;36.2;40.79;51.8;46.57;43.44;34.82;33.63;38.39;44.82;40.3;39.28;46.5;49.25;48.12;53.12;56.31;54.96;64.27;64.79;50.6;54.9;
O3;uur;µg/m³;2023-10-11T17:00:00+01:00;2023-10-11T18:00:00+01:00;39.6;32.5;37.9;27.1;29.7;68.82;71.42;73.49;77.71;55.57;67.18;64.21;53.34;73.8;52.5;62.42;52.9;28.03;48.04;44.75;72.42;44.93;39.39;33.04;55.74;53.93;43;37.02;24.71;23.81;30.45;34.28;35.37;28.48;43.09;50.39;41.62;40.87;54.11;51.27;59.61;59.46;55;57.4;
O3;uur;µg/m³;2023-10-11T18:00:00+01:00;2023-10-11T19:00:00+01:00;42.8;33.8;30.3;13.9;25.8;66.68;74.89;81.83;84.84;49.26;57.01;65.45;57.65;70.78;60.28;55.6;54.58;36.6;50.16;56.39;72.2;37.28;39.09;32.35;65.33;56;38.21;30.14;14.46;15.59;22.46;24.62;42.93;19.93;33.5;57.69;37.64;36.12;65.52;43.48;55.67;54.82;50.5;58;
O3;uur;µg/m³;2023-10-11T19:00:00+01:00;2023-10-11T20:00:00+01:00;43.6;37.2;32.5;30.6;22.7;70.23;69.66;85.54;87.12;61.25;54.24;62.65;53.88;69.77;67.44;45.26;51.67;47.21;55.25;56.13;67.96;36.57;45.52;33.47;64.17;56.27;33.21;32.57;30.14;35.79;20.8;35.12;49.04;7.7;41.31;66.27;34.34;35.15;66.48;39.85;61.06;57.57;62.2;65.3;
O3;uur;µg/m³;2023-10-11T20:00:00+01:00;2023-10-11T21:00:00+01:00;43.7;39;45.9;32.5;45.7;66.82;67.74;81.53;86.13;52.69;57.81;60.24;48.91;64.32;64.98;36.08;62.9;43.57;58.98;52.61;72.31;54.96;49.09;47.93;59.3;57.32;31.19;37.17;35.98;42.66;21.94;43.29;53.58;12.77;45.58;63.22;33.95;46.18;61.44;41.51;64.72;61.76;58.8;64.7;
O3;uur;µg/m³;2023-10-11T21:00:00+01:00;2023-10-11T22:00:00+01:00;57.3;49.9;58.1;49.5;36.2;68.11;62.41;76.46;83.96;41.22;46.77;55.12;42.19;58.43;68.76;54.19;69.24;51.19;57.69;61.87;68.74;57.55;61.4;60.24;60.35;57.4;31.01;49.03;42.64;45.88;39.13;44.53;54.3;23.28;53.09;55.64;42.59;44.13;55.28;34.3;65.15;64.16;64.5;70.2;
O3;uur;µg/m³;2023-10-11T22:00:00+01:00;2023-10-11T23:00:00+01:00;59.6;53.7;54.4;41.4;49.5;67.66;55.55;73.5;80.84;39.38;41.01;56.14;49.9;59.1;66.34;56.68;65.77;64.22;61;64.81;66.13;51.15;54.49;55.68;62.57;54.84;38.96;54.3;48.04;45.78;45.14;50.43;59.33;32.42;53.65;51.37;48.84;44.3;55.82;35.22;71.5;64.22;62.3;62.5;
O3;uur;µg/m³;2023-10-11T23:00:00+01:00;2023-10-12T00:00:00+01:00;57.1;52.9;55.2;50;42.7;64.76;57.51;69.95;76.09;37.46;47.96;54.09;55.58;57.19;57.76;50.76;62.48;49.31;58.93;61.61;68.39;48.73;59.25;57.1;66.02;53.87;44.57;49.95;49.06;52.58;43.17;49.48;55.79;31.79;55.37;47.9;46.41;50.03;64.04;46.33;73.27;64.29;58.9;62;53.4
O3;uur;µg/m³;2023-10-12T00:00:00+01:00;2023-10-12T01:00:00+01:00;51.7;51.2;49.6;44.6;51.2;65.31;53.6;67.56;69.01;42.22;40.7;44.74;46.63;50.67;54.78;42.59;56.61;46.29;52.35;55.73;62.58;53.66;51.88;54.37;66;49.98;49.94;48.66;47.24;49.28;46.27;49.03;52.57;31.09;53.02;46.17;45.68;56.8;63.36;62.01;72.8;64.43;52;55;51.2
O3;uur;µg/m³;2023-10-12T01:00:00+01:00;2023-10-12T02:00:00+01:00;40.4;45.2;39;22.1;41.5;61.44;49.38;62.32;63.63;47.08;37.14;39.56;40.57;44.62;55.87;41.62;59.13;41.05;50.55;47.02;67.03;56.82;34.28;58.14;64.99;48.28;57.8;50.31;43.28;42.83;48.29;46.51;43.96;22.94;45.35;48.16;46.72;57.23;63.43;63.39;72.12;55.8;60.1;65;50.7
O3;uur;µg/m³;2023-10-12T02:00:00+01:00;2023-10-12T03:00:00+01:00;41;44.6;36.9;19.1;45.4;55.79;43.21;60.78;62.63;37.37;30.55;36.98;40.46;35.93;57.04;48.89;54.85;46.74;49.78;44.77;52.57;48.84;19.7;52.43;62.68;58.9;57.28;46.59;46.88;48.2;45.59;47.56;46.96;27.29;44.5;41.5;52.82;50.81;60.82;55.17;56.62;52.5;57.9;69.5;56
O3;uur;µg/m³;2023-10-12T03:00:00+01:00;2023-10-12T04:00:00+01:00;44.7;33.1;24.9;7.9;46;53.39;36.52;58.49;63.06;28.3;43.51;33;34.52;36.13;62.83;48.05;54.94;36.12;50.52;45.41;57.6;44.46;13.08;52.42;56.92;57.17;55.58;40.58;41.3;43.95;48.62;47.35;44.71;32.95;45.4;36.24;59.24;52.21;56.84;52.89;47.71;52.02;59.7;70.1;59.3
O3;uur;µg/m³;2023-10-12T04:00:00+01:00;2023-10-12T05:00:00+01:00;40.2;15.4;14.4;14.3;53.9;48.4;37.76;40.99;53.92;33.74;37.08;37.44;32.75;39.6;59.01;49.86;53.85;23.15;47.77;46.22;61.49;40.7;19.04;32.86;53.96;51.13;52.36;51.11;42.92;41.16;54.09;48.56;38.27;36.52;44.56;33.99;51.73;49.72;40.51;46.77;42.16;45.84;55;69;62.5
O3;uur;µg/m³;2023-10-12T05:00:00+01:00;2023-10-12T06:00:00+01:00;44.5;13.7;12.4;15.8;48.4;42.52;39.65;49.67;51.01;37.08;40.08;35.83;27.55;40.19;52.94;44.51;46.43;21.19;54.88;47.02;58.52;29.97;10.03;13.86;42.19;42.54;53.54;52.38;43.18;42.49;52.2;47.44;35.73;39.68;34.7;30.51;43.93;48.35;42.57;43.84;33.02;39.56;53.2;62.6;59.6
O3;uur;µg/m³;2023-10-12T06:00:00+01:00;2023-10-12T07:00:00+01:00;38.9;17.1;21;8.1;51.4;43.26;41.29;42.48;51.48;36.79;41.5;34.23;26.82;36.73;52.01;41.65;41.94;25.99;46.98;36.78;54.95;29.85;7.28;14.71;35.3;30.72;51.68;52.55;49.58;43.99;46.49;48.86;40.51;41.98;44.89;29.44;46.21;42.47;40.73;41.65;35.68;30.34;55;58.5;57
O3;uur;µg/m³;2023-10-12T07:00:00+01:00;2023-10-12T08:00:00+01:00;5.1;34.6;19.4;16.9;27.1;37.95;40.87;46.53;46.16;31.44;31.43;27.42;24.49;30.7;49.71;36.83;41.02;30.88;43.69;37.1;54.77;35.7;19.59;12.51;37.01;15.58;55.04;49.77;43.32;43.91;43.84;43.94;49.78;47.62;46.55;30.08;55.91;33.88;33.17;30.34;32.48;15.34;43.9;34.7;47
O3;uur;µg/m³;2023-10-12T08:00:00+01:00;2023-10-12T09:00:00+01:00;4.1;31.3;21.2;39.5;28.6;41.28;36.03;46.72;47.42;30.93;27.64;26.11;20.5;29.26;44.41;37.21;37.92;35.01;38.36;21.8;45.4;45.48;33.45;17.24;37.94;6.62;50.94;46.27;41.23;35.35;45.82;41.99;46.95;50.29;50.08;31.87;49.86;34;36.75;32.74;35.99;30.76;39;29.9;39.7
O3;uur;µg/m³;2023-10-12T09:00:00+01:00;2023-10-12T10:00:00+01:00;13.5;28.7;19.9;36;40.2;40.22;31.29;44.68;47.09;25.91;21.59;23.8;17.89;29.38;41.3;36.36;44.12;33.27;49.94;18.89;47.08;44.42;28.88;20.72;51.02;14.74;47.09;43.13;25.1;26.9;45.8;36.75;35.8;48.05;44.36;32.04;45.59;50.2;46.4;48.42;41.33;37.04;44;28.4;34.8
O3;uur;µg/m³;2023-10-12T10:00:00+01:00;2023-10-12T11:00:00+01:00;14.9;16.9;7.5;20.4;30.4;42.68;29.76;42.47;48.4;20.03;18.65;19.47;17.36;27.81;36.89;35.58;34.96;15.54;37.18;32.91;51.57;37.29;8.26;16.12;58.29;19.5;49.74;42.43;23.32;27.58;38.48;35.25;28.96;43.25;44.07;27.65;43.39;49.24;56.67;52.51;48.56;42.37;48.8;31.5;37.7
O3;uur;µg/m³;2023-10-12T11:00:00+01:00;2023-10-12T12:00:00+01:00;13.6;7.9;1.4;10;13.4;44.75;25.14;50.2;55.87;27.07;24.05;18.31;23.43;25.38;42.12;35.03;27.46;9.12;26.37;25.59;51.55;30.91;12.59;9.72;60.41;22.01;52.34;31.42;20.42;23.27;34.71;34.27;24.64;43.18;39.97;19.49;44.28;51.55;56.53;57.4;67.49;61.2;41.4;17.7;41.1
O3;uur;µg/m³;2023-10-12T12:00:00+01:00;2023-10-12T13:00:00+01:00;21.5;15.4;8.7;24.2;15.4;49.81;29.69;47.65;56.44;33.95;25.51;27.25;28.91;33.48;39.49;33.68;13.52;16.14;34.36;22.93;37.98;14.01;23.82;3.56;57.75;19.66;50.81;26.66;14.23;14.83;29.05;24.19;17.69;34.82;36.98;22.51;47.45;52.89;52.91;60.07;73.58;69.22;43.8;24.3;35.7
O3;uur;µg/m³;2023-10-12T13:00:00+01:00;2023-10-12T14:00:00+01:00;21.4;20;16.6;19;24;48.63;39.53;51.72;52.02;32.91;28.28;29.85;30.87;33.93;34.57;35.22;6.17;27.48;38.68;32.39;25.9;7.44;20.72;-0.44;55.15;11.2;48.66;16.98;6.33;5.12;19.2;14.22;17.37;26.58;27.38;19.53;42.29;45.33;54.78;55.65;67.96;68.46;33.4;21.7;29.4
O3;uur;µg/m³;2023-10-12T14:00:00+01:00;2023-10-12T15:00:00+01:00;23.9;17.6;15.5;16.8;40.3;52.62;38.41;50.86;57.13;36.81;36.09;32.82;36.96;41.42;37.65;33.89;25.77;20.24;38.75;28.01;23.39;24.83;19.23;10.48;55.97;11.35;41.54;22.21;7.58;8.41;17.51;10.72;19.79;19.02;15.99;23.79;41.59;40.28;54.66;53.63;69.55;64.46;30.3;20.1;
O3;uur;µg/m³;2023-10-12T15:00:00+01:00;2023-10-12T16:00:00+01:00;23.1;19;14.6;10.7;32.2;55.58;48.23;48.81;56.56;46.85;29.47;42.25;34.53;50.56;39.08;34.21;36.62;15.14;34.24;30.47;28.02;21.52;16.4;13.8;52.53;2.83;39.52;23.52;7.35;10.03;9.71;14.97;25.74;9.68;19.05;17.95;37.44;38.94;45.53;46.78;64.51;59.31;23.8;16.6;
O3;uur;µg/m³;2023-10-12T16:00:00+01:00;2023-10-12T17:00:00+01:00;25.1;17.4;11.2;14.4;29.7;47.7;49.61;42.4;49.33;40.33;24.59;35.65;28.06;40.94;46.94;35.46;25.38;13.22;32.63;29.63;36.48;17.49;19.7;8.66;51.87;-0.4;29.75;23.23;8.39;7.4;11.99;13.34;27.09;20.62;23.77;16.23;29.31;36.2;46.94;44.15;54.79;51.96;22.8;15;
O3;uur;µg/m³;2023-10-12T17:00:00+01:00;2023-10-12T18:00:00+01:00;29.1;21.3;15.6;14.5;25.4;35.89;41.7;34.62;43.22;32.58;24.54;28.14;23.54;33.33;54.49;41.13;36.11;17.82;30.53;28.12;26.55;20.12;26.93;17.3;51.51;-3.13;25.96;21.88;3.12;4.73;11.01;6.78;25.3;19.61;29.5;27.68;22.12;35.03;49.36;45.04;51.17;51.59;9.5;6.4;
O3;uur;µg/m³;2023-10-12T18:00:00+01:00;2023-10-12T19:00:00+01:00;37;27.3;23.7;11.2;26.6;28.94;35.03;29.36;38.26;28.63;26.86;23.92;20.01;29.07;53.68;44.69;44.21;28.63;40.92;22.81;11.83;22.66;35.8;26.97;48.3;-3.67;19.68;18.92;10.03;14.43;9.44;14.45;25.65;24.18;30.51;28.95;17.14;28.04;45.46;47.57;46.91;44.92;4.8;5.1;
O3;uur;µg/m³;2023-10-12T19:00:00+01:00;2023-10-12T20:00:00+01:00;38.5;30.5;18.5;9.1;18.9;27.33;31.57;26.46;35.37;25.58;29.16;23.5;17.47;28.63;56.13;44.27;46.44;32.7;50.4;29.73;14.83;19.89;33.24;24.01;40.23;-3.47;14.07;24.08;16.84;16.98;13.61;20.01;24.62;32.62;29;25.56;13.24;21.24;39.69;44.12;43.71;42.59;7.2;4.9;
O3;uur;µg/m³;2023-10-12T20:00:00+01:00;2023-10-12T21:00:00+01:00;35.8;30.2;13.8;8.3;22.3;26.32;29.32;25.61;34.05;26.13;31.21;22.61;23.39;26.91;50.15;47.19;23.02;30.32;51.57;42.06;37.91;24.3;31.04;13.46;34.11;-1.28;9.79;28.01;21.33;19.9;15.97;24.57;35.02;29.03;26.5;24.37;27.99;15.94;35.29;32.07;41.76;42.49;11.7;6.7;
O3;uur;µg/m³;2023-10-12T21:00:00+01:00;2023-10-12T22:00:00+01:00;37.9;33;17.2;12.2;29.4;25.39;27.68;28.18;37.44;24.72;37.84;23.68;33.84;26.08;44.95;43.27;24.2;31.24;46.09;41.01;46.99;26.11;31.48;16.79;25.2;28.78;21.26;30.81;31.66;33.64;24.41;34.6;41.15;22.02;28.59;24.21;27.23;12.75;26.99;22.22;44.64;39.73;25.8;26.2;
O3;uur;µg/m³;2023-10-12T22:00:00+01:00;2023-10-12T23:00:00+01:00;37.3;33.4;19.1;14.5;30.1;26.94;28.6;31.63;39.69;26.95;36.87;24.3;37.1;27.14;46.69;45.14;27.35;31.04;44.39;42.17;42.27;27.32;31.15;23.79;15.69;27.27;30.32;28.99;32.7;32.25;27.82;36.48;37.73;20.67;25.94;22.95;25.94;13.12;18.44;17.82;39.43;34.46;29.3;23.7;
O3;uur;µg/m³;2023-10-12T23:00:00+01:00;2023-10-13T00:00:00+01:00;39.9;38.1;25.3;21.9;42.5;29.75;25.37;34.95;39.59;31.38;35.58;26.26;33.22;26.35;49.97;47.65;35.94;32.33;45.67;40.31;33.78;39.13;37.26;35.43;12.55;21.01;37.51;35.1;31.91;34.16;34.99;35.71;39.07;20.71;26.85;23.48;27.81;19.91;14.28;14.82;33.51;27.88;29.8;22.4;
O3;uur;µg/m³;2023-10-13T00:00:00+01:00;2023-10-13T01:00:00+01:00;40;33.4;27;24.3;40.9;29.05;28.47;36.7;40.83;35.08;39.97;24.19;36.12;26.16;44.64;47.01;47.01;34.56;42.06;42.52;36.24;45.97;39.34;44.65;32.01;21.98;37.79;36.85;35.06;36.99;36.14;37.14;38.74;20.67;32.4;26.45;28.2;30.48;28.02;21.42;25.77;19.36;32.4;28.2;
O3;uur;µg/m³;2023-10-13T01:00:00+01:00;2023-10-13T02:00:00+01:00;40.6;36.3;34.1;18.3;38.9;30.24;26.69;36.27;41.13;37.24;36.82;27.31;40.54;30.5;47.12;45.45;50.03;34.69;48.82;34.77;51.74;41.38;35.69;44.57;38.28;28.92;40.34;39.16;35.28;38.6;39.02;38.05;38.62;23.03;33.49;29.27;30.78;33.36;32.26;31.61;19.85;18.52;41.4;39.6;
O3;uur;µg/m³;2023-10-13T02:00:00+01:00;2023-10-13T03:00:00+01:00;44.4;36.8;35.3;31.5;40.2;27.87;30.7;32.43;35.53;38.31;37.08;30.3;38.2;29.86;47.53;43.65;48.06;35.33;49.68;38.55;57.52;41.59;39.54;41.63;30.5;45.04;41.63;39.77;35.05;37.99;38.22;36.26;37.73;23.49;37.88;31.71;32.26;35.62;28.4;31;24.61;24.54;50.1;50.2;
O3;uur;µg/m³;2023-10-13T03:00:00+01:00;2023-10-13T04:00:00+01:00;39.1;37.5;35.6;37.1;39.8;25.98;26.95;33.28;36.51;33.27;25.37;22.67;35.99;22.61;46.41;45.06;46.34;40.15;47.34;39.02;51.21;44.3;39.12;36.76;34.16;43.12;42.25;42.06;35.87;38.21;39.24;38.24;37.87;28.01;40.5;31.56;35.26;37.16;34.48;34.64;34.82;33.04;46.7;48.1;
O3;uur;µg/m³;2023-10-13T04:00:00+01:00;2023-10-13T05:00:00+01:00;38.3;39.6;33.6;40.8;42;27.58;24.88;35.31;38.71;24.62;21.57;18.42;31.23;18.62;39.8;29.18;46.5;44.31;43.45;34.83;49.49;47.63;42.05;38.94;45.27;38.91;42.73;39.86;30.61;33.37;30.01;32.57;34.1;27.31;38.73;28.32;37.34;37.38;43.58;36.97;34.96;35.9;44.7;47.5;
O3;uur;µg/m³;2023-10-13T05:00:00+01:00;2023-10-13T06:00:00+01:00;35.6;34.2;29.3;27.9;33.4;29.62;23.3;35.86;38.01;25.39;24.06;20.11;23.09;22.85;36.67;32.06;39.35;36.8;36.49;29.41;51.71;37.23;30.79;29.59;44.89;41.05;42.23;36.19;29.43;29.94;27.32;34.57;31.66;29.28;40.07;26.13;36.29;38.28;45.97;37.51;39.14;39.15;50.9;53.5;
O3;uur;µg/m³;2023-10-13T06:00:00+01:00;2023-10-13T07:00:00+01:00;31.5;32.1;25.4;23.9;39.2;30.29;28.91;29.45;35.5;25.8;18.42;20.57;20.66;24.51;34.19;30.35;45.26;32.25;33.75;26.66;50.13;40.61;28.43;32.97;46.52;37.49;42.83;39.8;27.66;28.31;32.15;31.94;31.73;30.21;33.94;24.2;39.85;40.76;54.89;40.32;46.01;41.97;39.9;41.5;
O3;uur;µg/m³;2023-10-13T07:00:00+01:00;2023-10-13T08:00:00+01:00;22.9;18.6;18.8;20.4;27.4;26.54;29.67;33.3;38.3;28.35;;22.3;23.14;25.24;30.38;31.2;29.97;24.37;29.03;24.28;48.47;24.97;20.88;22.46;58.89;36.74;40.49;33.87;17.18;17.56;30.39;22.96;24.33;24.47;30.18;21.62;37.19;41.03;50.17;43.67;55.96;51.81;43.9;33.9;
O3;uur;µg/m³;2023-10-13T08:00:00+01:00;2023-10-13T09:00:00+01:00;24.6;24;23.2;25;22.3;35.06;27.85;47.31;52.33;28.64;;21;24.19;25.75;35.26;37.48;28.38;26.7;33.36;26.68;33.52;28.27;24.81;23.3;47.16;24.84;34.34;24.75;14.91;19.15;19.56;21.03;25.15;24.16;27.39;25.63;32.26;37.56;53.19;43.08;53.69;50.04;35.4;31;
O3;uur;µg/m³;2023-10-13T09:00:00+01:00;2023-10-13T10:00:00+01:00;27.3;23.1;;24.5;31.7;52.92;38.34;60.81;67.01;40.34;;35.84;32.06;40.91;39.17;43.96;31.04;29.89;40.8;32.79;40.96;30.11;22.9;23.92;34.08;27.24;33.86;28.12;21.12;25.9;27.46;27.29;29.87;28.49;32.3;27.11;32.01;30;41.92;36.25;55.5;49.48;32.6;29.1;
O3;uur;µg/m³;2023-10-13T10:00:00+01:00;2023-10-13T11:00:00+01:00;30.9;24.9;25.8;30.3;37.7;65.45;51.97;69.66;78.4;47.04;;43.88;39.91;49.88;43.89;47.29;41.11;33.01;44.74;41.4;47.07;37.01;30.89;30.9;40.48;32.37;36.49;34.77;23.38;27.19;29.66;29.31;34.19;34.29;40.31;39.64;38.41;34.78;38.99;35.05;43.16;38.95;40;37.6;
O3;uur;µg/m³;2023-10-13T11:00:00+01:00;2023-10-13T12:00:00+01:00;35.6;29.3;34.6;36.8;44.2;68.19;59.45;70.69;76.74;52.75;;50.74;44.64;56.63;51.38;48.6;45.94;39.56;50.43;48.52;54.05;40.6;35.77;38.03;47.88;39.01;42.79;42.18;31.5;35.57;34.59;38.86;43.33;41.43;47.49;;41.44;37.5;41.73;40.5;41.94;40.25;46.3;41.8;
O3;uur;µg/m³;2023-10-13T12:00:00+01:00;2023-10-13T13:00:00+01:00;43.4;32;38.2;39.9;50.5;61.91;62.65;62.01;65.54;53.03;;51.91;47.33;58.35;55.99;51.22;52.7;39.56;53.24;49.69;58.09;47.7;38.79;42.64;51.83;45.51;51.61;46.4;38.12;43.74;41.3;46.06;48.91;50.28;54.31;;50.81;48.16;44.32;44.35;46.68;47.2;52.4;48.1;46.5
O3;uur;µg/m³;2023-10-13T13:00:00+01:00;2023-10-13T14:00:00+01:00;48.5;37.5;35.9;42.8;50.2;58.96;62.37;61.93;64.28;57.07;;54.08;47.91;60.08;56.23;55.45;59.17;43.15;56.22;52.4;66.42;53.94;45.27;45.67;59.52;53.05;56.27;49.81;44.44;46.16;47.32;50.25;50.91;52.67;57.53;;57.54;54.02;49.91;51.85;53.16;48.84;55.4;52.8;45.9
O3;uur;µg/m³;2023-10-13T14:00:00+01:00;2023-10-13T15:00:00+01:00;51.6;42.5;43.4;35;49.3;60.8;62.02;62.24;67.15;60.66;;55.67;48.2;61.18;62.56;58.77;62.23;42.72;54.75;47.75;72.32;55.66;39.91;51.59;58.29;57.88;56.23;49.16;42.3;44.69;46.21;47.85;49.43;50.01;54.87;;58.19;54.01;62.01;58.25;54.96;52.52;61.1;60.1;45.9
O3;uur;µg/m³;2023-10-13T15:00:00+01:00;2023-10-13T16:00:00+01:00;51.5;51.1;50.5;40.9;59.3;61.22;61.74;62.68;70.48;62.4;;55.38;47.93;61.15;61.25;57.75;67.78;60.36;49.37;53.09;74.38;62.64;59.17;53.21;70.15;61.48;51.93;54.08;43.48;37.55;48.53;46.56;43.61;47.02;52.29;;54.63;51.73;66;56.88;63.06;54.41;65.8;61.6;56
O3;uur;µg/m³;2023-10-13T16:00:00+01:00;2023-10-13T17:00:00+01:00;34;42.1;25.9;38.1;49.6;63.43;60.49;64.98;73.08;61.48;;53.23;46.65;60.64;55.74;54.16;60.92;39.05;55.3;44.34;74.01;53.39;44.4;42.28;69.32;60.87;59.13;54;36.49;31.58;51.45;44.52;40.73;47.24;49.82;;52.26;53.36;68.61;54.73;69.72;56.84;68.4;60.3;58.6
O3;uur;µg/m³;2023-10-13T17:00:00+01:00;2023-10-13T18:00:00+01:00;34.8;35.4;20.3;28.9;49.2;64.2;58.04;67.85;73.31;60.88;;53.54;48.05;58.31;54.72;55.85;60.68;31.45;49.3;43.75;66.87;48.62;40.14;44.53;64.35;54.72;50.63;46.53;25.99;25.26;43.19;33.94;35.59;48.5;44.84;;50.06;50.92;67.97;53.13;68.88;57.35;61.9;55.2;55.6
O3;uur;µg/m³;2023-10-13T18:00:00+01:00;2023-10-13T19:00:00+01:00;42.3;38.7;34.3;32.8;47.4;63.83;58.67;66.41;71.12;58.68;;51.4;46.39;55.3;53.64;51.7;55.58;36.6;51.53;44.65;70.96;47.81;40.69;43.38;64.68;57.33;45.38;42.82;34.51;35.85;38.25;40.16;40.54;49.43;49.06;;45.84;48.73;59.41;54.17;68.26;63.93;55.4;53.9;51.6
O3;uur;µg/m³;2023-10-13T19:00:00+01:00;2023-10-13T20:00:00+01:00;45;46.7;33.9;31.5;38.5;62.91;60.8;65.64;70.64;52.72;;47.88;42.72;53.93;51.21;51.41;48.97;46.35;52.69;46.23;65.84;42.6;45.06;40.3;64.16;56.52;46.03;44;39.25;42.45;40.93;42.76;47.28;46.02;53.11;;53.11;46.84;54.5;51.25;64.07;61.3;50.5;52.4;48.2
O3;uur;µg/m³;2023-10-13T20:00:00+01:00;2023-10-13T21:00:00+01:00;44.9;45.9;37.3;33;42.2;59.14;59.24;65.73;69.97;51.92;;49.75;46.89;53.73;56.24;48.98;49.57;48.22;51.49;46.01;57.99;45.08;44.38;41.06;65.85;52.12;50.23;47.09;39.4;42.1;45.97;45.41;43.38;42.41;51.98;;55.18;48.56;49.46;53.79;58.87;52.02;52.3;50.3;44.6
O3;uur;µg/m³;2023-10-13T21:00:00+01:00;2023-10-13T22:00:00+01:00;46;54.4;45.6;22.8;49.1;54;54.27;66.96;71.51;50.02;;47.53;51.4;50.08;66.33;67.81;51.22;58.86;57.77;62.14;62.62;55.41;57.29;46.67;70.18;55.6;48.97;52.45;57.89;61.1;50.06;62.02;65.46;47.6;56.13;;51.31;49.52;54.65;55.37;57.05;53.14;57.7;62.8;50.3
O3;uur;µg/m³;2023-10-13T22:00:00+01:00;2023-10-13T23:00:00+01:00;50.5;58.8;55;57.2;64.4;60.03;52.69;64.6;69.15;46.74;;45.21;67.66;49.58;63.42;55.21;56.06;63.35;65.53;67.99;56.71;55.67;62.43;53.62;61.27;51.54;67.6;53.9;52.27;54.73;52.68;57.37;56.47;46.36;68.92;;63.82;61.16;75.68;58.76;65.12;65.25;66.4;62.8;55.9
O3;uur;µg/m³;2023-10-13T23:00:00+01:00;2023-10-14T00:00:00+01:00;46.2;46.3;48.3;53.4;69.7;57.96;51.53;61.34;65.34;46.05;;47.77;55.78;52.97;63.64;59.34;53.83;58.25;56.09;56.83;64.1;48.29;50.97;51.37;60.18;51.07;68.58;48.92;47.57;51.41;45.53;54.53;50.79;48.86;66.62;;69.98;70.27;54.7;73.78;60.54;52;56.3;48;41.4
O3;uur;µg/m³;2023-10-14T00:00:00+01:00;2023-10-14T01:00:00+01:00;41;46.7;53.8;57.4;70.5;55.53;54.75;60.13;63.98;52.32;;56.1;49.39;58.88;66.89;70;65.85;55.83;52.8;51.1;73.33;61;61.32;63.55;68.81;63.09;60.29;52.76;40.36;50.63;46.89;48.08;54.95;70.43;56.7;;69.55;61.23;69.8;70.23;70.66;53.07;64;65.8;56.8
O3;uur;µg/m³;2023-10-14T01:00:00+01:00;2023-10-14T02:00:00+01:00;54.5;53.4;61;65.9;87.1;66.13;59.14;62.83;60.18;52.4;;51.94;51.8;55.34;67.74;65.22;74.27;64.29;61.92;57.62;77.33;70.65;66.81;71.88;69.85;64.73;64.48;62.67;50.91;56.01;60.51;55.81;60.48;61.64;56.22;;63.35;62.39;71.1;63.82;69.35;63.94;70.2;67.9;50.2
O3;uur;µg/m³;2023-10-14T02:00:00+01:00;2023-10-14T03:00:00+01:00;47;53.5;63.3;64.2;82.7;61.19;55.81;60.92;64.21;54.5;;53.23;54.17;54.08;67.51;65.73;67.44;67.18;64.8;60.64;75.1;67.34;66.91;66;64.68;64.17;66.65;64.67;55.39;59.63;60.8;58.97;61.79;56.17;55.54;;64.53;63.51;66.58;64.64;62.98;61.99;69.1;63;52.3
O3;uur;µg/m³;2023-10-14T03:00:00+01:00;2023-10-14T04:00:00+01:00;39;46.7;59.4;54.9;77.3;54.55;61.2;59.64;60.54;53.91;;55.23;54.81;54.37;63.48;60.25;63.8;58.79;59.02;55.44;72.03;62.11;60.83;61.75;65.97;61.29;62.97;60.31;55.47;59.45;59.56;55.99;59.88;51.78;53.73;;60.37;61.27;65.78;59.95;61.85;58.71;57.8;61.7;60.6
O3;uur;µg/m³;2023-10-14T04:00:00+01:00;2023-10-14T05:00:00+01:00;37.7;45.9;56.7;43.3;72;58.18;57.45;56.3;59.01;52.68;;49.54;53.89;51.6;60.4;57.07;64.66;57.05;58.06;51.37;68.87;61.85;55.45;62.02;61.7;57.97;60.4;58.6;53.1;55.82;57.41;55.35;53.99;46.45;50.97;;55.49;60.91;63.68;55.2;60.52;55.9;59.7;58.9;58.5
O3;uur;µg/m³;2023-10-14T05:00:00+01:00;2023-10-14T06:00:00+01:00;40.8;41.7;54.7;45.7;73.6;54.74;52.4;53.69;58.18;49.99;;45.17;48.93;51.32;60.73;50.91;64.31;54.27;56.32;48.89;69.64;61.56;52.55;61.65;61.22;57.09;56;54.76;48.04;49.63;51.14;51.4;50.47;37.06;50.15;;50.88;56.2;62.97;52.7;60.46;57.63;53.3;58.5;57.3
O3;uur;µg/m³;2023-10-14T06:00:00+01:00;2023-10-14T07:00:00+01:00;43.4;42.3;52.2;36.4;68.1;48.9;46.24;47.13;50.67;48.63;;42.16;45.18;48.05;60.25;55.17;62.34;52.65;55.76;49.12;69.14;58.55;47.89;59.1;60.24;56.26;54.17;55.08;42.6;39.16;51.32;47.54;48.46;33.93;47.7;;47.64;50.58;62.02;51.46;56.84;54.55;56.9;58.4;57.5
O3;uur;µg/m³;2023-10-14T07:00:00+01:00;2023-10-14T08:00:00+01:00;42.5;39.5;48.3;38.8;68;40.94;45.01;41.01;46.03;37.88;;38.43;42.58;38.78;60.68;45.18;60.57;47.86;55.27;46.78;67.34;56.71;46.37;57.13;58.65;54.97;53.61;51.16;38.37;37.96;45.75;45.94;46.55;32.07;45.22;;46.51;48.59;60.65;47.69;54.38;53.54;58.3;50.9;55.1
O3;uur;µg/m³;2023-10-14T08:00:00+01:00;2023-10-14T09:00:00+01:00;44;43;50.9;41.4;73.9;39.92;45.37;41.94;45.45;44.23;;38.53;40.83;43.66;61.79;49.81;60.42;51.63;55.48;46.18;67.11;57.24;49.48;56.4;57.3;53.93;53.42;51.19;34.93;37.73;44.42;39.7;43.89;30.98;46.33;;45.4;51.3;60.25;47.38;58.21;51.4;59.5;55.1;54.6
O3;uur;µg/m³;2023-10-14T09:00:00+01:00;2023-10-14T10:00:00+01:00;47;40.6;54.2;45.3;65.9;43.86;47.92;43;47.39;49.63;;42.15;46.7;48.47;63.75;59.87;60.1;55.41;59.1;51.17;67.83;57.38;51.98;56.64;59.03;52;55.58;52.65;34.3;42.58;50.06;43;48.39;35.24;47.25;;48.12;52.78;59.45;50.65;61.49;54.08;57.8;59.4;56
O3;uur;µg/m³;2023-10-14T10:00:00+01:00;2023-10-14T11:00:00+01:00;45.9;40.2;56.7;47.6;75.2;47.84;52.17;48.65;52.25;55.14;;47.26;54.75;53.84;65.62;61.27;61.92;58.81;61.25;54.2;68.6;58.5;55.49;58.31;61.83;54.04;60.53;56.97;38.87;51.79;54.52;51.23;55.57;42.53;50.96;;51.27;56.25;61.01;54.74;65.18;57.72;63.2;61.5;57.6
O3;uur;µg/m³;2023-10-14T11:00:00+01:00;2023-10-14T12:00:00+01:00;52.1;42.8;58.3;48.2;76.2;53.65;55.95;54.48;58.24;58.75;;51.98;57.38;59.29;67.42;61.12;63.32;62.64;64.65;54.16;67.74;61.62;59.32;59.8;64.25;56.27;63.39;59.43;45.34;57.26;56.83;54.84;57.96;48.01;55.48;;59.02;59.43;64.51;61.07;65.47;60.78;67.4;66.3;60
O3;uur;µg/m³;2023-10-14T12:00:00+01:00;2023-10-14T13:00:00+01:00;50.9;47.5;59.4;50.3;76.4;54.31;58.79;57.41;60.48;61.69;;53.2;61.84;63.5;67.81;64.28;64.66;63.38;66;60.51;68.37;62.05;58.68;60.78;66.59;55.68;65.35;61.02;51.83;61.02;58.76;59.47;61.54;48.02;59.6;;61.72;62.05;65.09;60.99;70.04;63.7;65.7;66.7;59
O3;uur;µg/m³;2023-10-14T13:00:00+01:00;2023-10-14T14:00:00+01:00;53.6;49.2;61.4;54.1;76;55.7;61.9;57.68;61.25;65.31;;54.45;61.46;64.17;69.59;66.53;66.88;63.84;66.54;61.14;72.22;64;60.94;63.14;68.04;57.54;65.59;63.05;55.21;61.24;58.1;60.55;61.57;52.75;63.27;;62.24;62.77;67.64;65.45;72.41;69.31;66.7;67.5;60
O3;uur;µg/m³;2023-10-14T14:00:00+01:00;2023-10-14T15:00:00+01:00;53.9;48.5;61.7;56;77.3;59.86;64.26;55.31;61.45;63.09;;53.56;62.44;64.28;70.62;68.08;68.35;65.46;68.56;61.06;76.62;64.69;62.58;63.49;70.5;61.85;67;63.83;56.66;62.01;60.24;62.19;63.52;55.81;62.22;;61.59;65.12;68.88;67.31;72.97;68.45;71.5;72.7;65.8
O3;uur;µg/m³;2023-10-14T15:00:00+01:00;2023-10-14T16:00:00+01:00;52.9;50;64.1;54.9;81.2;59.06;62.41;51.76;55.04;63.73;;54.99;64.16;63.69;71.22;67.09;70.88;66.25;67.57;60.74;78.38;67.44;61.78;66.48;69.67;63.92;69.05;67.04;57.78;61.74;63.76;62.61;62.48;47.87;60.63;;59.01;66.99;70.46;67.73;71.33;68.26;73.8;73.7;66.6
O3;uur;µg/m³;2023-10-14T16:00:00+01:00;2023-10-14T17:00:00+01:00;50.6;50.6;67.4;62.5;90.3;56.41;60.97;55.83;57.11;64.27;;52.29;63.52;63.93;72.05;66.17;71.57;66.85;65.99;60.49;78.5;67.11;63.63;65.74;70.18;62.82;68.5;67.55;60.62;66.11;65.32;63.9;65.76;44.87;64.51;;62.19;67.29;71.14;68.98;71.47;65.75;72.3;68.6;65.6
O3;uur;µg/m³;2023-10-14T17:00:00+01:00;2023-10-14T18:00:00+01:00;50.4;43.9;63.7;64.4;93.3;47.64;57.48;52.32;56.96;59.58;;48.84;60.93;61.93;71.28;60.85;72.76;63.42;62.18;59;78.8;67.37;62.66;67.43;70.15;62.61;68.18;62.82;54.05;61.15;60.06;61.46;63.42;45.82;60.86;;62.63;64.73;72.16;62.81;72.88;65.39;65.5;65.1;63.4
O3;uur;µg/m³;2023-10-14T18:00:00+01:00;2023-10-14T19:00:00+01:00;52.1;44.7;65.7;56.9;94.3;44.07;56.14;55.07;56.31;53.99;;44.7;51.31;55.66;72.17;54.79;71.98;62.24;56.7;52.75;76.85;65.77;62.41;67.35;71.36;61.69;66.6;63.35;50.34;54.32;48.74;57.99;61.06;34.08;59.75;;56.12;65.62;72.94;56.88;69.83;66.84;63.8;64.1;62.4
O3;uur;µg/m³;2023-10-14T19:00:00+01:00;2023-10-14T20:00:00+01:00;44.4;36.6;61.1;63.7;89.9;44.11;46.34;52.83;57.77;46.94;;38.24;44.8;45.11;72.58;34.79;71.37;55.01;55.75;48.47;75.97;66.59;55.92;66.09;69.43;62.71;63.56;56.8;47.8;51.33;42.49;55.53;58.75;33.23;51.57;;50.44;66.36;70.83;60.22;73.11;67.8;65.7;61.1;58.4
O3;uur;µg/m³;2023-10-14T20:00:00+01:00;2023-10-14T21:00:00+01:00;45;32.8;57.9;64.8;91.3;40.91;31.07;42.54;44.5;37.68;;38.31;33.97;32.05;69.95;27.9;70.64;47.98;52.94;37.18;75.18;64.44;50.63;64.64;66.92;59.88;60.41;52.31;39.26;32.04;40.54;43.88;44.3;28.48;47.33;;51;62.24;69.42;59.72;72.01;64.4;62.8;60.6;55.7
O3;uur;µg/m³;2023-10-14T21:00:00+01:00;2023-10-14T22:00:00+01:00;46.9;30.4;49.6;56.6;82.9;36.03;31.8;41.78;41.59;32.8;;35.45;25.8;27.43;68.48;25.7;68.82;47.8;53.37;38.19;72.77;62.59;48.72;63.22;67.93;56.82;58.77;37.71;35.96;35.87;36.01;42.72;37.87;32.32;48.39;;47;56.85;69.25;55.88;73.31;68.64;50.1;48;48.1
O3;uur;µg/m³;2023-10-14T22:00:00+01:00;2023-10-14T23:00:00+01:00;47;37.6;46.3;50.4;70.1;35.21;33.1;36.39;41.62;27.8;;30.04;27.96;24.56;68.62;22.43;68.31;36.69;57.98;46.36;63.06;64.18;50.43;62.84;62.7;47.07;54.98;43.9;41.1;35.98;38.29;45.67;30.53;29.59;47.83;;45.51;60.17;65.07;52.29;71.43;71.83;61.4;62.5;52
O3;uur;µg/m³;2023-10-14T23:00:00+01:00;2023-10-15T00:00:00+01:00;57.1;48;56.7;41.3;77.6;35.24;31.83;32.13;36.74;21.81;;27.15;35.85;23.64;70.81;28.72;67.36;52.14;60.58;54.2;71.33;60.61;56.26;62.81;60.36;57.93;59.79;49.52;46.59;41.52;38.99;47.81;35.32;28.07;47.09;;53.3;63.29;64.82;43.37;63.92;68.37;61.6;57.6;45.5
O3;uur;µg/m³;2023-10-15T00:00:00+01:00;2023-10-15T01:00:00+01:00;58.4;50.3;46.2;50.8;83.6;30.71;28.78;29.6;36.61;16.09;;23.63;37.48;23.3;66.9;31.04;66.74;53.45;63.79;62.24;72.27;64.19;52.08;63.75;61.26;62.16;62.72;50.58;40.8;48.04;36.91;46.93;54.86;47.1;51.9;;54.71;62.42;64.03;49.81;72.15;62.94;65;66.3;53.4
O3;uur;µg/m³;2023-10-15T01:00:00+01:00;2023-10-15T02:00:00+01:00;48.9;44.3;56.3;53.7;78.9;26.94;26.65;31.25;31.87;25.89;;26.14;51;24.17;64.67;49.3;65.03;48.16;59.81;56.66;72.66;62.88;59.98;61.83;58.2;54.6;62.62;42.78;41.6;45.64;38.73;44.71;53.59;46.92;53.61;;52.78;62.62;64.48;61.2;64.72;60.2;57.7;58.9;52.2
O3;uur;µg/m³;2023-10-15T02:00:00+01:00;2023-10-15T03:00:00+01:00;45.9;49;56.5;52.1;76.7;;;;;;;;;;;;;;;;;;;;;;;;;;;;;;;;;;;;;;56;55.9;50.2
O3;uur;µg/m³;2023-10-15T03:00:00+01:00;2023-10-15T04:00:00+01:00;48.2;35.1;56.6;60.8;82;25.22;28.48;29.85;31.03;27.44;;25.27;33.28;31.75;;36.83;68.29;53.57;49.87;49.74;73.1;65.1;61.79;66.32;65.46;;50.37;47.19;49.5;48.51;54.37;54.12;46.98;43.13;49.97;;53.26;59.33;61.83;56.74;67;56.97;58.3;61.5;54.7
O3;uur;µg/m³;2023-10-15T04:00:00+01:00;2023-10-15T05:00:00+01:00;53.1;40.5;55.9;63.7;84.7;30.85;36.36;33.39;35.59;30.19;;33.26;34.83;37.02;;53.61;68.06;59.16;52.47;55.72;76.91;61.86;56.76;64.62;64.89;68.22;65.57;60.17;47.23;57.56;58.25;52.81;58.29;41.66;46.04;48.89;52.1;56.04;64.76;55.31;64.91;61.22;65.2;67.8;58.7
O3;uur;µg/m³;2023-10-15T05:00:00+01:00;2023-10-15T06:00:00+01:00;54.6;43.8;58.5;65.5;88.4;48.33;45.24;30.59;35.84;40.38;;40.32;37.56;35.1;;55.47;71.29;56.7;55.92;57.94;73.98;68.47;64.82;69.03;61.84;57.2;62.69;54.02;55.36;57.78;46.4;60.63;52.84;39.68;55.56;53.88;54.6;49.56;64.91;45.62;66.03;63.33;62.3;65.8;54.2
O3;uur;µg/m³;2023-10-15T06:00:00+01:00;2023-10-15T07:00:00+01:00;49.4;49.2;51;50.4;84.8;35.47;41.8;38.49;39.83;39.23;;44.69;45.34;32.58;;59.14;70.61;62.39;68.44;56.8;75.03;68.33;49.39;68.84;63.7;63.49;61.64;53.61;42.82;51.89;50.87;48.12;50.15;41.17;44.78;54.41;55.36;54.27;66.69;47.46;67.67;58.79;55.9;58.3;47.7
O3;uur;µg/m³;2023-10-15T07:00:00+01:00;2023-10-15T08:00:00+01:00;42.4;43.9;54.6;59.4;92;32.33;45.36;33.1;40.24;46.28;;48.19;58.59;31.31;;60.03;72.25;62.38;54.52;55.02;76.97;68.96;48.78;70.62;67.26;67.13;63.07;62.94;45.9;55.14;52.76;53.73;52.38;35.6;47.75;51.57;46.84;56.24;65.8;54.77;68.02;60.87;59.3;62.9;47.2
O3;uur;µg/m³;2023-10-15T08:00:00+01:00;2023-10-15T09:00:00+01:00;50;41;60.6;64.3;92.4;33.69;51.85;37.84;41.11;53.94;;39.6;49.6;38.65;;61.42;72.01;60.33;59.48;49.56;76.45;69.63;61.81;70.06;66.21;66.47;60.69;55.26;48.88;54.43;56.66;54.65;54.03;43.65;49.45;50.43;49.53;56.53;69.11;58.16;67.27;62.93;70.5;68.2;59
O3;uur;µg/m³;2023-10-15T09:00:00+01:00;2023-10-15T10:00:00+01:00;55.7;52.6;64.9;64.4;91.5;33.73;52.92;42.65;46.47;52.62;;38.61;47.13;49.32;;63.73;69.38;67.4;63.3;54.89;74.62;66.23;63.56;66.89;67.44;64.88;65.38;53.97;49.35;55.92;52.03;60.04;58.73;47.87;59.4;53.5;51.22;63.24;67.79;63.69;70.55;65.03;66.2;67.7;57.3
O3;uur;µg/m³;2023-10-15T10:00:00+01:00;2023-10-15T11:00:00+01:00;53.1;47.2;61.4;63.7;89.4;38.13;56.1;47.21;47.36;55.37;;50.02;54.62;52.23;;66.56;71.52;63.69;63.89;60.59;75.53;68;60.82;69.57;66.92;57.43;64.73;58.7;53.01;59.39;53.68;61.74;59.98;49.44;63.24;55.19;58.42;64.67;66.85;62.81;72.41;67.13;63.3;65.8;49.8
O3;uur;µg/m³;2023-10-15T11:00:00+01:00;2023-10-15T12:00:00+01:00;57.1;44.2;60.8;66.2;89.9;55.5;59.97;55.88;59.28;60.05;;52.11;59.84;57.42;;67.92;71.53;59.92;63.25;61.92;75.01;68.86;65.34;69.49;66.75;63.3;70.1;61.92;54.79;63.34;53.02;61.21;63.11;55.21;65.75;59.97;64.62;66.75;68.32;63.72;72.05;69.47;65.3;69.5;60.6
O3;uur;µg/m³;2023-10-15T12:00:00+01:00;2023-10-15T13:00:00+01:00;57.3;45.2;63.5;65.1;90.2;60.86;62.26;56.37;62.51;62.39;;52.64;57.52;60.49;;67.66;70.19;66.17;69.5;63.27;74.94;67.46;61.75;67.07;67.41;65.43;69.93;61.4;54.69;62.03;55.56;61.01;60.41;55.3;69.07;62.3;66.45;66.55;68.52;67.09;71.9;70.07;70.2;69.5;61.5
O3;uur;µg/m³;2023-10-15T13:00:00+01:00;2023-10-15T14:00:00+01:00;53;54.1;64;66.8;90.5;64.17;62.54;58.82;65.31;66.29;;56.11;55.47;65.46;;72.49;70.67;68.8;65.71;62.99;75.34;63.02;65.05;67.52;69.61;64.95;69.07;60.8;52.16;61.1;53.39;61.18;61.52;61.35;69.7;63.6;65.44;67.81;68.58;70.26;71.46;71.73;70.5;70.4;63
O3;uur;µg/m³;2023-10-15T14:00:00+01:00;2023-10-15T15:00:00+01:00;53.9;41;63.5;66;90.5;66.34;62.14;64.97;69.02;64.19;;58.24;62.09;65.57;;70.36;69.49;65.33;65.2;61.93;75.68;66.64;60.52;67.71;70.17;65.07;69.85;64.27;53.13;58.72;57.54;61.46;62.05;60.58;70.67;66.17;63.71;67.49;67.46;67.75;73.34;72.69;71.7;68.9;59.7
O3;uur;µg/m³;2023-10-15T15:00:00+01:00;2023-10-15T16:00:00+01:00;57.3;50.2;64.8;65.6;89.9;63.84;63.29;65.54;69.75;63.78;;57.74;61.66;64.63;;71.23;69.9;64.07;66.55;64.44;76.47;65.79;61.5;66.92;72.3;67.39;69.68;62.68;55.69;63.47;52.79;63.32;63.92;60.51;67.86;64.41;65.8;66.12;66.39;67.12;73.13;73.78;73;71;65.5
O3;uur;µg/m³;2023-10-15T16:00:00+01:00;2023-10-15T17:00:00+01:00;50.4;43.5;64.1;62.9;90.9;61.05;61.41;62.33;63.67;57.02;;44.93;57.44;57.38;;68.08;69.7;64.32;62.84;60.77;77.23;64.57;56.42;67.1;70.22;65.12;69.59;62.31;46.2;59.02;47.28;58.13;61.9;56.27;67.08;60.34;59.23;65.11;67.23;66.57;72.52;68.47;63.2;63.3;63.1
O3;uur;µg/m³;2023-10-15T17:00:00+01:00;2023-10-15T18:00:00+01:00;45.4;19.9;48.2;56.8;82.4;59.8;46.41;52.08;61.18;40.45;;31.19;57.62;36.47;;50.68;69.34;54.89;47.05;49.58;76.75;61.28;27.96;64.69;69.64;57.1;62.89;52.22;40.3;47.79;47.81;51.35;46.6;39.24;50.04;48.17;50.16;60.2;63.59;61.74;67.23;65.57;50.3;55.8;49.2
O3;uur;µg/m³;2023-10-15T18:00:00+01:00;2023-10-15T19:00:00+01:00;24;12.5;27.1;50.4;82.3;45.83;23.87;33.36;54.91;34.9;;14.02;25.9;24.83;;40.97;69.13;51.15;30.39;21.58;76.23;46.91;9.54;64.75;65.96;60.32;60.82;41.28;33.66;48.48;35.3;49.79;35.72;32.28;39.49;35.36;47.32;60.3;63.47;52.26;69.38;64.09;50.6;50.1;38
O3;uur;µg/m³;2023-10-15T19:00:00+01:00;2023-10-15T20:00:00+01:00;11.1;5.4;13.1;49.1;68.3;38.7;20.94;18.17;18.32;27.64;;11.93;10.04;7.25;;35.24;67.58;30.14;18.31;9.68;75.23;35.75;2.19;61.77;62.81;53.6;55.66;33.78;28.01;29.2;35.02;34.07;32.37;25.99;37.97;24.45;49.66;58.49;62.19;43.99;64.25;54.82;38.7;52.8;28.8
O3;uur;µg/m³;2023-10-15T20:00:00+01:00;2023-10-15T21:00:00+01:00;9.4;1.1;3.8;36.3;78;38.22;26.45;14.8;6.57;19.05;;17.24;9.75;3.65;;33.23;68.22;12.32;33.29;6.25;72.19;10.55;8.5;58.48;60.68;38.25;56.05;31.42;13.17;10.15;26.91;23.08;26.65;24.22;36.94;13.55;37.25;56.42;63.52;40.64;65.14;57.06;37.3;52.9;29
O3;uur;µg/m³;2023-10-15T21:00:00+01:00;2023-10-15T22:00:00+01:00;7.6;0.3;14.9;40.7;73.5;25.91;23.51;15.47;5.2;23.83;;14.31;15.62;3.5;;32.24;63.76;8.89;28.89;12.38;64.8;9.13;16.02;33.84;61;35.35;47.74;25.83;21.57;14.09;28.51;28.3;25.87;23.19;38.39;10.65;32.43;55.04;62.4;44.24;67.64;56.46;32;41.3;30.6
O3;uur;µg/m³;2023-10-15T22:00:00+01:00;2023-10-15T23:00:00+01:00;6.1;0;4.8;35.3;59.4;14.68;17.57;15.87;6.41;19.17;;14.39;14.63;8.46;;28.41;45.49;3.23;29.89;19.43;48.37;3.16;7.06;14.19;55.74;41.32;45.06;33.83;24.02;24.16;28.24;29.72;21.35;13.89;37.96;14.46;29.31;51.54;56.47;39.65;70.81;56.85;39.8;35.7;23.9
O3;uur;µg/m³;2023-10-15T23:00:00+01:00;2023-10-16T00:00:00+01:00;18.7;0.5;5.7;24.4;17.6;7.42;14.13;11.56;5.68;12.23;;10.01;18.15;9.98;;25.92;48.64;10.1;25.87;10.08;49.36;13.74;7.21;32.09;48.22;30.45;35.9;32.56;31.3;31.41;35.59;39.89;17.76;17.38;32.17;13.65;28.35;49.87;56.22;46.39;62.38;54.46;39.7;39.3;25.7
O3;uur;µg/m³;2023-10-16T00:00:00+01:00;2023-10-16T01:00:00+01:00;27.9;8.1;7.9;31.9;37.5;6.15;12.94;11.24;6.17;10.84;;12.34;15;9.98;;30.51;37.84;5.19;36.4;8.09;53.99;21.83;9.53;30.92;46.26;37;34.17;27.27;30.7;29.81;29.86;35.84;22.31;17.06;29.53;17.84;27.9;52.66;51.06;44.08;59.2;57.77;38;35.6;31.4
O3;uur;µg/m³;2023-10-16T01:00:00+01:00;2023-10-16T02:00:00+01:00;29.1;15.3;19.8;33.2;29.8;4.29;8.57;10.11;7.32;6.32;;19.73;15.6;9.94;;25.79;23.17;10.7;41.41;13.59;48.9;23.53;14.75;17.69;42.6;44;37.49;25.97;29.32;28.4;25.25;34.46;20.18;12.14;36.3;19.79;24.61;42.14;56.65;41.75;54.49;52.28;42.4;42.3;32.1
O3;uur;µg/m³;2023-10-16T02:00:00+01:00;2023-10-16T03:00:00+01:00;35.1;9.5;17.4;7.5;25.9;3.89;6.83;9.04;7.9;4.47;;16.27;11.91;6.69;;20.09;22.6;26.55;28.69;14.04;48.54;10.91;5.83;17.32;36.75;43.93;44.85;32.87;27.82;25.46;27.3;38.78;29.1;10;33.45;21.37;24.71;39.24;57.86;41.83;51.21;47.49;43.6;45.5;33.6
O3;uur;µg/m³;2023-10-16T03:00:00+01:00;2023-10-16T04:00:00+01:00;38.6;16.8;18.5;8.2;43.8;3.02;8.78;9.3;7.44;2.62;;7.67;6.82;2.95;;31.25;25.85;30.39;20.21;10.63;33.31;7.6;3.36;15.5;47.49;34.19;39.27;21.22;26.89;27.45;19.81;31.76;29.67;10.2;30.83;18.98;31.06;45.63;48.32;45.66;50.13;47.54;46;50.4;34.1
O3;uur;µg/m³;2023-10-16T04:00:00+01:00;2023-10-16T05:00:00+01:00;37.9;6.7;7;6;22.7;2.3;5.46;7.96;5.57;1.81;;4.19;1.73;1.07;;16.75;14.24;11.44;19.02;7.38;28.09;14.72;0.97;10.49;49.5;30.37;37.53;27.43;23.19;26.96;15.87;26.57;17.57;11.11;21.32;18.58;39.45;43.85;57.46;40.11;55.44;48.12;41.3;39.7;27.2
O3;uur;µg/m³;2023-10-16T05:00:00+01:00;2023-10-16T06:00:00+01:00;26;4.4;0.1;11.2;37.9;1.56;4.14;8.79;2.72;-0.08;;-0.25;0.55;0.4;;14.32;10.57;6.06;12.61;6.38;22.64;-0.1;0.46;1.53;31.08;20.99;34.83;27.22;20.33;16.32;12.62;28.75;9.18;15.45;21.45;16.88;38.93;38.1;46.56;37.04;63.6;48.4;33.8;27.6;19.5
O3;uur;µg/m³;2023-10-16T06:00:00+01:00;2023-10-16T07:00:00+01:00;14.2;0;0.2;5.9;30.7;0.42;1.71;2.38;2.01;-0.22;;-1.48;0.46;0.39;;12.79;1.91;0.12;4.53;1.07;16.66;-0.78;0.7;-0.72;27.82;9.51;32.81;14.52;6.04;8.15;10.01;12.2;3.87;13.44;27.18;11.76;30.32;35.27;40.74;32.16;65.45;38.4;22.5;14.4;7.9
O3;uur;µg/m³;2023-10-16T07:00:00+01:00;2023-10-16T08:00:00+01:00;4.2;0.2;0;17.6;38.3;0.74;2.58;5.02;2.26;0.47;;-0.73;0.75;0.79;;9.83;5.13;0.6;3.3;1.02;18.56;6.58;0.97;2.59;21.92;7.84;26.78;5.77;2.43;10.19;9.35;10.65;7.53;11.39;19.74;5.96;29.38;32.17;37.15;28.99;63.61;27.76;6.8;7.2;0
O3;uur;µg/m³;2023-10-16T08:00:00+01:00;2023-10-16T09:00:00+01:00;11.4;2.5;1;26.4;38.3;5.87;5.26;9.53;4.84;3.27;;1.92;2.26;2.76;;14.17;10.35;3.45;12.71;3.37;17.08;10.43;2.2;3.48;19.14;10.78;13.14;10.53;9.33;11.57;13.61;13.85;10.13;22.14;19.23;5.27;34.46;37.5;36.68;36.87;62.9;19.14;12.7;8;2.3
O3;uur;µg/m³;2023-10-16T09:00:00+01:00;2023-10-16T10:00:00+01:00;9.2;3.4;2.9;30.2;21.4;12.73;14.88;18.08;21.87;11.03;1.64;7.11;5.89;7.81;;26.32;20.46;7.37;29.1;8.73;30.72;9.07;7.33;10.58;23.93;19.83;29.99;23.92;12.41;21.14;27.69;22.43;23.87;30.61;28.18;15.47;37.65;34.27;47.24;40.73;62.67;39.11;22;19.9;16.7
O3;uur;µg/m³;2023-10-16T10:00:00+01:00;2023-10-16T11:00:00+01:00;38.7;11.5;11.2;31.1;41;26.2;23.67;44.72;45.4;24.14;19.79;20.65;26.65;18.2;;41.2;35.25;28.97;57.13;32.35;50.88;28.38;16.23;17.5;57.57;32.23;43.38;38.77;32.71;39.21;41.11;41.21;41.99;38.9;39;30.78;43.84;42.86;65.76;55.52;71.79;63.61;39.6;36.8;31.2
O3;uur;µg/m³;2023-10-16T11:00:00+01:00;2023-10-16T12:00:00+01:00;43.8;27.6;31.7;41.6;45;42.31;36.7;51.02;58.09;41.9;41.16;37.41;44.84;38.47;;52.19;45.32;43.98;61.27;49.11;58.96;54.98;39.5;22.7;70.98;43.35;51.89;57.16;44.4;46.15;49.53;53.16;54.72;44.43;60.19;32.18;53.98;60.32;66.44;;74;73.61;47.5;47.6;39.8
O3;uur;µg/m³;2023-10-16T12:00:00+01:00;2023-10-16T13:00:00+01:00;35.6;34.1;41.5;56.7;60.3;51.89;50.9;58.25;63.76;50.46;49.28;48.05;52.84;49.95;;50.14;54.77;47.35;58.97;57.06;66.48;59.07;53.24;26.18;72.53;43.98;66.49;61.97;50.13;50.28;54.68;59.26;59.17;59.29;65.43;54.59;61.4;67.96;69.7;;73.1;76.7;61.9;45.4;45.2
O3;uur;µg/m³;2023-10-16T13:00:00+01:00;2023-10-16T14:00:00+01:00;45.3;43.2;47.4;55.7;70.9;49.46;57.41;59.75;62.29;50.98;51.42;52.87;52.02;48.94;;62.34;67.24;55.87;56.96;58.37;61.64;62.58;53.22;28.15;73.71;40.87;63.77;56.08;51.46;47.86;54.5;59.85;59.51;59.87;67.43;61.75;62.51;69.48;69.05;;73.25;75.4;66.1;57.5;60.5
O3;uur;µg/m³;2023-10-16T14:00:00+01:00;2023-10-16T15:00:00+01:00;50.3;44.2;52;52.7;65.9;54.1;54.01;58.58;61.62;55.97;51.2;48.18;53.53;50.44;;53.9;62.85;57.67;58.43;60.67;64.94;58.95;59.16;26.95;76.98;41.15;70.29;57.82;55.73;50.52;58.63;61.17;61.44;63.4;66.06;57.66;63.41;68.7;69.04;;73.73;76.07;69.3;60.4;67.5
O3;uur;µg/m³;2023-10-16T15:00:00+01:00;2023-10-16T16:00:00+01:00;47.6;41.9;43.9;57;68.4;46.2;47.84;57.8;56.91;60.32;47.99;46.95;57.29;55.88;;40.04;56.89;51.12;57.83;54.1;64.8;55.27;56.13;26.45;75.13;41.79;68.02;57.36;52.32;47.11;54.06;62.25;58.8;50.62;57.94;60.09;63.7;64.86;70.19;;68.61;70.13;66;69.5;66.1
O3;uur;µg/m³;2023-10-16T16:00:00+01:00;2023-10-16T17:00:00+01:00;46.4;39.9;38.8;50.4;62;39.93;37.55;46.53;46.01;52.33;44.58;45.3;50.13;54.58;46.35;47.16;52.79;53.25;51.1;59.69;66.67;47.98;52.58;21.32;69.27;37.42;58.05;50.46;47.15;48.94;46.22;52.52;48.42;43.2;61.83;55.19;57.15;60.05;56.02;56.84;62.54;57.53;61.8;67.2;67.3
O3;uur;µg/m³;2023-10-16T17:00:00+01:00;2023-10-16T18:00:00+01:00;42.1;35.8;25.3;34.5;37;35.47;18.49;35.72;34.85;42.48;39;34.09;43.2;44.39;50.97;45.16;46.62;50.45;40.4;52.37;53.28;47.56;32.15;15.36;60.49;27.89;45.08;40.46;29.62;37.8;33.06;39.28;35.21;29.44;44.61;36.1;47.75;56.51;51.06;48.57;55.84;30.52;44.4;56.1;57
O3;uur;µg/m³;2023-10-16T18:00:00+01:00;2023-10-16T19:00:00+01:00;23.5;24.9;17.4;34.2;17.5;19.74;8.88;24.74;13.33;23.03;20.94;25.08;30.96;24.26;31.54;33.95;43.33;42.25;31.59;42.32;38.27;41.86;22.01;16.54;61.4;22.37;29.38;40.21;26.18;18.33;24.79;26.27;25.73;25.66;7.81;18.73;20.14;52.45;51.14;33.11;57.15;21.28;32.1;48.6;34
O3;uur;µg/m³;2023-10-16T19:00:00+01:00;2023-10-16T20:00:00+01:00;26.7;28.3;11.1;27.5;23;9.48;11.31;17.03;20.54;17.99;14.72;22.97;30.68;25.92;25.5;27.36;46.75;41.52;31.08;38.06;30.08;38.22;16.66;22.66;57.1;15.81;34.09;36;17.56;21.76;24.57;16.31;25.17;7.34;2.9;19.37;8.28;41.08;37.71;27.57;34.67;9.43;35.9;55.3;28.4
O3;uur;µg/m³;2023-10-16T20:00:00+01:00;2023-10-16T21:00:00+01:00;30.8;26.9;30;16.8;16.5;9.57;9.93;12.2;26.08;14.77;14.09;21.27;30.15;24.03;26.21;32.4;50.89;40.97;25.63;35.51;36.59;20.21;17.57;21.9;65.12;15.48;29.31;23.79;8.85;18.29;24.3;8.19;27.35;17.26;1.68;15.91;5.99;27.06;39.79;12.99;35.06;3.59;38.9;54.7;24.1
O3;uur;µg/m³;2023-10-16T21:00:00+01:00;2023-10-16T22:00:00+01:00;35.7;24.9;33.6;18.8;10.6;5.95;13.48;9.46;23.68;15.55;12.1;23.22;26.03;25.47;36.65;28.33;48.99;37.41;27.47;34.24;29.85;29.01;27.55;23.17;63.04;11.66;29.13;17.55;11.74;15.12;34.9;12.29;25.93;17.56;1.67;18.08;8.81;30.62;33.41;9.44;30.13;3.79;59.4;59.5;30.8
O3;uur;µg/m³;2023-10-16T22:00:00+01:00;2023-10-16T23:00:00+01:00;28.6;24.2;23.2;20.8;2.8;6.87;15.25;10;22.06;18.36;12.33;24.62;21.15;25.59;31;26.36;47.22;37.66;22.59;24.28;18.66;23.78;20.09;22;61.98;5.27;26.69;21.09;13.22;21;36.17;14.61;22.64;11.16;0.58;11.74;5.6;36.94;29.28;6.79;22.57;4.93;42.8;55.3;29.6
O3;uur;µg/m³;2023-10-16T23:00:00+01:00;2023-10-17T00:00:00+01:00;26.1;27.4;25.2;22.2;3.2;5.81;14.74;9.75;19.75;19.42;9.57;26.38;24.37;28.93;29.42;21.71;40.39;37.64;17.56;24.62;17.67;30.42;13.8;27.37;60.77;9.04;19.34;23.7;15.75;26.89;20.97;16.92;19.85;9.65;0.23;7.96;4.82;33.84;21.06;6.9;20.97;2.54;26.1;51.2;20
O3;uur;µg/m³;2023-10-17T00:00:00+01:00;2023-10-17T01:00:00+01:00;16.2;24.7;22.7;15.4;20.5;2.91;13.63;10.21;20.76;22.73;9.66;25.9;27.14;32.42;28.29;21.99;41.49;34.89;20.15;22.89;30.11;28.13;22.37;28.37;57.94;14.36;19.09;24.71;19.39;30.4;27.43;20.39;21.48;9.9;0.31;15.65;2.13;33.27;23.46;3.81;18.61;1.62;34.2;49.8;18.7
O3;uur;µg/m³;2023-10-17T01:00:00+01:00;2023-10-17T02:00:00+01:00;20;31.8;29.4;11.2;26.7;5.16;13.43;11.2;18.1;21.13;12.45;26.26;31.64;34.91;23.23;24.03;46.87;39.63;24.26;28.99;33.41;25.66;28.21;33.86;62.26;24.52;16.43;29.89;19.01;31.95;34.99;20.27;26.65;11.06;0.4;18.65;1.56;26.19;20.67;4.98;15.47;1.92;38.9;53.7;13.9
O3;uur;µg/m³;2023-10-17T02:00:00+01:00;2023-10-17T03:00:00+01:00;39.2;34.7;39.8;20.8;31.2;8;16.25;9.88;15.63;24.01;14.86;25.86;29.27;31.51;30.62;22.85;46.84;43.87;29.62;36;31.09;39.4;36.44;35.25;60.64;28.01;18.65;31.77;20.98;37.8;44.95;25.73;36.19;11.03;0.41;18;15.19;19.44;26.57;16.87;18.81;4.24;51.8;55.1;35.5
O3;uur;µg/m³;2023-10-17T03:00:00+01:00;2023-10-17T04:00:00+01:00;36.8;37.9;46.9;26.2;33.2;9.57;16.68;7.45;15.67;26.04;19.14;21.67;29.77;23.08;38.57;19.2;46.08;46.65;39.84;44.19;33.39;37.91;41.14;31.55;56.01;35.49;24.96;29.15;24.44;38.03;40.31;29.19;36.03;15.96;5.42;15;19.63;13.86;28.71;25.71;26.94;12.58;54.5;57.4;42.7
O3;uur;µg/m³;2023-10-17T04:00:00+01:00;2023-10-17T05:00:00+01:00;37.8;33.1;31.4;34.6;31.5;12.84;12.76;7.72;19.69;24.43;21.54;16.07;30.56;16;41.04;24.6;45.93;41.68;28.85;41.01;40.55;35.98;30.12;14.33;57.52;33.67;26.17;31.82;23.67;38.57;41.03;30.77;34.77;22.63;21.48;11.62;21.43;25.49;25.89;17.66;24.98;14.59;51;60.1;52.7
O3;uur;µg/m³;2023-10-17T05:00:00+01:00;2023-10-17T06:00:00+01:00;29.3;30.2;20.4;28.9;22.8;13.74;10.11;9.81;16.55;16.3;17.59;9.82;25.7;10.58;37.56;22.44;41.16;37.54;26.6;30.37;33.91;32.24;18.38;10.94;52.13;15.45;28.86;33.59;25.2;32.77;38.62;30.59;28.56;20.48;21.52;8.63;18.33;26.67;29.44;10.77;18.54;12.6;51.5;49.9;54.9
O3;uur;µg/m³;2023-10-17T06:00:00+01:00;2023-10-17T07:00:00+01:00;7.7;23.4;16.9;14.6;19.2;10.98;7.92;8.8;14;10.9;16.64;6.14;20.53;5.16;;22.05;36.82;24.85;21.38;20.64;36.86;29.92;15.1;12.16;54.66;1.28;23.72;28.03;18.72;28.14;34.42;19.82;28.66;17.76;17.28;6.05;18.16;20.21;19.63;3.16;11.18;9.69;44.7;40.6;44.7
O3;uur;µg/m³;2023-10-17T07:00:00+01:00;2023-10-17T08:00:00+01:00;9.8;17.8;9.4;8.5;13.5;20.4;11.18;11.76;16.09;11.08;15.99;6.14;16.37;7.11;;26.76;34.99;18.12;15.27;15.39;30.7;26.25;11.59;12.55;55.88;6.37;19.7;25.01;19.94;26.48;30.88;18.46;28.97;14.59;21.97;7.81;15.99;14.76;24.65;5.79;20.17;8.53;41.5;36.5;35.5
O3;uur;µg/m³;2023-10-17T08:00:00+01:00;2023-10-17T09:00:00+01:00;19;24.3;20.4;18.8;18.4;24.47;14.03;19.94;21.92;13.81;16.69;10.15;15.95;10.77;;27.65;36.47;23.1;19.96;23.93;36.13;32.7;26.92;13.3;58.34;13.75;28.85;22.85;20.33;22.83;33.46;25.9;27.08;21.56;28.25;15.62;21.02;17.68;30.13;21.73;18.54;25.95;44;40;38.6
O3;uur;µg/m³;2023-10-17T09:00:00+01:00;2023-10-17T10:00:00+01:00;28.1;23.9;30.9;34.1;42.8;26.2;19.59;23.31;27;23.94;20.5;20.02;24.72;18.85;34.25;32.81;38.15;30.5;29.72;30.69;47.77;35.89;39;19.11;62.83;33.56;47.77;28.51;29.54;31.75;34.93;34.61;31.3;39.24;40.93;27.41;38.38;34.55;42.43;40.15;45.21;36.51;49.6;46.4;44
O3;uur;µg/m³;2023-10-17T10:00:00+01:00;2023-10-17T11:00:00+01:00;32.4;27.5;39.1;40;52;30.35;31.01;26.96;30.51;34.3;29.09;31.03;34.8;32.29;41.03;37.93;39.55;34.82;41.49;40.21;51.57;42.53;45.86;25.86;64.32;40.25;56.69;42.13;42.93;43.75;49.24;48.81;42.2;51.19;49.39;37.98;58.29;50.65;50.37;52.82;52.86;55.09;55.9;53.9;54.3
O3;uur;µg/m³;2023-10-17T11:00:00+01:00;2023-10-17T12:00:00+01:00;41.1;32.3;42.5;47.8;57.3;37.89;38.99;37.11;36.43;43.21;42.09;38.95;46.26;41.43;47.27;43.96;51.92;44.8;53.07;47.66;63.71;50.14;52.06;38.06;65.04;49.36;63.01;52.5;46.97;50.53;53.15;52.39;49.63;55.2;56.98;44.66;62;59.08;56.8;65.2;58.23;62;61.6;57.6;57.8
O3;uur;µg/m³;2023-10-17T12:00:00+01:00;2023-10-17T13:00:00+01:00;49.1;40.2;47.8;52.7;64.9;38.97;47.34;38.54;40.68;51.06;44.95;42.49;50.61;47.49;53.27;48.81;59.65;50.03;58.81;55.19;66.23;57.52;54.41;42.13;67.71;46.2;66.11;55.21;51.89;55.85;56.06;57.17;55.81;58.6;60.61;54.05;62.75;63.04;61.01;67.15;65.24;64.01;62.6;58.2;60.7
O3;uur;µg/m³;2023-10-17T13:00:00+01:00;2023-10-17T14:00:00+01:00;48.4;42.9;48.4;54.9;69.1;44.09;49.52;43.03;47.06;53.23;46.86;44.25;52.33;50.08;53.66;48.91;60.97;50.81;59.25;55.7;67.46;61.67;55.85;42.59;70.04;46.64;67.33;58.66;54.51;58.84;58.86;60.77;58.3;61.68;63.9;58.85;64.19;64.58;64.12;69.53;67.11;67.52;65.7;59.3;63.9
O3;uur;µg/m³;2023-10-17T14:00:00+01:00;2023-10-17T15:00:00+01:00;49.7;42.8;49.1;54.9;69.1;51;48.75;50.51;54.63;54.19;47.89;45.62;54.79;47.2;56.49;48.4;61.7;53.06;60.05;58.13;69.39;62.17;58.14;44.1;70.31;48.17;66.56;60.03;57.12;60.1;61.1;61.47;60.12;62.51;65.71;61.97;63.67;65.54;65.12;69.88;70.14;67.94;65.7;63.4;64.4
O3;uur;µg/m³;2023-10-17T15:00:00+01:00;2023-10-17T16:00:00+01:00;48.8;44.8;50.6;54.6;67.5;54.02;46.73;52.11;55.93;47.17;43.92;42.13;55.07;49.14;57.21;48.96;62.54;53.75;61.22;56.76;69.01;62.36;59.53;42.46;69.6;48.95;66.45;59.5;55.37;59.82;58.8;59.8;60.04;61.96;63.7;64.39;62.13;63.54;64.59;69.39;67.51;69.24;64;63.9;62.9
O3;uur;µg/m³;2023-10-17T16:00:00+01:00;2023-10-17T17:00:00+01:00;49.2;46.4;49.7;56.3;67.5;52.41;44.42;51.96;55.85;44.05;39.81;38.62;50.91;42.11;53.88;50.39;59.62;52.34;56.44;56.63;66.02;58.67;58.92;38.48;67.84;41.4;62.89;54.46;52.58;57.09;55.33;57.22;57.4;56.29;60.51;62.41;58.49;59.17;60.11;64.99;64.8;63.09;61.9;61.5;60.2
O3;uur;µg/m³;2023-10-17T17:00:00+01:00;2023-10-17T18:00:00+01:00;47.1;42.8;47.1;55.5;61.1;43.38;39.04;50.49;54.29;38.71;32.8;36.1;45.46;37.15;50.1;41.97;57;44.64;52.47;53.49;60.13;51.94;56.64;32.88;66.11;37.87;53.68;47.49;47.32;50.57;49.7;51.51;52.03;48.64;52.85;48.41;53.48;54.08;54.26;53.23;54.41;47.59;58;57;56
O3;uur;µg/m³;2023-10-17T18:00:00+01:00;2023-10-17T19:00:00+01:00;46.7;41.5;43.8;49.7;55.3;35.62;38.55;36.52;45.31;39.25;29.69;37.45;46.57;36.2;44.71;33.33;52.59;42.6;49.29;46.27;53.99;45.48;52.39;29.56;66.47;35.19;48.77;42.45;41.67;47.82;47.86;42.8;47.56;42.44;45.64;34.46;49.52;45.36;46.03;43;44.39;40.56;59.5;58.8;55
O3;uur;µg/m³;2023-10-17T19:00:00+01:00;2023-10-17T20:00:00+01:00;45.1;39.9;44.4;44.9;49.7;24.47;38.1;18.64;41.77;39.88;34.49;37.89;46.16;39.35;45.74;28.86;50.01;45.21;39.74;39.32;53.06;44.45;50.82;32.94;65.04;38.89;46.09;38.34;36.52;44.41;43.91;37.37;42.95;33.5;42.75;32.14;47.91;43.16;50.1;47.56;45.43;40.95;57.8;56.7;55.1
O3;uur;µg/m³;2023-10-17T20:00:00+01:00;2023-10-17T21:00:00+01:00;43.1;37.6;41.8;45.6;54.3;19.94;30.87;27.33;40.47;39.13;37.47;34.03;42.7;35.98;45.51;22.92;45.59;42.45;37.3;41.58;51.25;42.93;46.43;31.85;63.78;42.68;46.64;37.49;33.78;40.65;43.3;37.46;41.17;31.12;38.67;32.67;44.91;41.74;47.21;41.13;41.52;33.3;57.2;57.9;52.6
O3;uur;µg/m³;2023-10-17T21:00:00+01:00;2023-10-17T22:00:00+01:00;38.5;34.1;38;40.4;48.3;23.43;25.21;31.49;33.15;29.08;33.38;27.79;36.34;29.27;42.28;23.54;40.43;39.15;40.13;37.61;50.53;39.07;42.76;29.55;62.15;38.6;45.61;33.1;33.9;38.96;39.16;37.25;38.04;28.52;37.18;30.2;40.55;40.53;46.32;39.01;41.63;31.8;54.3;53.6;48.6
O3;uur;µg/m³;2023-10-17T22:00:00+01:00;2023-10-17T23:00:00+01:00;32.6;31.4;34.2;36.6;44.1;26.22;15.1;29.68;31.76;20.07;28.29;22.17;30.49;25.44;36.55;22.4;37.84;37.11;36.09;33.8;46.9;37.48;34.38;26.55;59.38;37.99;39.38;32.26;33.08;37.38;37.89;36.69;34.81;26.74;35.42;27.31;36.83;37.5;45.41;37.56;44.77;31.95;49.8;50.5;45.3
O3;uur;µg/m³;2023-10-17T23:00:00+01:00;2023-10-18T00:00:00+01:00;28.6;28.1;30.9;30.9;38.4;25.92;13.13;31.66;31.97;17.25;25.06;21.34;27.2;24.42;32.49;17.77;36.76;33.31;34.71;32.81;43.83;34.54;31.51;30.18;52.27;37.8;34.82;30.97;30.97;34.52;34.9;33.43;31.88;22.26;31.42;27.01;33.97;38.59;46.06;35.5;39.73;36.75;45.3;46.8;40.7
O3;uur;µg/m³;2023-10-18T00:00:00+01:00;2023-10-18T01:00:00+01:00;27.3;26.8;28.3;27.4;34.5;23.94;13.54;26.89;27.94;18.01;22.16;22.08;25.78;25.01;29.22;19.69;35.14;29.92;32.35;29.47;40.62;31.23;30.67;28.31;49.3;33.63;32.98;28.84;28.11;32.09;32.47;31.44;29.25;20.2;30.38;22.65;29.2;34.4;45.94;29.61;48.74;33.73;41.8;42.6;34.7
O3;uur;µg/m³;2023-10-18T01:00:00+01:00;2023-10-18T02:00:00+01:00;25.1;25.5;27.7;26;31.7;24.42;16.22;27.74;29.88;23.3;21.25;20.57;25.39;23.63;28.04;22.07;33.08;29.06;30.53;27.61;37.28;29.97;28.4;27.41;48.21;30.66;30.68;26.42;28.39;31.16;31.13;31.91;26.88;21.99;28.08;22.24;25.92;31.6;40.44;26.74;49.41;35.04;38.7;42.5;34.3
O3;uur;µg/m³;2023-10-18T02:00:00+01:00;2023-10-18T03:00:00+01:00;22.1;25.2;27.5;27;29.8;30.51;16.56;27.65;28.94;21.87;21.36;20.16;24.2;22.96;25.67;15.11;31.71;28.13;29.82;30.92;37.06;28.22;25.12;26.22;46.69;31.6;28.4;26.33;26.48;29.9;29.54;29.2;28.32;19.62;28.18;22.88;23.27;28.12;34.92;23.63;45.12;33.49;36.7;40.8;32.8
O3;uur;µg/m³;2023-10-18T03:00:00+01:00;2023-10-18T04:00:00+01:00;21.2;26.1;27;27;28.8;32.46;15.13;27.5;30.63;23.75;21.57;21.76;23.45;24.99;24.97;8.66;32.15;27.15;29.44;29.93;38.2;29.62;22.71;25.65;42.2;30.72;26.92;25.74;26.54;30.37;28.72;28.74;29.42;20.65;26.3;22.52;20.81;26.11;32.64;24.44;40.19;33.74;35.2;39.3;31.7
O3;uur;µg/m³;2023-10-18T04:00:00+01:00;2023-10-18T05:00:00+01:00;20.6;24;24.1;27;29.4;31.15;15.45;25.37;23.11;22.35;22.37;21.6;22.01;26.56;24.26;10.17;31.34;24.88;29.47;30.04;38.06;29.14;22.73;20.09;40.22;28.69;25.84;26.17;27.22;29.88;28.23;29.27;30.23;22.19;24.52;20.44;21.3;23.97;31.69;25.77;39.86;32.62;32.8;36.7;32.6
O3;uur;µg/m³;2023-10-18T05:00:00+01:00;2023-10-18T06:00:00+01:00;13.9;20.6;20.4;22.5;23;29.14;13.48;19.38;23.34;21.27;22.72;19.8;20.91;21.83;24.02;9.91;28.77;21.7;28.23;29.89;37.81;25.45;16.01;16.42;39.22;20.93;24.43;24.31;25.53;27.74;25.91;28.69;28.75;22.65;25.23;21.2;21.61;21.53;30;28.64;37.76;29.64;30.7;33.4;29.4
O3;uur;µg/m³;2023-10-18T06:00:00+01:00;2023-10-18T07:00:00+01:00;10.4;18.7;18.7;19.4;20.9;26.81;14.62;18.72;19.45;18.78;22.48;15.69;19.5;16.13;22.26;8.44;26.55;19.15;25.8;25.72;31.45;21.49;15.39;16.51;36.72;12.26;22.58;23.39;21.21;23.75;22.14;22.19;25.85;24.03;23.13;14.4;19.11;20.99;28.59;28.82;32.68;24.2;28.1;27.8;25.2
O3;uur;µg/m³;2023-10-18T07:00:00+01:00;2023-10-18T08:00:00+01:00;9.7;16.8;17.3;18.3;17.8;26.04;14.77;14.75;15.47;17.83;22.38;15.13;18.46;16.8;19.76;7.24;25.24;17.91;25.16;25.34;28.36;22.47;13.7;14.54;35.3;13;22.82;23.05;21.36;25.51;19.7;24.44;25;24.26;23.73;14.53;18.49;20.53;26.52;23.04;32.22;25.37;26.9;26.6;22.8
O3;uur;µg/m³;2023-10-18T08:00:00+01:00;2023-10-18T09:00:00+01:00;15.1;18.5;19.6;20;21.4;28.31;17.4;18.79;21.27;20.08;21.91;17.47;20.32;18.14;21.34;11.79;26.44;21.77;26.2;27.38;30.77;24.7;19.35;17.48;35.23;15.95;24.68;23.8;24.64;25.57;26.31;28.74;29.98;25.28;25.63;19.04;20.21;24.61;27.46;29.77;34.92;30.26;28.3;27.8;25.2
O3;uur;µg/m³;2023-10-18T09:00:00+01:00;2023-10-18T10:00:00+01:00;20.7;20.7;21.8;22;26.7;32.58;21.29;27.71;27.18;23.36;23.45;21.76;23.84;23.97;23.15;19.29;27.53;24.33;28.22;28.1;34.32;28.93;23.72;18.4;38.1;21.7;26.45;29.38;26.3;27.21;32.01;32.04;30.2;27.92;30.8;25.94;25.13;26.75;30.9;34.22;41.41;34.54;31.7;30.8;29.2
O3;uur;µg/m³;2023-10-18T10:00:00+01:00;2023-10-18T11:00:00+01:00;21.7;21.7;22.1;25.1;27.6;33.98;24.82;34.25;31.39;25.78;24.72;;25.23;26.42;26.61;32.76;29.65;24.56;30.89;30.11;37.57;29.83;23.79;20.73;40.08;25.43;29.57;31.05;27.47;32;35.19;33.42;30.36;31.01;36.82;30.55;29.73;29.95;34.66;39.92;45.14;38.2;36.7;34.2;34.1
O3;uur;µg/m³;2023-10-18T11:00:00+01:00;2023-10-18T12:00:00+01:00;24.3;22;24.4;27.7;31.3;37.12;30.48;33.05;33.94;28.83;27.83;;26.78;30.14;29.54;38.27;31.59;27.79;32.84;31.17;40.7;31.97;26.69;19.85;40.59;27.59;36.7;32.61;30.96;33.83;36.08;39.06;32.47;37.9;40.83;33.47;32.9;32.31;38.52;43.23;47.81;43.96;40.4;38.3;34.7
O3;uur;µg/m³;2023-10-18T12:00:00+01:00;2023-10-18T13:00:00+01:00;23.9;24.4;27.8;31.6;36.4;43.08;36.65;34.59;36.07;34.49;29;31.12;32.32;32.91;32.89;45.93;34.34;30.68;33.32;31.94;42.23;34.65;28.79;21.18;42.24;28.6;40.91;37.59;34.12;36.82;37.86;41.82;34.48;41.31;44.44;35.71;37.47;37.65;41.76;46.84;50.47;48.19;43.4;40.8;38.4
O3;uur;µg/m³;2023-10-18T13:00:00+01:00;2023-10-18T14:00:00+01:00;26.1;26.1;25.8;29.4;38.7;48.9;46.15;28.44;33.98;37.14;36.04;;32.32;35.88;34.95;46.36;34.13;30.37;33.94;33.85;43.41;35.35;29.02;19.43;44.26;28.33;44.16;39.27;34.09;36.97;40.17;42.41;33.8;44.47;46.84;38.5;42.08;40.26;42.91;47.77;53.83;50.61;43.7;42;40.4
O3;uur;µg/m³;2023-10-18T14:00:00+01:00;2023-10-18T15:00:00+01:00;28.9;24.4;25.8;29;38.4;51.1;51.23;28.85;34.26;42.02;44.15;42.92;35.58;40.11;34.69;42.96;34.15;28.45;38.15;33.5;44.57;34.08;27.73;21.68;44.69;28.71;45.71;39.63;35.14;37.9;42.14;43.77;33.79;46.44;47.85;40.74;47.56;40.27;42.65;45.57;53.3;51.74;44.4;39.2;40.5
O3;uur;µg/m³;2023-10-18T15:00:00+01:00;2023-10-18T16:00:00+01:00;25.3;20.9;21.3;26.4;32.6;46.72;29.97;35.08;37.7;45.45;42.15;43.37;39.85;44.97;33.36;38.4;31.7;24.34;38.09;31.22;42.42;31.91;25.75;18.78;44.89;27.31;45.42;38.44;34.74;37.24;41.18;43.27;32.76;47.77;45.09;39.37;45.4;39.46;42.28;44.94;52.04;50.95;44.7;42.1;42.1
O3;uur;µg/m³;2023-10-18T16:00:00+01:00;2023-10-18T17:00:00+01:00;21;22.2;20.6;21.9;27;40.04;15.72;32.8;33.67;45.91;37;45.79;38.98;44.1;35.11;35.61;30.61;25.02;33.66;25.49;42.71;30.53;17.96;15.7;44.67;28.79;45.3;39.12;35.79;37.73;40.02;43.59;35.5;48.68;44.55;37.81;46.29;38.99;38.4;43.75;51.7;49.96;44.9;42.5;41.6
O3;uur;µg/m³;2023-10-18T17:00:00+01:00;2023-10-18T18:00:00+01:00;20.4;23.8;22.2;19;24.2;36.48;17.3;29.38;23.64;43.93;33.07;40.88;40.49;40.2;37.15;30.99;31.21;27.13;25.63;26.97;43.02;31.63;18.88;19.97;40.88;28.18;42.81;38.99;36.59;37.68;40.74;42.37;38.11;47.61;46.75;42.7;38.85;35.58;37.75;45.59;53.41;51.19;46.7;43.2;40.7
O3;uur;µg/m³;2023-10-18T18:00:00+01:00;2023-10-18T19:00:00+01:00;21.3;25.9;23.6;15.9;22.7;35.34;36.63;23.23;23.97;38.32;28.9;32.78;37.58;34.32;35.6;27.33;32.73;26.35;23.03;26.28;43.2;31.11;14.88;23.18;40.35;34.46;44.26;38.94;37.11;39.25;43.99;42.44;35.73;48.02;47.32;39.47;35.96;34.29;38.08;48.65;52.66;51.81;47.5;42.7;43.7
O3;uur;µg/m³;2023-10-18T19:00:00+01:00;2023-10-18T20:00:00+01:00;20.8;22.7;23.7;15.3;24.7;32.16;37.62;25.35;24.71;32.34;23.12;26.93;31.35;33.53;31.89;28.81;31.83;25.25;24.6;25.33;46.23;30.87;10.88;24.41;39.15;40.09;41.02;38.04;36.5;38.82;43.73;40.17;32.95;48.41;47.5;34.55;34.83;36.47;41.73;49.28;54.51;54.27;47.5;42.9;42
O3;uur;µg/m³;2023-10-18T20:00:00+01:00;2023-10-18T21:00:00+01:00;17.1;21.6;20.7;14.3;21.2;31.18;31.06;28.57;29.67;29.87;22.45;27.27;26.68;29.21;30.6;28.92;29.43;24.15;27.93;24.38;44.91;28.84;11.03;22.37;39.23;39.22;41.04;33.97;32.63;34.93;40.46;37.45;29.16;46.06;45.78;28.47;37.39;38.9;46.67;49.23;55.42;53.71;48.1;43.8;41.3
O3;uur;µg/m³;2023-10-18T21:00:00+01:00;2023-10-18T22:00:00+01:00;18.1;20.3;20.6;15.2;19.9;31.07;20.81;37.23;32.95;27.56;23.67;26.68;27.3;27.73;28.63;30.07;24.74;24.82;28.22;26.36;38.3;24.39;16.25;19.98;39.03;34.36;41.58;27.88;24.44;26.73;33.41;31.21;24.91;41.2;41.56;23.22;38.58;36.56;46.76;47.49;54.42;52.96;45.7;43.4;38.2
O3;uur;µg/m³;2023-10-18T22:00:00+01:00;2023-10-18T23:00:00+01:00;18.8;22.5;17.4;15.5;19.5;30.42;19.61;31.26;29.26;27.26;25.3;26.25;27.13;27.87;25.08;27.85;24.88;25.54;29.51;26.79;33.17;23.16;15.87;19.03;37.22;30.15;41.42;23.51;22.04;24.05;28.11;25.68;24.22;34.52;35.54;25.34;37.87;35;43.28;43.45;52.03;50.46;39.7;37.2;32.4
O3;uur;µg/m³;2023-10-18T23:00:00+01:00;2023-10-19T00:00:00+01:00;20.6;23.1;9.2;18.7;15.6;27.08;20.6;30.62;27.68;26.21;24.46;23.9;25.73;26.24;17.44;15.28;25.91;26.18;25.93;26.12;29.23;24.49;9.86;20.31;36.26;25.84;38.66;21.32;21.61;22.82;25.16;24.49;22.83;31.16;31.84;27.7;34.02;32.8;38.3;38.64;48.59;47.56;35.2;23.1;28.2
O3;uur;µg/m³;2023-10-19T00:00:00+01:00;2023-10-19T01:00:00+01:00;17;22.7;5.6;5.7;8.3;22;19.21;27.19;34.36;23.15;21.39;22.3;23.29;23.82;22.55;41.4;24.59;26.28;21.92;26.65;26.89;23.41;3.79;19.02;36.42;23.42;35.54;21.92;21.32;24.04;23.34;24.37;17.89;32.39;27.19;25.84;32.1;30.89;35.15;38.44;46.93;45.26;30.5;14.4;24.5
O3;uur;µg/m³;2023-10-19T01:00:00+01:00;2023-10-19T02:00:00+01:00;14.9;20.7;8.7;11.5;12.3;18.5;20.66;37.41;37.57;22.23;36.14;19.77;22.62;21.12;50.34;53.03;22.45;23.76;32.14;24.11;26.54;19.95;16.3;17.19;36.81;21.18;32.46;20.33;20.49;23;23;24.24;20.89;32.14;22.87;22.82;30.35;29.26;31.82;39.64;47.17;44.26;26.2;15.1;21.4
O3;uur;µg/m³;2023-10-19T02:00:00+01:00;2023-10-19T03:00:00+01:00;42.4;30.2;28.6;33.1;38;;;;;;;;;;;;;;;;;;;;;;;;;;;;;;;;;;;;;;22.8;22.7;18.9
O3;uur;µg/m³;2023-10-19T03:00:00+01:00;2023-10-19T04:00:00+01:00;43.1;31.2;35;40.8;45;43.96;18.9;54.2;58.89;48.87;44.66;;41.03;44.05;52.46;55.41;48.34;46.11;50.47;34.56;26.09;46.44;45.34;42;29.96;19.51;23.62;37.48;16.84;21.06;30.13;;20.97;20.85;23.74;22.82;27.79;27.66;28.36;37.84;45.95;42.5;19;21.6;18
O3;uur;µg/m³;2023-10-19T04:00:00+01:00;2023-10-19T05:00:00+01:00;38.9;30.7;32.8;35;42.6;45.78;22.19;52.19;55.71;46.76;39.91;34.75;42.79;38.15;50.59;54.04;43.89;46.99;52.45;45.79;38.05;42.52;41.54;32.89;24.42;26.97;23.93;31.51;16.35;23.3;24.86;;33.04;14.8;28.29;26.58;23.18;24.9;27.62;35.5;43.13;39.61;32.4;29;25.1
O3;uur;µg/m³;2023-10-19T05:00:00+01:00;2023-10-19T06:00:00+01:00;37.6;21.5;32.3;36.9;42;41.99;28.32;46.71;51.02;36.81;33.25;33.4;42.72;34.77;48.69;51.45;41.18;42.1;48.77;39.41;45.13;40.39;36.41;27.63;14.34;29.68;25.79;29.27;16.04;19.76;15.36;;36.59;13.4;34.41;20.49;21.15;19.22;24.21;32.97;39.8;36.56;30.8;30.5;28.8
O3;uur;µg/m³;2023-10-19T06:00:00+01:00;2023-10-19T07:00:00+01:00;34.4;19.5;27.2;36.8;39.2;38.21;34.83;40.56;45.39;42.52;33.82;27.74;38.36;31.59;46.53;49.69;40.29;34.6;47.78;37.32;43.81;34.94;33.73;28.59;19.43;25.36;24.68;30.07;12.67;20.77;18.59;;37.47;5.49;30.82;19.96;25.82;14.5;19.79;29.26;36.31;33.67;28.9;25.8;26.1
O3;uur;µg/m³;2023-10-19T07:00:00+01:00;2023-10-19T08:00:00+01:00;33.3;20.7;29.9;34.8;30.5;25.91;34.68;40.55;44.7;39.57;37.91;15.07;34.46;23.11;38.78;43.49;35.79;40.64;46.18;32.29;34.36;31.12;25.82;25.59;21.68;22.36;26.87;30.17;10.63;16.89;20.28;;34.06;5.62;21.35;21.49;23.35;10;15.55;27.02;34.31;32.05;30.4;25.4;23.2
O3;uur;µg/m³;2023-10-19T08:00:00+01:00;2023-10-19T09:00:00+01:00;34.8;24.3;25.3;30.5;10;33.57;32.65;42.69;47.72;36.48;29.76;24.57;28.94;29.8;39.8;42.64;33.21;34.01;33.7;33.72;33.39;36.98;38.1;25.54;18.83;21.06;33.33;30.14;10.4;16.56;23.69;;27.38;10.1;25.18;28.92;23.11;8.4;14.09;24.94;32.96;30.15;29.4;21.9;17.8
O3;uur;µg/m³;2023-10-19T09:00:00+01:00;2023-10-19T10:00:00+01:00;24.6;21.4;17.2;27.4;23.7;40.65;34.11;46.87;53.99;39.58;34.2;27.01;34.75;34.56;41.79;39.6;36.33;20.86;32.61;36.66;33.5;34.74;37.81;25.66;21.88;20.14;32.37;31.21;9.53;21.78;24.63;;27.85;16.33;27.07;27.63;25.69;12.42;12.71;21.35;31.11;27.64;29.6;22;21.8
O3;uur;µg/m³;2023-10-19T10:00:00+01:00;2023-10-19T11:00:00+01:00;25.5;;21.3;27.1;29.8;52.7;43.19;51.73;58.57;49.44;34.46;37.03;43.22;46.17;40.7;37.81;36.73;25.87;37.56;42.28;34.73;31.9;31.97;27.96;24.53;23.71;34.21;34.55;17.25;31.32;34.01;;37.13;21.99;30.86;34.54;28.11;18.12;12.02;19.58;29.08;25.59;28;26.8;24.9
O3;uur;µg/m³;2023-10-19T11:00:00+01:00;2023-10-19T12:00:00+01:00;26.7;27.1;26.8;26.4;29.4;54.98;45.53;51.41;56.66;51.44;35.94;38.88;46.38;44.99;37.15;39.53;40.55;37.71;41.54;45.88;34.15;32.28;35.32;21.78;32.21;24.76;39.3;36.43;23.96;35.69;32.08;;40.7;28.02;39.18;40.32;34.06;26.76;15.3;18.49;27.46;23.59;37.8;30.5;31.5
O3;uur;µg/m³;2023-10-19T12:00:00+01:00;2023-10-19T13:00:00+01:00;29.4;30.2;31.5;27.4;31.4;44.93;45.46;48.02;58.37;47.15;39.26;37.26;40.61;43.97;40.67;44.47;39.22;21.71;43.5;46.81;42.73;36.15;40.19;19.32;36.77;30.49;38.06;41.99;33.25;41.04;35.42;;44.16;30.02;44.93;49.45;46.53;34.7;16.64;16.52;28.87;24.61;26.2;33.1;33.4
O3;uur;µg/m³;2023-10-19T13:00:00+01:00;2023-10-19T14:00:00+01:00;29.8;20.1;20.5;24.2;11.2;38.34;43.47;42.41;51.17;38.92;33.77;29.27;38.58;36.98;35.22;44.12;32.57;25.29;40.61;40.27;45.91;37.06;36.33;14.53;37.79;34.41;39.13;37.38;25.06;41.71;37.6;;41.48;41.23;49.91;47.85;44.57;31.22;13.9;16.68;29.79;26.83;34.8;28.2;34.3
O3;uur;µg/m³;2023-10-19T14:00:00+01:00;2023-10-19T15:00:00+01:00;21.5;19.6;10.6;20.3;11.2;37.85;37.49;36.36;40.72;35.31;32.97;26.11;35.3;35.46;32.17;41.35;32.41;31.68;34.65;37.72;39.61;33.32;17.36;11.62;40.14;21.15;39.19;38.08;22.03;34.78;38.07;;38.6;36.7;40.16;42.49;44.39;25.17;11.78;14.86;30.48;26.96;29.1;29.1;29.6
O3;uur;µg/m³;2023-10-19T15:00:00+01:00;2023-10-19T16:00:00+01:00;22;26.3;15.7;28.7;20.4;30.55;29.39;32.41;35.54;40.52;37.24;27.97;36.71;40.73;33.36;43.23;33.86;35.08;41.46;37.54;43.47;34.57;18.51;17.93;36.62;21.81;35.26;35.85;21.31;24.48;36.05;;32.75;29.67;30.2;40.66;41.51;10.49;10.87;12.94;28.37;25.74;27.1;23.4;30.3
O3;uur;µg/m³;2023-10-19T16:00:00+01:00;2023-10-19T17:00:00+01:00;30.6;22;20.3;23.6;13.1;34.29;26.74;27.44;28.49;41.27;32.45;28.47;36.89;39.41;21.39;42.33;34.94;36.92;38.44;36.74;42.36;35.7;31.48;15.78;27.33;16.66;28.88;35.13;23.78;25.96;34.25;;35.25;26.01;28.07;31.27;35.18;6.12;8.85;12.52;26.76;24.46;24.6;9.3;32.3
O3;uur;µg/m³;2023-10-19T17:00:00+01:00;2023-10-19T18:00:00+01:00;20.6;20.4;6.1;26.1;9.4;26.05;20.84;14.01;18.7;35.88;24.39;27.86;29.98;30.77;22.91;40.13;29.57;30.4;35.93;33.22;40.22;30.37;10.82;12.34;8.86;20.97;28.91;28.8;22.58;23.04;30.36;;29.2;21.93;21.49;22.85;20.86;2;7.48;12.97;27.8;23.93;28.5;7.6;31
O3;uur;µg/m³;2023-10-19T18:00:00+01:00;2023-10-19T19:00:00+01:00;15.9;18.5;9.8;24.2;10.6;21.01;17.8;5.57;19.98;28.29;15.87;20.75;22.1;21.24;31.57;46.19;28.76;27.12;30.67;29.74;36.54;28.64;1.74;14.57;4.44;9.01;24.65;25.73;16.69;18.78;25.73;;21.1;27.9;16.54;19.11;1.83;2.82;7.85;15.83;29.03;24.6;19.6;5;23.7
O3;uur;µg/m³;2023-10-19T19:00:00+01:00;2023-10-19T20:00:00+01:00;19.2;17.6;6.1;18.4;4.1;15.1;13.65;4.26;13.78;16.99;13.3;19.56;19.7;15.99;31.61;37.68;20.32;22.37;25.24;21.89;31.16;20.25;1.9;7.82;3.76;8.06;26.03;17.98;8.79;13.08;17.95;;20.04;25.08;17.44;15.42;2.49;4.3;9.13;18.1;29.36;25.64;17.2;9.1;19.8
O3;uur;µg/m³;2023-10-19T20:00:00+01:00;2023-10-19T21:00:00+01:00;10.9;15.1;9;15.6;2.4;14.65;9.69;3.16;14.18;14.57;10.21;12.29;16.13;15.05;26.72;32.93;16.24;15.48;21.62;20.33;23.2;15.17;2.2;6.94;5.96;11.82;23.47;14.4;6.59;11.1;13.91;;14.36;19.58;18.02;12.72;4.03;6.89;11.27;18.29;29.6;25.92;16.6;15;12.4
O3;uur;µg/m³;2023-10-19T21:00:00+01:00;2023-10-19T22:00:00+01:00;9.8;11.2;6.3;3.2;1.6;17.58;9.11;5.27;16.61;14.95;6.79;8.92;14.55;13.16;22.93;28.75;12.36;12.33;17.66;18.37;19.67;12.45;1.26;6.28;8.38;9.51;13.54;12.02;5.71;9.44;11.21;;12.52;11.84;19.04;6.78;4.48;9.33;14.67;18.67;31.14;27.25;18.7;16.6;12.6
O3;uur;µg/m³;2023-10-19T22:00:00+01:00;2023-10-19T23:00:00+01:00;10.3;11.9;1.9;2.2;3.3;18.71;10.42;8.24;17.77;10.43;7.21;9.21;14.69;14.86;19.83;29.89;13.19;9.81;17.49;16.42;17.04;11.3;2.26;6.96;11.41;10.9;8.95;9.07;8.3;9.02;12.59;;9.96;2.95;20.79;7.18;7.16;10.19;15.55;18.94;32.95;29.04;22.3;18.2;15.9
O3;uur;µg/m³;2023-10-19T23:00:00+01:00;2023-10-20T00:00:00+01:00;13;9.9;4.6;6.4;5.9;19.88;13.71;5.84;14.8;10.34;10.92;9.85;15.23;19.71;19.58;31.46;13.3;9.9;17.54;12.13;18.2;9.51;5.43;7.07;13.42;12.93;8.15;9.51;9.18;10.05;13.78;;6.62;3.03;19.68;6.36;8.3;12.15;15.99;19.48;33.37;29.15;20.3;19.2;18.2
O3;uur;µg/m³;2023-10-20T00:00:00+01:00;2023-10-20T01:00:00+01:00;8.4;7.8;6.6;7.3;9;21.59;17.65;7.14;20.76;13.11;12.16;8.31;16.41;17.27;18.22;32.65;12.28;8.21;14.74;9.9;20.38;8.81;2.22;7.51;13.97;12.01;9.87;10.28;12.2;13.27;16.35;;8.5;5.9;12.91;6.98;9.02;12.76;16.38;18.88;33.58;29.4;11.3;8.7;11.2
O3;uur;µg/m³;2023-10-20T01:00:00+01:00;2023-10-20T02:00:00+01:00;6.6;11.2;8.5;6.6;8;18.86;19.19;16.15;25.74;12.74;14.49;10.74;16.18;10.39;19.56;28.23;12.42;10.48;15.66;10.82;21.94;8.87;5.31;8.76;15.22;4.44;10.48;14.46;14.56;16.37;12.87;;12.14;7.2;8.08;12.79;8.95;12.63;17.38;19.09;33.43;29.07;9.8;10.1;5.8
O3;uur;µg/m³;2023-10-20T02:00:00+01:00;2023-10-20T03:00:00+01:00;9.4;12;11.9;9.5;10.7;17.59;19.47;21.11;24.18;14.4;14.91;15.98;15.69;13.74;21.39;31.35;16.49;13.92;15.98;14.46;13.45;13.03;9.28;12.7;16.28;4.51;12.65;14.92;12.03;16.44;9.59;;15.45;6.74;9.82;12.36;9.73;12.78;18.18;19.48;34.4;30.38;12.8;12.3;5.9
O3;uur;µg/m³;2023-10-20T03:00:00+01:00;2023-10-20T04:00:00+01:00;10.5;12.5;12;14.9;11.7;19.22;11.43;20.52;19.61;17.19;15.58;18.92;16.49;17.68;21.23;34.37;19.68;11.99;18.63;16.58;11.03;16.78;10.34;15.17;16.93;4.75;13.03;9.56;9.69;12.27;9.34;;15.86;6.83;10.54;9.14;9.04;13.24;18.06;21.75;37.75;33.59;13.9;13.3;8
O3;uur;µg/m³;2023-10-20T04:00:00+01:00;2023-10-20T05:00:00+01:00;10.8;15.2;13.3;15.4;14.6;25.52;9.79;13.73;21.25;19.69;12.59;20.42;17.72;18.03;16.06;28.97;16.26;14.52;19.62;15.93;13.83;16.43;13.54;11.2;17.47;5.23;11.96;9.89;9.81;11.71;12;;13.46;6.97;9.64;11.72;9.68;14.47;19.02;24.53;39.1;34.83;14.8;15;10.2
O3;uur;µg/m³;2023-10-20T05:00:00+01:00;2023-10-20T06:00:00+01:00;7.9;13.3;10.9;14.8;14;24.32;12.57;17.95;21.34;16.32;12.38;12.29;17.27;17.05;18.59;27.3;11.91;13.13;17.28;12.14;15.06;11.16;13.63;5.49;18.66;5.66;12.01;10.13;8.64;9.63;11.6;;11.97;7.99;9.19;8.56;10.99;16.41;22.71;26.99;37.88;33.89;13.7;13;9.8
O3;uur;µg/m³;2023-10-20T06:00:00+01:00;2023-10-20T07:00:00+01:00;4;10.6;6.8;10.7;6.5;22.61;10.24;17.53;23.02;7.88;13.82;9.42;13.04;10.76;18.55;10.25;11.49;8.82;10.67;8.8;12.17;8.27;9.69;6.21;21.97;1.46;13.65;8.76;7.41;8.38;9.46;;8.97;7.78;9.32;5.48;12.63;18.03;25.33;26.68;36.32;33.6;12.8;13.1;6.7
O3;uur;µg/m³;2023-10-20T07:00:00+01:00;2023-10-20T08:00:00+01:00;2.5;8.2;5.4;7.5;4.4;22;11.84;18.76;23.16;9.71;15.09;9.3;12.37;8.94;14.23;7.45;10.14;6.69;9.72;5.48;9.67;6.79;7.75;5.65;24.64;1.84;15.53;8.32;6.99;8.5;9.68;;6.78;8.29;9.8;5.41;14.9;19.97;25.39;26.88;33.27;30.33;14;14.9;7.4
O3;uur;µg/m³;2023-10-20T08:00:00+01:00;2023-10-20T09:00:00+01:00;0;6.4;3.5;6.1;5;22.75;12.2;18.96;22.5;9.99;11.36;9.39;9.59;7.13;9.48;9.3;9.49;6.62;8.99;6.34;11.77;7.06;4.81;5.09;25.02;3.85;18.17;7.93;8.1;9.16;10.43;;7.51;9.42;11.29;6.31;15.92;20.42;25.66;26.75;31.98;28.33;16.8;16.2;9
O3;uur;µg/m³;2023-10-20T09:00:00+01:00;2023-10-20T10:00:00+01:00;-1.1;7.8;4.7;6.7;6.8;23.27;10.99;17.83;23.98;10.46;10.23;;6.81;8.05;8.01;13.03;10.92;6.76;9.68;6.96;15.42;8;6;6.06;26.24;5.93;19.78;10.26;9.57;10.89;12.8;;8.71;10.51;13.21;7.15;17.28;21.96;25.19;24.63;31.44;28;19.3;18.9;12.3
O3;uur;µg/m³;2023-10-20T10:00:00+01:00;2023-10-20T11:00:00+01:00;2.1;7.7;5.4;8.3;8.3;21.23;8.89;21.34;23.86;8.15;9.81;;7.76;6.69;7.07;22.68;12.64;7.36;9.36;7.78;18.13;9.38;7.04;7.26;25.01;8.62;21.2;12.41;11.2;12.07;13.91;;10.02;12.09;15.27;7.4;18.88;21.69;23.07;23.46;31.14;28.15;20.8;20.1;13.7
O3;uur;µg/m³;2023-10-20T11:00:00+01:00;2023-10-20T12:00:00+01:00;3.7;7.7;6.3;8.3;10.6;20.77;8.39;18.91;22.56;7.5;7.8;5.25;8.1;12.66;6.28;45.09;14.43;7.27;9.91;8.5;18.31;9.88;8.55;7.12;23.03;9.73;22.4;13.42;11.65;12.88;14.82;;11.54;15.36;15.98;8.52;20.46;20.15;22.81;22.57;32.01;28.68;21.7;20.6;15.9
O3;uur;µg/m³;2023-10-20T12:00:00+01:00;2023-10-20T13:00:00+01:00;3.2;7.8;6.9;8.1;12.6;20.77;8.65;14.88;23.26;7.19;23.12;7.26;6.83;18.3;15.42;62.81;14.66;7.28;9.33;7.78;17.44;10.56;8.96;6.19;22.48;11.7;21.95;13.31;11.21;12.74;15.22;;10.67;17.86;17.01;10.02;19.31;20.13;22.57;22.39;33.93;31.15;22.7;21;16.6
O3;uur;µg/m³;2023-10-20T13:00:00+01:00;2023-10-20T14:00:00+01:00;1.1;5.7;4;6.2;9.2;17.83;7.22;29.16;22.38;5.82;60.19;2.36;3.69;19.67;65.97;54.55;11.41;6.34;8.12;6.51;16.26;8.36;4.95;4.23;22.1;10.25;20.65;12.35;11.13;13.28;14.7;;10.34;17.25;17.68;11.81;17.86;19.29;22.36;22.86;35.22;31.73;22.2;21.1;16.2
O3;uur;µg/m³;2023-10-20T14:00:00+01:00;2023-10-20T15:00:00+01:00;-0.6;3.3;1.2;3;4.4;36.33;7.07;62.45;66.14;54.64;49.16;34.56;29.09;59.93;55.95;48.23;6.84;3.38;7.94;5.54;16.92;5.92;1.93;1.03;21.51;7;18.67;10.76;8.18;9.51;14.54;;9.38;16.08;16.83;11.67;16.04;18.56;21.72;23.29;35.09;31.65;20.1;18.1;13.7
O3;uur;µg/m³;2023-10-20T15:00:00+01:00;2023-10-20T16:00:00+01:00;-1.2;2;0.3;0.2;2;57.25;23.32;56.97;59.91;52.54;36.94;50.17;40.06;53.86;47.62;44.28;3.66;1.52;36.35;6.79;14.16;2.23;3.21;0.27;20.87;6.95;16.69;7.43;4.77;6.64;13.43;;6.05;15.33;16.07;10.5;14.57;17.75;21.1;23.37;35.77;31.96;15.9;11.9;10.5
O3;uur;µg/m³;2023-10-20T16:00:00+01:00;2023-10-20T17:00:00+01:00;31.2;11.3;13.9;33.4;29;52.7;54.13;52.29;57.58;50.94;32.22;42;38.88;47.93;44.89;43.57;2.65;29.58;46.04;42;10.24;1.78;28.9;-0.49;19.28;2.86;14.29;4.24;3.65;4.92;10.14;;4.56;13.04;13.85;6.75;12.04;16.13;20.96;22.76;35.45;31.1;13.7;10.2;7.5
O3;uur;µg/m³;2023-10-20T17:00:00+01:00;2023-10-20T18:00:00+01:00;30.4;21.6;27.1;30.4;42.3;48.84;50.69;52.16;56.26;45.69;35.83;37.44;36.3;44.01;54.32;57.61;30.35;35.13;41.56;36.36;6.4;35.74;30.12;21.18;17.04;0.87;11.12;3.49;0.85;1.91;6.73;;17.89;9.34;10.97;12.79;8.79;13.89;19.33;20.92;32.3;27.47;12.1;8.5;4.2
O3;uur;µg/m³;2023-10-20T18:00:00+01:00;2023-10-20T19:00:00+01:00;33.3;23.7;29;36.6;54.4;48.18;46.86;52.69;54.7;43.36;35.24;35.04;32.19;40.43;63.76;47.43;42.29;34.48;38.35;36.11;12.59;36.95;30.77;32.01;13.95;-0.04;10.36;23.01;1.47;12.62;6.6;;34.89;5.51;9.48;33.18;6.61;11.28;16.91;18.12;27.6;23.89;6.4;6.5;3.4
O3;uur;µg/m³;2023-10-20T19:00:00+01:00;2023-10-20T20:00:00+01:00;26;22.4;27.6;44.3;56.5;45.28;45.51;47.69;53.15;40.94;31.37;31.82;31.39;40.63;54.11;42.83;50.1;33.66;39.95;35.54;46.66;51.3;32.32;39.98;11.79;22;11.88;33.3;25.25;29.15;21.42;;33.63;18.69;25.4;40.36;8.2;9.03;14.28;15.13;24.18;20.63;15.2;18.2;15.3
O3;uur;µg/m³;2023-10-20T20:00:00+01:00;2023-10-20T21:00:00+01:00;26;21;24;33.9;55.8;44.78;41.71;50.41;57.03;38.79;30.72;32.04;31.3;41.77;44.63;42.04;51.69;38.84;41.96;30.62;55.82;47.14;29.21;41.76;16.43;39.87;28.41;31.29;25.11;28.71;24.3;;30.07;40.01;41.22;40.19;15.55;7.96;11.95;12.91;20.93;17.98;32.8;30;26.6
O3;uur;µg/m³;2023-10-20T21:00:00+01:00;2023-10-20T22:00:00+01:00;29.3;25.5;28.3;24.5;44.8;34.65;39.85;48.74;58.07;41.3;25.18;32.66;30.69;39.03;44.31;45;38.08;39.65;41.31;30.66;52.48;32.39;25.39;27.62;23.54;35.3;42.41;28.62;25.58;30;23.8;;30.54;37.81;43.07;40.06;38.21;16.73;12.32;11.51;18.41;15.29;34.9;31.3;26.9
O3;uur;µg/m³;2023-10-20T22:00:00+01:00;2023-10-20T23:00:00+01:00;24.9;23.8;28.3;30.2;36.8;32.27;40.63;51.04;57.95;39.77;22.69;30.49;31.41;36.81;43.25;40.5;33.76;36.13;40.48;30.52;37.97;32.89;16.9;27.28;33.46;26.98;42.45;30.1;23.03;27.79;27.63;;29.22;31.04;44.56;38.12;42.61;27.24;20.41;11.96;16.1;13.28;33.2;29.8;26.8
O3;uur;µg/m³;2023-10-20T23:00:00+01:00;2023-10-21T00:00:00+01:00;31.1;25.6;30.5;34.4;40.9;26.5;38.74;36.42;52.02;36.17;25.97;30.3;31.15;34.59;37.09;42.83;35.85;34.22;27.93;32.17;37.44;35.16;31.58;29.63;37.59;31.55;43.31;29.05;26.03;32.23;30.97;;31.2;22.22;43.71;36.38;41.46;34.04;40.76;17.41;15.7;12.03;34.9;29.2;27.1
O3;uur;µg/m³;2023-10-21T00:00:00+01:00;2023-10-21T01:00:00+01:00;31.2;22.5;25;29.2;36.8;25.63;30.77;36.28;36.17;34.04;26.68;26.58;29.3;34.03;36.12;42.9;30.4;28.21;28.49;32.64;36.22;33.32;30.74;27.05;32.16;27.47;43.26;30.86;24.72;33.04;29.02;;30.73;17.73;38.64;37.91;38.91;33.91;42.51;16.87;21.52;17.62;34.2;29;26.4
O3;uur;µg/m³;2023-10-21T01:00:00+01:00;2023-10-21T02:00:00+01:00;31.7;22.5;23.9;23;33.1;24.03;26.92;12.38;32.08;31.98;20.7;27.5;29.49;28.36;40.13;40.19;26.94;28.45;24.27;31.05;30.79;31.63;28.46;26.07;30.64;21.32;40.97;30.48;23.63;33.46;31.2;;30.03;21.48;34.36;36.56;31.18;31.13;40.04;17.1;24.56;19.81;36.8;30.7;26.1
O3;uur;µg/m³;2023-10-21T02:00:00+01:00;2023-10-21T03:00:00+01:00;29.4;20.3;22.8;21.1;32.8;24.33;29.82;26.32;25.53;30.89;25.8;24.34;29.32;26.85;27.99;40.22;29.38;24.81;20.83;31.55;23.47;33.52;23.77;29.56;32.16;22.68;37.38;29.32;24.74;30.26;30.21;;26.06;27.3;33.96;38.15;20.84;31.53;39.03;20.4;31.32;20.16;30.5;31;25.9
O3;uur;µg/m³;2023-10-21T03:00:00+01:00;2023-10-21T04:00:00+01:00;21.2;20.3;5.6;21.7;28.6;25.88;31.35;48.57;48.38;32.28;22.92;25.73;28.43;25.87;29.26;39.57;24.15;25.32;25.07;30.4;22.34;26.75;23.31;22.85;29.81;23.19;36.36;26.44;23.89;33.25;28.41;;26.97;24.72;33.69;35.71;21.74;32.06;34.07;22.4;31.4;18.67;32.1;30.7;24.6
O3;uur;µg/m³;2023-10-21T04:00:00+01:00;2023-10-21T05:00:00+01:00;27.4;20.3;17.4;24;28.4;34.89;33.01;47.97;51.32;33.03;29.14;29.77;28.8;31.31;32.67;42.28;23.75;22.58;26.85;29.66;24.06;27.08;22.03;22.57;32.02;22.07;35.29;26.5;21.33;31.17;26.96;;27.32;23.95;31.45;33.05;25.42;25.99;31.89;25.51;27.14;21.07;25.4;30.7;25.5
O3;uur;µg/m³;2023-10-21T05:00:00+01:00;2023-10-21T06:00:00+01:00;33.7;23.2;26.9;25.9;28.5;39.59;34.21;47.59;53.08;35.74;35.95;32.24;30.68;35.85;42.3;42.87;25.19;28.43;32.49;31.17;23.93;32.2;27.23;22.93;32.63;21.01;34.2;24.99;20.11;29.15;25.7;;25.64;21.18;28.97;30.4;25.85;21.31;31.07;27.14;26.78;24.57;29.8;29.1;25
O3;uur;µg/m³;2023-10-21T06:00:00+01:00;2023-10-21T07:00:00+01:00;35.9;30.2;34.8;28;25;40.57;36.53;50.13;56.13;34;31.88;30.39;32.7;34.58;41.09;45.09;36.34;36.86;38.9;34.88;27.48;39.44;32.12;31.93;29.79;20.27;33.37;27.26;21.84;26.03;25.34;;27.9;22.12;30.02;29.57;25.9;18.72;30.19;24.48;25.96;23.4;28.7;30.9;24.6
O3;uur;µg/m³;2023-10-21T07:00:00+01:00;2023-10-21T08:00:00+01:00;33.6;27.7;27.8;31.2;26.7;45.23;35.22;54.01;53.98;33.9;38.42;32.74;34.72;37.68;49.28;51.73;34.36;35.45;35.54;33.43;39.3;36.31;31.12;28.84;24.41;19.86;34.31;29;15.73;24.5;26.5;;26.96;22.15;28.54;30.2;27.59;19.75;29.58;24.47;26.1;22.98;34.7;31.9;26.7
O3;uur;µg/m³;2023-10-21T08:00:00+01:00;2023-10-21T09:00:00+01:00;35.3;23.3;32.3;37.9;44.4;52.15;46.04;54.36;59.43;49.71;48.88;46.17;45.48;50.16;53.26;57.17;41.91;34.46;44.3;41.63;32.36;41.91;36.18;35.72;33.27;24.82;36.4;;19.24;27.81;29.01;;34.42;26.1;30.96;34.04;30.78;24.96;38.15;26.26;27.9;22.6;35.1;34.3;29
O3;uur;µg/m³;2023-10-21T09:00:00+01:00;2023-10-21T10:00:00+01:00;45;38.3;44.6;44.7;47.6;58.24;57.56;62.47;67.78;55.46;54.32;51.59;49.98;55.07;59.03;63.72;52.09;50.76;57.06;51.69;46.23;50.1;48.83;43.99;38.33;28.64;37.8;;31.85;36.99;33.83;;46.71;37.95;42.64;47.44;35.45;31.77;37.07;28.89;34.6;22.1;37.1;36.2;29.9
O3;uur;µg/m³;2023-10-21T10:00:00+01:00;2023-10-21T11:00:00+01:00;54.6;43.2;54.4;49.4;61.4;65.6;59.66;68.64;73.21;62.54;63.08;57.91;56.52;63.1;66.76;69.55;55.26;59.74;64.53;60.15;58.33;55.21;56.24;48.07;36.14;39.93;50.94;;41.48;49.07;42.94;;52.93;42.67;55.99;56.07;49.6;34.59;39.33;34.37;38.33;27.99;50.5;50.4;45.3
O3;uur;µg/m³;2023-10-21T11:00:00+01:00;2023-10-21T12:00:00+01:00;61.8;49.4;60.3;60;70;69.15;70.99;72.2;73.82;72.18;67.72;66.81;61.65;72.37;70.33;71.25;67.34;66.94;69.49;67.58;66.81;67.44;65.28;61.87;50.52;53.22;58.18;;48.47;57.59;52.16;;64.12;52.4;61.84;62.79;55.94;53.46;46.64;49.25;38.96;36.14;58.4;57.4;51.2
O3;uur;µg/m³;2023-10-21T12:00:00+01:00;2023-10-21T13:00:00+01:00;64.7;51.2;63.2;61;74.9;71.85;73.5;73.1;76.77;76.7;71.34;68.4;65.27;72.71;72.53;71.88;70.67;66.91;70.73;69.95;76.41;69.06;70.15;61.76;59.17;62.63;65.26;;54.22;62.58;59.02;;65.06;63.13;70.17;73.74;61.04;55.1;56.65;58.2;45;46.74;68.4;65.6;61.7
O3;uur;µg/m³;2023-10-21T13:00:00+01:00;2023-10-21T14:00:00+01:00;67;56.6;67.7;61.1;75.7;74.6;74.44;76.92;78.71;77.53;69.46;69.64;70.12;75.04;70.56;66.99;70.6;70.06;74.65;72.28;75.78;71.06;73.2;63.72;68.25;63.24;72.72;;51.95;65.05;62.22;;68.73;65.1;73.89;72.07;71.5;62.67;63.06;61.54;54.88;56.54;73.5;69;64.9
O3;uur;µg/m³;2023-10-21T14:00:00+01:00;2023-10-21T15:00:00+01:00;61;55.4;61;59.8;69.2;74.87;75.98;74.01;78.95;76.81;64.74;71.04;70.36;78.28;69.67;68.1;68.2;67.93;69.6;75.32;77.1;68.47;63.55;56.59;71.93;61.41;75.14;;55.02;65.04;68.35;;67.3;72.38;75.23;74.31;73.46;68.72;69.72;62.52;57.86;60.62;75.6;70.2;65.9
O3;uur;µg/m³;2023-10-21T15:00:00+01:00;2023-10-21T16:00:00+01:00;56.6;47.9;54;54.7;63.7;70.93;75.79;71.5;77.06;73.23;56.5;66.8;67.26;72.45;68.91;67.46;62.36;60.87;65.43;70.25;72.7;61.15;57.86;50.88;70.46;60.82;74.9;;50.8;62.69;65.11;;67.28;68.91;75.77;73.28;73.82;68.77;72.21;69.66;61.43;61.14;62.9;55.9;57.3
O3;uur;µg/m³;2023-10-21T16:00:00+01:00;2023-10-21T17:00:00+01:00;55.9;53.8;56.5;51.2;58.1;68.92;71.9;69.8;74.39;66.73;57.31;62.71;60.72;67.44;64.8;65.26;59.56;62.87;65.32;67.08;69.14;57.96;57.31;46.57;63.63;58.18;75.65;;42.79;57.87;56.27;;63.04;67.87;74.41;71.25;70.94;64.92;69.44;73.61;60.85;64.08;64.1;61.9;60.5
O3;uur;µg/m³;2023-10-21T17:00:00+01:00;2023-10-21T18:00:00+01:00;53.1;52.8;51.9;48.8;57.7;67.26;70.79;68.88;72.68;67.78;53.9;57.45;58.64;63.98;63.15;64.41;56.54;60.7;62.33;64.54;69;56.81;51.26;48.49;69.54;60.31;70.95;;46.89;59.39;59.83;;59.39;64;67.73;67.58;67.45;62.71;71.91;69.49;61.53;62.91;59.4;62.9;59.6
O3;uur;µg/m³;2023-10-21T18:00:00+01:00;2023-10-21T19:00:00+01:00;49.2;48.9;46.6;49;42.8;65.48;68.51;66.45;71.21;70;55.37;60.31;59.76;66.73;66.59;68.36;52;59.21;58.32;63.78;62.35;50.16;42.09;40.59;68.81;56.32;65.36;;45.68;57.55;57.48;;59.25;62.08;68.35;66.12;65.82;60.83;69.62;70.36;67.49;68.65;62.5;61.9;58.2
O3;uur;µg/m³;2023-10-21T19:00:00+01:00;2023-10-21T20:00:00+01:00;49.9;50.6;50.1;45.1;57.1;65.78;66.83;66.11;71.84;70.73;58.52;62.61;62.71;68.5;67.52;69.31;49.27;62.7;63.39;66.65;61.29;53.3;48;40.09;65.72;52.71;66.33;;40.44;57.82;58.34;;60.02;60.18;67.3;66.06;67.2;63.64;65.78;64.34;67.52;67.6;64;60.6;54.8
O3;uur;µg/m³;2023-10-21T20:00:00+01:00;2023-10-21T21:00:00+01:00;56.3;53.2;55.6;51.3;61.5;67.22;66.66;68.93;73.42;70.13;60.36;62.25;62.68;67.59;65.24;65.44;54.46;64.46;64.37;67.55;65.91;57.65;43.17;48.31;62.63;56.51;63.56;;52.64;63.09;61.85;;63.01;59.31;65.7;64.04;64.67;60.34;65.72;61.3;66.48;66;64.7;61.9;56.7
O3;uur;µg/m³;2023-10-21T21:00:00+01:00;2023-10-21T22:00:00+01:00;56.9;53.5;58;49.8;62.2;68.25;67.12;69.85;73.22;70.73;58.17;63.54;62.64;68.23;60;59.4;55.41;64.18;64.15;68.14;66.28;57.29;53.62;49.19;62.84;57.76;63.61;;54.69;63.76;63.57;;63.28;60.52;64.54;65.2;61.58;61.01;63.89;59.36;62.16;61.97;67.8;61.5;58.7
O3;uur;µg/m³;2023-10-21T22:00:00+01:00;2023-10-21T23:00:00+01:00;53.2;50.4;51.4;52.4;55.3;68.55;68.86;72.54;74.42;68.82;50.97;67.66;58.31;71.58;54.21;52.7;55.98;60.74;59.22;63.76;65.41;53.42;56.85;52.1;63.55;58.49;65.49;;55.35;63.77;63.07;;62.12;58.3;65.98;65.93;62.53;60.12;61.64;59.9;60.47;57.78;68.4;63;59.4
O3;uur;µg/m³;2023-10-21T23:00:00+01:00;2023-10-22T00:00:00+01:00;48;46.6;45.6;44.4;45.7;68.67;68.65;71.25;75.1;66.59;47.28;64.43;53.99;68.13;43.29;45.19;49.88;53.22;52.79;56.04;59.86;48.47;50.6;47.25;63.18;54.69;65.17;;52.65;60.34;58.2;;56.42;49.13;66.45;67.13;62.59;61.69;62.36;57.61;59.71;56.86;66.9;58.6;58
O3;uur;µg/m³;2023-10-22T00:00:00+01:00;2023-10-22T01:00:00+01:00;38.6;38.6;39.1;35.5;34.1;67.14;68.2;69.84;73.75;61.18;42.62;62.37;49.48;65.21;34.02;36.16;41.31;45.71;47.03;49.69;53.13;40.02;38.79;38.16;60.72;49.43;63.75;;49.01;55.59;52.53;;50.4;56.35;66.05;65.73;62.02;62.31;63.08;59.13;60.12;56.37;58.7;57.4;52.7
O3;uur;µg/m³;2023-10-22T01:00:00+01:00;2023-10-22T02:00:00+01:00;30.4;32;30.5;24.8;27.2;66.33;65.31;67.77;71.48;58.09;37.09;58.61;44.79;61.35;37.03;25.02;31.7;34.6;38.85;42.29;42.24;31.07;26.25;30.04;58.97;40;59.52;;44.42;49.18;45.11;;45.45;59.76;61.01;64.04;63.04;59.81;60.25;60.37;59.29;56.51;51.7;47.8;44.3
O3;uur;µg/m³;2023-10-22T02:00:00+01:00;2023-10-22T03:00:00+01:00;29.6;26.9;24;24.9;26.5;63.8;62.75;65.33;68.78;51.22;22.62;55.76;35.22;58.76;36.33;30.54;29.58;25.83;34.71;31.61;40.57;29.32;29.27;26.87;47.62;28.18;52.95;;36.42;40.41;36.17;;34.52;62.65;57.96;59.45;61.43;54.64;55.81;63.53;59.77;60.98;42.2;39.1;34.7
O3;uur;µg/m³;2023-10-22T03:00:00+01:00;2023-10-22T04:00:00+01:00;29.5;28.7;29.3;24.7;31;61.31;60.58;60.2;62.6;44.88;25.75;50.79;25.15;52.64;38.27;26.89;35.62;26.42;36.02;34.06;44.12;33.36;33.7;33.47;35.26;30.09;42.98;;27.77;31.36;30.34;;31.36;61.23;46.99;53.25;57.12;49.7;47.72;63.07;60.16;59.96;32.9;31.4;26.2
O3;uur;µg/m³;2023-10-22T04:00:00+01:00;2023-10-22T05:00:00+01:00;29.9;31.2;30.2;21.7;28.4;57.08;53.55;56.25;60.04;35.15;20.15;43.58;25.22;44.31;34.45;25.71;40.76;26.46;34.75;32.57;42.91;37.81;33.06;37.75;35.49;33.61;33.37;;27.87;30.33;34.14;;29.87;56.7;35.11;46.78;51.07;39.58;36.44;60.18;57.17;56.95;37.7;40.2;32.5
O3;uur;µg/m³;2023-10-22T05:00:00+01:00;2023-10-22T06:00:00+01:00;28.6;20.6;22.3;22.2;35.8;53.51;41.06;60.97;61.01;27.35;21;33.59;21.02;35.61;23.35;28.79;40.68;25.32;31.26;26.12;41.85;35.86;27.04;35.85;38.64;34.35;36.64;;26.3;29.43;36.16;;28.38;48.29;32.11;35.3;41.49;31.41;34.94;55.48;50.53;52.47;38.5;41.1;33.8
O3;uur;µg/m³;2023-10-22T06:00:00+01:00;2023-10-22T07:00:00+01:00;20.5;19.1;6.5;20.3;32;51.26;36.05;59.05;63.16;23.55;23.1;29.96;16.34;33.85;21.91;27.05;42.23;19.41;26.46;21.19;49.4;36.96;18.82;37;35.54;37.56;36.44;;26.4;28.12;25.92;;29.56;34.12;30.06;27.32;30.25;34.98;38.41;44.42;36.76;41.27;32.4;33;29.6
O3;uur;µg/m³;2023-10-22T07:00:00+01:00;2023-10-22T08:00:00+01:00;19;21.5;6;13;30.9;49.36;37.6;51.49;56.72;26.63;16.84;32.44;15.12;34.9;26.36;27.4;47.04;16.6;27.64;18.75;54.63;35.22;16.07;40.45;40.45;40.45;30.87;;25;24.46;24.35;;20.6;25.39;31.85;24.59;28.78;34.69;35.32;35.46;39.78;36.69;29.3;35;27.3
O3;uur;µg/m³;2023-10-22T08:00:00+01:00;2023-10-22T09:00:00+01:00;18.8;17.9;7.3;15;27.6;47.44;39.51;44.93;53.21;30.37;21.15;31.28;20.71;35.99;26.61;30.72;40.59;15.87;25.81;23.62;54.98;22.32;17.21;21.96;47.92;39.3;28.18;;18.27;19.2;20.42;;19.75;21.13;24.5;26.66;29.25;29.77;34.35;32.62;38.69;36.98;31.2;30.6;20
O3;uur;µg/m³;2023-10-22T09:00:00+01:00;2023-10-22T10:00:00+01:00;23.6;19.1;14;17.9;22.3;43.81;40.39;46.88;51.24;34.08;26.64;33.8;23;37.56;30.36;39.39;24.06;15.79;29.43;27.87;56.76;23.61;23.86;17.77;49.52;36.06;27.17;;18.51;17.68;20.52;;21.67;24.43;26.81;30.26;29.37;28.07;44.1;29.18;35.5;33.34;26.6;25.4;18
O3;uur;µg/m³;2023-10-22T10:00:00+01:00;2023-10-22T11:00:00+01:00;27.8;23.2;20.1;23;30;43.76;41.38;47.37;54.79;35.84;37.22;36.24;25.84;39.66;43.84;46.57;27.65;28.72;36.13;32.7;59.77;27.49;28.42;19.22;51.58;45.04;26.91;;20.65;22.83;25.56;;29.2;31.05;31.29;34.94;29.36;30.67;50.34;32.19;40.07;38.42;23.2;21.2;18.8
O3;uur;µg/m³;2023-10-22T11:00:00+01:00;2023-10-22T12:00:00+01:00;44.1;27.9;28.1;35.5;36.2;48.59;41.32;45.96;52.98;40.75;46.73;35.15;35.16;40.32;55.68;52.37;40.05;41.5;52.28;44.56;60.23;34.75;39.43;25.33;53.22;41.94;31.94;;29.2;30.22;29.95;;35.71;36.71;34.57;39.69;38.12;34.01;54.36;37.78;52.71;51.06;29;23.6;22.6
O3;uur;µg/m³;2023-10-22T12:00:00+01:00;2023-10-22T13:00:00+01:00;51.1;40.7;39.1;40.5;52.3;50.15;38.27;44.62;48.21;47.12;51.98;31.58;46.35;42.51;59.11;53.17;54.05;52.53;57.59;53.84;61.9;45.04;47.18;39.21;53.38;45.25;40.24;;39.54;41.61;40.54;;47.46;44.17;46.7;43.93;43.8;35.91;53.22;37.49;53.46;52.77;37.2;35.4;31.8
O3;uur;µg/m³;2023-10-22T13:00:00+01:00;2023-10-22T14:00:00+01:00;49.9;41.4;47.3;48.7;60.5;46.41;39.97;41.89;43.4;44.91;53.55;37.72;51.09;44.43;58.55;53.83;61.97;52.15;57.44;54.5;62.72;58.11;51.87;44.6;59.81;51.74;40.9;;45.51;50.09;42.59;;55.01;46.37;50.26;49.11;47.62;41.36;37;38.02;57.9;56.47;52;50.6;45.9
O3;uur;µg/m³;2023-10-22T14:00:00+01:00;2023-10-22T15:00:00+01:00;49.4;37.6;49.9;48.5;60.6;46.05;42.19;44.4;47.17;47.35;53.67;40.45;53.12;50.05;62.64;53.96;65.72;53.53;56.57;55.65;66.24;59.07;49.92;51.73;60.59;49.63;51.47;;50.24;50.52;50.34;;54.15;43.02;58.59;56.9;53.08;40.27;57.33;46.74;62.22;62.34;57.1;52.3;47.3
O3;uur;µg/m³;2023-10-22T15:00:00+01:00;2023-10-22T16:00:00+01:00;56.9;45;57.1;56.6;59.1;42.56;44.81;45.48;44.51;51.36;47.07;48.06;51.71;53.04;65.78;51.51;61.79;57.37;61.44;52.73;69.5;54.77;63.1;51.33;62.68;48.53;50.08;;47.34;47.57;51.79;;54.2;40.07;59.54;56.51;53.42;37.6;57.87;48.96;61.01;52.56;59.4;58.9;52.3
O3;uur;µg/m³;2023-10-22T16:00:00+01:00;2023-10-22T17:00:00+01:00;57.6;47.5;57.8;52.2;51.6;43.51;48.87;40.82;44.47;44.63;45.08;40.17;42.55;43.6;65.72;51.13;59.05;57.07;60.5;52.71;69.61;51.33;61.69;46;60.15;48.39;48.78;;42.44;39.84;42.25;;51.49;39.86;57.44;49.51;49.8;35.93;54.73;41.14;59.92;53.54;59.1;54.4;53.6
O3;uur;µg/m³;2023-10-22T17:00:00+01:00;2023-10-22T18:00:00+01:00;48.2;36.1;53;46.8;48.4;37.49;41.41;31.45;39.09;41.14;37.39;20.06;35.45;43.24;62.43;41.66;61.25;43.59;53.79;42.62;68.14;37.16;49.37;38.34;45.38;46.82;41.36;;26.96;37.05;34.69;;53;35.74;50.54;38.82;49.43;38.52;49.98;29.85;48.55;57.31;52.9;44.1;40.6
O3;uur;µg/m³;2023-10-22T18:00:00+01:00;2023-10-22T19:00:00+01:00;37.7;22.4;32.1;35.6;50;32.47;39.51;15.55;29.25;39.43;17.59;37.19;28.28;36.92;60.88;33.9;57.75;38.68;46.88;34.91;68.23;0.86;34.01;19.28;44.82;41.15;30.39;;17.92;35.03;24.37;;37.28;26.36;42.69;26.41;35.65;37;48.8;25.2;39.86;43.42;36.1;27.5;21.5
O3;uur;µg/m³;2023-10-22T19:00:00+01:00;2023-10-22T20:00:00+01:00;38.6;7.1;13.3;33.4;33.1;29.67;39.67;28.92;27.99;35.26;4.87;35.62;12.24;35.49;59.31;22.33;54.56;22.82;40.59;21.8;69.1;-1.34;11.41;3.67;45.71;28.97;23.5;;19.35;23.49;27.19;;17.99;19.48;38.27;20;22.8;31.97;49.44;19.8;35.83;36.03;16.6;15.2;6.6
O3;uur;µg/m³;2023-10-22T20:00:00+01:00;2023-10-22T21:00:00+01:00;36;9;6.9;12.6;14.1;25.1;33.91;32.32;32.65;28.13;-0.17;35.54;4.47;39.46;57.48;19.15;36.43;12.23;43.25;12.88;64.52;-1.3;2.49;0.16;41.55;18.62;32.26;;17.27;5.7;21.96;;18.76;13.28;28.72;20.01;17.38;17.46;44.12;22.63;34.94;38.61;24;7.8;3.8
O3;uur;µg/m³;2023-10-22T21:00:00+01:00;2023-10-22T22:00:00+01:00;13.5;1;1.1;7.6;6;18.16;41;32.47;33.45;28.26;-0.16;36.96;3.73;35.8;59.3;27.96;2.51;2.25;27.32;7.08;42.32;-1.23;0.45;-0.64;37.13;14.83;30.77;;10.45;2.41;16.69;;16.46;5.7;22.19;18.29;10.76;16.35;43.69;23.11;31.54;37.14;13.8;6.3;3.6
O3;uur;µg/m³;2023-10-22T22:00:00+01:00;2023-10-22T23:00:00+01:00;3.9;0.3;11.7;6.5;16.8;19.41;40.02;38.07;37.6;27.9;-0.59;35.01;6.75;23.35;52.28;35.51;1.92;12.24;20.8;12.03;30.1;-1;0.66;-0.31;37.34;14.69;27.53;;5.97;1.5;12.78;;14.86;6.44;17.13;19.91;9.91;17.19;41.6;21.91;31.16;40.15;12;8.7;2.9
O3;uur;µg/m³;2023-10-22T23:00:00+01:00;2023-10-23T00:00:00+01:00;7.9;3.6;1.3;16.4;13.5;22.19;32.49;36.11;38.23;23.36;0.38;25.38;14.34;19.93;33.07;29.35;1.63;24.11;20.1;12.6;19.58;-1;0.64;-0.53;35.5;11.09;25.56;;3.22;0.59;7.63;;11.71;7.51;7.89;22.46;11.62;18.66;33.21;23.17;30.86;38.16;9.2;11.6;1.7
O3;uur;µg/m³;2023-10-23T00:00:00+01:00;2023-10-23T01:00:00+01:00;10.1;6.1;1.9;9.5;15.9;23.44;24.73;35.24;43.13;19.19;9.92;21.14;11.45;20.24;32.58;29.04;1.57;23.05;17.52;7.58;12.52;-1.02;0.38;-0.49;25.78;5.07;21.69;;0.42;0.74;12.67;;11.29;9.09;3.38;23.96;10.22;14.21;26.31;23.28;30.01;34.02;11.1;7.5;0.2
O3;uur;µg/m³;2023-10-23T01:00:00+01:00;2023-10-23T02:00:00+01:00;4;4.3;0.7;3.2;13.1;18.99;16.81;32.06;45.49;15.62;34.53;18.99;16.12;18.53;33.73;22.42;1.6;17.99;13.04;7.36;6.52;-1.1;0.33;-0.57;15.23;2.57;25.67;;2.26;1.8;5.86;;6.56;9.04;1.77;24.45;6.41;13.02;24.25;20.1;26.63;30.34;11.5;7.1;-0.3
O3;uur;µg/m³;2023-10-23T02:00:00+01:00;2023-10-23T03:00:00+01:00;1.1;4.7;1.6;1.1;9;;;;;;;;;;;;;;;;;;;;;;;;;;;;;;;;;;;;;;16.5;6.5;-0.7
O3;uur;µg/m³;2023-10-23T03:00:00+01:00;2023-10-23T04:00:00+01:00;3.4;0.8;0.1;0;8;13.7;13.98;;29.6;9.56;3.07;17.79;8.69;14.13;34.32;25.2;1.5;5.05;19.77;7.33;3.15;-0.85;-0.15;-0.92;6.27;-1.06;15.46;;0.56;0.78;5.15;;-0.27;4.85;2.14;17.09;3.04;11.29;23.63;16.09;21.3;22.72;14.4;9.8;-1
O3;uur;µg/m³;2023-10-23T04:00:00+01:00;2023-10-23T05:00:00+01:00;17.9;2.9;0.8;2.2;9.4;10.69;14.74;10.19;15.23;5.07;0.11;15.48;3.48;7.26;23.55;14;1.41;15.1;28.53;5.73;2.45;-0.72;-0.03;-0.77;2.95;-1.51;9.26;;-0.26;0.68;-0.25;0.39;2.97;8.6;5.7;15.03;1.78;17.23;20.14;14.5;19.39;22.45;10.8;8.7;-0.2
O3;uur;µg/m³;2023-10-23T05:00:00+01:00;2023-10-23T06:00:00+01:00;24.8;8.1;5.1;1.4;13;4.34;8.47;9.28;7.99;4.9;-0.45;2.68;2.21;1.71;17.46;13.08;1.27;21.35;30.26;1.01;2.66;-0.88;1.42;-0.9;1.37;-1.68;2.68;;-0.25;1.29;-0.31;1.36;13.73;6.62;8.06;12.69;-0.25;12.31;17.54;17.05;17.6;18.33;3.8;6.6;-1.1
O3;uur;µg/m³;2023-10-23T06:00:00+01:00;2023-10-23T07:00:00+01:00;17.3;6.8;0.8;0;6.1;4.39;9.47;1.78;5.32;4.16;-0.37;-1.77;0.77;0.67;4.53;14.53;1.21;14.56;32.2;11.76;2.34;-1.11;2.68;-0.96;0.27;-2.1;1.53;;0.37;1.41;0.08;2.22;18.61;6.51;5.56;8.38;0.16;2.97;14.2;10.74;10.12;5.55;3.2;5.9;-0.6
O3;uur;µg/m³;2023-10-23T07:00:00+01:00;2023-10-23T08:00:00+01:00;13;5.5;2;0;0;3.38;3.63;0.62;4.31;1.73;-0.18;-0.64;1.01;0.87;12.23;6.47;1.65;9.09;20.75;29.69;3.31;0.02;0.06;-0.82;2.23;-1.43;2.84;;1.59;3.84;0.45;5.1;15.41;8.18;6.84;4.68;6.5;1.94;9.33;7.36;13.15;3.24;3.4;5.4;0.5
O3;uur;µg/m³;2023-10-23T08:00:00+01:00;2023-10-23T09:00:00+01:00;10.3;7.8;3.9;2.3;2.9;7.26;6.03;5.95;7.12;3.05;1.18;2.63;2.71;5.94;6.52;6.31;6.62;12.98;20.27;20.36;8.13;7.59;2.95;1.73;12.22;1.47;7;;3.84;7.33;5.69;8.61;11.39;8.12;11.47;6.8;9.52;5.36;11.6;5.99;14.71;4.71;5.5;6.2;3.1
O3;uur;µg/m³;2023-10-23T09:00:00+01:00;2023-10-23T10:00:00+01:00;9.9;10.1;5.4;2.7;;11.08;11.91;6.11;11.19;9.11;3.64;10.28;5.86;11.39;10.95;14.21;18.15;19.28;20.25;17.94;15.22;19.69;3.15;6.97;16.83;3.18;10.53;;7.85;11.62;10.98;14.28;17.3;16.43;12.54;7.51;16.74;8.68;15.02;10.08;20.59;12.34;9.2;8.8;3.1
O3;uur;µg/m³;2023-10-23T10:00:00+01:00;2023-10-23T11:00:00+01:00;11.5;11.7;9.6;4.6;7.4;19.84;21.64;13.37;22.98;16.46;8.03;18.6;12.09;18.5;19.27;19.2;26.4;14.75;20.95;20.92;18.64;24.11;8.55;10.88;20.14;3.1;17.67;19.82;9.51;15.36;16.21;18.44;19.66;24.33;21.73;19.38;27.66;12.54;28.47;13.79;27.45;18.66;9.7;9.4;7.8
O3;uur;µg/m³;2023-10-23T11:00:00+01:00;2023-10-23T12:00:00+01:00;13.9;12.4;6.5;10.2;15;29.38;29.57;29.06;29.32;23.59;19.13;29.35;20.63;30.8;19.9;27.64;26.61;17.13;31.21;21.98;24.93;22.89;12.1;12.76;26.51;7.72;26.62;27.82;15.79;17.87;26.8;23.68;25.32;31.72;27.44;23.28;36.01;23.47;34.17;16.83;37.73;34.23;13;14.3;10.5
O3;uur;µg/m³;2023-10-23T12:00:00+01:00;2023-10-23T13:00:00+01:00;22.2;17.2;12.2;16.9;20.5;26.6;31.16;24.26;26.83;34.63;29.97;30.44;27.23;34.85;24.69;39.34;23.89;22.75;29.49;27.48;34.85;27.39;17.55;11.55;28.88;15.41;34.01;30.65;18.85;17.74;31.54;27.35;27.26;36.77;28.37;23.11;38.7;31.95;36.7;20.74;52.18;49.86;28;20.6;24.9
O3;uur;µg/m³;2023-10-23T13:00:00+01:00;2023-10-23T14:00:00+01:00;20.6;16.8;18.7;19.5;27.7;27.76;24.36;28.03;31.69;36.28;35.31;26.34;28.46;28.98;31.78;44.6;28.91;21.75;28.28;24.27;41.69;28.99;18.54;13.03;32.81;25.74;39.87;27.19;21.12;23.57;28.57;;28.44;41.75;25.02;17.26;46.31;36.24;29.22;30.57;57.54;50.8;36.1;29.4;36.1
O3;uur;µg/m³;2023-10-23T14:00:00+01:00;2023-10-23T15:00:00+01:00;12.6;16.3;16.2;22.1;29.8;30.29;23.75;31.57;38.55;30.49;38.22;24.4;30.09;28.69;35.64;33.44;29.12;21.29;27.65;25.96;38.29;27.65;18.5;11.96;41.71;22.16;39.12;26.42;19.41;23.17;27.49;;22.81;42.93;27.8;26.58;43.28;39.59;36.19;32.98;54.42;25.39;36.6;32.3;33
O3;uur;µg/m³;2023-10-23T15:00:00+01:00;2023-10-23T16:00:00+01:00;7;17;14.3;21.1;26.6;27.48;20.71;35.28;36.98;24.34;32.25;20.63;27.66;21.47;28.69;35.1;25.79;21.08;23.34;20.01;26.74;22.54;20.59;8.46;44.12;16.9;34.54;21.98;14.8;17.93;20.51;;16.71;41.55;29.16;36.35;34.4;35.13;28.63;28.47;43.04;35.18;31.5;28.1;31.2
O3;uur;µg/m³;2023-10-23T16:00:00+01:00;2023-10-23T17:00:00+01:00;2.5;12.8;8.2;17.6;20.5;31.49;14.38;25.97;31.02;25.44;20.74;21.58;25.57;19.52;24.15;33.17;20.03;14.22;16.73;13.27;23.53;17.69;13.46;7.68;38.27;11.13;33.02;13.7;17.42;17.09;18.36;18.78;16.64;34.68;30.22;28.25;27.46;26.32;22.57;19.76;28.65;25.01;27.4;26;24.9
O3;uur;µg/m³;2023-10-23T17:00:00+01:00;2023-10-23T18:00:00+01:00;2.5;10.4;6.9;12.1;12.6;30.52;21.24;24.46;28.65;16.57;18.92;8.41;17.27;15.85;21.42;29.95;17.21;12.09;8.81;11.46;22.08;14.7;10.31;7.37;28.9;7.65;32.45;16.99;18.11;20.94;22.45;20.6;19.16;33.3;35.26;21.02;22.61;23.43;21.92;19.44;34.77;23.79;24.1;24.5;17.9
O3;uur;µg/m³;2023-10-23T18:00:00+01:00;2023-10-23T19:00:00+01:00;12.5;13;12.1;10.2;10.9;30.32;20.64;24.39;29.55;14.51;18.64;14.89;11.34;12.61;24.09;22.95;21.44;15.74;17.31;23.24;22.94;16.67;16.64;10.01;25.25;12.36;24.82;23.03;24.16;27.75;24.88;26.63;25.87;32.73;34.24;23.28;20.8;23.96;29.83;21.08;30.86;24.77;28.5;27.3;22.2
O3;uur;µg/m³;2023-10-23T19:00:00+01:00;2023-10-23T20:00:00+01:00;14.2;19.1;17.2;18.3;10.9;27.38;21.16;25.7;29.69;25.64;18.22;23.27;19.51;23.37;14.71;19.15;27.67;22.12;23.04;22.51;23.36;23.79;20.69;16.25;38.4;15.43;21.27;24.74;26.73;27.07;24.09;28.68;28.42;30.16;35.29;20.51;20.71;28.88;33.21;27.14;28.81;29.88;26.2;22.3;22
O3;uur;µg/m³;2023-10-23T20:00:00+01:00;2023-10-23T21:00:00+01:00;17;22.7;18.2;21.8;17.9;27.31;24.17;26.33;30.18;27.64;22.94;28.35;25.14;30.15;23.33;25.81;28.11;23.9;22.61;22.49;28.24;25.1;22.56;18.91;39.02;15.16;23.58;24.79;26.81;28.92;25.17;29.02;25.84;28.11;32.16;20.17;26.98;28.97;36.17;35.44;35.9;47.68;23.6;19.7;18.7
O3;uur;µg/m³;2023-10-23T21:00:00+01:00;2023-10-23T22:00:00+01:00;9;24;19.6;23.6;22.8;31.01;25.22;22.55;27.4;28.8;27.67;30.63;26.47;32.16;30.13;30.26;28.92;26.52;25.88;24.37;28.54;26.31;23.83;21.67;36.44;15;25.16;25.63;26.23;30.13;23.11;29.24;28.21;25.58;27.79;25.61;27.2;29.94;43.08;32.96;37.64;44.67;22.9;13.8;20.1
O3;uur;µg/m³;2023-10-23T22:00:00+01:00;2023-10-23T23:00:00+01:00;19;28.4;26.2;27;31;29.31;29.48;11.66;24.62;31.24;28.72;30.34;28.39;31.33;31.94;32.28;31.71;32.39;28.56;26.07;28.19;30.64;31.23;24.81;40.08;13.5;27.46;24.48;25.49;29.95;23.22;27.51;31.15;26.94;28.89;35.26;26.57;29.15;40.42;28.94;44.34;41.55;25.5;25.6;22
O3;uur;µg/m³;2023-10-23T23:00:00+01:00;2023-10-24T00:00:00+01:00;25.2;31.2;28.4;30.6;34.3;27.9;30.6;34.62;47.57;30.13;29.46;29.11;29.46;29.51;30.87;32.03;33.88;33.86;31.85;31.92;29.78;32.48;32.44;27.57;39.19;19.13;27.56;26.43;28.67;33.87;26.24;31.66;32.02;31.9;38.36;39.27;28.52;28.54;34.01;29.45;47.65;45;28.5;31.1;23.7
O3;uur;µg/m³;2023-10-24T00:00:00+01:00;2023-10-24T01:00:00+01:00;22.8;29.7;22.7;28.3;31.3;30.32;28.53;41.53;44.93;32.89;29.91;27.06;29.69;31.58;32.13;33.78;32.39;31.98;31.32;32.51;34.58;30.94;22.89;26.1;35.04;21.25;32.57;31.75;34.04;38.25;30.81;38.33;32.55;35.59;42.55;34.95;29.94;25.8;30.6;30.6;48.34;44.16;29.4;30.8;25
O3;uur;µg/m³;2023-10-24T01:00:00+01:00;2023-10-24T02:00:00+01:00;24.1;27.4;16.4;18.1;27.7;36.85;30.34;43.68;48.79;35.9;32.08;32.93;32.16;37.2;31.88;29.24;30.43;31.21;32.82;32.01;35.4;28.93;24.17;24.46;31.2;25.57;39.13;32.46;29.96;33.87;34.06;33.89;28.79;35.48;39.32;29.22;34.97;26.33;29.7;30.97;47.17;41.67;36.2;31.7;30.1
O3;uur;µg/m³;2023-10-24T02:00:00+01:00;2023-10-24T03:00:00+01:00;26.6;25.4;25.1;25.9;28.2;43.4;40.61;56.2;56.84;40.76;30.56;42.13;34.73;43.88;24.73;24.22;26.96;32.19;33.48;32.39;34.94;25.95;22.01;23.35;31.2;29.1;38.75;28.84;26.87;31.61;28.8;29.81;30.58;30.04;32.96;29.72;36.75;31.9;30.21;33.13;43;36.91;37;36.3;31.1
O3;uur;µg/m³;2023-10-24T03:00:00+01:00;2023-10-24T04:00:00+01:00;24;23.4;23;20.7;24.3;46.95;41.44;55.45;60.35;42.18;25.71;42.16;32.59;43.65;21.74;28.27;23.22;29.2;29.88;28.92;30.99;25.04;18.83;22.38;33.71;27.73;34.59;28.8;27.21;31.2;27.62;29.41;30.74;24.19;33.95;39.32;32.65;31.98;30.11;36.8;39.7;33.35;33.2;35;27.7
O3;uur;µg/m³;2023-10-24T04:00:00+01:00;2023-10-24T05:00:00+01:00;18.4;15.6;16.2;15.6;21.1;50.38;39.97;51.57;57.04;36.92;24.88;37.02;26.97;38.19;36.15;30.59;15.41;21.83;26.91;24.68;28.69;15.35;11.13;12.13;35.09;23.72;35.28;25.28;27.06;29.44;22.52;29.97;26.34;28.31;38.67;40.37;34.17;29.62;31.4;31.98;38.37;35.59;33.2;33.2;26.5
O3;uur;µg/m³;2023-10-24T05:00:00+01:00;2023-10-24T06:00:00+01:00;29.5;19.4;22;24.8;32.8;45.88;38.76;43.61;51.05;33.32;27.66;32.59;22.31;36.49;34.9;31.74;18.63;26.6;33.03;25.09;20.55;21.08;21.14;12.01;24.58;16.84;36.13;21.22;19.61;18.9;12.56;23;21.61;32;35.76;36.63;40;30.79;32.97;31.83;37.15;34.87;28.3;28.1;22.1
O3;uur;µg/m³;2023-10-24T06:00:00+01:00;2023-10-24T07:00:00+01:00;26.8;16.3;20.5;22.6;29;44.57;39.71;51.45;54.29;34.46;23.42;29.67;19.68;34.11;33.35;35.54;24.91;26;31.74;22.61;22.52;27.75;20.94;16.67;15.56;12.37;30.77;23.53;14.57;13.39;11.58;18.64;21.98;34.16;29.67;31.06;38.94;33.3;33.26;33.71;32.86;29.94;20.1;21.2;17.2
O3;uur;µg/m³;2023-10-24T07:00:00+01:00;2023-10-24T08:00:00+01:00;21.8;14.1;16.3;23.2;27.1;47.65;38.15;59.87;61.19;37.34;25.93;34.72;22.81;39.71;34.78;33.92;22.25;25.91;29.09;22.78;28.08;18.8;14.6;16.22;10.74;18.61;27.24;22;9.81;14.19;10.98;15.75;20.8;32.38;27.79;28.72;33.81;27.74;28.32;32.65;32.41;25.87;24.9;22.2;18.6
O3;uur;µg/m³;2023-10-24T08:00:00+01:00;2023-10-24T09:00:00+01:00;28.2;20.1;23.4;25.8;31.9;46.11;44.12;56.41;58.63;38.24;30.33;33.48;30.27;38.64;35.61;30.91;25.28;31.13;34.38;25.91;28.47;24.61;22.11;21.86;17.48;17;28.08;19.04;15.8;18.22;15.11;21;23.47;32.65;30.94;32.48;31.55;26.49;26.58;33.46;33.57;27.82;24.4;23.9;19.3
O3;uur;µg/m³;2023-10-24T09:00:00+01:00;2023-10-24T10:00:00+01:00;26.8;21.9;24.3;26;34.9;47.86;48.69;49.68;53.52;42.56;28.91;38.14;30.47;42.9;28.41;30.25;33.55;32.62;40.9;34.43;33.55;32.43;23.2;26.24;19.8;21.89;31.29;27.96;20.06;23.22;22.67;26.58;32.08;36.14;34.2;35.54;34.61;27.26;26.78;31.95;30.51;27.93;27.4;26.8;23.4
O3;uur;µg/m³;2023-10-24T10:00:00+01:00;2023-10-24T11:00:00+01:00;23.4;19.1;22.1;26;;45.72;55.27;49.31;52.86;47.44;28.29;40.68;29.51;45.55;32.28;34.36;32.55;27.25;32.94;33.09;37.41;31.83;20.8;23.22;26.13;28.39;36.31;37.17;28.11;32.28;28.78;34.63;35.06;40.73;40.76;43.51;39.52;31.39;28.41;36.17;29.76;26.37;35.4;34.1;
O3;uur;µg/m³;2023-10-24T11:00:00+01:00;2023-10-24T12:00:00+01:00;29.2;19.8;26.1;27.5;;45.02;53.03;45.1;45.52;42.7;37.85;39.13;;41.82;46.42;46.95;35.21;26.5;39.16;32.27;33.99;34.49;28.74;26.42;33.36;26.56;45.43;32.35;27.68;30.62;30.69;34.65;31.26;46.39;45.59;48.18;44.04;36;33.63;40.46;29.63;29.42;38.6;35.2;32.4
O3;uur;µg/m³;2023-10-24T12:00:00+01:00;2023-10-24T13:00:00+01:00;44.7;27.8;35.8;36.1;;39.6;48.51;43.39;45.51;45.14;43.65;40.07;;43.42;51.52;42.49;45.81;31.5;55.89;41.5;43.89;42.65;35.1;32.76;32.4;31.16;46.12;;27.64;29.3;36.04;33.59;37.69;46.37;48.04;46.25;46.68;41.82;38.6;40.45;32.98;31.43;37;32;29.5
O3;uur;µg/m³;2023-10-24T13:00:00+01:00;2023-10-24T14:00:00+01:00;42.7;27.9;37;31.3;;41.63;48.47;55.37;55.22;49.16;44.43;38.91;;43.8;48.46;55.74;46.14;36.37;53.8;44.23;58.23;42.04;34.62;30.06;34.56;38.84;44.75;;30.17;28.27;36.09;38.04;43.24;45.01;45.47;40.72;50.74;42.49;40.73;45.22;36.15;27.77;44.7;40;39.6
O3;uur;µg/m³;2023-10-24T14:00:00+01:00;2023-10-24T15:00:00+01:00;34.5;23.5;26;33.1;48.8;49.35;55.67;55.09;60.22;58.12;49.81;51.49;;57.52;76.96;59.68;37.63;27.06;56.57;44.74;66.84;35.43;23.67;17.44;42.09;49.69;47.47;;30.27;29.05;36.99;41.02;43.73;39.44;47.39;41.42;47.2;40.48;43.62;46.49;39.71;36.37;49.7;41.3;42.3
O3;uur;µg/m³;2023-10-24T15:00:00+01:00;2023-10-24T16:00:00+01:00;66.2;46.5;50.8;53.7;66;51.77;62.07;51.16;57.91;;59.12;50.75;;56.12;74.49;63.09;42.42;62.77;77.3;66.69;46.64;39.85;54.79;23.61;56.76;37.6;48.79;36.66;22.31;23.41;24.77;35.1;46.89;42.36;47.65;47.69;49.82;45.55;50.75;46.79;41.35;43.79;49.5;43.1;40.3
O3;uur;µg/m³;2023-10-24T16:00:00+01:00;2023-10-24T17:00:00+01:00;61.1;57.2;52.2;46;62.8;40.34;51.95;47.74;47.7;;58.2;42.88;;46.68;66.47;59.3;59.32;58.04;70.49;70.68;62.23;65.83;32.2;44.57;47.3;31.56;42.65;50.97;33.57;41.8;36.45;45.53;69.33;42.96;49.42;48.44;51.19;50.89;55.54;44.94;43.42;42.42;38.2;34;30.1
O3;uur;µg/m³;2023-10-24T17:00:00+01:00;2023-10-24T18:00:00+01:00;52.7;44.6;40.4;35.9;54.9;37.68;45.33;32.45;34.67;;50.29;37.27;;44.91;62.95;60.43;65.55;46.25;63.66;54.55;81.52;50.82;18.94;33.15;48.08;53.04;39.93;53.98;39.98;43.79;47.63;58.13;56.55;41.65;42.45;40.54;42.83;42.92;46.87;52.06;52.92;48.22;49.4;33;42.7
O3;uur;µg/m³;2023-10-24T18:00:00+01:00;2023-10-24T19:00:00+01:00;53;45.5;32.9;29.8;54;38.31;40.49;34.99;41.12;;53.64;41.13;;48.12;59.48;54.19;62.55;44.02;56.21;50.08;76.35;45.37;10.6;37;52.13;60.49;48.24;45.26;45.83;37.17;39.83;53.39;43.74;37.35;35.58;27.85;42.18;41.6;46.21;50.45;53.47;52.75;57.1;47.6;46.3
O3;uur;µg/m³;2023-10-24T19:00:00+01:00;2023-10-24T20:00:00+01:00;46.5;43.4;27.6;33.4;49.1;39.71;42.07;35.54;44.11;;49.38;45.58;;51.15;59.25;54.28;54.58;27.07;58.52;50.53;69.09;38.59;24.54;37.5;59.45;56.54;54.84;41.15;36.48;33.03;38.82;42;39.96;30.76;37.58;26.87;41.88;37.94;59.17;48.84;50.78;48.99;55.6;50.1;50.6
O3;uur;µg/m³;2023-10-24T20:00:00+01:00;2023-10-24T21:00:00+01:00;49.9;39.2;35.4;37.5;49.9;35.81;45.16;41.97;44.04;;39.16;44.45;;48.51;56.75;55.17;51.84;25.05;54.16;48.28;64.27;48.33;44.49;43.64;56.54;49;39.21;42.11;33.21;30.11;39.6;38.06;35.54;25.85;36.85;32.21;37.42;38.8;59.49;48.69;50.91;47.49;49.9;52.3;44.6
O3;uur;µg/m³;2023-10-24T21:00:00+01:00;2023-10-24T22:00:00+01:00;50;43.9;31.2;38.3;62.6;35.58;43.44;45.05;48.1;;31.64;40.84;;37.71;53;47.91;59.29;26.36;46.51;46.76;56.03;52.71;33.6;47.4;51.38;43.08;39.67;44.27;31.57;28.6;40.53;35.24;31.89;24.79;36.57;35.86;35.54;36.62;54.48;45.19;53.95;47.16;44.1;43.1;38.9
O3;uur;µg/m³;2023-10-24T22:00:00+01:00;2023-10-24T23:00:00+01:00;50.4;40.8;35.4;44.6;60.5;41.69;43.74;46.9;45.11;;29.37;36.05;;35.72;52.45;43.02;60.73;24.36;48.93;42.58;54.49;49.03;31.85;51.86;44.74;43.53;39.52;42.2;28.97;29.1;37.88;34.16;33.76;25.08;38.88;37.82;38.74;37.58;45.65;41.36;53.77;44.58;47.8;50.7;42.6
O3;uur;µg/m³;2023-10-24T23:00:00+01:00;2023-10-25T00:00:00+01:00;40.6;28.7;39.8;35.5;50;40.61;41.24;46.47;46.25;;16.75;36.24;;33.55;46.88;39.67;61.24;38.05;36.22;30.76;63.81;48.53;43.63;52.73;43.68;48.52;36.61;38.34;31.39;32.06;35.84;36.99;33.73;28.32;39.92;36.85;40.9;38.28;46.84;39.71;47.99;43.66;52.6;53;43.8
O3;uur;µg/m³;2023-10-25T00:00:00+01:00;2023-10-25T01:00:00+01:00;31;16.7;26;34.9;46.7;35.39;37.48;46.04;49.56;;10.38;33.71;;28.25;40.36;37.38;49.38;35.2;34.4;26.71;60.55;44.7;21.26;40.03;44.67;48.07;37.31;40.67;25.1;23.92;39.03;29.16;20.43;30.23;36.64;33.76;37.29;37.94;49.24;41.65;45.54;44.33;49.4;50.4;41.7
O3;uur;µg/m³;2023-10-25T01:00:00+01:00;2023-10-25T02:00:00+01:00;21.9;16.6;24.2;28.6;36.9;34.08;32.53;46.48;53.67;;13.84;32.46;;31.4;40.79;33.35;32.46;34.43;33.8;22.98;52.98;26.68;10.21;33.1;47.89;44.42;35.88;26.88;18.97;17.54;27.43;21.53;18.55;28.04;35.01;33.21;36.42;37.02;50.87;41.17;44.58;45.09;48.5;47.3;36.1
O3;uur;µg/m³;2023-10-25T02:00:00+01:00;2023-10-25T03:00:00+01:00;19.8;10.1;19.4;19.5;32.1;29.08;28.63;48.62;53.58;;12.63;32.17;;33.28;27.66;25.34;24.2;29;22.76;21.49;39.81;12.16;10.66;25.14;51.76;32.51;31.22;16.15;16.68;21.81;18.39;20.23;18.64;26.12;34.29;31.79;34.18;31.98;48.98;40.99;45.13;43.67;42.8;42.5;32.9
O3;uur;µg/m³;2023-10-25T03:00:00+01:00;2023-10-25T04:00:00+01:00;14.5;16.8;10.7;15.7;23.3;28.95;25.25;35.74;50.4;;8.46;28.63;;33.96;27.52;22.09;17.36;24.49;16.78;25.04;26.92;4.65;15.29;16.13;44.6;20.14;30.49;16.45;14.92;22.11;16.87;20.79;16.9;23.5;28.4;30;33.17;28.78;47.02;39.78;46.46;42.99;34.3;37.6;28.9
O3;uur;µg/m³;2023-10-25T04:00:00+01:00;2023-10-25T05:00:00+01:00;7.5;11.8;7.7;7.3;13.3;28.31;22.64;35.23;44.5;;11.28;26.27;;28.02;30.9;31.13;4.9;19.69;17.67;21.09;19.23;4.23;13.57;0.67;31.16;17.85;31.59;20.48;14.85;20.67;20.69;20.01;18.47;20.43;23.47;29.43;31.26;25.8;37.65;36.48;41.86;38.91;25.1;27.1;18.8
O3;uur;µg/m³;2023-10-25T05:00:00+01:00;2023-10-25T06:00:00+01:00;3.8;8.4;3.8;7.4;7.9;24.59;26.66;39.29;39.32;;17.37;18.27;;22.48;32.71;33.26;3.63;11.36;21.36;20.07;16.08;2.31;1.93;-0.65;21.61;11.25;30.99;18.42;9.29;9.6;20.71;14.91;14.87;17.06;20.27;27.92;28.58;21.81;30.9;29.92;36.78;33.77;24.1;20.3;13.1
O3;uur;µg/m³;2023-10-25T06:00:00+01:00;2023-10-25T07:00:00+01:00;9;5.3;0.2;0.7;4.7;24.5;24.25;40.89;44.25;;17.16;9.4;;15.66;17.44;31.06;1.28;7.44;24.19;20.43;7.03;-0.86;0.2;-0.95;6.13;2.33;26.84;17.04;5.13;3.14;15.15;11.14;12.83;10.79;15.8;31.62;25.51;18.26;29.61;26.86;30.98;26.55;15.6;16.5;9.9
O3;uur;µg/m³;2023-10-25T07:00:00+01:00;2023-10-25T08:00:00+01:00;3.1;1.2;0;0.3;0;27.74;20.22;43.54;44.72;;25.06;20.29;;22.38;16.4;30.91;1.51;6.52;11.89;14.04;10.13;-1.03;-0.71;-1.06;9.23;4.57;24.06;11.6;2.31;3.98;9.2;5.3;9.66;4.61;12.45;28.9;22.33;14.24;26.97;21.86;27.66;13.09;10.9;12.8;13.7
O3;uur;µg/m³;2023-10-25T08:00:00+01:00;2023-10-25T09:00:00+01:00;0.5;7.6;0.5;2.4;9;30.96;19.37;40.96;42.91;;21.52;22.33;;19.64;30.2;27.27;2.99;8.84;16.2;12.97;10.34;1.81;1.45;-0.3;15.02;1.1;23.23;9.65;4.02;5.06;9.91;7.88;10.06;15.28;18.12;32.13;14.05;16.04;22.12;21;29.32;22.96;9.3;9.5;3.8
O3;uur;µg/m³;2023-10-25T09:00:00+01:00;2023-10-25T10:00:00+01:00;2.1;10.7;2;4.4;10;31.17;22.87;40.94;43.1;;22.6;19.84;;18.49;24.78;30.27;6.72;12.07;20.86;14.77;19.14;5.24;3.25;0.87;22.36;3.63;30.13;12.26;3.83;7.77;14.28;10.41;11.77;18.46;17.44;29.48;15.49;17.54;21.48;21.04;29.74;25.26;14.9;16.2;9.1
O3;uur;µg/m³;2023-10-25T10:00:00+01:00;2023-10-25T11:00:00+01:00;2.5;5.3;2.9;6.2;7.6;26.76;19.71;38.1;37.94;;24.99;17.49;;19.27;39.16;36.39;7.92;5.93;20.5;18.43;21.77;7.3;2.43;1.22;24.13;8.08;25.11;14.13;5.11;7.79;15.85;9.76;13.86;22.52;15.53;22.44;20.82;18.56;19.27;25.08;30.37;26.74;18.3;17.4;14.1
O3;uur;µg/m³;2023-10-25T11:00:00+01:00;2023-10-25T12:00:00+01:00;-1.1;9.4;2.9;9.4;10.6;34.03;19.26;30.49;27.39;;28.08;20.5;;25.97;39.22;35.11;11.57;11.18;14.27;14.71;20.67;10.39;7.43;2.17;27.82;5.68;15.16;12.16;8.5;11.37;14.57;10.7;14.08;23.3;11.77;14.31;25.24;12.36;23.65;29.51;31.22;26.77;15.2;12.7;12.9
O3;uur;µg/m³;2023-10-25T12:00:00+01:00;2023-10-25T13:00:00+01:00;4.1;11.5;7.9;17.1;17.2;33.74;34.04;36.15;27.31;;30.36;18.21;;18.96;33.88;33.48;17.92;17.99;19.07;19.59;22.08;17.63;12.04;5.84;29.47;5.94;9.66;14.11;10.29;11.69;13.03;11.86;16.9;26.39;14.81;11.44;23.18;8.54;20.21;32.18;29.78;32.08;15.7;12.8;7.9
O3;uur;µg/m³;2023-10-25T13:00:00+01:00;2023-10-25T14:00:00+01:00;5.6;14.6;7.1;22.2;30.8;28.1;30.31;31.26;22.66;;30.79;17.5;;15.39;27.47;25.9;27.92;15.83;22.61;19.45;27.69;23.28;13.72;12.38;25.68;3.91;14.57;15.6;10.23;11.91;14.7;10.49;20.96;30.44;23;25.03;24.74;14.13;14.85;32.87;28.25;32.43;19.8;16.8;13.5
O3;uur;µg/m³;2023-10-25T14:00:00+01:00;2023-10-25T15:00:00+01:00;4.7;15.3;5.2;24.2;36.5;27.28;25.49;26.45;21.35;;26.07;18.11;;24.44;23.46;30.59;25.84;13.41;20.82;18.05;20.03;20.32;15.74;15.2;23.72;12.6;25.18;20.96;12.59;12.8;17.81;12.43;18.83;30.55;29.61;30.49;25.55;16.72;18.53;31.59;26.93;28.91;15.3;16.2;9.5
O3;uur;µg/m³;2023-10-25T15:00:00+01:00;2023-10-25T16:00:00+01:00;10.7;16.4;9.2;23.2;39.4;26.17;21.1;18.76;19.49;;19.82;13.7;25.01;17.11;27.51;24.95;31.45;17.04;18.51;13.99;25.45;22.37;16.69;20.41;48.11;12.94;30.99;28.73;21.17;18.59;22.25;21.86;18.06;30.74;37.28;30;28.22;15.45;23.86;35.01;24.64;23.3;15.4;18.8;12
O3;uur;µg/m³;2023-10-25T16:00:00+01:00;2023-10-25T17:00:00+01:00;14.6;24.4;19.5;26.7;41.8;23.28;17.54;19.93;14.87;;17.51;12.23;20.28;12.51;27.35;25.37;26;24.65;19.78;15.97;29.27;25.64;22.71;17.13;47.51;15.79;25.49;36.02;21.63;23.07;30.28;23.72;22.85;36.29;33.57;25.31;27.94;19.94;22;35.03;20.36;21.23;30.8;34.9;30.8
O3;uur;µg/m³;2023-10-25T17:00:00+01:00;2023-10-25T18:00:00+01:00;18.9;26.5;17.3;26.9;41;17.64;14.6;30.04;34.98;15.11;14.08;6.95;18.8;7.66;30.75;25.65;32.05;27.78;28.3;24.28;46.7;23.09;24.76;23.52;33.72;33.7;27.62;35.14;21.21;21.93;26.89;21.56;24.51;36.62;31.17;24.57;26.7;21.68;30.34;34.19;29.89;26.51;41.7;40.8;38.4
O3;uur;µg/m³;2023-10-25T18:00:00+01:00;2023-10-25T19:00:00+01:00;16.3;27.1;26.5;28.9;49.4;16.15;15.2;22.3;26.96;14.22;18.64;5.37;23.76;7.71;37.37;29.45;52.29;34.13;29.63;24.67;47.95;36.37;26.77;42.85;36.13;38.18;28.02;33.09;21.3;22.48;24.36;22.16;22.58;34.78;28.32;23.75;27.87;20.33;32.73;33.42;34.26;34.52;40.7;34;32.1
O3;uur;µg/m³;2023-10-25T19:00:00+01:00;2023-10-25T20:00:00+01:00;22.3;32.1;33.9;49.3;53.7;18.75;16.98;18.43;21.36;18.16;23.09;5.21;24.94;9.83;36.26;38.62;53.68;34.54;35.41;23.89;44.91;44.87;37.95;47.27;41.05;26.43;28.26;29.36;24.21;24.26;24.13;24.99;21.56;31.03;30.18;23.95;29.13;22.64;27.07;33.48;72.86;34.78;32.2;31.4;26.4
O3;uur;µg/m³;2023-10-25T20:00:00+01:00;2023-10-25T21:00:00+01:00;19.5;28.6;31.7;45.6;56.8;15.94;27.58;17.4;20.31;22.42;23.16;10.52;24.92;13.93;39.82;27.49;47.23;33.36;30.73;25;31.64;33.37;36.11;38.85;31.92;19.48;28.71;27.58;22.93;23.1;21.31;22.98;22.3;29;30.65;23.8;29.48;24.35;29.4;29.94;58.24;34.35;28.9;31.8;25.5
O3;uur;µg/m³;2023-10-25T21:00:00+01:00;2023-10-25T22:00:00+01:00;12.9;20.3;24.4;31.4;40.1;11.72;32.28;13.34;16.07;21.93;25.32;19.11;25.9;20.6;42.61;32.35;28.53;25.7;26.94;22.63;28.45;20.91;24.59;16.55;33.41;21.45;26.41;25.61;21.37;22.34;20.52;22.25;22.49;30.74;29.51;23.87;34.05;25.48;43.2;29.66;38.41;30.39;27.7;28.3;24
O3;uur;µg/m³;2023-10-25T22:00:00+01:00;2023-10-25T23:00:00+01:00;6.1;12.8;17.3;21.4;37.4;11.93;30.81;15.1;15.19;22.2;24.65;23.36;26.17;23.44;38.37;21.25;14.71;20.91;17.08;21.53;23.92;8.37;16.02;10.97;45.46;19.71;26.3;22;23.62;24.71;18.63;24.98;18.55;35.37;28.36;26.59;31.33;25.26;45.16;29.35;25.84;27.07;24.2;23.8;20.8
O3;uur;µg/m³;2023-10-25T23:00:00+01:00;2023-10-26T00:00:00+01:00;4.6;8.7;14;13.7;29.1;17.12;30;20.76;21.43;24.49;15.97;21.83;25.61;23.97;33.96;19.28;5.52;15.05;16.71;14.3;23.64;-0.9;6.25;1.82;44.8;7.97;22.98;18.97;19.21;26.86;17.45;24.53;18.35;35.73;28.93;24.69;28.44;29.68;39.7;29.23;28.48;27.26;20.2;17.3;8.4
O3;uur;µg/m³;2023-10-26T00:00:00+01:00;2023-10-26T01:00:00+01:00;-1.7;3;7.4;4.1;25.6;21.55;31.9;20.58;22.07;34.95;15.08;24.97;18.64;28.44;34.14;18.99;4.07;5.97;9.52;11.41;14.25;-0.99;1.79;-0.58;40.52;2.9;23.03;10.44;18.57;15.77;17.42;25.16;17.1;38.61;23.05;23;28.84;36.02;33.62;30.07;30.79;29.17;15.5;11.9;-0.3
O3;uur;µg/m³;2023-10-26T01:00:00+01:00;2023-10-26T02:00:00+01:00;-2;1;2.6;0;19.1;18.27;38.05;22.37;24.61;33.11;6.84;30.71;9.75;34.47;28.61;16.54;2.24;4.32;6.83;5.46;11.71;-0.38;0.22;-0.65;25.27;0.95;26.61;10.08;15.79;14.04;10.51;13.37;11.55;33.79;16.56;22.03;28.13;33.89;30.39;24.66;28.54;22.28;10;11.7;-1.4
O3;uur;µg/m³;2023-10-26T02:00:00+01:00;2023-10-26T03:00:00+01:00;-2;1;0.8;0;4.7;23.26;38;21.03;22.95;27.87;4.83;33.63;5.43;39.03;31.51;16.39;1.98;2.22;4.92;1.51;13.03;-0.57;0.03;-0.61;25;-0.42;24.73;12.41;5.55;6.72;3.59;5.71;9.96;29.71;16.01;22.04;27.83;26.74;34.63;23.49;22.83;24.61;9.8;5.7;-1.3
O3;uur;µg/m³;2023-10-26T03:00:00+01:00;2023-10-26T04:00:00+01:00;-2;0.2;0.4;0;0;35.67;34.2;24.98;25.46;19.07;3.6;26.41;6.14;32.16;32.98;7.92;1.85;2.92;4.45;0.03;12.92;-0.79;0;-0.57;26.82;1.94;24.05;10.67;1.71;4.35;1.88;2.09;5.4;29.01;14.54;17.06;22.6;24.2;29.88;25.62;27.85;27.75;2.7;4.6;-1.2
O3;uur;µg/m³;2023-10-26T04:00:00+01:00;2023-10-26T05:00:00+01:00;-2.1;0;0.5;0;0;30.85;26.4;28.17;27.25;14.45;0.05;20.51;7.02;21.34;27.95;10.48;1.82;0.22;3.61;0;7.89;-0.57;0.06;-0.38;19.33;-1.12;22.61;5.17;0.07;1.28;-0.22;-0.26;2.6;27.67;10.17;14.74;18.54;21.95;26.81;25.47;34;27.1;2.5;4.6;-1.3
O3;uur;µg/m³;2023-10-26T05:00:00+01:00;2023-10-26T06:00:00+01:00;-2;0.5;0.4;0;2;22.02;7.13;26.52;25.17;6.93;-0.34;6.55;4.33;7.07;31.5;21.71;2.55;1.3;3.9;0.25;5.12;-0.74;0.18;-0.78;25.46;-1.9;15.51;4.04;-0.14;0.57;-0.61;-0.01;1.17;24.04;5.16;10.01;17.34;18.83;21.12;25.4;34.26;21.35;2.3;4.6;-1.6
O3;uur;µg/m³;2023-10-26T06:00:00+01:00;2023-10-26T07:00:00+01:00;-2;0.6;0.2;0;4.2;11.96;7.31;26.48;31.11;6.74;-0.17;-1.84;4.45;9.65;33.2;22;1.33;0.25;8.48;3.45;2.98;-0.92;0.11;-0.74;27.42;-1.69;10.65;2.51;-0.13;0.44;-0.07;-0.84;2.97;18.85;4.96;5.02;12.77;15.73;15.04;22.51;31.08;22.1;4;4.9;-1.3
O3;uur;µg/m³;2023-10-26T07:00:00+01:00;2023-10-26T08:00:00+01:00;-1.9;0.2;0;0;0;8.62;4.16;17.47;19.99;11.72;2.98;0.93;3.37;20.23;14.8;15.72;1.46;0.7;4.47;3.84;2.88;-0.81;-0.11;-0.84;15.97;-1.48;21.59;3.07;-0.15;0.98;-0.36;-0.3;4.74;12.6;6.73;7.14;7.76;13.14;16.04;16.39;27.93;16.01;11.8;7.3;-1.2
O3;uur;µg/m³;2023-10-26T08:00:00+01:00;2023-10-26T09:00:00+01:00;-2;2.2;0.6;0.4;0.9;14.47;8.12;21.81;27.77;22.08;8.97;8.39;8.39;22.24;1.44;17.83;2.37;3.07;5.72;8.95;7.23;0.69;0.23;-0.36;25.62;0.12;21.03;10.97;2.31;5.05;1.72;4.49;16.56;12.13;16.6;10.45;7.27;11.66;17.29;26.22;37.4;23.58;6.1;6.6;1.7
O3;uur;µg/m³;2023-10-26T09:00:00+01:00;2023-10-26T10:00:00+01:00;-1;6.2;2.8;2.5;3.4;26.65;16.61;28.44;33.63;24.73;14.98;10.26;13.15;22.21;13.08;19.22;6.54;10.25;11.95;9.42;14.18;11.41;2.22;2.54;27.13;2.06;22.89;14.64;6.42;10.62;2.63;11.5;23.92;12.16;18.99;13.36;20.32;17.12;18.03;36.64;52.52;43.73;8.7;8.3;1.8
O3;uur;µg/m³;2023-10-26T10:00:00+01:00;2023-10-26T11:00:00+01:00;3.4;7.8;6.5;4;4.7;32;23.59;33.32;35.64;27.16;22.02;15.04;17.81;26.08;29.83;18.62;20.57;13.83;13.14;10.18;20.82;21.89;6.39;9.03;30.31;3.74;27.95;22.12;9.49;13.18;10.7;16.51;30.55;19.4;26.02;17.22;31.15;17.38;15.36;40.95;47.45;44;11.5;11.5;5.3
O3;uur;µg/m³;2023-10-26T11:00:00+01:00;2023-10-26T12:00:00+01:00;8.2;8.5;10.9;9.3;11;31.15;28.86;35.59;33.19;27.27;26.32;21.35;29.88;26.36;35.56;16.35;;16.27;12.16;13.28;29.23;29.54;20.75;17.2;31.11;9.43;30.88;24.48;16.87;18.87;21.45;24.87;35.8;22.9;35.44;25.12;40.33;29.25;20.98;43.33;50.49;45.45;25.1;19.3;17.6
O3;uur;µg/m³;2023-10-26T12:00:00+01:00;2023-10-26T13:00:00+01:00;7.9;16.9;21;7.9;24.3;35.15;34.42;32.11;37.71;24.13;30.08;24.59;32.19;27.15;36.18;12.29;;25.98;15.98;18.99;33.39;46.76;20.5;24.11;31.44;11.14;34.03;34.17;20.2;22.94;32.07;30.21;39.36;26.73;35.88;36.75;42.97;38.46;29.87;46.5;55.96;47.94;34.6;24.2;28.2
O3;uur;µg/m³;2023-10-26T13:00:00+01:00;2023-10-26T14:00:00+01:00;12.4;12.7;17.4;9.5;17.9;34.35;42.49;38.52;43.41;32.23;31.16;23.48;36.59;30.91;19.41;34.49;;20.86;22.47;20.93;39.54;53.74;21.4;30.7;36.74;19.78;39.21;34.09;22.41;22.25;38.42;35.04;38.06;32.3;36.11;41.39;41.86;44.62;35.97;51.57;57.78;50.05;37.9;28.6;44
O3;uur;µg/m³;2023-10-26T14:00:00+01:00;2023-10-26T15:00:00+01:00;16.9;17.6;20.5;21.5;20.9;40.3;48.65;39.54;41.65;33.07;25.86;25.81;36.5;29.02;24.5;49.7;;27.98;35.08;36.32;41.41;40.08;18.44;;32.28;26.78;47.53;31.51;22.9;23.4;35.25;32.55;35.96;24.62;40.73;44.84;41.57;47.06;39.47;42.13;57.16;52.49;41.1;26.1;44.8
O3;uur;µg/m³;2023-10-26T15:00:00+01:00;2023-10-26T16:00:00+01:00;26.3;21.8;22.9;25.3;21.4;39.34;43.35;48.51;37.35;33.68;22.48;25.28;36.2;31.06;28.75;44.23;37.55;33.5;35.15;23.26;43.29;37.76;25.06;;37.33;27.62;44.71;31.42;14.78;20.4;34.43;26.81;30.22;22.61;40.32;45.97;37.91;46.16;40.81;34.93;52.49;52.69;40.3;33;39.7
O3;uur;µg/m³;2023-10-26T16:00:00+01:00;2023-10-26T17:00:00+01:00;23.8;15.2;13.9;21.6;15.3;34.57;33.28;47.08;36.2;21.49;22.44;20.4;31.91;28.74;22.9;38.93;37.08;20.52;31.15;23.47;40.24;36.62;21.22;;50.99;28.6;35.75;27.78;10.06;23.97;27.52;20.29;30.6;19.17;35.19;39.9;31.87;31.7;32.42;44.66;33.54;41.94;35.2;34.8;39.4
O3;uur;µg/m³;2023-10-26T17:00:00+01:00;2023-10-26T18:00:00+01:00;17.6;13.6;7.5;19.9;7.9;32.09;23.81;36.77;35.72;27.84;18.5;16.7;25.82;21.85;17.13;32.96;23.93;19.09;28.2;30.45;32.19;24.02;12.93;7.41;49.34;18.75;30.93;28.99;13.36;19.41;28.99;24.24;28.03;9.46;24.33;31.77;28.7;37.37;32.79;41.06;40.81;34.17;33.3;26.2;37.4
O3;uur;µg/m³;2023-10-26T18:00:00+01:00;2023-10-26T19:00:00+01:00;16.1;17.8;7.8;14.2;5.7;26.71;19.74;17.89;18.43;23.8;16.25;19.56;21.74;31.91;18.3;30.55;22.11;21.51;22.19;19.57;27.86;21.06;11.12;8.23;50.32;15.9;25.22;24.13;13.52;15.05;25.63;25.28;23.42;4.13;19.44;26.67;25.46;26.47;26.24;33.19;38.42;30.05;30.8;24.5;35.4
O3;uur;µg/m³;2023-10-26T19:00:00+01:00;2023-10-26T20:00:00+01:00;12.8;14.9;5.4;13.3;4.7;18.19;10.64;9.31;3.74;24.6;18.57;22.79;20.34;29.77;14.88;22.39;19.92;18.56;19.43;15.41;28.81;20.24;4.88;8.01;46.6;19.71;21.51;19.9;19.49;21.63;22.91;28.52;20.87;4.29;19.83;21.09;16.08;21.26;24.58;30.68;30.8;32.6;30.7;25.6;36
O3;uur;µg/m³;2023-10-26T20:00:00+01:00;2023-10-26T21:00:00+01:00;12.4;13.8;4.6;15;5.1;11.68;6.42;23.44;13.78;27.86;20.8;28.07;29.64;31.66;1.7;19.62;19.74;16.27;20.79;19.06;29.37;17.97;8;9.05;40.51;19.24;20.32;21.86;18.82;18.21;27.01;24.88;20.75;10.08;23.59;21.43;11.79;20.85;22.04;28.58;27.23;25.76;24.2;26;35.7
O3;uur;µg/m³;2023-10-26T21:00:00+01:00;2023-10-26T22:00:00+01:00;13.2;16.9;4.2;16.8;2.8;8.03;8.59;33.25;36.53;30.79;16.97;28.17;34.55;30.22;7.02;20.71;20.27;21.39;23.3;27.1;27.76;20.39;8.31;10.63;31.87;13.35;19.71;19.97;14.32;15.2;22.47;19.66;18.37;11.13;23.51;16.83;10.75;22.16;29.81;24.12;27.79;32.34;30;23.8;32
O3;uur;µg/m³;2023-10-26T22:00:00+01:00;2023-10-26T23:00:00+01:00;16.8;19.7;4.1;17.1;8.8;10.98;13.14;32.79;39.03;30.13;11.5;24.93;30.46;23.29;7.93;21.27;22.5;25.93;28.9;27.12;25.29;23.35;9.81;12.44;28.96;11.25;21.52;17.13;10.34;11.56;17.4;13.19;14.91;12.2;24.24;11.65;7.45;18.28;32.24;23.39;33.36;26.56;27.9;22.6;26.1
O3;uur;µg/m³;2023-10-26T23:00:00+01:00;2023-10-27T00:00:00+01:00;14.2;19.4;12.4;15.1;10;12.3;11.94;19.03;38.31;26.93;8.44;19.29;28.44;17.74;11.3;22.05;27.28;23.44;27.69;26.51;22.22;26.48;9.15;17.74;33.45;11.22;24.65;14.11;8.29;8.22;13.18;9.51;13.8;10.5;22.38;7.18;6.27;15.08;29.86;20.79;31.92;29.34;24.2;19.1;21.5
O3;uur;µg/m³;2023-10-27T00:00:00+01:00;2023-10-27T01:00:00+01:00;16.3;19.2;13.8;11;7.1;14.49;14.61;24.01;23.02;20.39;7.8;17.92;24.54;17.53;11.58;25.31;26.98;21.44;24.52;23.39;19.71;24.2;11.78;17.94;30.27;11.07;20.79;8.42;10.29;9.66;12.52;11.78;11.13;9.09;16.14;4.19;7.26;15.25;26.49;27.17;33.74;30.52;25.3;16.4;18.3
O3;uur;µg/m³;2023-10-27T01:00:00+01:00;2023-10-27T02:00:00+01:00;10.5;18.6;9.2;7;4.1;18.32;16.65;36.49;46.62;16.41;11.85;14.79;21.9;;10.1;23.33;22.23;19.25;21.87;24.24;17.09;19.23;11;16.06;23.93;9.62;17.66;9.12;11.36;10.97;11.49;12.59;11.47;5.74;11.22;11.66;8.22;14.56;23.66;32.75;34.67;31.53;23.2;19.2;18.1
O3;uur;µg/m³;2023-10-27T02:00:00+01:00;2023-10-27T03:00:00+01:00;11.3;17.9;14.4;4;7.7;;;;;;;;;;;;;;;;;;;;;;;;;;;;;;;;;;;;;;19.4;16.5;17.3
O3;uur;µg/m³;2023-10-27T03:00:00+01:00;2023-10-27T04:00:00+01:00;13.1;17.9;4.1;1.9;1.5;21.47;18.5;37.72;46.05;17.68;5.96;14.51;20.63;19.68;23.09;11.62;22.61;21.64;16.58;20.7;16.4;20;6.82;12.24;22.74;9.42;13.98;15.48;18.78;16;10.91;21;11.89;2.17;8.31;20.07;11.68;20.6;25.12;30.43;23.98;23.03;15.7;14;15.6
O3;uur;µg/m³;2023-10-27T04:00:00+01:00;2023-10-27T05:00:00+01:00;9.3;11.9;8.2;3.3;2.8;17.09;22.75;36.47;45.7;19.77;4.33;18.28;17.81;21.28;21.32;20.09;18.01;19.27;11.37;18.7;16.41;16.1;7.12;4.07;20.15;11.43;12.49;13.42;14.35;12.47;13;16.45;10.77;3.41;6.96;17.86;10.38;20.66;27.46;29.83;26.37;24.33;13;12.8;15.4
O3;uur;µg/m³;2023-10-27T05:00:00+01:00;2023-10-27T06:00:00+01:00;9.5;9.8;3;7.9;20;18.56;20.6;31.31;38.88;16.35;6.72;14.71;11.96;17.64;22.51;30.48;7.39;16.1;11.05;14.47;16.83;11.02;9.54;-0.21;19.07;10.51;10.85;10.17;8.68;8.69;15.95;16.27;8.43;4.93;4.82;19.67;10.3;18.73;26.16;25.82;26.01;20.31;12.3;11.5;16.2
O3;uur;µg/m³;2023-10-27T06:00:00+01:00;2023-10-27T07:00:00+01:00;5.5;2.7;0.5;4.4;13.6;26.89;13.46;38.03;37.78;12.08;6.42;9.92;8.78;4.08;25.06;30.03;3.11;7.71;10.5;11.86;10.77;3.62;0.16;-0.84;22.13;3.75;10.08;7.26;2.36;4.01;10.75;8.4;6.6;3.14;5.09;9.82;10.22;18.45;26.99;29.57;22.45;17.62;13.6;8.3;11
O3;uur;µg/m³;2023-10-27T07:00:00+01:00;2023-10-27T08:00:00+01:00;6.9;2.3;0.5;9.9;15.4;25.58;14.63;46.39;47.22;7.7;6.14;6.5;3.12;2.75;23.75;32.36;4.14;2.84;2.65;6.21;5.08;1.41;4.12;-0.49;24.06;-0.53;8.2;5.31;0.41;2.74;7.64;2.41;2.8;3.45;3.05;4.35;7.73;16.04;27.63;26.75;20.4;16.55;5.6;10.4;9
O3;uur;µg/m³;2023-10-27T08:00:00+01:00;2023-10-27T09:00:00+01:00;1.4;3.1;0.5;1.6;2.5;28.97;14.23;47.5;47.07;6.93;5.37;0.72;3.71;2.94;28.55;32.28;6.93;10.05;2.1;9.25;11.13;3.8;1.54;0.01;24.66;3.45;8.52;5.18;0.77;2.97;8.56;2.58;3.81;3.78;5.51;6.72;8.76;14.64;26.18;22.9;20.18;13.07;;10.1;9.2
O3;uur;µg/m³;2023-10-27T09:00:00+01:00;2023-10-27T10:00:00+01:00;0.9;2.8;1.9;15.6;13.1;38.68;14.9;43.43;43.06;15.27;23.94;2.27;7.21;14.53;42.53;40.44;11.01;10.94;8.46;10.67;15.53;9.34;0.71;1.81;22.94;2.84;9.38;7.54;2.19;3.85;10.08;4.59;7.29;3.77;7.6;8.44;11.43;16.22;26.64;18.82;19.73;13.67;11.3;8.3;11.6
O3;uur;µg/m³;2023-10-27T10:00:00+01:00;2023-10-27T11:00:00+01:00;12;5.7;1.7;11.5;21.7;40.36;17.95;44.12;44.45;15.14;26.58;10.76;11.85;19.5;42.55;51.28;12.49;21.85;27.39;26.51;33.81;12.53;1.43;2.75;22.71;7.05;10.58;12.21;4.58;6.36;13.32;10.44;18.39;3.33;10.61;18.31;11.35;18.23;24.76;17.34;19.83;16.76;15.8;9.5;16.8
O3;uur;µg/m³;2023-10-27T11:00:00+01:00;2023-10-27T12:00:00+01:00;22.6;8.2;7.5;10;15.8;40.3;24.86;48.13;51.35;21.9;39.72;16.89;16.49;29.47;50.17;59.16;24.23;25.01;38.95;29.51;50.27;23.84;14.68;7.11;22.51;14.43;9.66;26.1;6.37;9.03;19.28;14.03;28.62;3.94;10.06;18.06;10.74;20.02;25.32;23.54;24.13;20.55;12.7;12.3;25.3
O3;uur;µg/m³;2023-10-27T12:00:00+01:00;2023-10-27T13:00:00+01:00;32.3;12.8;15.1;23;35.1;40.18;28.64;52.52;52.1;45.07;47.86;31.62;31.16;36.41;58.59;54.75;21.24;16.15;40.84;29.69;56.58;28.73;28.78;6.42;24.12;26.23;10.39;39.64;9.6;14.03;;24.53;28.88;7.95;10.46;20.42;9.03;20.56;25.76;29.34;27.48;20.52;14.7;16.4;36.5
O3;uur;µg/m³;2023-10-27T13:00:00+01:00;2023-10-27T14:00:00+01:00;43.3;24.7;29.3;32.4;52.9;48.69;36.58;50.94;49.13;51.15;49.91;33.24;49.46;42.38;61.98;54.76;21.33;34.55;56;46.21;50.6;30.39;37.63;9.59;24.26;22.22;11.04;35.46;14.77;19.51;;32.02;28.69;13.5;10.9;25.58;7.92;17.75;24.19;27.06;26.21;22.38;21.9;15.5;35.8
O3;uur;µg/m³;2023-10-27T14:00:00+01:00;2023-10-27T15:00:00+01:00;50.5;28;29.6;48.7;55.7;46.93;48.09;47.82;49.83;51.33;44.26;35.48;53.06;42;58.05;59.47;55.56;35.69;63.97;55.82;42.93;56.93;42.13;26.06;18.55;18.83;11.01;30.9;14.24;17.72;;34.39;48.66;12.9;20.9;34.32;6.95;15.14;22.05;24.47;25.65;24.58;17.4;14.5;35
O3;uur;µg/m³;2023-10-27T15:00:00+01:00;2023-10-27T16:00:00+01:00;51.1;38.4;37.4;37.7;57.2;47.62;38.5;54.13;56.28;48.18;52.68;28.69;44.81;40;61.11;64.77;49.02;46.7;59.18;55.56;37.25;49.72;40.92;24.07;17.47;17.13;10.14;39.39;25.76;32.43;;39.67;48.1;10.93;36.17;34.91;5.43;12.47;18.93;20.39;24.18;24.33;23.2;21.6;34.5
O3;uur;µg/m³;2023-10-27T16:00:00+01:00;2023-10-27T17:00:00+01:00;47;35.4;19.9;36.9;54.7;50.93;36.49;51.53;51.63;48.87;54.09;36.72;47.66;44.31;61.41;61.58;46.92;43.1;57.98;47.68;69.39;40.84;23.33;27.49;18.21;9.8;5.91;37.38;29.94;26.72;25.95;42.38;51.7;6.76;38.95;35.08;2.7;7.46;15.28;16.19;27.03;24.47;17.5;11.9;20.7
O3;uur;µg/m³;2023-10-27T17:00:00+01:00;2023-10-27T18:00:00+01:00;40.8;40;20;16.6;57.3;42.91;36.21;41.35;44.79;51.38;44.59;27.24;34.33;38.63;57.93;59.2;44.38;35.41;52.11;43.4;58.71;36.86;13.6;29.17;14.9;39.13;4.37;40.06;28.87;23.07;22.43;42.54;45.86;42.31;31.95;26.73;0.22;2.99;11.73;13.59;25.27;22.99;15.9;13.8;23.5
O3;uur;µg/m³;2023-10-27T18:00:00+01:00;2023-10-27T19:00:00+01:00;41.4;22.1;26.4;23.5;60;31.14;37.12;37.17;43.33;42.18;42.94;28.69;34.33;33.78;53.57;51.88;46.27;20.03;52.19;39.93;42.47;33.28;22.49;32.96;15.04;28.67;25.79;35.86;15.38;11.45;15.65;32.6;29.73;34.2;34.9;19.94;5.8;1.48;9;12.31;23.57;20.27;34.9;29.6;34.4
O3;uur;µg/m³;2023-10-27T19:00:00+01:00;2023-10-27T20:00:00+01:00;39.9;15.5;28.8;26.3;51.8;33.55;39.67;42.14;44.57;38.1;36.85;27.72;38.25;30.29;56.03;46.52;44.58;21;50.94;32.02;49.13;32.68;37.14;27.09;24.5;31.06;22.9;35.46;7.91;3.45;14.71;13.04;20.82;28.27;28.11;16.15;34.02;4.4;7.71;10.58;22.42;16.47;35.5;32.7;31.9
O3;uur;µg/m³;2023-10-27T20:00:00+01:00;2023-10-27T21:00:00+01:00;33.4;9.5;25.9;32.8;46;34.88;35.86;45.16;41.37;34.78;30.21;24.15;35.06;23.4;56.13;51.14;25.94;27.45;48.98;34.65;38.07;31.21;32.6;15.93;22.62;27.79;25.15;28.5;2.88;5.99;10.78;9.61;19.87;22.17;23.27;18.85;27.74;39.64;6.93;9.55;17.39;15.21;30.4;28.3;26.5
O3;uur;µg/m³;2023-10-27T21:00:00+01:00;2023-10-27T22:00:00+01:00;35.4;14.6;28.2;29.6;52;35.55;32.85;44.14;39.01;29.96;28.39;26.34;35.88;26.21;48.55;49.27;24.47;22.64;49.84;32.84;26.16;37.5;31.13;22.54;22.72;20.56;21.18;;6.23;7.65;16.46;11.03;19.86;19.95;28.47;20.39;23.5;34.82;14.05;13.75;15.61;16.05;33.6;23.3;25.9
O3;uur;µg/m³;2023-10-27T22:00:00+01:00;2023-10-27T23:00:00+01:00;41.5;18.5;31.9;31.8;54.8;33.96;31.35;46.45;41.18;30.27;27;26.81;51.54;25.85;44.51;32.5;24.72;34.65;51.02;38.12;35.75;33.12;27.32;21.91;35.55;15.72;26.24;;8.23;10.31;9.83;11.19;16.15;20.33;30.72;23.69;25.82;28.51;27.42;30.96;21.84;14.72;31.9;25.3;26.5
O3;uur;µg/m³;2023-10-27T23:00:00+01:00;2023-10-28T00:00:00+01:00;37.1;24.8;34.9;34.3;50.2;32.55;27.55;49.15;53.86;27.4;18.6;23.64;41.9;22.41;31.89;37.5;27.83;42.97;39.51;34.78;40.06;35.77;34.58;28.62;31.95;19.34;24.47;;10.54;14.74;10.25;15.14;16.58;20.42;28.2;23.17;25.78;21.3;31.24;32.87;18.77;18.09;33.3;27.2;29.4
O3;uur;µg/m³;2023-10-28T00:00:00+01:00;2023-10-28T01:00:00+01:00;33.7;19.2;30.9;31;37.8;42.26;29.65;54.39;60.26;32.3;22.38;26.81;32.52;23.54;38.29;40.07;28.03;33.49;32.4;30.93;31.62;29.76;31.54;30.64;24.97;22.28;26.04;;12.41;23.9;12.62;21.41;24.19;18.07;24.37;24.63;25.07;14.89;25.96;31.04;25.31;24.95;36.8;29;32.7
O3;uur;µg/m³;2023-10-28T01:00:00+01:00;2023-10-28T02:00:00+01:00;25.7;17.4;26.6;22.8;34.4;50.1;34.54;56.12;59.25;35.75;22.45;33.28;33.06;36.54;42.77;45.59;26.06;27.48;34.03;27.5;26.45;23.45;22.44;24.7;23.33;26.77;31.75;26.5;18.86;24.27;24.75;24.72;26.11;18.71;24.72;26.02;26.21;17.68;26.12;26.67;32.01;26.29;33.4;30.3;30.1
O3;uur;µg/m³;2023-10-28T02:00:00+01:00;2023-10-28T03:00:00+01:00;25.4;16.4;20.4;30.7;42;52.3;52.58;57.55;59.87;42.6;39.44;47.25;44.33;47.37;45.83;58.99;22.26;30.92;36.26;27.6;24.24;25.04;23.89;24.19;18.17;24.56;26.38;24.02;14.81;17.43;23.56;18.5;17.65;20.92;23.73;27.81;25.64;22.27;30.2;24.16;32.5;27.63;27.4;24.2;23.8
O3;uur;µg/m³;2023-10-28T03:00:00+01:00;2023-10-28T04:00:00+01:00;38.5;28.6;35.7;32.1;37.6;53.08;58.98;59.49;61.43;50.98;54.88;51.39;57.46;53.58;56.03;55.79;30.9;40.06;50.81;34;21.69;27.16;39.96;22.38;23.69;18.64;25.58;18.89;16.18;21.98;17.92;21.15;24.87;22.73;26.82;33.94;25.72;22.4;29.18;23.99;35.56;31.45;27.1;23.5;20.1
O3;uur;µg/m³;2023-10-28T04:00:00+01:00;2023-10-28T05:00:00+01:00;52.2;44;50.3;44.9;46.3;54.35;55.53;62.61;64.47;54.13;49.85;52.8;62.05;52.75;55.19;56.47;48.79;53.21;52.48;55.21;26.36;50.41;50.32;39.37;18.44;17.85;28.42;26.14;25.41;33.08;23.2;30.44;43.86;27.57;28.44;44.73;27.15;20.17;28.79;22.05;31.58;30.01;23.3;23.1;20.1
O3;uur;µg/m³;2023-10-28T05:00:00+01:00;2023-10-28T06:00:00+01:00;50.2;40.8;35.5;46.8;52;54.52;53.62;59.26;63.25;54.11;43.32;48.79;56.85;50.5;53.35;54.63;48.04;51.97;49.59;56.12;52.3;51.35;44.05;45.31;22.49;32.06;34.01;46.58;38.72;47.68;44.18;48.48;49.23;40.26;37.31;49.12;32.38;17.58;25.21;20.4;27.58;27.7;35.4;31.6;30.4
O3;uur;µg/m³;2023-10-28T06:00:00+01:00;2023-10-28T07:00:00+01:00;42.3;39.2;35.9;37.1;44.4;53.35;53.81;53.23;59.29;50.62;39.08;48.03;54.75;51.91;50.21;53.7;46.09;51.95;47.76;52.43;51.17;46.16;42.74;42.29;27.31;44.16;43.29;48.35;34.96;46.21;46.56;47.07;45.47;37.94;46.27;46.87;41.72;28.59;27.46;24.67;27.6;25.42;52.2;49.6;47.3
O3;uur;µg/m³;2023-10-28T07:00:00+01:00;2023-10-28T08:00:00+01:00;38.8;36.7;31.5;39.5;27.9;50.65;50.7;53.05;55.37;48.69;45.16;46.6;50.87;49.36;50.48;54.52;43.67;46.08;44.41;49.45;47.34;35.06;39.42;35.15;44.94;42.94;47.16;44.56;32.09;42.2;42.72;44.15;42.28;31.76;41.39;45.56;46.23;36.96;42.59;36.64;27.62;27.48;53.4;49.5;49.4
O3;uur;µg/m³;2023-10-28T08:00:00+01:00;2023-10-28T09:00:00+01:00;41.2;31.4;27.1;31.3;24.3;47.24;49.26;54.74;56.18;46.59;46.98;22.04;48.53;47.43;52.83;54.9;40.13;40.14;42.21;46.48;45.5;35.94;38.15;32.99;48.81;38.68;48.51;42.48;31.41;40.39;39.28;41.98;39.55;33.84;44.04;43.88;42.26;39.94;48.35;42.33;36.57;34.47;48.7;47.9;46.4
O3;uur;µg/m³;2023-10-28T09:00:00+01:00;2023-10-28T10:00:00+01:00;46.1;33.8;42.5;37.9;46.8;51.1;50.82;57.43;61.16;51.31;50.99;42.92;50.41;48.43;55.7;57.28;38.25;43.92;51.76;48.03;40.81;43.25;45.55;33.04;45.37;35.94;48.73;41.16;29.37;38.04;42.01;42.37;42.2;37.64;43.71;41.77;42.29;41.69;45.86;44.74;45.66;46.63;46.2;46.2;44.7
O3;uur;µg/m³;2023-10-28T10:00:00+01:00;2023-10-28T11:00:00+01:00;47.4;40.1;45.7;42.1;53.7;54.01;51.7;60.1;64.59;55.93;54.25;46.87;57.77;53.34;57.99;61.15;47.36;53.12;57.09;52.93;43.61;46.93;46.32;38.52;46.9;31.74;46.84;42.58;37.94;41.91;39.5;45.66;45.02;35.31;44.5;44.03;43.47;42.34;45.66;44.4;49.04;46.07;46.4;42.9;43.5
O3;uur;µg/m³;2023-10-28T11:00:00+01:00;2023-10-28T12:00:00+01:00;54.3;41.5;52.5;44.7;59.3;61.66;59.03;62.34;66.35;61.85;61.25;54.16;62.03;61.03;60.58;63.96;51.28;54.5;61.6;57.74;52.77;53.54;54.74;41.14;46.24;36.61;49.45;50.26;39.8;43.31;38.03;48.66;50.22;38.41;46.72;48.39;43.35;42.01;46.82;44.55;46.96;46.55;46.8;41.5;43
O3;uur;µg/m³;2023-10-28T12:00:00+01:00;2023-10-28T13:00:00+01:00;52.9;44.2;54.1;49;59;63.01;63.66;64.37;68.24;64.58;60.31;59.81;68.41;64.98;65.06;65.54;54.98;57.9;63.84;65.24;59.13;55.8;55.91;43.3;47.23;46.81;51.69;53.16;41.87;48.1;40.05;54.28;56.18;43.11;53.19;58.06;43.19;43.99;49.01;42.4;46.05;45.35;53.3;48.4;49.6
O3;uur;µg/m³;2023-10-28T13:00:00+01:00;2023-10-28T14:00:00+01:00;55.6;45.4;54;48.9;55.2;64.13;68.21;61.12;65.79;67.39;62.93;63.58;68.9;68.95;67.55;65.9;57.81;57.44;66.95;65.98;61;57.43;57.98;45.53;52.3;47.98;56.25;56.72;45.78;51.79;48.56;58.8;61.16;45.25;63.19;63.23;45.38;46.66;51.94;43.63;45.01;45.05;58.2;54.3;56.1
O3;uur;µg/m³;2023-10-28T14:00:00+01:00;2023-10-28T15:00:00+01:00;61.1;49.2;57.8;49.3;69.7;59.87;68.15;59;64.85;68.74;64.21;63.93;66.85;69.27;66.98;66.78;61.46;62.79;66.13;67.69;61.86;59.89;58.22;47.4;53.14;49.84;61.23;57.41;44.8;51.67;49.2;60.4;60.75;45.02;65.97;66.2;53.94;50.48;52.67;46.73;45.49;45.06;57.6;55.4;57.6
O3;uur;µg/m³;2023-10-28T15:00:00+01:00;2023-10-28T16:00:00+01:00;53.3;45.3;55.1;44.4;65;56.34;63.37;56.36;62.43;64.77;58.18;58.17;65.77;65.89;64.85;65.77;61.96;60.73;64.17;64.42;63.09;61.63;56.1;49.84;53.97;47.9;62.33;58.09;49.27;53.69;46.36;60.87;58.83;48.54;66.13;65.16;59.46;53.03;55.51;45.88;46.44;44.89;58.5;51.9;52.4
O3;uur;µg/m³;2023-10-28T16:00:00+01:00;2023-10-28T17:00:00+01:00;51;39.4;48.2;46.3;59.7;51.66;58.22;55.15;58.1;61.01;56.42;53.72;62.65;60.23;61.84;61.67;49.35;56.15;57.24;56.35;63.58;51.96;49.99;36.88;48.07;46.65;61.2;51.09;29.71;40.68;38.82;53.06;45.58;49.26;60.96;53.69;55.14;50.26;57.81;45.16;49.31;45.02;57.2;49.5;52.8
O3;uur;µg/m³;2023-10-28T17:00:00+01:00;2023-10-28T18:00:00+01:00;45.2;38.7;29.2;37.2;29.1;51.37;53.15;50.3;53.94;57.16;47.85;44.41;55.23;53.12;59.41;57.68;40.67;49.88;50.54;55.26;50.93;50.04;42.48;28.16;43.12;41.09;54.12;44.7;21.85;40.27;40.79;46.4;47.53;45.62;52.28;49.08;50.56;46.69;59.23;43.37;47.56;43.75;54.7;46.6;49.1
O3;uur;µg/m³;2023-10-28T18:00:00+01:00;2023-10-28T19:00:00+01:00;41.8;39.8;44.3;39.4;38.1;45.97;52.36;52.34;57.58;54.44;49.95;46.36;54.58;52.88;55.53;49.58;40.98;50.23;49.87;50.29;49.09;37.51;45.87;25.27;48.67;40.77;49.44;44.04;23.48;43.48;43.52;44.43;43.99;36.89;46.47;48.54;48.33;44.26;54.7;44.11;47.98;38.86;44.4;45;48.4
O3;uur;µg/m³;2023-10-28T19:00:00+01:00;2023-10-28T20:00:00+01:00;42.5;39.3;47.9;40.1;36.9;47.17;48.81;48.89;56.94;51.81;45.14;41.5;53.9;49.74;54.39;47.93;40.15;44.44;50.15;50.31;49.85;40.83;49.18;28.67;51.81;40.67;50.05;44.21;24.63;41.48;44.52;42.89;43.61;36.7;47.35;44.56;44.02;43.58;47.15;44.99;49.06;37.88;36.7;45.1;48.4
O3;uur;µg/m³;2023-10-28T20:00:00+01:00;2023-10-28T21:00:00+01:00;41;35.8;41.4;39;43.9;42.13;42.1;46.78;54.28;46.51;42.05;39.21;51.52;46.64;52.5;45;43.52;45.91;49.04;49.91;49.75;45.05;48.84;30.9;50.89;41.44;47.51;42.55;32.41;43.07;43.71;43.25;46.04;32.97;47.35;46.94;43.14;40.25;44.44;42.16;47.81;43.61;40.8;45.8;45.4
O3;uur;µg/m³;2023-10-28T21:00:00+01:00;2023-10-28T22:00:00+01:00;42.9;36.8;32.8;31;30.7;38.49;43.61;48.21;55.29;47.05;44.28;40.51;50.6;47.18;47.8;50.56;35.49;44.95;46.25;48.94;49.04;44.77;47.73;24.72;50.28;37.89;45.39;43.85;33.58;42.67;42.8;43.5;45.46;32.03;45.1;43.64;38.96;39.41;42.64;39.29;46.59;44.37;44.4;44;43.5
O3;uur;µg/m³;2023-10-28T22:00:00+01:00;2023-10-28T23:00:00+01:00;42.6;40;28.4;34.8;38.3;41.87;45.11;54.59;60.12;50.22;45.99;42.61;52.78;48.55;47.79;55.72;37.89;47.17;47.96;48.37;51.73;45.25;47.3;32.31;49.26;41.16;45.21;43.89;36.95;43.48;43.07;44.5;44.18;33.73;46.26;44.61;34.3;41.49;40.35;34.96;42.91;40.96;46.3;43.5;42.8
O3;uur;µg/m³;2023-10-28T23:00:00+01:00;2023-10-29T00:00:00+01:00;44.1;42;40.2;36.2;37.6;50.95;44.62;59.26;63.69;49.33;46.64;43.4;53.43;50.11;52.28;58.09;38.68;48.5;49.15;50.64;51.52;45.14;47.63;35.05;48.34;42.56;46.9;43.37;38.88;44.32;44.23;44.9;46.25;37.86;47.67;46.67;40.32;35.99;44.33;40.74;41.31;37.72;47.6;49.5;44.4
O3;uur;µg/m³;2023-10-29T00:00:00+01:00;2023-10-29T01:00:00+01:00;45.3;46;44;42.7;38.7;56.31;47.8;59.83;63.96;52.66;50.29;48.85;55.4;54.46;54.73;59.24;43.84;50.11;50.96;51.02;52.38;46.03;42.24;42.35;48.44;45.07;49.85;48.72;42.83;49.13;46.27;49.94;49.9;40.84;50.18;47.37;41.78;39.55;41.18;42.97;38.39;38.4;49.4;50.8;46.9
O3;uur;µg/m³;2023-10-29T01:00:00+01:00;2023-10-29T02:00:00+01:00;51.6;46.2;50.6;47.6;50.4;56.11;55.03;58.65;61.97;56.04;53.33;51.53;59.32;56.21;57.66;61.11;49.75;54.93;55.48;56.85;54.26;52.83;52.13;48.43;51.75;46.86;53.5;49.95;43.76;48.96;50.13;50.8;50.3;43.44;49.2;47.08;45.04;43.25;43.23;47.17;43.6;44.59;54.1;55.1;50.6
O3;uur;µg/m³;2023-10-29T02:00:00+01:00;2023-10-29T03:00:00+01:00;54.6;47.3;54.1;54.5;57;56.1;57.84;57.25;60.89;59.35;60.34;54.04;64.51;57.19;71.28;72.89;56.37;57.75;60.17;61.59;59.96;55.42;57.1;52.06;51.97;49.31;53.62;52.86;43.76;51.34;51.26;51.16;52.23;41.59;50.52;48.88;45.61;47.18;52.89;47.42;46.45;45.71;54.7;54;50.5
O3;uur;µg/m³;2023-10-29T03:00:00+01:00;2023-10-29T04:00:00+01:00;72.7;66.1;71.6;67.5;71.2;56.89;57.85;58.04;62.17;58.39;59.82;51.84;64.5;55.93;70.96;70.59;74.5;76.18;74.38;66.86;72.66;72.87;74.53;71.62;51.69;59;55.16;65.15;53.01;56.5;60.07;57.69;64.46;44.03;52.8;52.09;47.9;49.67;55.83;47.55;49.26;48.37;58.8;61.5;57.2
O3;uur;µg/m³;2023-10-29T04:00:00+01:00;2023-10-29T05:00:00+01:00;63.5;55.6;63.4;61.9;67.6;57.98;59.13;61.14;64.57;60.13;64.27;56.02;64.94;59.75;68.97;72.43;68.12;67.66;68.1;63.82;75.32;63.92;65.65;63.37;65.32;67.91;70.3;64.98;59.93;59.01;67.28;66.33;61.91;47.47;54.88;55.83;49.93;50.07;60.25;47.47;49.75;45.68;76;75.4;71
O3;uur;µg/m³;2023-10-29T05:00:00+01:00;2023-10-29T06:00:00+01:00;67.5;62.2;64.9;57.3;73.6;60.23;58.09;61.85;65.96;63.08;63.98;55.81;71.78;59.8;70.54;69.91;72.1;68.44;70.36;68.1;75.14;71.63;64.36;68.46;70.69;64.37;61.44;61.48;54.88;60.79;61.23;61.85;62.78;49.79;58.8;56.79;55.68;70.27;75.43;49.76;57.76;52.92;68.9;71.3;66.4
O3;uur;µg/m³;2023-10-29T06:00:00+01:00;2023-10-29T07:00:00+01:00;68.9;62.7;63;52.4;69.4;58.43;62.32;61.75;66.89;67.69;64.64;56.23;69.88;58.58;65.55;67.87;69.15;65.33;68.72;63.99;73.42;69.65;68.49;64.65;68.93;64.67;64.49;68.08;60.17;64.88;68.83;66.89;63.42;50.53;64.51;57.46;56.85;56.09;66.99;56.78;67.23;63.53;73.7;75.9;69.9
O3;uur;µg/m³;2023-10-29T07:00:00+01:00;2023-10-29T08:00:00+01:00;67;60.8;63;52.6;62;58.1;64.99;62.43;67.48;63.89;62.37;57.89;70.07;62.43;64.36;66.51;64.35;64.8;67.34;62.3;73.85;66.74;59.29;60.64;67.61;64.33;67.2;66.61;58.75;63.99;67.72;65.47;62.24;52.38;65.35;63.24;57.22;63.61;71.8;58.79;65.03;60.73;72.4;72.2;68.5
O3;uur;µg/m³;2023-10-29T08:00:00+01:00;2023-10-29T09:00:00+01:00;63.7;57.3;56.7;53.5;64.1;57.55;64.5;61.31;66.5;65.14;58.73;60.3;67.78;64.71;66.35;64.76;63.61;61.35;62.75;58.47;70.4;63.94;56.89;59;68.53;62.2;67.16;62.01;58.12;61.98;64.09;64.75;57.8;53.83;65.86;59.6;63.89;64.49;70.65;62.99;65.92;62.17;69.9;70.2;66.2
O3;uur;µg/m³;2023-10-29T09:00:00+01:00;2023-10-29T10:00:00+01:00;62.1;52.6;59.1;55.4;68.4;59.85;66.06;61.75;65.93;66.92;62.78;63.5;68.24;67.36;65.13;63.56;64.61;60.29;64.26;61.75;70.25;64.47;58.24;60.44;67.17;60.94;66.08;58.03;56.51;59.98;59.2;62.89;59.45;55.44;65.6;62.36;63.84;64.24;67.9;65.91;68.04;67.2;67.5;66.8;64.3
O3;uur;µg/m³;2023-10-29T10:00:00+01:00;2023-10-29T11:00:00+01:00;62.2;52.3;59.1;52.2;66.8;58.96;68.15;59.98;64.12;69.93;64.09;64.04;71.71;68.63;63.07;64.72;63.63;58.64;63.27;65.4;71.14;63.52;55.9;57.52;66.49;61.57;65.17;58.47;54.7;58.41;59.53;62.21;60.05;58.23;66.89;66.79;64.62;63.32;65.44;66.52;67.12;68.35;65.2;66.1;62.3
O3;uur;µg/m³;2023-10-29T11:00:00+01:00;2023-10-29T12:00:00+01:00;58.9;49.5;61;52.8;65.4;59.25;65.94;61.4;67;69.03;62.62;63.05;70.46;67.29;65.26;63.18;62.84;62.63;66.7;68.06;69.76;62.7;58.35;56.36;66.21;59.62;66.07;58.89;55.56;61.11;58.23;64.42;61.26;60.89;70.97;68.34;66.11;62.87;64.64;67.61;67.49;70.36;67.1;66.2;64
O3;uur;µg/m³;2023-10-29T12:00:00+01:00;2023-10-29T13:00:00+01:00;58.1;50.2;58.2;53.8;68.1;57.87;65.47;60.2;64.31;66.77;60.88;60.48;65.39;65.22;62.25;62.49;63.52;62.47;63.53;65.61;70.86;60.31;58.15;53.84;64.83;58.71;70.32;60.42;55.08;59.69;57.08;64.59;60.58;58.21;71.04;64.18;68.82;66.71;64.87;68.62;67.58;69.66;66.7;64.8;63.2
O3;uur;µg/m³;2023-10-29T13:00:00+01:00;2023-10-29T14:00:00+01:00;55.8;48.1;59.3;52.2;62.4;60.1;63.34;57.76;62.7;65.86;56.45;58.77;63.26;63.57;62.01;60.9;59.92;62.03;60.85;62.59;69.46;57.9;59.55;49.09;64.34;56.94;68.53;56.82;50.05;54.74;50.25;62.33;58.36;59.25;67.92;62.61;67.68;67.24;66.65;71.49;64.76;68.71;66.6;65.1;63.7
O3;uur;µg/m³;2023-10-29T14:00:00+01:00;2023-10-29T15:00:00+01:00;56.1;45.6;57.2;53.4;63;57.5;60.51;60.51;64.6;62.52;62.23;55.47;64.43;57.56;61.11;64.06;60.48;56.84;58.16;60.18;67.08;59.62;58.25;50.67;64.44;55.33;65.07;55.73;50.32;53.68;51.08;59.86;54.11;53.73;66.83;60.64;63.05;62.1;67.24;70.04;65.52;70.02;64.5;64.7;62.5
O3;uur;µg/m³;2023-10-29T15:00:00+01:00;2023-10-29T16:00:00+01:00;57.4;47.2;54.8;50.7;62.3;61.13;59.17;63.94;69.25;60.91;63.28;53.85;67.91;59.77;62.11;65.21;59.24;57.46;65.03;67.63;67.17;58.2;57.18;51.26;58.11;56.83;63.54;55.71;51.15;56.69;47.78;61.97;58.06;45.77;60.89;60.33;61.37;57.66;63.62;64.12;64.62;70.99;59.7;57.8;57.8
O3;uur;µg/m³;2023-10-29T16:00:00+01:00;2023-10-29T17:00:00+01:00;53.9;45;56.2;50.2;57.7;61.72;59.27;65.58;69.31;56.65;53.26;55.73;59.03;61.2;64.3;67.29;54.91;60.25;61.07;61.63;63.85;55.79;57.75;44.61;59.37;50.47;63.98;58.58;51.84;56.92;51.51;64.31;57.32;44.58;63.12;56.77;57.52;59.81;61.73;61.61;61.2;63.91;64.2;58.1;58.2
O3;uur;µg/m³;2023-10-29T17:00:00+01:00;2023-10-29T18:00:00+01:00;55.6;46.6;46.7;54.9;65.2;62.88;57.19;65.82;69.02;58.67;60.78;57.62;60.05;63.39;68.55;70.97;62.76;58.97;68.21;54.68;66.5;57.75;49.95;51.75;60.19;52.56;62.53;51.17;45.47;45.42;42.87;56.65;55.35;49.51;57.99;53.97;59.03;58.02;66.71;59.78;59.76;60.93;62.8;57.2;56.7
O3;uur;µg/m³;2023-10-29T18:00:00+01:00;2023-10-29T19:00:00+01:00;66.9;58.6;56.1;65.4;86.9;63.51;60.23;66.64;70.09;63.98;70.69;58.56;69.37;64.76;74.52;73.08;77.64;64.33;73.53;64.66;84.32;74.11;62.71;62.95;68.97;67.77;61.33;63.13;53.06;51.8;63.27;61.6;60.76;46.74;58.44;59.15;55.76;55.7;65.15;62.49;64.56;59.61;68.8;70.7;66.4
O3;uur;µg/m³;2023-10-29T19:00:00+01:00;2023-10-29T20:00:00+01:00;70.2;64.9;59.7;65.3;79.1;63.65;66.26;64.23;67.82;72.5;69.61;65.12;73.95;69.08;73.31;73.45;73.51;66.56;75.74;72.16;83.33;72.09;65.68;63.62;70.87;70.3;70.64;66.64;57.99;60.23;61.25;64.49;69.9;55.63;69.23;63.52;60.87;64.88;67.79;59.86;60.75;64.56;76.5;71.1;67.6
O3;uur;µg/m³;2023-10-29T20:00:00+01:00;2023-10-29T21:00:00+01:00;67.8;61.2;56.7;56.1;71.6;62.32;63.21;59.27;63.58;67.15;58.64;57.97;72.19;59.5;71.24;58.88;67.06;65.19;70.27;74.7;86.18;69.72;64.42;61.5;72.29;72.16;67.32;67.34;63.62;68.06;65.81;71.21;69.68;52.64;72.89;68.84;70.48;70.87;74.34;62.63;59.79;68.57;75.7;71.8;70.7
O3;uur;µg/m³;2023-10-29T21:00:00+01:00;2023-10-29T22:00:00+01:00;69.4;64.2;58.6;61;74.8;57.69;60.24;60.31;64.12;58.41;57.52;53.18;60.9;57.48;69.95;54.57;69.5;67.29;72.66;69.91;73.95;69.16;69.01;62.54;77.07;65.03;72.27;66.35;61.58;66.51;65.13;69.41;67.42;55.08;71.12;64.99;68.56;67.29;71.49;62.02;73.28;74.26;72.8;67.5;67.1
O3;uur;µg/m³;2023-10-29T22:00:00+01:00;2023-10-29T23:00:00+01:00;72.6;62.9;64.1;56.3;76.4;56.66;58.67;61.64;65.85;55.89;52.88;54.31;51.12;59.82;71.26;53.33;73.71;65.05;69.48;66.92;77.57;71.98;67.61;66.76;72.87;63.7;69.88;68.09;63.09;64.97;64.93;68.92;67.94;53.42;62.98;55.71;65.46;68.12;66.09;68.22;71.2;69.44;70.2;65.3;65.2
O3;uur;µg/m³;2023-10-29T23:00:00+01:00;2023-10-30T00:00:00+01:00;65.8;55.5;61.2;53.3;72.2;58.67;56.24;62.63;66.37;55.87;47.03;51.57;50.64;55.68;63.57;52.59;69.62;59.93;62.66;52.05;76.95;68.29;65.92;63.02;72.85;66.57;66.25;68.05;55.83;56.69;67.27;61.57;51.29;48.23;55.17;54;59.37;65.25;73.04;67.23;66.82;67.02;75;71.4;69.8
O3;uur;µg/m³;2023-10-30T00:00:00+01:00;2023-10-30T01:00:00+01:00;58.6;42.1;51.9;48.2;40.2;58.41;57.84;60.78;64.95;55.78;56.66;49.89;56.05;53.71;61.01;54.7;64.36;49.64;52.58;50.6;72.9;63.78;55.85;60.01;69.99;63.59;61.45;55.57;44.19;46.48;55.4;50.87;46.58;48.7;51.57;51.85;54.63;59.98;66.97;61.69;72.09;70.82;72.1;71.2;66.6
O3;uur;µg/m³;2023-10-30T01:00:00+01:00;2023-10-30T02:00:00+01:00;49.6;33.6;47.9;45.8;62.6;56.94;59.2;60.59;63.41;54.83;55.25;51.51;58.97;53.76;52.58;54.98;63.72;45.27;49.37;47.71;67.7;62.35;54.79;58.94;77.42;58.97;49.92;46.54;39.93;43.32;42.28;45.35;42.55;45.63;53.15;50.12;51.91;48.34;71.36;56.04;65.93;67.06;62.8;63.3;57.2
O3;uur;µg/m³;2023-10-30T02:00:00+01:00;2023-10-30T03:00:00+01:00;50.5;34.2;47.5;40.7;52.9;58.53;55.78;61.05;64.88;52.33;57.46;52.08;56.61;56.2;56.44;55.89;56.06;48.53;53.77;53.54;65.6;52.22;46.52;50.29;69.88;55.42;47.47;41.53;40.33;43.89;40.15;45.46;43.59;48.46;54.67;53.25;50.07;43.35;77.3;52.57;63.04;64.36;54.9;57.2;51.7
O3;uur;µg/m³;2023-10-30T03:00:00+01:00;2023-10-30T04:00:00+01:00;46;36.6;46.4;46.9;54.4;58.67;54.69;60.63;63.86;53.71;46.17;52.46;58.19;55.81;57.29;56.41;50.68;50.44;55.92;54.43;56.99;50.93;47.52;47.35;54.51;48.81;51.44;47.16;40.45;46.16;39.19;46.65;44;49.03;54.54;53.15;50.91;44.9;55.11;53.51;62.85;55.76;47.8;50.4;44.8
O3;uur;µg/m³;2023-10-30T04:00:00+01:00;2023-10-30T05:00:00+01:00;49.6;40.2;49.9;45.7;58.8;57.18;55.95;60.04;62.34;54.21;42.88;51.08;56.55;53.48;56.02;49.26;53.24;55.64;53.9;51.85;56.21;50.33;52.6;47.59;43.58;41.04;52.19;42.79;43.15;46.85;37.35;49.45;43.36;47.15;54.25;51.26;50.99;47.38;49.57;54.27;52.28;52.15;52.5;51.6;45.9
O3;uur;µg/m³;2023-10-30T05:00:00+01:00;2023-10-30T06:00:00+01:00;45.7;38;44.5;44.1;47.1;54.06;55.29;57.65;59.71;52.55;41.72;49.74;51.38;51.86;47.9;47.1;49.94;51.3;51.95;45.91;54.38;43.92;47.98;37.51;44.99;41.45;52.25;37.53;38.71;41.42;29.93;46.27;44.63;42.94;51.29;48.1;49.33;48.49;52.02;52.67;49.13;54.45;51.6;53.4;48.7
O3;uur;µg/m³;2023-10-30T06:00:00+01:00;2023-10-30T07:00:00+01:00;42.6;28.5;33.2;36.2;46.7;46.44;47.64;47.43;55.16;48.2;42.14;44.45;45.08;46.19;43.22;46.53;41.66;44.28;47.04;41.55;48.88;35.47;35.58;27.73;44.13;37.77;47.14;34.4;34.8;34.12;21.6;42.57;39.97;41.64;46.92;45.22;46.41;43.79;53.76;51.42;50.09;53.28;46.8;49.3;46.9
O3;uur;µg/m³;2023-10-30T07:00:00+01:00;2023-10-30T08:00:00+01:00;34.6;16.4;29;27.8;42.2;43.75;43.02;43.94;53.36;40.98;42.79;35.12;36.86;39.14;42.31;47.32;36.55;37.61;42.19;32.58;42.13;32.15;25.33;26.14;41;30.76;40.12;32.84;24.3;21.97;21.17;32.68;29.52;37.93;41.87;39.95;43.69;40.52;52.02;51.36;46.55;48.36;36.1;36.4;37.2
O3;uur;µg/m³;2023-10-30T08:00:00+01:00;2023-10-30T09:00:00+01:00;32.6;18.4;23.4;26.1;30.7;40.51;40.17;45.27;49.24;40.12;37;31.36;34.32;34.17;39.46;46.13;25.04;31.77;36.98;32.1;38.26;27.11;27.51;19.13;38.41;25.7;40.21;29.93;19.91;25.73;18.38;32.72;28.37;35.48;39.41;35.1;44.64;37.98;48.66;51.29;46.66;47.61;32;27.9;28.5
O3;uur;µg/m³;2023-10-30T09:00:00+01:00;2023-10-30T10:00:00+01:00;32.9;19.8;26.4;29.6;36;39.95;40.02;38.04;48.16;40.77;36.44;31.61;38.99;39.9;40.61;42.11;32.3;35.13;36.61;34.15;33.25;32.21;26.68;24.51;37.91;25.42;44.86;33.03;27.74;31.29;26.09;36.45;29.77;38.57;46.32;35.59;46.85;46.05;48.21;52.64;48.78;51.81;34.7;28.5;28.1
O3;uur;µg/m³;2023-10-30T10:00:00+01:00;2023-10-30T11:00:00+01:00;35.3;21.1;30.7;34.5;33.9;29.69;40.88;36.77;50.51;43.51;38.15;37.44;40.59;43.93;40.52;39.5;37.13;27.52;31.21;38.27;39.9;34.32;31.53;24.46;39.8;28.11;45.36;33.81;26.6;30.05;24.66;34.89;31.03;39.13;41.33;39.41;46.7;47.64;47.36;53.32;51.05;54.86;37.3;32.1;29.3
O3;uur;µg/m³;2023-10-30T11:00:00+01:00;2023-10-30T12:00:00+01:00;34.6;17.5;31.8;32;34.5;32.95;41.76;46.83;40.99;44.59;28.23;38.72;40.5;47.69;39.25;34.12;39.47;24.76;34.45;38.37;45.55;35.05;33.75;24.26;40.39;32.65;42.89;34.97;28.47;31.06;26.32;37.38;35.57;40.65;42.41;41.06;46.92;44.71;48.19;53.4;52;56.9;39.3;35.3;30.8
O3;uur;µg/m³;2023-10-30T12:00:00+01:00;2023-10-30T13:00:00+01:00;34.5;;33.3;28;34.3;32.06;44.58;38.45;34.09;44.46;28.21;47.78;39.65;46.72;37.01;38.71;39.12;32.21;35.68;41.68;47.1;33.12;34.3;26.98;43.49;34.97;47.21;32.57;28.57;29.97;26.42;36.98;38.08;42.79;41.91;43.23;44.36;44.83;49.24;54.22;55.75;55.43;39.3;33.4;33
O3;uur;µg/m³;2023-10-30T13:00:00+01:00;2023-10-30T14:00:00+01:00;36.1;;34.8;;30.4;35.99;44.31;36.04;34.06;55.01;23.07;47.92;34.93;56.89;37.41;41.09;36.08;33.59;34.32;40.82;45.09;33.03;33.78;23.93;38.62;31.58;45.32;29.43;29.22;33.89;25.75;40.98;40.44;41.82;43.43;42.15;45.67;47.42;46.38;55.66;54.94;55.11;38.6;30.5;30.8
O3;uur;µg/m³;2023-10-30T14:00:00+01:00;2023-10-30T15:00:00+01:00;36.2;;28.7;;32.1;37.4;48.43;30.44;36.05;46.22;28.87;46.76;29.44;55.39;;41.29;34.5;30.34;35.78;42.1;44.27;34.51;34.23;19.52;38.26;29.71;41.57;36.25;30.22;28.68;26.94;42.99;44.88;42.54;39.68;41.97;45.48;44.93;43.94;52.19;50.4;51.26;36.2;30.2;31.6
O3;uur;µg/m³;2023-10-30T15:00:00+01:00;2023-10-30T16:00:00+01:00;23.9;;20.7;;26.1;27.51;40.01;16.9;42.81;52.54;37.89;38.24;42.1;44.98;;38.89;24.2;29.42;30.7;41.07;33.83;36.92;26.26;14.78;30.5;23.84;42.71;39.89;16.64;20.91;30.95;38.2;34.58;32.8;36.66;43.4;42.57;35.62;40.43;48.46;44.53;45.76;32.5;27;28.9
O3;uur;µg/m³;2023-10-30T16:00:00+01:00;2023-10-30T17:00:00+01:00;20.6;13.3;4.9;;32.6;21.49;34.22;22.19;51.77;34.58;49.45;29.63;49;32.13;;36.4;29.73;25.15;22.87;27.47;24.24;22.11;12.09;9.52;25.65;13.77;42.84;29.37;12.96;12.35;20.75;21.63;25.43;33.98;22.79;29.91;29.94;33.37;35.2;39.02;37.17;42.08;28.4;28.5;31.5
O3;uur;µg/m³;2023-10-30T17:00:00+01:00;2023-10-30T18:00:00+01:00;5.4;5.4;1.3;;13.2;20.17;24.51;28.16;38.53;28.76;49.21;22.2;43.42;18.26;;39.6;17.76;10.79;21.05;21.83;15.8;1.52;0.37;0.53;24.05;7.66;45.61;25.47;12.23;8.89;18.36;16.1;32.44;35.59;34.86;37;44.11;19.95;30.64;36.72;35.83;29.61;23.9;26.6;25.7
O3;uur;µg/m³;2023-10-30T18:00:00+01:00;2023-10-30T19:00:00+01:00;1.7;20.4;9.3;;6.8;30.76;19.41;36.87;23.68;26.92;59.29;16.35;36.55;20;40.01;46.84;6.74;34.65;21.61;40.68;12.18;6.21;15.83;0.86;25.96;5.71;58.86;22.89;27.89;18.01;10.91;25.36;60.41;38.21;35.76;31.49;32.34;15.23;28.05;34;27.63;30.41;14.8;24.8;25.2
O3;uur;µg/m³;2023-10-30T19:00:00+01:00;2023-10-30T20:00:00+01:00;20.9;40.6;40.4;26.4;6.9;33.9;22.93;34.53;31.68;20.72;52.08;9.99;34.15;21.45;41.93;59.84;13.52;44.54;52.73;62.66;11.31;51.61;32.31;7.06;46.09;4.04;66.19;29.52;54.3;53.14;13.86;58.83;65.86;40.32;33.71;24.71;42.73;27;32.97;26.32;21.84;29.86;4.9;32.8;32.5
O3;uur;µg/m³;2023-10-30T20:00:00+01:00;2023-10-30T21:00:00+01:00;41.5;42.2;45;32.1;5.4;30.67;30.6;33.28;35.3;19.01;52;16.84;23.47;23.71;65.29;60.91;35.84;59.14;49.44;61.31;7.83;36.87;46.21;40.88;50.77;6.13;61.86;46.83;57.69;62.76;43.86;63.47;58.19;30.18;34.18;25.68;41.37;53.9;34.33;25.71;20.09;19.79;50;53.5;54.7
O3;uur;µg/m³;2023-10-30T21:00:00+01:00;2023-10-30T22:00:00+01:00;37.9;42.4;49;28.6;29.7;38.96;32.02;37.18;34.98;21.35;65.13;20.6;60.98;26.19;75.96;63.14;50.4;62.76;54.31;60.07;27.42;51.12;49.43;53.42;46.34;27.81;70.71;56.99;63.44;67.66;53.83;68.24;64.42;19.84;27.85;27.56;36.32;52.69;44.16;29.04;31.59;29.25;72.7;62.5;52.8
O3;uur;µg/m³;2023-10-30T22:00:00+01:00;2023-10-30T23:00:00+01:00;3.9;43.9;52.1;29.1;37.3;36.64;39.13;46.1;49.47;38.76;62.48;22.43;64.55;25.96;77.22;56.97;39.06;66.01;34.39;63.13;29.11;40.24;32.01;22.59;41.62;33.2;71.09;62.27;60.94;66.23;57.41;67.09;61.77;21.62;20.75;35.71;32.26;54.49;58.49;35.76;57.71;60.15;72.5;60.9;50.9
O3;uur;µg/m³;2023-10-30T23:00:00+01:00;2023-10-31T00:00:00+01:00;44;33.2;25.2;35.1;31.3;42.8;42.84;55.92;57.78;62.81;66.73;48.17;59.94;62.57;64.12;44.53;58.86;39.33;65.86;53.71;34.41;34.36;31.65;40.17;58.77;37.31;72.57;62.43;59.31;64.37;64.32;64.97;57.49;17.45;32.11;37.17;24.68;53.25;58.43;29.16;59.57;61.73;69.9;53.5;50.9
O3;uur;µg/m³;2023-10-31T00:00:00+01:00;2023-10-31T01:00:00+01:00;55.1;25.2;17.8;51.4;52.5;57.14;68.08;65.27;66.27;62.16;54.21;58.29;72.94;61.41;54.36;35.67;38.56;24.75;70.55;57.67;58;31.73;39.04;38.72;64.3;33.1;73.13;54.22;60.62;65.74;53.79;66.17;57.91;20.29;73.41;50.88;22.18;59.58;61.98;31.41;45.21;63.71;36.7;42.3;49.3
O3;uur;µg/m³;2023-10-31T01:00:00+01:00;2023-10-31T02:00:00+01:00;54.2;49;37;32.6;60.2;61.18;63.91;64.86;70.02;64.75;34.08;61.26;63.97;63.16;60.15;38.86;64.02;46.98;58.77;61.91;69.5;55.3;20.84;59.36;67.62;49.35;72.19;55.21;48.45;57.64;48.28;54.24;46.94;32.56;72.15;68.22;37.83;71.42;74.52;27.63;64.46;69.49;43.8;45.1;37.4
O3;uur;µg/m³;2023-10-31T02:00:00+01:00;2023-10-31T03:00:00+01:00;64.7;41.9;38.7;44.2;65.2;;;;;;;;;;;;;;;;;;;;;;;;;;;;;;;;;;;;;;53.9;58.6;48.6
O3;uur;µg/m³;2023-10-31T03:00:00+01:00;2023-10-31T04:00:00+01:00;63.6;56.7;59;41.2;60.9;50.2;50.71;54.74;61.68;37.29;38.3;43.86;38.64;45.26;60.97;43.4;78.38;42.91;71.68;67.83;81.76;73.23;64.41;76.37;66.92;64.82;56.13;54.21;49.29;53.52;52.69;52.32;50.01;61.66;55.83;53.15;67.82;63.34;69.39;73;66.6;71.77;68.7;69.8;58.9
O3;uur;µg/m³;2023-10-31T04:00:00+01:00;2023-10-31T05:00:00+01:00;63.2;48.2;48.5;54.1;60;49.49;45.79;55.34;60.01;31.7;40.24;40.94;39.19;44.77;69.42;49.97;71.34;40.97;66.92;65.88;84.08;59.25;57.73;57.68;75.82;66.26;61.31;67.15;56.84;56.76;64.03;62.36;46.56;52.85;58.21;50.13;60.59;64.21;69.08;72.83;62.19;62.01;73.9;73.5;63.9
O3;uur;µg/m³;2023-10-31T05:00:00+01:00;2023-10-31T06:00:00+01:00;60.5;36;22.3;57.7;56.5;49.14;46.35;57.58;61.39;34.42;40.37;41.89;36.96;48.84;60.62;52.74;43.43;42.56;66.94;62.23;82.07;32.21;5.2;23.02;72.49;68.15;69.4;63.79;58.05;57.54;60.78;61.74;47.26;47.58;63.14;53.55;54.68;63.87;72.57;66.91;67.57;62.53;70.9;74.5;63.5
O3;uur;µg/m³;2023-10-31T06:00:00+01:00;2023-10-31T07:00:00+01:00;55.4;44.4;21.4;49.1;53.8;49.81;47.96;58.56;61.88;35.84;41.52;39.55;43.9;44.72;48.38;45.52;37.34;42.39;60.08;52.08;75.45;28.08;9.11;20.05;57.6;59.46;68.73;45.01;40.12;41.81;45.22;45.81;48.41;55.35;60.97;53.66;58.19;67.18;68.22;70.04;69.95;66.4;64.5;64.6;55.7
O3;uur;µg/m³;2023-10-31T07:00:00+01:00;2023-10-31T08:00:00+01:00;41.1;31.1;9.1;27.1;50.1;48.29;41.39;54.22;58.7;33.81;37.86;35.07;28.66;40.2;45.72;40.56;37.03;27.63;46.53;44.65;72.19;24.82;5.94;14.35;45.83;42.62;66.76;32.4;38.72;41.44;36.32;48.98;53.28;51.49;57;38.82;64.04;64.19;56.81;72.49;62.47;62.24;42.4;50.2;38.2
O3;uur;µg/m³;2023-10-31T08:00:00+01:00;2023-10-31T09:00:00+01:00;27.9;18.9;5.1;27.3;27.3;45.56;37.51;49.06;56.36;35.47;28.33;32.68;23.46;38.33;39.79;43.63;19.25;19.24;37.9;35.87;69.65;20.68;7.98;13.3;36.94;32.3;56.52;28.89;34.5;37.57;27.99;44.16;40.53;47.02;52.92;32.15;61.21;54.8;47.49;67.05;49.46;52.63;21.5;29;18.9
O3;uur;µg/m³;2023-10-31T09:00:00+01:00;2023-10-31T10:00:00+01:00;29.2;9.5;11.7;19.7;45.9;48.44;40.89;53.83;54.59;37.39;31.56;38.48;27.41;42.77;35.45;41.68;17.34;11.97;42.57;36.03;64.54;22.61;13.35;12.79;42.55;31.26;50.07;30.08;31.86;34.82;30.87;38.57;33.43;44.69;48.92;37.84;52.74;50.28;53.05;58.53;49.33;42.75;30.9;28.7;30
O3;uur;µg/m³;2023-10-31T10:00:00+01:00;2023-10-31T11:00:00+01:00;34.3;9.3;8.7;28.9;48.1;50.2;47.17;53.94;57.01;43.77;41.51;43.3;29.44;46.21;39.06;38.97;31.45;12.22;41.7;39.08;66.5;26.66;14.69;16.82;50.71;46.12;46.05;33.98;34.75;36.1;35.38;38.81;36.34;40.78;46.38;38.45;48.11;47.6;51.43;49.12;51.41;48.06;38.4;34.6;27.3
O3;uur;µg/m³;2023-10-31T11:00:00+01:00;2023-10-31T12:00:00+01:00;32.2;18.1;16.9;33.2;40;53.19;51.48;55.52;59.82;47.69;38.17;44.88;36.62;46.36;41.48;40.07;51.6;25.73;43.6;41.11;68.51;26.08;23.32;25.46;54.52;52.91;48.65;39.96;31.78;36.16;39.3;37.55;40.76;43.45;48.8;36.34;48.08;51.99;50.87;44.99;52.6;52.19;36;30.4;37.3
O3;uur;µg/m³;2023-10-31T12:00:00+01:00;2023-10-31T13:00:00+01:00;37.3;27.9;26.5;35.5;36.9;54.38;52.8;55.81;60.33;49.3;29.33;45.12;38.12;50.06;38.49;40.92;46.93;35.29;44.75;38.52;63.77;37.98;33.88;30.3;54.83;46.59;49.05;36.92;32.32;36.35;39.83;39.52;40.11;38.94;49.99;40;47.09;54.5;51.46;49.25;55.22;54.73;48.4;34.2;37.7
O3;uur;µg/m³;2023-10-31T13:00:00+01:00;2023-10-31T14:00:00+01:00;34.4;29;27.4;29.4;39.8;56.56;54.69;59.8;63.92;55.21;37.76;50.68;40.87;55.36;37.63;37.74;39.92;36.86;37.32;38.58;59.12;40.09;29.43;24.61;55.51;41.33;55.01;39.43;33.68;37.35;32.95;40.72;44.08;40.06;43.94;43.8;45.65;51.97;52.35;50.83;54.56;55.09;46.3;31.7;26.1
O3;uur;µg/m³;2023-10-31T14:00:00+01:00;2023-10-31T15:00:00+01:00;26.1;17.8;19.5;28;29.3;59.36;59.5;56.29;61.71;49.62;28.7;49.44;40.33;56.02;34.8;38.32;36.14;24.39;44.3;35.78;53.72;31.24;20.96;23.59;51.4;37.5;42.9;41.64;33.66;34.49;37.22;37.96;38.98;44.88;45.78;50.42;44.34;48.34;53.29;50.73;57.36;54.56;36.2;27.2;30.9
O3;uur;µg/m³;2023-10-31T15:00:00+01:00;2023-10-31T16:00:00+01:00;27.1;20.1;21.4;27.6;34.4;50.93;58.5;50.33;54.52;45.06;28.24;44.96;34.81;44.34;38.82;43.17;28.9;26.37;38.57;32.72;53.66;30.28;16.94;17.76;48.51;45.24;39.95;31.73;30.47;32.92;31.69;38.34;34.1;53.7;51.51;47.67;45.99;47.32;44.2;50.07;56.79;52.88;50.9;38;40.2
O3;uur;µg/m³;2023-10-31T16:00:00+01:00;2023-10-31T17:00:00+01:00;26.2;14.2;21.7;18;28.7;41.13;47.09;38.37;42.79;34.2;31.67;30.71;25.28;34.43;38.74;36.11;25.25;17.42;34.6;26.78;30.82;22.35;16.46;14.41;48.09;26.77;49.02;33.92;25.27;23.75;29.09;33.23;31.06;37.11;48.22;43.91;46.62;42.34;31.77;44.93;52.96;48.65;47.2;32.3;41.1
O3;uur;µg/m³;2023-10-31T17:00:00+01:00;2023-10-31T18:00:00+01:00;18;6.6;13.6;21.1;31.7;32.33;38.11;35.79;37.35;31.68;17.67;24.86;17.81;28.89;33.8;35.67;13.07;14.26;26.72;14.89;27.89;13.61;11.2;7.08;50.72;15.39;64.37;28.49;16.6;14.54;21.2;24.85;22.22;29.64;41.18;35.42;45.58;41.14;28.64;37.17;48.31;39.13;31;18.5;33.6
O3;uur;µg/m³;2023-10-31T18:00:00+01:00;2023-10-31T19:00:00+01:00;7.8;5.9;3.7;12.6;26.5;29.29;34.47;37.32;36;25.31;15.42;26.12;15.18;28.37;28.07;44.8;9.87;14.54;17.95;13.16;23.14;5.04;14.12;6.07;49.7;13.36;62.08;21.43;10.5;8.05;12.3;17.46;15.28;20.09;31.88;27.56;46.55;57.16;52.04;32.92;39.96;27.38;19;15.1;17.3
O3;uur;µg/m³;2023-10-31T19:00:00+01:00;2023-10-31T20:00:00+01:00;8.8;8.8;4.4;10.8;17.7;35.35;33.55;43.33;45.9;30.42;33.92;25.09;23.42;27.61;55.92;49.73;8.48;14.93;22.07;16.59;13.54;3.99;14.25;2.01;38.55;7.36;53.48;15.92;4.98;6.75;8.93;10.03;12.3;32.13;25.73;24.14;39.39;49.93;52.9;27.12;42.59;21.74;15.6;17.9;17
O3;uur;µg/m³;2023-10-31T20:00:00+01:00;2023-10-31T21:00:00+01:00;23.3;17.9;17.4;30.9;37.7;39;34.64;43.46;47.83;33.52;40.35;30.41;28.63;34.12;50.74;44.1;14.02;22.28;40.39;21.63;17;33.11;27.62;11.68;35.03;4.96;43.73;13.95;7.56;12.39;12.93;13.36;16.55;24.2;21.21;23.27;28.38;52.18;51.28;38.31;39.07;23.36;7.2;13.8;16.4
O3;uur;µg/m³;2023-10-31T21:00:00+01:00;2023-10-31T22:00:00+01:00;42.4;20.5;23.7;42.9;43.9;38.86;36.97;43.53;47.29;34.85;37.62;31.06;32.16;35.42;46.93;47.93;48.97;30.1;46.29;32.04;47.95;40.23;36.51;38.02;39.4;18.81;32.46;40.15;34.01;28.94;35.82;39.18;18.59;19.61;24.97;24.84;24.04;44.75;49.36;45.45;24.04;31.65;16.5;16.1;18.8
O3;uur;µg/m³;2023-10-31T22:00:00+01:00;2023-10-31T23:00:00+01:00;40.9;27.3;30.5;36.7;41;37.86;37.17;43.45;46.26;34.39;33.64;31.78;34.31;36.09;56.22;45.29;45.26;26.82;44.87;33.64;53.39;45.84;37.49;32.24;36.8;45.54;27.79;56.09;41.83;41.97;44.63;;23.46;22.37;32.18;30.58;22.69;33.16;48.93;35.09;23.71;27.8;53.6;44.4;49.1
O3;uur;µg/m³;2023-10-31T23:00:00+01:00;2023-11-01T00:00:00+01:00;48;30.2;34.5;44;48.4;36.74;36.31;44.2;47.27;34.15;40.8;32.08;32.06;34.41;51.56;36.94;50.37;27.8;50.2;36.44;50.68;49.56;44.28;45.98;27.7;44.76;37.64;51.55;37.12;26.24;48.19;;34.62;23.94;37.48;29.8;26.05;30.12;40.52;35.27;26.09;24.28;61.1;52.4;50.7
O3;uur;µg/m³;2023-11-01T00:00:00+01:00;2023-11-01T01:00:00+01:00;49.2;38.4;39.2;43.7;52.4;39.09;36.06;45.61;50.42;32.52;24.3;31.53;34.53;34.46;36.45;38.62;56.03;40.33;43.74;40.6;53.87;55.58;43.77;51.4;31.28;48.68;54.79;;24.25;23.11;36.3;;38.39;24.66;31.06;32.02;32.35;21.14;34.29;29.73;38.97;23.18;56;51.6;46.6
O3;uur;µg/m³;2023-11-01T01:00:00+01:00;2023-11-01T02:00:00+01:00;29.3;23.1;31.4;28;38.1;41.34;36.28;48.75;52.89;33.07;26.9;32.79;37.67;35.49;37.14;49;44.5;36.52;36.11;33.71;48.78;38.77;30.8;40.48;45.22;38.82;52.5;;28.71;30.11;35.6;;32.38;27.77;30.74;29.73;40.56;30.37;38.97;26.22;37.61;34.18;46;40.6;36.2
O3;uur;µg/m³;2023-11-01T02:00:00+01:00;2023-11-01T03:00:00+01:00;29.5;22.4;27.5;27.6;42.4;45.37;38.16;52.02;55.81;35.71;33.97;34.19;41.6;34.78;44.39;44.69;37.19;36.29;39.16;31.66;45.41;25.87;28.52;32.34;54.11;41.64;34.53;;24.33;26.64;29.81;;29.15;26.28;33.23;29.42;32.87;40.27;48.25;28.39;34.81;32.35;42.9;40.8;36.5
O3;uur;µg/m³;2023-11-01T03:00:00+01:00;2023-11-01T04:00:00+01:00;34.3;32.3;21.3;31;31.3;49.63;42.02;53.02;55.33;40.24;31.39;40.59;41.84;44.57;43.38;46.05;31.58;36.85;35.54;38.68;37.51;34.84;30.68;30.23;46.08;28.59;33.33;;26.13;31.7;27.21;;33.38;28.44;33.68;32.4;29.87;32.81;52.03;31.67;32.47;29.47;36.3;39.2;32
O3;uur;µg/m³;2023-11-01T04:00:00+01:00;2023-11-01T05:00:00+01:00;31.5;33.9;26.1;31.2;33.8;48.38;47.03;52.24;54.13;44.4;40.66;44.46;42.89;46.99;43.83;50.11;35.36;41.12;38.73;39.16;36.91;33.32;29.19;33.45;36.09;30.38;35.99;;27.74;35.45;31.38;;34.7;32.77;34.99;38.01;30.74;29.91;38.82;34.93;32.03;27.78;33.3;34;28
O3;uur;µg/m³;2023-11-01T05:00:00+01:00;2023-11-01T06:00:00+01:00;34;24.7;24.9;33.4;39;46.71;46.46;50.7;53.61;47.56;47.85;44.59;44.01;48.07;49.54;52.32;28.14;33.39;38.49;36.72;39.3;27.89;29.97;21.34;30.93;28.06;40.19;;30.13;32.63;30.75;;34.19;34.07;37.45;42.07;35.69;28.32;33.03;31.44;34.24;30.28;39.9;38.3;32.5
O3;uur;µg/m³;2023-11-01T06:00:00+01:00;2023-11-01T07:00:00+01:00;44.8;30.8;32.3;40.5;46.1;46.03;49.01;51.36;54.6;50.91;42.49;43.11;47.69;47.76;50.32;53.07;41.26;31.71;47.39;41.44;35.48;41.43;35.53;27.71;32.81;26.47;37.6;;25.97;25.82;20.4;;37.22;34.25;40.43;39.07;38.08;29.77;39.7;33.1;33.4;30.8;39;37;34.5
O3;uur;µg/m³;2023-11-01T07:00:00+01:00;2023-11-01T08:00:00+01:00;40.4;24.4;34.2;38.2;47.6;44.28;46.13;51.35;54.6;48.58;42.32;40.8;45.58;43.96;49.69;53.12;38.22;40.19;49.5;43.47;41.46;40.38;32.47;27.9;32.74;26.1;34.95;;24.62;22.05;26.66;;40.68;37.16;39.83;41.32;38.52;31.94;38.2;34.24;32.94;28.06;33.6;31;29.9
O3;uur;µg/m³;2023-11-01T08:00:00+01:00;2023-11-01T09:00:00+01:00;37.8;23.2;33.5;35.4;42.1;46.19;43.91;52.15;55.03;48.53;44.08;39.03;46.59;44.13;45.57;53.44;41.35;43.48;47.03;42.66;45.4;35.55;34.51;30.18;29.53;31.69;35.99;;24.43;27.67;32.69;;40.34;39.95;44.3;39.09;37.56;30.65;34.69;35.37;34.21;31.74;37.7;30.4;32.5
O3;uur;µg/m³;2023-11-01T09:00:00+01:00;2023-11-01T10:00:00+01:00;43.5;28.8;34.3;34.2;36.8;49.97;46.63;56.66;57.51;50.99;46.11;42.89;48;46.05;48.72;53.45;37.38;44.08;48.19;45.06;43.79;42.02;36.36;29.34;34.1;32.23;44.4;;30.09;34.26;29.29;;42.8;41.41;46.34;39.14;42.2;35.28;38.83;32.53;40.18;37.98;44.5;37.6;36.9
O3;uur;µg/m³;2023-11-01T10:00:00+01:00;2023-11-01T11:00:00+01:00;45.3;33.3;34.4;36.5;43.1;52.87;48.54;56.69;59;52.36;42.75;44.91;48.46;49.82;50.21;51.34;41;42.93;49.45;50.68;48.21;45.59;40.08;34.56;38.61;36.98;47.76;;34.46;38.11;37.05;;44.12;43.53;48.69;43.38;44.08;44.09;43.36;40.9;36.82;33.34;44.1;39.4;39.2
O3;uur;µg/m³;2023-11-01T11:00:00+01:00;2023-11-01T12:00:00+01:00;42.6;33.5;32.7;39.5;44.1;54.18;51.52;55.87;59.86;52.47;46.54;45.74;51.89;52.51;47.67;52.42;43.2;44.4;49.28;50.49;50.31;44.54;38.19;34.78;43;39.07;49.44;;37.38;42.45;40.54;;45.73;45.86;49.64;45.78;48.32;46.67;47.73;48.82;42.23;40.03;49.8;45.6;45.6
O3;uur;µg/m³;2023-11-01T12:00:00+01:00;2023-11-01T13:00:00+01:00;44.1;31.2;36.4;39.5;44.9;53.78;53.89;56.18;60.45;54.53;50.43;49.58;53.85;56.05;50.25;51.78;43.28;45.06;50.99;51.69;50.52;44.85;43.58;36.14;45.15;42.29;52.66;;36.52;42.89;41.39;;45.72;49.25;52.25;48.08;48.82;46.82;49.64;51.14;47.31;47.04;49.7;45.9;46.2
O3;uur;µg/m³;2023-11-01T13:00:00+01:00;2023-11-01T14:00:00+01:00;43.5;26.6;41.2;39.4;47.7;53.06;54.92;55.25;60.91;54.94;49.43;48.59;52.18;54.67;50.33;51.76;47.34;47.34;50.21;52.11;52.26;47.07;43.06;38.14;46.16;40.65;51.75;;36.28;42.86;43.74;45.49;48.22;51.9;53.62;51.31;51.46;48.49;51.21;52.23;49.07;48.68;48.5;44.6;43.7
O3;uur;µg/m³;2023-11-01T14:00:00+01:00;2023-11-01T15:00:00+01:00;45.3;27.2;40.7;38.9;45.9;52.12;52.7;51.47;58.54;54.59;46.99;48.96;48.31;53.86;46.69;47.42;47.54;46;47.78;48.32;52.07;46.58;40.28;36.97;48.36;41.1;53.8;;39.88;45.8;45.1;50.41;46.72;50.08;53.66;48.66;55.09;47.69;53.17;54.97;48.44;48.75;50;44.3;45.3
O3;uur;µg/m³;2023-11-01T15:00:00+01:00;2023-11-01T16:00:00+01:00;43.7;30.9;37.7;37.4;38.9;49.66;51.38;53.44;56.64;51.25;42.04;47.29;45.13;49.82;46.26;48.8;43.01;42.76;47.6;47.41;51.95;43.56;39.13;35;48.24;37.94;53.14;;38.75;40.86;42.68;48.65;44.07;47.99;51.24;48.68;51.65;47.57;53.58;52.17;48.33;48.3;51;43.7;44.1
O3;uur;µg/m³;2023-11-01T16:00:00+01:00;2023-11-01T17:00:00+01:00;41.8;31.7;38.4;38.2;43.9;49.98;52.02;49.29;53.65;48.51;48.25;45.68;45.16;49.55;48.29;54.95;44.37;43.5;46.19;45.4;47.14;42.42;35.31;36.48;45.86;37.3;49.17;;37.28;40.62;32.22;44.85;41.63;41.79;52.28;47.9;48.61;46.13;52.18;50.64;46.63;48.17;47.5;41.1;40.6
O3;uur;µg/m³;2023-11-01T17:00:00+01:00;2023-11-01T18:00:00+01:00;40.5;27.8;40.1;36.5;47.5;47.78;50.36;52.08;56.54;49.76;48.27;46.21;50.97;49.12;52.26;58.66;43.42;45.8;51.21;50.89;51.4;42.19;40.43;35.83;41.11;40.51;49.06;;36.99;40.01;36.06;43.7;44.17;40.93;49.82;51.31;47.78;47.17;49.9;48.82;49.16;47.04;48.1;45.4;44.3
O3;uur;µg/m³;2023-11-01T18:00:00+01:00;2023-11-01T19:00:00+01:00;46.8;31;42.4;44.1;56.5;54.53;50.38;58.02;60.26;50.75;45.78;42.12;52.41;45.97;59.01;63.8;48.57;47.74;52.93;53.13;52.76;46.46;42.07;40.86;40.95;40.88;52.65;45.14;40.5;42;34.33;47.73;47.19;37.47;52.11;47.81;44.86;46.54;50.36;51.16;50.87;47.05;47.5;47.4;44.8
O3;uur;µg/m³;2023-11-01T19:00:00+01:00;2023-11-01T20:00:00+01:00;47.5;34;47;47.2;63.1;55.97;51.94;59.21;61.45;50.88;46.62;41.77;52.39;43.73;63.98;60.72;54.48;48.44;54.14;51.57;57.92;52.8;48.6;49.26;47.82;42.97;52.64;46.02;40.57;42.01;39.53;46.57;47.52;41.64;50.41;45.78;45.58;49.66;52.51;50.6;50.7;47.99;50.7;48.9;48.2
O3;uur;µg/m³;2023-11-01T20:00:00+01:00;2023-11-01T21:00:00+01:00;51.3;42;52;50.6;66.8;57.2;54.12;59.89;62.18;51.07;50.73;46.03;51.19;47.92;58.86;63.12;57.75;52.96;57.79;52.1;61.73;58.55;50.02;51.73;50.44;48.93;52.07;46.63;38.93;41.75;39.42;45.16;46.38;46.69;51.79;46.74;51.36;52.91;54.59;52.12;50.42;49.97;49.5;51.1;49.7
O3;uur;µg/m³;2023-11-01T21:00:00+01:00;2023-11-01T22:00:00+01:00;51;41.8;51.4;47;60.1;57.2;54.36;59.38;61.69;51.19;49.32;47.02;53.94;49.26;57.53;58.18;54.6;56.76;61.38;53.9;61.68;48.94;48.76;49.17;49.85;50.88;51.3;47.25;38.35;43.18;39.68;45.84;48.11;48.1;49.76;46.7;51;52.09;52.26;56.33;55.27;53.05;55.3;54.8;52.3
O3;uur;µg/m³;2023-11-01T22:00:00+01:00;2023-11-01T23:00:00+01:00;53.5;38.4;47.2;47.2;54.6;55.43;54.56;58.86;61.13;50.65;47.42;50.8;52.27;55.01;54.34;55.67;50.61;52.9;52.53;53.42;56.25;52.23;49.14;44.66;51.03;44.77;52.26;46.95;39.22;42.41;38.57;45.65;46.44;49.24;48.36;48.72;50.45;50.8;51.97;55.55;55.71;54.78;53.5;52.8;50.3
O3;uur;µg/m³;2023-11-01T23:00:00+01:00;2023-11-02T00:00:00+01:00;45.8;43.5;43.2;41.8;54.7;53.16;54.76;54.97;59.7;56.83;47.96;49.36;55.98;53.02;51.03;33.66;48.92;51.34;48.61;52.56;54.67;48.19;44.52;44.52;49.03;48.53;50.4;47.26;41.51;46.83;44.66;48.61;46.22;50.8;48.23;48.87;48.85;48.04;52.77;56.23;52.63;54.34;52.2;51.1;48.8
O3;uur;µg/m³;2023-11-02T00:00:00+01:00;2023-11-02T01:00:00+01:00;45.2;44.9;48.1;37.5;47.3;49.03;52.39;51.83;57.86;54.46;49.33;47.73;57.04;51.92;50.26;39.44;45.2;49.24;52.41;55.51;50.49;42.93;45.84;42.84;48.26;45.48;50.68;50.68;42.2;49.86;49.47;50.36;50.98;47.09;48.84;50.43;50.38;45.16;55.32;53.11;50.77;50.24;51.8;52.5;49.2
O3;uur;µg/m³;2023-11-02T01:00:00+01:00;2023-11-02T02:00:00+01:00;51.2;49;53.2;46;47.4;42.42;51.19;57.88;62.08;52.56;50.56;50.57;56.33;54.21;52.55;36.73;51.68;54.12;54.12;56.16;56.52;48.71;53.69;49.45;53.87;49;53.22;53.26;47.39;55.09;52.24;55.22;51.99;40.97;51.79;50.62;50.72;47.32;51.24;52.4;48.86;50.06;55.1;57.3;53.4
O3;uur;µg/m³;2023-11-02T02:00:00+01:00;2023-11-02T03:00:00+01:00;50.6;51.8;45.3;39.2;47.5;55.23;49.03;60.19;64.19;53.78;51.73;50.89;56.97;54.67;57.38;59.36;52.87;56.31;53.07;55.76;58.02;52.69;54;47.54;53.53;51.89;51.93;52.05;48.76;54.89;52.43;55.13;50.91;43.93;51.86;50.76;44.51;50.23;52.5;48.3;50.16;49.18;56.9;59.7;54.8
O3;uur;µg/m³;2023-11-02T03:00:00+01:00;2023-11-02T04:00:00+01:00;47.6;52.3;42.4;36.5;48.2;56.9;52.01;61.15;63.45;55.12;55.54;53.01;58.18;57.81;58.64;65.89;55.93;55.78;48.29;56.74;58.95;54.65;39.53;51.38;55.7;51.56;53.03;53.37;50.08;54.95;53.32;55.06;52.72;49.45;53.53;52.1;46.12;47.58;49.99;48.29;50.57;47.52;57.8;60.7;55.8
O3;uur;µg/m³;2023-11-02T04:00:00+01:00;2023-11-02T05:00:00+01:00;49.7;53.3;35.4;45;52.2;58.85;56.97;65.96;69.63;59.43;64.21;56.77;63.19;62.24;64.47;61.79;54.22;57.24;52.28;60.31;60.26;56.5;45.18;50.87;55.83;53.47;54.44;53.16;49.99;54.94;53.8;55.1;53.78;51.4;55.89;55.67;51.86;45.57;50.99;51.32;49.46;47.45;59.2;61.6;55.5
O3;uur;µg/m³;2023-11-02T05:00:00+01:00;2023-11-02T06:00:00+01:00;57;56.7;46.3;50.8;54.8;63.72;58.48;69.35;72.37;67.17;64.45;60.5;69.47;68.38;66.33;51.15;55.12;62.85;61.81;66.12;61.07;61.45;54.18;49.17;56.51;52.02;55.21;54.03;51.8;54.78;55;57.1;56.7;52.96;57.49;56.39;53.86;51.63;49.13;55.57;51.36;51.94;59.8;62.5;55.5
O3;uur;µg/m³;2023-11-02T06:00:00+01:00;2023-11-02T07:00:00+01:00;62.3;58.7;55.3;50.9;55.4;61.47;59.17;60.93;65.88;65.3;58.23;58.91;66.94;64.63;62.15;60.03;57.24;65.2;62.08;66.03;65.14;65.27;62.37;48.64;55.93;52.37;55.59;53.7;50.16;53.9;56.52;57.03;57.54;54.31;57.17;55.3;55.01;52.04;52.93;57.7;54.55;54.76;61.8;61.8;56.5
O3;uur;µg/m³;2023-11-02T07:00:00+01:00;2023-11-02T08:00:00+01:00;55;54;45.2;40.9;51.8;58.42;57.19;60.75;64.4;58.18;58.23;48;60.83;55.89;64.3;63.96;52.91;59.84;55.12;62.34;65.21;60.95;44.77;44.25;57.81;50.4;56.36;56.13;44.09;52.65;55.11;54.96;57.45;56.64;55.99;57.97;57.35;53.81;54.44;56.75;55.35;54.51;59.8;58.9;55.4
O3;uur;µg/m³;2023-11-02T08:00:00+01:00;2023-11-02T09:00:00+01:00;55.4;50.4;41.3;47.2;48.3;62.81;53.46;67.68;70.39;59.94;64.18;48.73;62.91;59.83;73.05;73.22;50.14;56.6;61.51;59.64;62.95;56.5;51.79;43.82;58.06;51.33;57.28;54.2;45.11;52.05;54.84;54.42;53.67;54.26;57.38;55.08;57.1;54.25;55.6;57.22;56.47;54.15;57.7;58.3;54.3
O3;uur;µg/m³;2023-11-02T09:00:00+01:00;2023-11-02T10:00:00+01:00;65.6;57.6;63.2;59.9;46.7;67.53;67.33;70.11;72.32;69.33;67.36;64.18;69.87;69.06;70.73;72.36;58.8;67.72;69.22;68.88;61.04;58.89;59.53;52.91;59.16;51.48;58.03;57.26;46.32;54.88;52.04;55.22;59.95;53.7;55.46;55.6;53.47;53.15;56.7;58.23;58.67;56.62;55.4;57.8;54.8
O3;uur;µg/m³;2023-11-02T10:00:00+01:00;2023-11-02T11:00:00+01:00;66.2;61.4;64.5;56.9;65.1;68.45;71.99;71.29;74.19;71.83;66.66;67.28;71.6;72.64;68.55;71.9;62.33;68.84;70.42;71.71;70.16;63.98;60.22;58.95;59.98;59.22;61.47;65.39;56.75;63.66;63.26;63.04;64.96;54.84;58.47;63.33;56.77;51.93;56.79;57.63;57.87;58.09;62.5;63.2;59.8
O3;uur;µg/m³;2023-11-02T11:00:00+01:00;2023-11-02T12:00:00+01:00;66.5;55;65.2;60.9;70.4;70.48;73.64;72.32;75.34;72.79;65.19;68.76;69.78;73.73;67.33;72.13;62.68;67.97;69.07;70.48;70.91;64.62;59.86;60.77;60.11;60.03;65.77;65.43;61.69;66.06;64.95;66.17;65.13;56.64;71.06;70.72;58.07;53.49;58.68;63.94;57.1;57.04;69.5;65.8;62.5
O3;uur;µg/m³;2023-11-02T12:00:00+01:00;2023-11-02T13:00:00+01:00;66.5;59.9;62.6;62.2;70.6;70.29;74.03;72.04;75.15;71.87;67.04;68.64;69.59;72.4;70.16;72.65;64.88;66.28;67.81;69.68;71.68;65.9;65.1;62.61;61.86;60.42;72.4;63.3;60.27;62.84;61.88;67.14;64.42;58.73;74.44;72.08;59.33;60.88;65.6;63.79;58.95;61.6;70.5;67.3;63.7
O3;uur;µg/m³;2023-11-02T13:00:00+01:00;2023-11-02T14:00:00+01:00;66.8;61.7;67.2;61.8;70.9;70.35;73.94;72.8;75.89;72.08;69.81;69.41;68.38;74.27;69.38;71.99;64.5;70.04;70.8;68.72;72.31;66.54;64.89;62.65;69.67;60.79;72.47;63.68;59.27;62.35;61.54;64.97;63.71;68.41;73.11;70.89;65.3;69.36;71.11;65.05;61.74;61.74;67.9;67.4;63.6
O3;uur;µg/m³;2023-11-02T14:00:00+01:00;2023-11-02T15:00:00+01:00;67.4;57.7;67.7;61.5;69.4;70.47;73.83;73.78;75.68;71.48;68.47;70.35;69.93;75.11;69.09;71.02;66.56;70.66;71.69;69.68;73.99;66.68;67.16;61.94;68.52;62.63;71.1;64.01;60.22;63.74;64.8;67.29;64.84;69.55;73.68;72.13;70.19;68.69;71.09;68.34;65.17;65.64;70.1;68.1;63.5
O3;uur;µg/m³;2023-11-02T15:00:00+01:00;2023-11-02T16:00:00+01:00;67.7;59.9;68.6;63.3;65.5;72.5;74.7;75.16;76.46;72.53;68.02;66.72;72.72;70.56;69.4;70.94;67.9;70.7;72.45;71.47;73.4;66.11;67.42;62.7;67.96;63.61;72.3;66.16;60.84;62.35;60.88;67.01;66.94;69.42;73.21;71.56;70.53;68.73;71.9;72.56;70.08;69.8;69.3;67.7;63.8
O3;uur;µg/m³;2023-11-02T16:00:00+01:00;2023-11-02T17:00:00+01:00;67.2;58;68.6;62.7;63.4;72.44;74.2;75.17;76.01;73.38;64.6;65.37;70.91;69.98;68.91;71.01;68.45;70.36;70.37;68.56;73.55;66.58;65.71;62.69;66.51;63.69;70.47;65.68;62.39;65.23;63.51;69.59;67.76;68.52;72.82;65.92;70.18;68.78;71.59;72.91;69.55;69.69;71.1;70.7;65.8
O3;uur;µg/m³;2023-11-02T17:00:00+01:00;2023-11-02T18:00:00+01:00;66.5;58;67.3;61.7;64.3;71.63;73.68;75;76.69;73.7;67.71;68.09;71.51;71.65;70.1;71.91;66.32;69.42;71.7;68.37;71.7;64.33;65.41;62.11;64.88;62.24;71.42;62.97;59.41;62.58;61.08;67.33;66.73;70.04;71.26;67.69;67.3;68.64;71.82;71.24;69.92;69.13;70.9;68.6;65.3
O3;uur;µg/m³;2023-11-02T18:00:00+01:00;2023-11-02T19:00:00+01:00;66.9;63.6;68.6;63.1;65.7;70.71;73.76;73.59;75.48;72.69;69.58;67.83;72.52;72.21;69.46;71.08;67.34;70.29;72.85;70.74;72.45;66.67;66.79;63.67;64;62.09;71.15;67.24;60.69;65.12;63.64;68.5;67.89;70.53;72.39;69;67.81;67.18;70.93;71.78;71.24;71.68;71.9;70.9;67.5
O3;uur;µg/m³;2023-11-02T19:00:00+01:00;2023-11-02T20:00:00+01:00;66.7;60.1;67.9;61.2;59.1;70.32;73.28;74.04;75.2;72.67;68.17;69.12;71.55;73.07;67.72;69.03;65.64;69.89;71.96;70.85;71.84;65.68;65.36;63.1;66.03;61.69;71.64;67.87;62.57;65.21;65.27;69.39;67.52;70.12;72.38;69.87;69.28;66.91;69.95;72.47;69.97;69.84;74.2;72.4;69.2
O3;uur;µg/m³;2023-11-02T20:00:00+01:00;2023-11-02T21:00:00+01:00;64.3;58.4;65.1;58.5;55.4;71.22;71.55;73.66;76.01;71.3;66.68;67.57;70.36;72.42;66.66;68.61;63.46;67.86;69.67;70.15;68.75;61.87;61.57;60.44;64.53;60;71.4;66.64;62.53;65.56;65.69;68.34;66.84;69.19;73.09;68.55;69.67;68.15;70.8;73.82;70.8;70.45;72.9;71.4;67.9
O3;uur;µg/m³;2023-11-02T21:00:00+01:00;2023-11-02T22:00:00+01:00;62.1;51.6;60.7;58.3;56;70.31;72.15;72.7;74.9;68.83;64.13;67.56;67.25;70.93;65.12;66.18;62.64;65.3;67.49;66.98;66.1;60.19;61.62;59.7;63.42;57.07;70.06;63.58;60.6;63.84;64.05;66.24;64.91;69.87;72.19;68.66;69.8;68.93;70.23;73.06;70.53;71.89;70.2;69.7;64.8
O3;uur;µg/m³;2023-11-02T22:00:00+01:00;2023-11-02T23:00:00+01:00;60.6;54.4;57.3;52.8;53.1;67.36;70.13;65.75;68.67;65.32;61.74;63.85;66.05;64.91;61.21;66.45;60.58;61.54;64.84;63.7;64.53;59.78;55.95;57.14;61.41;55.62;68.1;61.64;57.66;61.75;59.28;63.27;62.97;71.27;68.94;68.03;69.74;68.28;68.11;73.75;70.45;71.04;67.6;67;62.2
O3;uur;µg/m³;2023-11-02T23:00:00+01:00;2023-11-03T00:00:00+01:00;60.6;54;51.4;48.6;47.2;60.3;65.26;63.02;67.91;63.57;62.87;60.38;64.86;63.08;62.49;66.32;58.29;53.63;65;61.5;61.94;59.26;54.87;54.66;59.59;52.87;65.88;59.61;54.51;59.27;58.8;61.08;60.33;68.67;65.17;62.38;68.13;64.15;65.7;74.08;69.28;70.84;64.7;65;59.3
O3;uur;µg/m³;2023-11-03T00:00:00+01:00;2023-11-03T01:00:00+01:00;62.4;57.1;56.6;52.4;42;59.45;63.97;63.99;67.65;63.51;61.7;60.17;64.71;62.84;61.59;62.52;57.83;59.55;65.56;60.37;60.91;60.55;52.5;54.84;57.55;52.63;62.79;60.31;55.26;60.01;60.76;60.44;60.44;62.09;62.8;59.87;63.64;61.87;62.57;71.98;64.8;68.05;64.6;64.2;58.1
O3;uur;µg/m³;2023-11-03T01:00:00+01:00;2023-11-03T02:00:00+01:00;59;54.4;52.2;47.8;49.4;61.18;63.09;62.84;66.67;63.82;59.93;60.1;62.75;63.35;59.19;63.44;61.18;56.8;60.65;61.08;60.86;60.87;52.59;56.91;56.94;53.86;62.05;59.31;55.43;60.38;60.66;61.06;59.52;59.48;63.09;61.35;61.27;59.11;60.45;68.71;62.88;64.93;65.7;65.6;59.9
O3;uur;µg/m³;2023-11-03T02:00:00+01:00;2023-11-03T03:00:00+01:00;56.7;51.8;47.5;46.3;45.3;61.59;63.08;64.45;67.6;64.29;57.39;60.35;60.91;64.04;63.07;64.66;62.34;46.45;61.12;57.39;66.74;57.56;55.32;56.83;56.37;55.32;61.48;56.17;52.61;57.26;58.48;57.77;57.45;58.72;62.52;60.18;60.49;59.82;61.32;64.86;60.24;61.72;64.1;63.4;57.5
O3;uur;µg/m³;2023-11-03T03:00:00+01:00;2023-11-03T04:00:00+01:00;62.6;56.1;49.3;51.9;44.4;62.8;64.41;64.29;67.63;65.05;57.8;61.38;61.77;65.28;69.61;68.34;62;53.71;63.12;55.22;65.83;57.22;56.66;56.76;54.19;55.91;59.28;56.91;52.17;58.11;57.95;57.25;56.63;58.13;62.21;61.21;59.78;59.04;59.65;63.88;59.64;60.41;60.4;60.3;54.8
O3;uur;µg/m³;2023-11-03T04:00:00+01:00;2023-11-03T05:00:00+01:00;66.3;61.7;52.8;51;45.4;62.26;64.12;61.95;66.12;63.26;60.52;60.72;64.44;64.45;70.2;67.87;62.86;58.42;70.07;62.73;67.05;57.07;56.38;60.58;55.33;56.69;59.39;63.09;54.94;60.56;61.69;60.57;61.58;59.17;62.37;63.21;59.13;57.84;58.87;63.02;58.83;59.04;61.2;58.6;54.1
O3;uur;µg/m³;2023-11-03T05:00:00+01:00;2023-11-03T06:00:00+01:00;65.9;62.1;54.3;50.2;43.6;59.74;63.49;61.23;65.73;61.84;54.86;57.54;62.37;61.61;68.04;62.47;63.11;59.59;69.28;64.33;67.56;56.03;53.84;54.84;58.48;57.02;63.21;61.92;58.03;62.76;63.43;63.62;64.17;59.34;62.28;62.17;60.35;59.06;60.79;62.27;57.97;58.64;65.3;59.1;55.7
O3;uur;µg/m³;2023-11-03T06:00:00+01:00;2023-11-03T07:00:00+01:00;60.6;55.8;39.3;49.6;46;58.56;61.49;61.13;64.01;61.37;53.8;56.19;57.46;58.8;59.47;62.14;62.92;51.5;62.13;55.38;68.54;53.6;48.97;52.57;57.21;55.98;62.96;59.43;55.65;59.36;57.26;62.14;60.01;59.02;61.5;59.62;61.82;60.84;62.35;62.59;58.43;58.5;57.1;59.3;54.2
O3;uur;µg/m³;2023-11-03T07:00:00+01:00;2023-11-03T08:00:00+01:00;55.5;47.4;43.1;40.8;38.2;57.21;60.67;58.71;63.48;59.72;56.48;52.02;52.5;56.61;57.24;60.22;65.12;43.54;57.62;52.23;69.66;51.4;47.86;52.25;56.57;55.39;61.36;55.62;48.46;51.09;54.67;55.6;55.21;57.37;60.22;57.26;60.94;60.63;59.18;62.82;59;58.09;51.3;53.6;45
O3;uur;µg/m³;2023-11-03T08:00:00+01:00;2023-11-03T09:00:00+01:00;50.7;37.5;36.6;41.5;38.9;55.88;59.54;56.45;60.13;59.17;54.17;48.37;46.42;55.96;54.92;56.1;65.88;28.57;55.51;51.76;71.67;48.6;41.26;54.04;59.97;55.45;56.9;50.71;42.47;45.53;49.73;51.57;51.7;55.69;58.7;53.29;59.99;56.88;55.95;61.8;57.33;56.59;51.1;44.8;47.6
O3;uur;µg/m³;2023-11-03T09:00:00+01:00;2023-11-03T10:00:00+01:00;54;42.2;;37.4;45;53.84;59.03;55.95;60.46;57.65;50.72;52.69;46.1;57.22;54.74;51.36;63.62;30.21;55.94;51.56;72.62;49.8;42.93;44.55;63.74;56.24;54.39;49.54;42.32;46.43;47.03;50.55;52.84;54.24;57.46;54.71;57.52;54.37;53.66;60.76;55.47;55.37;48.7;43.6;45.7
O3;uur;µg/m³;2023-11-03T10:00:00+01:00;2023-11-03T11:00:00+01:00;48.8;40;41.5;35.9;52;54.94;58.77;56.74;61.77;55.78;49.16;53.41;44.07;57.03;53.04;52.42;64.23;33.32;53.18;47.56;74.34;49.63;44.68;39.99;63.92;58.82;55.47;51.9;46.36;48.96;48.51;52.2;51.57;55.02;56.13;55.33;55.87;53.5;53.21;59.53;55.03;52.65;47;44;44.5
O3;uur;µg/m³;2023-11-03T11:00:00+01:00;2023-11-03T12:00:00+01:00;48.3;38.1;35.4;42.6;46.3;54.97;59.96;59.5;63.21;54.31;48.52;50.4;43.44;56.13;53.9;55.89;54.69;42.49;50.95;49.98;76.3;50.8;40.06;40.78;65.58;60.55;57.68;51.05;46.63;50.89;50.14;52.18;49.6;53.98;57.28;55.24;56.43;54.68;53.07;58.5;54.95;53.32;52.3;45.4;46.5
O3;uur;µg/m³;2023-11-03T12:00:00+01:00;2023-11-03T13:00:00+01:00;50;41.7;44.9;44.9;55;56.11;58.81;60.62;64.63;55.2;51.34;50.42;52.14;55.35;57.81;57.57;54.39;44.32;55.8;49.19;73.24;54.42;46.05;45.53;66.22;55.51;58.51;52.21;43.75;45.7;49.08;49.64;51.16;53.67;53.15;55.1;56.21;57.3;54.92;59.74;55.55;52.38;50.2;42.8;46
O3;uur;µg/m³;2023-11-03T13:00:00+01:00;2023-11-03T14:00:00+01:00;52.6;45.9;46.1;40.7;54.8;56.77;59.89;62.35;64.9;57.78;55.19;52.83;52.59;57.6;58.79;60.55;56.41;45.54;59.2;51.45;64.61;55.03;48.21;47.99;66.85;46.09;57.07;52.32;43.26;48.21;51.85;50.85;51.04;58.18;54.82;56.95;56.58;58.99;56.65;59.68;56.24;55.2;59.4;52.6;54.1
O3;uur;µg/m³;2023-11-03T14:00:00+01:00;2023-11-03T15:00:00+01:00;52.9;40;43;39.1;54.7;59.23;63.3;61.07;65.71;58.9;58.78;54.71;53.5;61.05;58.2;62.32;55.6;43.31;60.11;53.08;61.69;53.02;48.07;42.88;62.98;49.62;55.81;52.29;43.18;45.93;51.03;50.25;52.5;49.51;56.28;55.32;59;56.34;61.6;57.56;56.86;60.02;60.4;55.3;55.1
O3;uur;µg/m³;2023-11-03T15:00:00+01:00;2023-11-03T16:00:00+01:00;53.1;43.1;45.4;43.6;59.8;58.98;64.56;59.81;63.14;62.59;58.04;58.1;53.02;64.37;59.63;61.32;57.18;43.54;57.91;53.37;59.88;53.42;47.07;42.57;51.96;46.34;54.62;51.7;43.59;45.64;49.61;51.96;51.27;53.06;56.2;56.71;57.3;53.42;61.34;59.76;59.16;56.29;57.3;50.7;51.2
O3;uur;µg/m³;2023-11-03T16:00:00+01:00;2023-11-03T17:00:00+01:00;53;38.4;43.2;39.8;60.7;58.65;63.65;60.09;63.37;63.78;54.41;55.49;56.52;62.34;59.01;59.43;56.22;39.23;53.89;54.25;60.67;54.88;49.56;40.52;51.55;49.13;51.49;49.24;44.52;43.78;45.71;52.93;50.1;50.91;55.92;56.78;55.75;51.29;56.62;58.47;58.49;53.14;55.2;51.5;51.5
O3;uur;µg/m³;2023-11-03T17:00:00+01:00;2023-11-03T18:00:00+01:00;43.4;36.8;37.5;40.6;63;58.44;59.56;58.98;60.9;61.67;54.23;50.39;55.89;57.46;56.23;57.99;52.9;41.49;56.85;54.03;59.39;53.66;43.84;39.31;52.61;48.13;51.77;47.13;44.01;42.03;42.16;52;53.19;46.89;55.42;55.03;55.68;53.72;55.21;55.23;56.47;50.79;50.6;51.2;51.2
O3;uur;µg/m³;2023-11-03T18:00:00+01:00;2023-11-03T19:00:00+01:00;45.7;38.6;45.6;41.7;62.4;51.38;58.98;57.51;58.18;57.98;53.84;49.41;55.79;55.74;54.48;59.64;50.78;46.97;57.29;52.39;57.95;51.9;37.68;43.22;54.17;46.37;52;50.02;41.6;41.07;49.04;49.31;50.15;45.96;56.42;51;50.69;53.2;53.22;55.76;54.72;51.99;50.1;44.3;44.5
O3;uur;µg/m³;2023-11-03T19:00:00+01:00;2023-11-03T20:00:00+01:00;51;41.9;46;41.8;59.9;49.07;59.66;58.42;58.73;54.24;49.45;53.9;50.15;59.77;54.44;55;49.42;46.11;56.91;53.67;58.5;49.94;44.44;42;51.33;48.99;52.18;50.39;43.85;46.22;48.92;51.13;50.55;45.58;57.32;50.32;53.39;52.44;52.97;55.06;52.66;52.99;52.7;46.8;45.5
O3;uur;µg/m³;2023-11-03T20:00:00+01:00;2023-11-03T21:00:00+01:00;50.1;40.1;48.1;41.9;56.8;54.23;62.29;63.03;62.91;56.28;42.98;55.91;49.63;60.61;53.11;54;49.65;45.22;53.32;49.92;54.66;51.39;41.39;43.97;52.62;44.35;52.18;51.05;44.29;45.46;48.98;52.46;50.48;46.89;52.12;54.83;50.25;51.18;52.82;56.65;52.92;53.16;54.3;50.9;47.9
O3;uur;µg/m³;2023-11-03T21:00:00+01:00;2023-11-03T22:00:00+01:00;44.3;34.9;44.7;41.9;56.3;58.05;62.2;61.72;62.8;57.51;43.81;56.18;51.21;60.43;50.23;54.97;47.23;45.94;49.98;48.92;54.3;44.66;37.67;43.55;48.53;46.27;49.53;47.58;38.01;37.3;41.69;43.53;43.78;49.35;52.3;53.32;47.57;50.36;54.38;55.73;50.98;53.54;55;51.3;48.8
O3;uur;µg/m³;2023-11-03T22:00:00+01:00;2023-11-03T23:00:00+01:00;46.8;37.2;45.9;39.5;51.8;54.33;60.1;59.14;58.82;56.84;43.9;55.34;52.64;59.18;49.8;48.73;48.67;47.75;50.2;48.59;52.23;39.34;42.53;41.91;48.43;39.21;49.53;45.23;38.23;42.15;36.17;45.23;45.58;52.77;54.08;55.03;50.45;48.78;54.59;48.8;50.87;52.72;50.7;47.9;45.4
O3;uur;µg/m³;2023-11-03T23:00:00+01:00;2023-11-04T00:00:00+01:00;45.1;33.4;45.7;37.1;54.9;53.96;58.09;61.12;64;55.75;44.47;52.19;52.59;55.41;46.79;49.49;43.98;47.58;49.73;49.71;47.8;41.25;42.53;38.17;39.84;36.8;50.03;39.47;38.87;41.58;34.01;44.26;45.83;48.23;54.66;54.84;52.43;48.46;49.66;52.73;50.73;50.02;49.9;47.7;45.4
O3;uur;µg/m³;2023-11-04T00:00:00+01:00;2023-11-04T01:00:00+01:00;44.4;32.6;44.5;38.3;47.4;55.41;56.31;61.06;63.43;53.91;40.91;51.84;52.14;54.19;44.7;48.48;40.47;45.91;49.06;48.94;45.76;38.14;40.51;39.76;41.85;38.52;51.02;40.31;40.93;44.2;35.86;45.37;46.92;49.85;53.56;54.41;52.75;48.58;48.38;55.29;48.31;48.91;44.6;47.8;44.8
O3;uur;µg/m³;2023-11-04T01:00:00+01:00;2023-11-04T02:00:00+01:00;37.5;32;40;37.7;46.3;56.64;54.97;60.95;63.21;53.29;36.53;53.2;50.12;55.87;43.66;46.4;42.64;44.7;48.3;46.7;45.97;41.24;36.32;41.17;41.83;36.74;51.52;40.9;40.15;42.44;41.32;43.65;45.57;50.99;53.45;54.61;53.84;50.97;49.75;57.26;48.36;50.65;44;44.3;43
O3;uur;µg/m³;2023-11-04T02:00:00+01:00;2023-11-04T03:00:00+01:00;36.8;29;38.4;33.5;42.3;;;;;;;;;;;;;;;;;;;;;;;;;;;;;;;;;;;;;;43;44.9;42.7
O3;uur;µg/m³;2023-11-04T03:00:00+01:00;2023-11-04T04:00:00+01:00;38;27.7;36.9;34.1;39.7;53.35;53.42;54.24;56.25;48.2;35.07;48.27;47.39;50.13;44.16;45.51;36.02;39.25;41.98;43.5;43.72;34.13;34.87;35.33;37.43;34.05;50.17;40.07;40.29;43.37;37.89;43.88;42.11;52.2;52.4;52.04;52.59;50.74;48.85;55.58;52.11;54.08;46.5;45.9;40.9
O3;uur;µg/m³;2023-11-04T04:00:00+01:00;2023-11-04T05:00:00+01:00;36.5;25.3;36.9;32.2;42;50.93;49.47;51.68;53.78;44.68;35.06;44.37;47.64;45.08;44.29;46.06;31.73;40.87;44.44;41.86;41.67;32.8;34.18;35.56;34.84;32.78;48.98;35.7;38.33;39.82;36.77;41.86;40.16;51.73;49.04;48.99;51.5;48.7;47.4;54.96;52.02;54.2;43.8;42.7;37.5
O3;uur;µg/m³;2023-11-04T05:00:00+01:00;2023-11-04T06:00:00+01:00;36.3;29.2;39.4;34.6;43.3;48.42;45.14;47.24;50.04;44.73;38.5;41.94;46.79;43.6;42.66;46.83;38.45;42.03;43.27;41.08;41.5;37.44;36.65;37.41;36.58;30.41;46.98;35.51;37.81;40.24;36.73;41.33;40.23;47.51;48.25;44.42;48.45;46.57;45.1;53.6;50.69;52.22;41.3;42;37.4
O3;uur;µg/m³;2023-11-04T06:00:00+01:00;2023-11-04T07:00:00+01:00;37.7;27.6;37.2;33.9;38.9;43.73;44.71;45.7;48.25;44.88;44.55;42.62;49.12;44.24;42.75;45.79;38.43;41.09;45.2;42.47;44.81;38.13;35.26;33.87;37.04;36.39;46.7;34.62;38.22;39.34;35.12;42.45;39.5;44.67;46.4;40.93;44.21;44.55;44.42;52.14;48.49;50.47;43.4;47;41.4
O3;uur;µg/m³;2023-11-04T07:00:00+01:00;2023-11-04T08:00:00+01:00;41.2;29.7;40.6;38.4;38.2;38.65;42.95;43.54;46.32;41.6;43.61;41.85;47.42;44.63;41.68;47.06;35.56;44.91;45.16;46.9;42.84;41.04;33.69;32.98;36.4;37.75;48.2;36.18;37.89;38.27;36.69;42.25;42.37;40.12;44.62;39.03;41.99;44.13;45.29;49.89;46.9;48.6;41.7;43.5;38.5
O3;uur;µg/m³;2023-11-04T08:00:00+01:00;2023-11-04T09:00:00+01:00;43;34.9;29.3;38.6;41.5;36.63;42.38;42.21;47.28;42.56;38.47;38.6;46.78;42.81;47.18;50.62;40.31;42.23;43.85;47.33;48.11;42.58;41.24;38.92;40.24;41.38;47.97;43.25;41.85;43.27;37.19;46.47;41.71;38.45;44.23;39.16;39.18;45.08;49.37;49.44;45.33;47.6;43.6;39.5;39
O3;uur;µg/m³;2023-11-04T09:00:00+01:00;2023-11-04T10:00:00+01:00;39.7;35.1;37.9;37.8;38.4;39.69;41.33;46.14;49.19;44.44;40.22;40.25;45.33;44.06;50.24;40.08;42.91;44.36;45.5;46.94;48.44;42.41;39.99;41.16;43.54;39.1;48.9;43.91;39.74;42.65;40.02;46.24;40.89;40.43;46.33;41.93;40.3;44.07;50.03;46.87;47.28;46.74;48.2;45.7;43.5
O3;uur;µg/m³;2023-11-04T10:00:00+01:00;2023-11-04T11:00:00+01:00;40.7;38.8;41.6;33.9;36.9;46.28;47;53.76;55.89;44.84;40.78;40.67;45.58;46.44;47.97;48.86;41.69;45.81;46.44;47.2;49.73;42.96;37.58;38.3;48.1;40.95;50.26;41.85;38.94;42.88;43.77;44.95;42.65;32.92;44.57;42.08;43.01;43.88;52.74;44.1;48.1;47.02;49.8;47;43.6
O3;uur;µg/m³;2023-11-04T11:00:00+01:00;2023-11-04T12:00:00+01:00;41.9;37.2;42.1;37.2;45.2;52.87;49.37;53.15;56.6;52.07;48.43;48.3;49.24;53.82;57.65;54.16;42.15;47.17;49.65;48.52;53.06;44.83;38.45;37.79;51.3;42.93;49.66;42.71;40.45;44.42;43.53;47.79;43.35;39.84;46.76;43.57;41.75;43.28;53.3;45.32;48.68;47.89;50.8;47.5;43
O3;uur;µg/m³;2023-11-04T12:00:00+01:00;2023-11-04T13:00:00+01:00;47.9;45.3;45.1;42.1;46.7;48.22;53.83;54.08;56.56;50.42;48.24;47.83;53.49;53.74;54.99;56.26;46.9;50.47;52.11;54.46;53.14;52.74;50.23;34.87;50.96;42.64;50.24;46.13;38;45.11;44.98;47.35;49.19;44.79;46.72;44.16;42.97;42;50.39;48.13;51.61;48.33;49.2;48.3;45.1
O3;uur;µg/m³;2023-11-04T13:00:00+01:00;2023-11-04T14:00:00+01:00;46.4;41.5;30.6;43.3;26.8;45.39;49.93;58.17;60.13;49.53;49.56;45.06;52.07;50.41;52.7;50.18;44.43;48.01;51.52;51.55;59.07;52.01;44.35;33.31;52.24;44.82;48.18;50.35;38.93;45.21;48.96;51.61;50.16;46.51;45.38;47.91;44.46;41.8;46.3;50.27;49.1;46.59;46.3;42.5;44.8
O3;uur;µg/m³;2023-11-04T14:00:00+01:00;2023-11-04T15:00:00+01:00;39.7;38.3;28.3;34.7;33.5;52.37;48.23;56.55;61.14;46.8;49.49;41.04;52.14;49.33;53.47;51.3;39.79;44.79;46.96;49.21;57.8;48.07;41.84;27.46;52.19;40.06;46.92;48.45;39.5;45.24;49.44;50.2;48.06;46.86;44.89;45.95;46.01;42.22;40.91;49.82;44.33;45.34;49.7;42.5;46.4
O3;uur;µg/m³;2023-11-04T15:00:00+01:00;2023-11-04T16:00:00+01:00;41.1;37.2;40.5;35;41.2;52.25;48.66;55.57;58.65;48.71;41.11;39.81;51.69;50.5;49.97;55.21;39.42;42.5;48.75;49.44;53.13;45.33;45.83;26.43;54.37;40.56;46.38;45.6;36.14;44.72;46.89;47.72;46.3;48.53;46.26;44.69;48.24;43.48;44.93;51.93;45.14;44.42;49.1;46.8;47.2
O3;uur;µg/m³;2023-11-04T16:00:00+01:00;2023-11-04T17:00:00+01:00;35.2;34.4;39.3;32.2;36.6;53.85;44.37;60.03;62.17;49.27;41.62;38.59;47.57;48.73;52.01;60.16;35.85;39.09;45.57;46.27;50.22;36.51;39.41;24.99;49.48;41.08;46.23;45.24;34.07;41.57;43.66;44.57;44.43;45.07;46.77;45.07;48.13;46.94;47.43;50.88;51.75;43.82;46.6;43.5;42.7
O3;uur;µg/m³;2023-11-04T17:00:00+01:00;2023-11-04T18:00:00+01:00;39.2;34.3;28.3;35.3;39.2;50.31;42.31;56.67;57.18;47.69;57.93;39.42;48.1;46.87;70.13;71.93;29.97;41.31;57.85;42.62;48.2;34.27;32.36;23.61;49.03;39.7;47.43;43.65;29.71;37.74;42.2;41.1;43.27;45.44;47.4;44.69;45.85;45.29;47.94;52.17;52.39;47.57;43.1;44.7;43.2
O3;uur;µg/m³;2023-11-04T18:00:00+01:00;2023-11-04T19:00:00+01:00;58;46.4;45.5;53.6;60.2;51.02;53.57;58.42;60.22;56.22;59.3;43.31;65.88;51.65;67.27;64.44;46.82;58.46;60.09;60.2;43.78;51.02;44.18;44.27;48.09;37.68;46.85;50.69;27.36;38.16;41.4;38.43;44.02;40.63;46.22;43.22;43.44;42.51;45.38;49.28;49.87;49.06;48.1;44.1;41.9
O3;uur;µg/m³;2023-11-04T19:00:00+01:00;2023-11-04T20:00:00+01:00;58.2;39.8;52;52.9;63.6;54.29;55.37;63.09;64.48;59.37;49.06;49.73;66.85;56.46;64.01;62.9;53.45;57.83;62.45;62.66;52.82;53.91;50;48.77;46.73;45.28;47.88;54.68;44.67;49.55;45.66;52.14;61.36;40.22;48.84;47.33;39.88;40;45.62;47.01;48.84;46.8;49.9;49.3;48.2
O3;uur;µg/m³;2023-11-04T20:00:00+01:00;2023-11-04T21:00:00+01:00;55;39.9;53.1;58.8;71.1;60.23;57.51;66.62;67.33;60.63;59.04;56.7;62.24;62.34;61.46;69.02;60.62;57.32;63.48;54.6;59.81;58.44;55.72;52.9;44.49;49.34;57.87;60.34;50.61;53.58;52.01;58.36;60.24;38.62;69.06;61.59;41.45;41.86;46.68;46.25;47.75;44.84;58.8;52.4;52.9
O3;uur;µg/m³;2023-11-04T21:00:00+01:00;2023-11-04T22:00:00+01:00;50.3;45;45.6;55;69.9;62.81;70;70.99;73.33;65.85;55.29;61.47;66.92;66.2;60.88;59.57;66.4;53.18;61.02;57.03;67.43;64.37;45.96;58.36;50.48;51.3;67.99;57.23;44.89;45.33;49.09;52.36;52.11;39.93;64.63;47.93;53.63;55.18;57.4;44.05;46.23;45.13;64.6;58.1;55.7
O3;uur;µg/m³;2023-11-04T22:00:00+01:00;2023-11-04T23:00:00+01:00;54.3;38.8;46.4;47.6;56;66.05;66.32;70.72;72.39;64.25;57.27;62.09;59.13;64.68;56.76;63.42;53.15;50.73;58.79;62.11;68.38;51.25;50.69;49.92;60.49;51.89;61.93;55.61;44.48;51.55;44.5;53.59;56.97;44.85;57.58;58.18;56.01;61.95;62.42;45.93;47.83;45.84;59.1;58.1;54.5
O3;uur;µg/m³;2023-11-04T23:00:00+01:00;2023-11-05T00:00:00+01:00;55.6;38.1;53;49.2;51.6;63.72;62.67;68.64;70.72;64.14;52.76;61.32;56.51;65.37;57.76;62.6;50.08;53.57;54.92;58.13;59.73;57.24;50.37;47.88;54.21;49.56;58.39;52.29;43.73;51.22;45.23;52.64;53.87;55.59;58.14;60.9;52.81;56.3;62.69;48.29;56.74;53.74;61.6;58.1;55.3
O3;uur;µg/m³;2023-11-05T00:00:00+01:00;2023-11-05T01:00:00+01:00;50.5;43.2;32.2;48.6;53.1;61.84;63.84;68.58;71.23;64.31;51.98;59.43;60.55;63.91;58.76;61.95;49.04;52.93;54.96;55.92;59.42;56.64;47.78;49.33;57.8;50.36;58.45;50.12;45.86;53.25;45.63;53.36;49.92;54.46;58.17;58.51;58.95;53.93;61.03;54.69;62.46;57.14;54.9;54.2;50.3
O3;uur;µg/m³;2023-11-05T01:00:00+01:00;2023-11-05T02:00:00+01:00;48.9;46.3;44.6;50.1;50.4;63.21;62.86;66.49;70.77;63.65;54.49;57.73;63.31;63.17;61.02;63.28;48.72;56.91;57.06;59.6;56.13;50.47;50;47.39;51.96;45.39;58.37;49.36;45.4;54.94;53.2;54.93;54.98;55.46;55.7;59.45;55.28;53.01;59.72;58.52;58.39;55.12;54.1;51.9;47.9
O3;uur;µg/m³;2023-11-05T02:00:00+01:00;2023-11-05T03:00:00+01:00;50.5;47.4;47.3;48.6;46.7;58.97;58.23;61.87;66.72;64.04;53.7;57;63.46;62.35;61.15;62.56;50.06;58.2;55.31;60.94;52.26;53.44;48.49;49.42;49.29;46.08;56.17;52.01;44.57;56.47;54.9;55.4;54.16;51.27;57.53;59.91;52.26;53.21;61.34;57.87;53.95;53.72;58.2;54.7;49.5
O3;uur;µg/m³;2023-11-05T03:00:00+01:00;2023-11-05T04:00:00+01:00;49.7;49.7;49.8;52.1;52;53.39;63.69;61.45;66.37;61.68;49.04;58.69;62.51;61.87;56.85;62.04;52.78;58.89;56.1;59.58;49.89;55.47;47.46;53.39;53.69;47.52;56.62;53.36;49.27;57.34;54.05;56.82;56.39;43.32;57.84;58.13;53.17;51.79;60.32;55.89;53.09;53.89;59.6;55.1;51.3
O3;uur;µg/m³;2023-11-05T04:00:00+01:00;2023-11-05T05:00:00+01:00;46.4;49.6;49.3;42.5;48.5;54.06;60.53;64.87;66.92;59;45.71;55.3;58.92;56.82;50.28;60.4;48.65;58.35;53.38;58.27;52.8;49.46;41.75;46.27;57.11;50.81;58.46;54.87;51.09;57.87;55.27;58.39;55.05;45.18;55.37;57.94;50.6;51.75;54.21;51.98;52.04;52.33;59.4;56.5;51.4
O3;uur;µg/m³;2023-11-05T05:00:00+01:00;2023-11-05T06:00:00+01:00;46.2;45.3;42;37.1;41.8;58.47;55.92;67.09;69.76;57.61;46.31;53.03;56.23;54.8;55.89;59.87;46.91;52.95;52.18;53.26;51.66;46.67;45.03;42.66;56.73;50.12;58.12;52.1;46.11;53.97;52.88;52.33;50.88;45.86;56.22;55.42;53.14;49.28;53.38;49.69;53.64;50.4;59.3;57.6;51.3
O3;uur;µg/m³;2023-11-05T06:00:00+01:00;2023-11-05T07:00:00+01:00;43.3;40.6;36.2;41.9;47.1;60.49;55.61;65.7;68.78;53.99;42.38;54.49;53.21;54.66;57.77;60.42;43.66;46.48;46.65;51.91;49.09;46.08;34.9;41.88;57.65;46.53;54.09;48.81;42.02;49.01;47.89;47.48;44.3;43.36;54.33;52.42;52.94;49.64;49.26;50.69;52.6;45.57;57.8;55.4;48.7
O3;uur;µg/m³;2023-11-05T07:00:00+01:00;2023-11-05T08:00:00+01:00;42.6;35.2;31.1;36.2;50.9;57.87;51.73;62.87;63.7;56.03;44.4;53.39;53.54;52.74;57.07;61.89;46.81;45.4;47.51;48.93;43.58;40.82;30.76;38.42;54.93;40.63;53.26;44.71;36.86;42.82;45.32;42.25;40.86;44.8;50.6;49.07;47.06;47.22;50.4;48.01;48.19;42.66;49.5;51.8;44.9
O3;uur;µg/m³;2023-11-05T08:00:00+01:00;2023-11-05T09:00:00+01:00;46.1;28.4;42.5;42;47.3;57.78;53.26;59.66;63.52;55.58;51.46;52.97;55.34;53.33;59.05;66.7;46.37;44.97;54.04;46.56;43.01;42.09;45.58;38.53;51.59;36.66;51.68;39.16;32.99;38.87;39.48;39.07;38.64;43.14;49.81;46.06;45.63;43.7;49.86;48.18;46;43.09;49.4;47;43.6
O3;uur;µg/m³;2023-11-05T09:00:00+01:00;2023-11-05T10:00:00+01:00;52.7;39.8;48.3;42.9;50.1;56.92;55.54;61.54;64.15;56.89;55.69;53.75;55.53;56.9;62.97;61.98;50.78;36.59;59.65;49.98;45.84;51.96;50.09;41.68;46.39;36.24;49.9;39.94;36.81;42.34;35.15;45.05;42.87;44.13;50.96;47.75;44.33;43.84;44.57;46.37;51.5;45.03;48;44.5;42.1
O3;uur;µg/m³;2023-11-05T10:00:00+01:00;2023-11-05T11:00:00+01:00;52.2;41.7;46;44.9;58.2;57.84;57.92;63.43;65.13;56.32;53.77;54.88;57.88;57.55;61.17;55.71;61.13;51.58;61.89;57.02;56.29;59.42;51.75;56.93;43.65;45.41;50.03;46.65;44.33;46.41;43.71;51.63;51.88;47.38;52.61;52.42;46.48;43.89;49.77;50.72;52.83;42.33;47.7;42.1;42.1
O3;uur;µg/m³;2023-11-05T11:00:00+01:00;2023-11-05T12:00:00+01:00;43.7;44.9;50.6;43.4;45.3;59.09;57.57;64.28;67.03;55.97;53.17;52.73;58.19;55.58;57.86;53.82;59.19;49.6;57.82;56.06;63.27;56.11;53.56;53.95;37.15;51.86;56.09;51.15;44.19;46.86;43.12;50.89;55.59;45.74;57.12;52.03;48.06;46.57;48.92;51.86;49.76;51.6;51.4;49.3;41.2
O3;uur;µg/m³;2023-11-05T12:00:00+01:00;2023-11-05T13:00:00+01:00;50.6;45.5;53.1;46.3;53.6;54.91;57.52;61.14;63.92;54.78;48.69;47.61;53.54;51.93;58.97;52.53;59.68;42.42;57.13;52.41;63.39;55.24;55.56;52.11;63.43;49.13;56.79;52.98;48.73;49.76;50.13;54.69;48.33;35.12;53.83;51.7;52.94;48.94;45.2;52.13;49.5;52.79;46.1;50;41.1
O3;uur;µg/m³;2023-11-05T13:00:00+01:00;2023-11-05T14:00:00+01:00;48.2;47.3;53.3;43.7;51.7;51.99;52.27;57.57;61.56;48.98;49.44;44.23;52.72;48.75;57.32;56.84;60.05;50.93;56.48;53.14;67.42;56.15;54.17;53.9;61.07;52.43;54.78;54.17;42.37;46.47;50.65;46.43;50.06;50.62;53.06;51.48;54.68;58.06;60.89;55.32;50.51;50.49;53.3;54;46.7
O3;uur;µg/m³;2023-11-05T14:00:00+01:00;2023-11-05T15:00:00+01:00;48.3;44.4;51.9;46.7;55.9;47.37;50.29;50;53.11;49.55;56.62;42;52.53;46.28;62.61;61.49;59.01;49.72;56.74;51.5;63.78;53.57;52.65;53.36;62.28;52.12;54.52;54.64;47.52;49.74;54.2;52.73;49.01;46.14;52.22;50.63;54.35;55.97;59.89;54.9;56.61;50.85;60.2;60.3;53.2
O3;uur;µg/m³;2023-11-05T15:00:00+01:00;2023-11-05T16:00:00+01:00;51.3;47.7;55;49.2;54.5;46;47.41;46.51;48.86;51.46;58.96;42.45;58.31;46.7;65.41;61.75;61.41;50.71;61.18;54.8;66;56.35;56.78;54.55;64.72;53.84;55.72;54.86;47.37;48.01;53.64;51.77;50.24;44.04;50.98;49.31;48.64;51.79;56.63;63.49;58.5;57.83;58.9;59.5;53.5
O3;uur;µg/m³;2023-11-05T16:00:00+01:00;2023-11-05T17:00:00+01:00;48.9;50.9;58.1;50.4;60.7;47.88;49.45;54.16;55.32;56;57.03;45.18;62.68;51.44;64.85;57.1;63.47;54.31;64.06;59.04;66.27;58.44;59.33;56.95;64.17;55.05;57;57.4;49.23;51.34;55.77;53.72;53.26;43.33;51.91;49.55;52.16;55.02;61.59;54.24;51.31;54.72;62.6;62.3;55.3
O3;uur;µg/m³;2023-11-05T17:00:00+01:00;2023-11-05T18:00:00+01:00;54.4;51.8;58.2;47.1;57.6;51.62;52.41;57.49;58.5;55;50.34;48.7;56.87;53.35;63.22;53.42;64.11;51.06;62.1;59.57;69.35;61.14;60.88;58.08;69.5;56.1;58.68;59.6;51.48;54.72;57.39;57.14;55.69;46.55;53.69;56.07;52.41;61.81;64.41;53.31;51.16;53.41;60.7;61.1;55.1
O3;uur;µg/m³;2023-11-05T18:00:00+01:00;2023-11-05T19:00:00+01:00;53.4;50;57.4;46;54.2;53.3;49.92;55.41;56.75;49.17;43.58;46.86;49.65;51.56;60.64;51.78;61.14;52.83;59.32;54.11;69.01;58.65;59.36;55.57;64.22;58.79;60.14;58.9;51.32;50.41;58.34;56.05;54.15;50.1;54.94;56.96;54.58;61.91;63.12;58.86;63.25;53.86;63.7;65.3;57.1
O3;uur;µg/m³;2023-11-05T19:00:00+01:00;2023-11-05T20:00:00+01:00;54;45.8;55.9;44.5;55;52.44;50.93;54.71;54.05;46.87;46.48;47.8;45.96;51.08;57.85;53.52;61.16;37.68;58.38;54.3;68.21;58.21;57.68;56.15;64.88;57.19;60.2;56.9;49.09;47.42;54.27;52.62;51.51;51.25;53.77;48.87;59.72;62.68;62.68;66.3;74.46;63.99;65;64.6;56.1
O3;uur;µg/m³;2023-11-05T20:00:00+01:00;2023-11-05T21:00:00+01:00;52.2;39.7;50.5;37;52.3;54.57;51.18;58.67;58.96;47.76;41.91;46.5;48.23;50.31;62.48;50.44;62.13;43.19;51.99;46.45;65.41;55.53;54.13;55.38;64.7;54.68;59.11;53.43;42.38;49.09;51.38;47.02;47;47.13;51.5;41.88;54.03;62.42;63.32;63.27;62.31;60.14;63.1;63.1;54.4
O3;uur;µg/m³;2023-11-05T21:00:00+01:00;2023-11-05T22:00:00+01:00;54.7;35.2;42.1;48.8;44.7;55.93;50.99;59.04;58.75;49.29;46.25;47.1;46.11;53.2;47.91;56.31;60.03;44.47;60.49;52.34;67.64;49.24;46.42;50.42;60.12;53.35;55.05;44.91;42.15;42.37;41.85;47.94;44.2;40.83;47.99;39.22;47.99;61.17;64.13;63.04;63.37;57.75;59;59;50.7
O3;uur;µg/m³;2023-11-05T22:00:00+01:00;2023-11-05T23:00:00+01:00;46.6;34.6;34.5;32.9;45.6;55.97;56.63;58.83;58.42;54.13;45.89;52.16;51.66;56.59;49.86;59.7;55.75;37.59;50.31;50.58;65.36;50.4;35.84;42.62;57.28;54.56;48.56;51.37;45.3;49.41;42.13;51.84;51.98;35.51;42.59;46.45;44.74;51.29;61.68;60.82;62.61;61;56.6;56.8;47.3
O3;uur;µg/m³;2023-11-05T23:00:00+01:00;2023-11-06T00:00:00+01:00;47.6;38.6;24.4;32.5;34.9;52.49;55.49;56.57;58.04;53.11;43.69;51.39;51.49;55.71;51.35;60.88;45.91;38.75;53.15;53.08;63.41;44.55;37.75;39.34;55.11;54.57;47.41;46.38;43;46.61;48.34;49.46;46.6;40;50.86;46.35;40.21;45.14;52.22;53.06;63.18;56.73;46.1;45.9;43.4
O3;uur;µg/m³;2023-11-06T00:00:00+01:00;2023-11-06T01:00:00+01:00;47.3;43.1;30.6;34.2;44.6;52.25;54.61;57.05;59.14;54.52;48.57;52.14;53.59;56.11;53.33;57.09;47.04;43.63;55.64;51.29;64.11;48.3;41.48;43.39;51.36;43.38;50.74;45.63;43.05;43.43;47.41;46.89;49.35;44.77;47.1;49.79;44.71;45.42;49.66;45.43;58.8;56.16;48;48.6;44
O3;uur;µg/m³;2023-11-06T01:00:00+01:00;2023-11-06T02:00:00+01:00;52.7;46.3;29.6;36.5;44.9;51.17;56.27;56.34;58.18;57.33;48.38;54.51;54.37;56.28;52.64;56.91;48.75;42.03;55.27;48.06;61.54;48.29;43.43;45.85;46.86;37.56;50.1;48.67;44.53;46.69;50.98;49.19;49.57;44.4;47.94;49.85;46.45;48.25;52.13;44.91;49.38;50.93;45.5;47.5;44.8
O3;uur;µg/m³;2023-11-06T02:00:00+01:00;2023-11-06T03:00:00+01:00;50.7;46.3;32.5;34.2;42.3;53.37;54.4;56.82;57.91;52.88;43.98;51.33;50.19;54.44;47.95;57.34;44.67;42.39;53.55;49.94;59.5;49.43;39.07;48.66;44.82;45.28;52.15;49.57;45.82;46.77;52.25;50.01;49.1;44.52;49.86;53.13;48;46.91;46.16;47.49;45.98;45.93;53.1;52.9;48.9
O3;uur;µg/m³;2023-11-06T03:00:00+01:00;2023-11-06T04:00:00+01:00;48.7;42.3;27.7;33.7;42.2;52.78;52.62;57.56;57.22;53.21;52.18;52.43;50.89;56.1;50.41;63.64;47.37;39.11;50.92;48.13;62.33;47.36;37.39;45.34;45.09;50.77;53.6;47.94;43.95;45.98;50.02;48.08;46.5;45.47;50.3;51.22;48.11;49.23;51.15;47.87;47.78;49.2;50.6;53.1;47.4
O3;uur;µg/m³;2023-11-06T04:00:00+01:00;2023-11-06T05:00:00+01:00;49.4;35.9;35.7;37.6;46;55.38;54.93;60.26;60.67;57.92;58.15;54.64;54.26;58.75;61.2;68.95;47.48;36.72;56.74;49.98;53.56;45.88;43.67;39.63;43.71;48.22;50.27;44.39;41.98;43.16;47.14;45.77;46.8;46.49;48.01;50.13;48.57;48.55;48.09;48.22;48.2;50.49;49.7;50.5;45.2
O3;uur;µg/m³;2023-11-06T05:00:00+01:00;2023-11-06T06:00:00+01:00;59.1;45.3;47;44.5;59.9;56.91;59.02;58.36;58.93;62.85;58.72;59.63;62.37;63.91;66.37;63.6;52.4;47.47;65.34;54.51;49.48;52.98;48.98;41.96;47.16;40.81;46.97;47.96;43.85;46.31;45.36;48.4;53.2;44.74;49.82;53.24;47.67;46.18;45.85;47.64;49.44;50.16;44.6;46;42.8
O3;uur;µg/m³;2023-11-06T06:00:00+01:00;2023-11-06T07:00:00+01:00;58.1;50.2;51.8;50.4;64.8;55.84;59.39;58.43;60.83;58.08;51.31;54.2;55.71;58.59;63.74;69.37;62.46;47.64;62.83;55.19;60.45;60.19;47.57;45.88;47.15;46.79;47.04;58.72;49.51;52.8;47.66;54.64;57.48;44.96;56.84;58.11;48.74;45.33;47.68;48.33;45.62;45.85;49.6;50.5;48
O3;uur;µg/m³;2023-11-06T07:00:00+01:00;2023-11-06T08:00:00+01:00;58.7;43.3;49.5;49.3;64.4;54.43;56.84;54.4;57.45;55.98;56.28;53.19;52.26;59.81;69.87;64.54;61.45;41.16;64.32;50.41;64.26;58.67;49.82;49.32;58.91;51.02;53.42;56.92;47.63;51.26;49.95;55.5;52.95;50.43;58.23;55.32;53.34;47.06;54.15;48.31;44.12;44.08;55.4;56.2;55.7
O3;uur;µg/m³;2023-11-06T08:00:00+01:00;2023-11-06T09:00:00+01:00;62.5;48.1;53.5;;69.8;54.1;54.89;57.55;58.25;54.86;43.99;49.65;50.79;56.74;62.49;51.57;65;51.22;61.82;53.82;65.42;62.25;57.02;50.97;57.34;51.59;55.18;56.72;44.98;48.8;50.12;53.11;54.85;50.38;56.05;53.65;55.59;52.39;65.05;50.33;52.5;51.23;53.4;52.7;54.3
O3;uur;µg/m³;2023-11-06T09:00:00+01:00;2023-11-06T10:00:00+01:00;52.1;43;46.3;;67;55.08;55.92;58.69;60.96;54.3;47.12;49.1;48.98;54.55;55.83;51;61.88;48.86;53.12;49.42;69.06;60.2;45.36;53.49;56.99;59.05;57.76;56.1;49.48;51.37;53.63;56.65;52.42;50.55;57.79;56.09;55.83;54.94;59.89;56.76;60.09;59.93;60.8;59;59.3
O3;uur;µg/m³;2023-11-06T10:00:00+01:00;2023-11-06T11:00:00+01:00;53.2;42.8;47.7;;65;57.1;56.55;58.9;61.54;53.62;51.59;49.2;51.55;55.34;57.05;51.32;62.65;47.63;56.65;54.39;67.08;59.43;48.24;53.39;64.62;55.47;59.6;53.02;47.03;50.56;51.31;54.3;52.41;54.18;56.12;54.45;60.94;60.37;60.98;59.91;63.57;57.85;60.5;57;55.5
O3;uur;µg/m³;2023-11-06T11:00:00+01:00;2023-11-06T12:00:00+01:00;53.8;45.8;42.3;;63.5;60.91;58.73;62.95;65.96;56.54;49.63;51.92;51.81;57.43;58.43;52.67;61.59;51.08;57.23;55.27;70.06;58.8;49.4;52.14;59.36;60.04;58.14;54.3;50.05;54.46;53.66;57.22;54.25;52.76;58.9;54.99;59.62;58.39;59.3;64.21;59.83;54.19;63.1;59.3;58.6
O3;uur;µg/m³;2023-11-06T12:00:00+01:00;2023-11-06T13:00:00+01:00;51.2;45.1;44.9;;58.7;63.53;59.47;63.36;65.3;58.34;52.57;55.96;50.95;62.71;56.15;56;58.55;49.26;55.45;52.48;68.67;57.26;47.48;49.71;59.87;60.32;61.35;55.58;50.18;53.91;53.95;58.06;53.93;54.6;59.45;57.44;58.71;57.2;58.02;64.6;60.97;57.9;66.4;59.7;60.3
O3;uur;µg/m³;2023-11-06T13:00:00+01:00;2023-11-06T14:00:00+01:00;51.9;43.4;41.4;47.6;61.1;65.2;64.96;65.46;67.01;58.65;50.26;58.87;53.84;64.67;58;59.38;57.69;52.12;54.47;55.76;64.5;;49.71;47.8;60.85;54.94;60.55;52.43;47.67;50.79;49.7;53.86;53.26;52.14;59.31;55.49;57.19;59.27;59.42;62.11;58.06;55.43;61.4;50.2;54.5
O3;uur;µg/m³;2023-11-06T14:00:00+01:00;2023-11-06T15:00:00+01:00;52.3;44.6;45;47.7;62.9;64.9;64.68;65.84;67.69;55.43;51.26;52.11;53.37;59.69;57.73;59.16;61.22;52.13;57.56;55.28;65.81;;49.22;44.76;56.73;54.65;57.52;50.91;47.01;51;49.31;53.95;53.66;47.28;55.91;52.8;57.9;57;59.53;58.74;57.71;57.52;60.8;45.5;52.4
O3;uur;µg/m³;2023-11-06T15:00:00+01:00;2023-11-06T16:00:00+01:00;49.4;41.4;39;42.3;54.2;62.05;57.78;64.74;65.89;56.1;52.08;49.28;49.14;52.37;56.99;57.44;56.65;47.61;58.15;56.67;64.76;;43.87;39.42;61.88;53.38;56.22;48.36;46.58;48.95;44.35;53.5;52.55;42.31;55.78;52.18;55.79;54.68;54.19;59.43;57.96;57.15;55.7;49.3;47.4
O3;uur;µg/m³;2023-11-06T16:00:00+01:00;2023-11-06T17:00:00+01:00;43.4;37.9;30.7;28.3;52.2;54.21;53.08;60.15;60.21;52.36;48.65;48.06;43.94;50.99;54.99;54.73;47.95;41.1;52.94;51.73;63.9;;37.93;31.66;60.11;47.87;53.71;43.29;40.17;44.18;31.06;48.86;47.99;32.92;54.18;49.43;51.12;52.21;52.92;56.04;52.7;54.04;54.2;44.2;45.5
O3;uur;µg/m³;2023-11-06T17:00:00+01:00;2023-11-06T18:00:00+01:00;39.9;32;16.4;26.7;50.6;49.82;51.98;60.87;59.68;46.8;42.45;42.33;39.06;47.57;51.45;54.96;50.64;32.72;48.03;50.1;70.35;35.75;38.74;23.71;59.04;54.29;52.07;36.64;35.62;38.1;35.47;45.55;44.41;43.19;52.11;47.31;45.11;49.97;53.31;53.21;49.45;48.97;47.6;30.9;41.8
O3;uur;µg/m³;2023-11-06T18:00:00+01:00;2023-11-06T19:00:00+01:00;42.6;29.1;27.5;37.8;46.4;52.47;47.76;57.96;55.7;49.01;45.79;34.44;42.78;42.87;47.39;51.41;45.02;27.81;47.59;40.36;71.76;43.25;34.72;30.63;57.34;56.99;47.1;38.11;36.41;35.14;36.46;43.64;43;40.61;44.14;42.59;44.84;48.55;49.36;50.04;46.81;49.09;44.7;35.2;36.4
O3;uur;µg/m³;2023-11-06T19:00:00+01:00;2023-11-06T20:00:00+01:00;43;32.7;22.7;30.7;43.2;48.99;48.5;49.14;54.48;52.26;42.88;39.27;45.14;48.18;50.41;50.3;41.27;30.82;47.84;40.39;54.72;42.46;33.51;33.1;65.85;52.45;44.77;39.12;35.62;35.3;35.99;42.36;40.64;39.15;41.72;41.68;43.25;44.2;47.34;47.91;46.55;47.06;40.8;37.1;40.2
O3;uur;µg/m³;2023-11-06T20:00:00+01:00;2023-11-06T21:00:00+01:00;42.7;32.6;31.9;41.4;43;48.43;48.8;52.65;55.73;49.12;36.22;38.86;42.52;47.02;51.52;45.09;43.21;26.57;47.84;36.62;53.28;47.61;36.01;38.24;67.69;40.32;42.3;40.01;35.15;34.23;37.49;40.76;37.61;40.4;44.04;42.45;43.16;44.14;45.79;46.77;49.14;45.82;44.9;40.7;41.8
O3;uur;µg/m³;2023-11-06T21:00:00+01:00;2023-11-06T22:00:00+01:00;47.8;33.8;33.9;43.4;41.9;47.63;48.79;54.13;56.64;43.91;41.35;39.25;39.89;47.08;50.53;31.57;43.9;29.4;41.23;34.28;52.78;49.53;36.87;37.65;67.14;40.96;43.42;38.69;32.01;32.57;38.95;37.9;36.33;41.93;45.1;39.94;43.03;41.48;58.07;43.52;42.78;45.39;46.6;43.8;43.3
O3;uur;µg/m³;2023-11-06T22:00:00+01:00;2023-11-06T23:00:00+01:00;44.8;28;37.6;41;45.8;49.67;45.77;55.34;56.82;44.39;44.66;41.12;39.84;46.79;44.27;40.22;47.28;25.96;40.39;31.48;53.54;49.64;40.05;42.98;52.64;49.93;42.09;36.05;30.42;31.35;27.92;36.09;32.98;42.26;44.48;38.27;44.28;40.07;43.1;42.55;47.7;47.86;53.6;49.7;48.8
O3;uur;µg/m³;2023-11-06T23:00:00+01:00;2023-11-07T00:00:00+01:00;37.9;22.3;36.4;40.9;39.5;50.02;44.52;56.87;59.25;45.32;45.61;42.37;44.59;46.6;34.58;45.1;46.31;28.12;42.14;37.5;50.44;47.88;33.62;42.03;41.34;42.31;40.37;34.48;31.28;33.45;27.72;35.93;35.04;40.83;43.83;38.15;40.68;37.72;45.66;41.39;48.39;47.18;46.6;48;41
O3;uur;µg/m³;2023-11-07T00:00:00+01:00;2023-11-07T01:00:00+01:00;40.2;28.2;37.1;36.5;34.9;50.79;45.78;57.28;59.46;46.08;43.04;39.66;45.35;44.15;38.25;44.52;40.5;31.11;45.25;41.56;47.67;40.67;33.5;35;54.7;41.7;35.79;34.01;32.77;33.53;33.08;36.9;33.72;40.72;42.4;38.38;38.14;37.5;56.95;40.72;43.55;44.82;38.3;41.5;36.4
O3;uur;µg/m³;2023-11-07T01:00:00+01:00;2023-11-07T02:00:00+01:00;43.2;31.6;34.1;31.5;33.2;52.03;47.76;59.01;61.84;45.89;39.57;39.53;45.92;44.23;43.32;46.35;37.64;27.08;45.28;39.52;39.91;39.66;34.23;32.49;45.28;35.5;37.83;34.88;33.17;33.91;36.5;36.97;37.93;41.43;40.88;39.17;36.95;35.04;49.24;41.19;49.89;45.9;38.5;39.6;34.9
O3;uur;µg/m³;2023-11-07T02:00:00+01:00;2023-11-07T03:00:00+01:00;43.2;32.7;29.5;32.5;32.9;52.9;46.32;59.52;62.29;43.67;41.54;39.91;45.62;44.2;47.38;51.32;43.87;28.88;42.97;39.79;36.2;42.56;37.94;39.91;37.84;32.99;40.08;37.59;34.44;37;39.5;38.21;36.33;40.21;41.21;41.39;40.39;37.54;39.29;40.87;53.01;43.05;38.3;39;35
O3;uur;µg/m³;2023-11-07T03:00:00+01:00;2023-11-07T04:00:00+01:00;40.4;27.6;38.5;38.7;46.7;52.64;47.33;59.23;62.22;43.72;42.14;39.22;45.07;42.36;63.54;49.46;53.9;36.24;43.6;41.58;43.47;49.01;36.31;47.06;37.11;35.68;40.9;36.57;34.45;37.55;39.57;37.94;33.82;39.95;41.47;38.88;39.74;40.11;38.61;42.31;44.27;41.72;39.4;41.5;35.2
O3;uur;µg/m³;2023-11-07T04:00:00+01:00;2023-11-07T05:00:00+01:00;49.1;29.9;39.6;43.7;46.6;52.16;48.69;58.22;58.92;42.94;39.83;41.04;44.5;44.47;63.69;46.91;64.52;31.1;52.72;40.86;64.2;48.96;40.92;51.82;35.24;33.91;41.66;35.15;33.5;35.84;36.15;37.52;34.02;36.21;40.75;39.86;39;40.16;38.84;43.44;40.11;41.74;40.9;44.7;38.7
O3;uur;µg/m³;2023-11-07T05:00:00+01:00;2023-11-07T06:00:00+01:00;56.9;40.6;49.8;56;55.4;52.44;49.07;55.94;58.44;42.45;40.15;41.53;41.33;44.59;61.32;53.27;56.31;39.49;48.94;38.2;56.92;59.94;50.28;44.11;42.08;38.63;40.83;38.23;33.55;33.22;25.65;37.45;32.06;35.9;41.22;39.55;38.68;40.04;41.08;42.63;40.69;41.57;38.8;40.9;35.2
O3;uur;µg/m³;2023-11-07T06:00:00+01:00;2023-11-07T07:00:00+01:00;52.9;33.5;46.8;53.8;53.2;49.87;49;52.4;53.08;42.91;40.09;38.8;37.38;43.88;60.7;46.12;56.36;36.42;43.15;34.51;59.07;58.88;45.37;35.84;47.82;39.92;40.71;37.43;26.65;25.41;19.91;32.6;29.2;40.91;40.15;39.6;38.67;38.43;43.57;41.11;39.37;39.99;40.4;36.5;35.6
O3;uur;µg/m³;2023-11-07T07:00:00+01:00;2023-11-07T08:00:00+01:00;51.1;29.8;44;45.8;57;47.24;46.3;47.98;50.06;39.74;40.07;35.09;29.32;41.8;57.1;41.66;52.87;25.19;47.73;32.11;51.41;56.12;39.21;39.43;50.59;39.82;37.51;33.14;17.09;13.61;17.3;25.44;30.19;42.04;38.51;38.51;38.46;41.07;45.42;39.17;36.91;37.91;42.5;36.9;38.4
O3;uur;µg/m³;2023-11-07T08:00:00+01:00;2023-11-07T09:00:00+01:00;47.2;27.4;42.6;51.4;52.9;43.68;43.59;48.26;50.35;39.56;40.24;35.69;26.8;44.36;54.6;42.1;56.43;28.08;45.54;28.37;54.07;55.55;39.38;43.22;47.16;31.73;34.47;33.36;16.01;17.07;18.87;22.32;28.41;40.98;37.89;37.32;39.62;40.25;54.93;39.27;38.76;37.63;36.1;30.2;31.3
O3;uur;µg/m³;2023-11-07T09:00:00+01:00;2023-11-07T10:00:00+01:00;46.9;31.7;38.5;51.1;41.7;43.53;49.59;47.42;52.55;43.19;43.2;40.14;34.94;47.09;54.8;49.5;52.47;35.02;49.18;43.54;56.57;56.47;43.52;43.13;48.7;45;39.33;38.34;23.44;25.78;29.08;31.22;34.33;40.73;40.39;40.11;40.24;41.64;49.94;42.56;47.44;45.59;35;38.2;40
O3;uur;µg/m³;2023-11-07T10:00:00+01:00;2023-11-07T11:00:00+01:00;48.2;38.2;34.3;51.2;46.1;49.85;56.59;51.14;54.08;51.67;47.82;50;47.44;55.41;59.05;52.53;55.16;43.07;52.84;52.52;55.99;59.39;45.62;49.74;50.69;41.86;44.31;47.41;35.75;39.68;40.67;41.45;48.85;41.09;47.9;47.67;45;48.23;46.27;49.14;55.34;51.83;46.4;44.2;43.3
O3;uur;µg/m³;2023-11-07T11:00:00+01:00;2023-11-07T12:00:00+01:00;53.1;37.8;40.3;53.2;51.3;55.02;60.06;63.55;59.19;56.64;49.85;54.75;51.67;56.94;59.41;57.55;60.06;50.29;56.6;55.93;63.17;61.5;49.34;49.57;49.92;43.09;47.58;;44.55;50.2;47.51;52.04;52.72;45.97;50.74;52.43;51.28;49.13;48.26;50.49;51.65;51.75;48;42;47.3
O3;uur;µg/m³;2023-11-07T12:00:00+01:00;2023-11-07T13:00:00+01:00;55.8;47.2;46.2;54;51.6;58.48;60.57;61.76;63.03;58.57;49.03;52.55;51.72;57.38;63.42;64.89;62.9;54.8;57.23;59.47;66.59;61.82;53.93;47.02;52.01;57.48;52.01;;47.97;52;50.86;56.41;54.71;52.97;54.57;55.38;53.79;46.11;49.99;53.82;51.93;52.18;61.2;48.2;54.9
O3;uur;µg/m³;2023-11-07T13:00:00+01:00;2023-11-07T14:00:00+01:00;57.4;49.4;50.6;50.3;52.2;59.79;60.51;63.75;62.54;60.28;50.54;56.34;53.73;61.66;70.58;69.79;65.02;58.4;60.92;60.22;66.73;62.82;56.96;51.11;73.92;55.92;60.28;;49.81;54.71;51.3;58.01;57.39;55.06;58.66;57.31;54.2;44.82;55.82;52.96;52.49;50.47;62.7;52.1;53.2
O3;uur;µg/m³;2023-11-07T14:00:00+01:00;2023-11-07T15:00:00+01:00;62.2;54.6;59.5;62.3;56.3;61.42;62.07;63.3;64.18;58.75;60.1;53.07;55.2;59.11;69.67;68.21;68.11;57.98;65.52;63.93;73.83;65.74;60.96;53.59;74.4;59.14;60.98;;50.8;55.41;51.13;60.22;59.97;48.61;55.8;58.49;56.87;55.33;56.36;51.28;54.72;50.32;60.9;50.6;54.7
O3;uur;µg/m³;2023-11-07T15:00:00+01:00;2023-11-07T16:00:00+01:00;59.6;51.8;54.3;58.4;54.8;58.84;60.37;62.52;62.58;58;65.3;50.98;53.79;59.5;67.48;68.07;69.57;58.63;68.67;66.01;76.44;65.77;56.84;48.52;73.23;63.97;62.34;56.78;52.59;53.51;43.97;61.34;60.35;49.21;54.67;57.02;54.36;57.68;61.89;50.32;52.1;53.57;63.7;49.8;55.1
O3;uur;µg/m³;2023-11-07T16:00:00+01:00;2023-11-07T17:00:00+01:00;57.5;47.2;46.5;50.4;49.9;56.78;57.75;58.57;59.71;60.24;60.72;49.13;50.2;56.34;65.35;67.28;63.35;51.88;62.92;63.07;69.07;62.35;47.07;45.38;68.75;56.65;57.46;53.67;51.39;52.99;46.89;60.67;59.71;48.87;56.59;50.9;52.52;59.07;62.1;53.88;54.18;47.74;59.9;54.2;55.4
O3;uur;µg/m³;2023-11-07T17:00:00+01:00;2023-11-07T18:00:00+01:00;55;42.1;49.2;44.3;51;52.94;54.59;57.58;54.2;58.06;54.59;42.65;49.72;52.59;61.97;63.16;55.49;39.29;59.94;61.82;65.51;58.42;42.71;45.91;62.07;53.12;57.09;53.62;48.77;46.62;49.83;57.62;55.46;49.88;53.02;47.24;53.68;51.61;60.89;52.51;53.94;52;58.4;54.7;57.5
O3;uur;µg/m³;2023-11-07T18:00:00+01:00;2023-11-07T19:00:00+01:00;55.5;42.8;51.2;45.7;51.2;53.43;51.94;59.78;59.93;59.29;54.42;46.67;49.98;57.01;62.08;61.21;55.18;40.38;60.63;47.12;63.21;60.49;48.93;44.42;55.32;50.98;58.29;48.82;46.64;44.66;45.85;54.24;51.6;50.16;51.95;44.82;48.98;51.77;59.5;50.64;51.83;54.21;56;53.1;54.2
O3;uur;µg/m³;2023-11-07T19:00:00+01:00;2023-11-07T20:00:00+01:00;52.1;47.5;40.3;48.6;49;56.52;54.95;55.48;57.24;59.27;51.16;52.72;48.8;60.58;60.62;61.5;54.81;46.49;58.64;53.84;60.16;56.5;46.88;46.56;52.62;48.57;57.15;51.78;45.22;47.19;47.7;52.07;50.46;49.2;49.41;47.49;46.05;49.39;56;51.1;57.63;53.67;54.4;53;53.4
O3;uur;µg/m³;2023-11-07T20:00:00+01:00;2023-11-07T21:00:00+01:00;51.7;44.5;31.5;37.5;37.4;54.58;56.98;54.67;57.74;56.13;44.89;50.77;47.64;57.13;55.78;63.01;50.72;38.6;57.35;52.4;64.02;53.41;36.7;46.31;59.56;47.99;56.06;48.25;44.96;46.64;48.42;51.9;49.83;47.59;52.7;55.39;48.84;50.01;53.52;51.2;56.67;52.78;52;49.2;49.9
O3;uur;µg/m³;2023-11-07T21:00:00+01:00;2023-11-07T22:00:00+01:00;47.6;39.4;27.8;23.5;29.2;55.89;53.29;56.75;60.69;53.04;47.91;48.49;47.15;55.48;55.7;59.85;41.85;35.05;56;49.32;63.59;46.1;29.15;33.02;59.92;51.53;51.01;46.27;45.14;45.04;47.64;51.06;46.31;47.07;53.46;53.9;52.35;50.86;51.72;51.56;60.84;55.91;51.9;42.3;45.1
O3;uur;µg/m³;2023-11-07T22:00:00+01:00;2023-11-07T23:00:00+01:00;45.5;30.8;24.3;27.2;35.9;56.93;53.52;60.73;62.19;50.79;42.07;50.93;45.81;56.11;49.95;58.34;56.21;34.93;54.08;47.64;63.55;40.77;31.01;48.25;58.18;51.78;48.55;45.58;40.47;41.59;45.93;44.65;44.36;48.22;48.14;51.97;50.38;46.85;54.07;51.58;55.94;57.73;46.6;45.6;44.9
O3;uur;µg/m³;2023-11-07T23:00:00+01:00;2023-11-08T00:00:00+01:00;41.9;36;20;23.8;35.3;58.73;53.22;61.78;63.07;50.11;43.71;51.58;41.78;55.98;53.86;58.13;57.27;38.35;53.17;50.85;62.06;39.35;32.87;50.68;59.78;51.51;48.61;45.19;41.89;45.17;45.65;47.22;45.21;44.52;45.99;49.04;47.42;44.76;56.6;50.67;52.78;53.63;38.2;38.4;37.8
O3;uur;µg/m³;2023-11-08T00:00:00+01:00;2023-11-08T01:00:00+01:00;44.3;37.5;19.1;23.3;33.8;57.5;52.88;61.78;63.74;49.61;43.24;50.95;43.09;54.52;49.98;56.67;61.65;38.68;52.91;50.31;62.68;40.4;28.78;56.84;56.42;53.42;47.65;42.38;40.73;43.21;45.8;45.21;46.72;42.6;44.55;48.71;44.36;43.6;51.99;50.1;56.31;53.95;39;36.5;32.9
O3;uur;µg/m³;2023-11-08T01:00:00+01:00;2023-11-08T02:00:00+01:00;42.5;38.7;19;18.1;33.4;57.65;53.15;62.64;64.63;49.97;38.96;47.6;41.22;51.1;51.17;54.52;59.25;36.17;52.19;48.46;62.97;36.71;34.47;46.41;56.17;54.58;45.82;41.56;39.21;43.35;45.85;43.27;46.1;37.59;41.35;47.85;43.33;44.64;44.75;48.84;52.71;52.88;37;34.4;33.2
O3;uur;µg/m³;2023-11-08T02:00:00+01:00;2023-11-08T03:00:00+01:00;41.6;36;14.3;15.7;36.5;;;;;;;;;;;;;;;;;;;;;;;;;;;;;;;;;;;;;;37.5;39.7;35.7
O3;uur;µg/m³;2023-11-08T03:00:00+01:00;2023-11-08T04:00:00+01:00;34.5;35.8;11.2;21;36.4;59;50.79;58.88;62.01;46.41;34.81;47.24;42.41;50.57;46.12;53.99;56.96;36.77;47.84;42.04;62.28;35.34;26.63;49.51;54.62;55.77;48.03;37.75;37.36;39.39;43.03;39.56;37.5;36.67;39.42;46.97;40.02;45.52;44.66;45.08;54.68;46.12;36.9;40.5;36.8
O3;uur;µg/m³;2023-11-08T04:00:00+01:00;2023-11-08T05:00:00+01:00;39.9;33.1;25.3;25.9;23.3;53.86;52.04;57.88;61.88;46.61;38.72;47.06;43.76;51.32;45.29;53.03;49.98;35.04;46.33;45.17;64.19;36.16;32.87;25.57;55.28;55.39;44.05;35.75;34.98;37.63;39.21;38.26;38.46;37.2;38.55;46.39;46.61;44.78;45.79;46.41;55.2;44.39;34.7;39.4;34.8
O3;uur;µg/m³;2023-11-08T05:00:00+01:00;2023-11-08T06:00:00+01:00;41.7;34.1;22.1;26.3;33;53.44;51.3;56.09;59.67;49.38;44.11;44.54;40.89;48.4;52.07;51.05;33.11;26.89;49.71;45.31;62.75;38.43;30.9;24.61;51.31;45.8;39.33;35.94;35.48;37.59;36.42;38.32;38.68;37.43;38.4;46.56;39.42;40.4;43.23;44.45;47.21;46.25;29.4;34.4;30.5
O3;uur;µg/m³;2023-11-08T06:00:00+01:00;2023-11-08T07:00:00+01:00;42.6;24.4;22.1;33;33.8;50.64;50.6;53.27;54.37;48.26;45.27;40.81;42.08;45.83;53.54;52.46;37.88;30.46;47.45;33.33;39.72;36.34;29.72;28.81;48.77;30.37;38.67;36.6;33.95;31.33;31.49;37.43;40.03;39.31;38.98;45.7;38.6;37.34;37.67;44.42;42.51;42.39;31.1;32.3;31.7
O3;uur;µg/m³;2023-11-08T07:00:00+01:00;2023-11-08T08:00:00+01:00;42.6;21.7;34.3;35;43.7;48.06;48.14;54.23;54.26;45.82;43.43;35.56;36.23;42.22;51.62;51.15;43.5;36.67;46.88;29.15;44.89;42.27;31.7;29.8;27.85;28.51;39.68;39.36;28.87;27.96;29.57;32.17;32.4;40.63;39.37;39.38;37.63;37.23;32.31;40.93;40.29;37.44;35.5;32.5;33.5
O3;uur;µg/m³;2023-11-08T08:00:00+01:00;2023-11-08T09:00:00+01:00;35.2;19.6;28.4;41.4;45.6;50.34;44.87;55.2;55.81;44.58;36.77;37.92;36.75;42.88;47.93;47.69;44.46;33.59;45.69;36.69;42.72;42.12;31.75;29.36;29.52;32.02;38.34;39.22;28.2;27.62;31.56;31.84;34.98;39.56;37.63;35.89;38.55;36.75;35.07;40.16;35.76;36.44;32.1;30.9;31.8
O3;uur;µg/m³;2023-11-08T09:00:00+01:00;2023-11-08T10:00:00+01:00;38.6;26.3;37.6;40.2;41.2;53.61;46.9;57.65;58.91;42.16;39.06;39.12;39.2;45.49;47.75;49.24;46.94;38.58;46.31;39.66;49.27;43.75;36.52;36.21;39.03;37.26;39.64;38.3;27.48;29.72;32.74;33.35;33.57;42.47;42.34;38.35;42.74;38.78;42.77;41.94;38.37;38;39.3;36.9;37.7
O3;uur;µg/m³;2023-11-08T10:00:00+01:00;2023-11-08T11:00:00+01:00;39.2;29.6;37.4;42.3;37.4;56.11;52.58;58.9;62.31;48.39;43.02;44.91;45.72;51.48;49.7;52.04;45.34;40.12;47.83;44.01;49.93;43.21;37.73;37.58;44.6;39.88;44.87;41.45;30.98;32.34;32.51;35.3;36.87;45.22;45.49;44.71;43.96;43.43;47.91;45.45;44.47;43.09;41.7;38.7;38.8
O3;uur;µg/m³;2023-11-08T11:00:00+01:00;2023-11-08T12:00:00+01:00;42.4;36.1;42.7;40.6;;57.82;58.57;63.55;66.61;;48.88;51.82;52.2;57.51;53.11;54.05;49.36;46.6;52.09;50.06;51;45.41;39.59;41.51;42.34;38.94;44.92;45.2;32.6;38.69;33.27;39.69;44.34;47.2;47.22;50.91;46.5;47.5;47.38;49.8;50.49;47.52;45.1;43.6;44
O3;uur;µg/m³;2023-11-08T12:00:00+01:00;2023-11-08T13:00:00+01:00;46.2;40.5;46.3;41.1;;63.11;62.14;67.54;69.91;;51.68;55.78;58.35;63.16;53.7;56.8;47.46;48.8;54.93;53.89;52.97;47.31;46.09;39.18;42.68;40.32;51.22;46.53;39.92;42.6;39.37;47.8;49.82;54.23;53.37;54.98;49.62;47.52;48.15;51.01;52.39;52.06;50.9;44.9;47.6
O3;uur;µg/m³;2023-11-08T13:00:00+01:00;2023-11-08T14:00:00+01:00;48.5;41;46.8;47.2;;65.11;66.24;68.34;70.52;62.52;54.91;60.44;61.49;64.6;55.57;55.88;48.72;52.83;57.09;56.09;54.67;48.94;45.74;41.07;46.46;44.72;53.8;48.42;42.83;45.11;41.59;51.54;51.91;57.38;59.03;60.01;55.47;47.93;49.34;51.38;48.28;52.89;53.8;51.5;51.2
O3;uur;µg/m³;2023-11-08T14:00:00+01:00;2023-11-08T15:00:00+01:00;53.6;41.4;50.2;48.6;;64.54;65.7;68.22;69.83;;48.31;59;61.4;63.45;53.53;57.88;49.68;54.95;58.31;57.82;54.8;52.63;48.21;44.46;50.13;46.74;56.2;50.31;45.25;46.56;41.73;51.06;54.03;58.06;60.87;61.64;58.01;52.45;52.84;58.01;51.22;52.43;52.5;47;49.7
O3;uur;µg/m³;2023-11-08T15:00:00+01:00;2023-11-08T16:00:00+01:00;51;44;46.6;52.8;;63.67;63.94;66.21;69.19;59.98;53.14;56.9;58.47;62.87;55.2;58.26;51.47;50.4;54.16;58.02;58.7;53.04;46.44;45.55;50.9;49.37;58.96;54.69;45.76;45.67;43.46;52.3;56.35;55.62;59.18;58.61;59.12;54.99;55.12;61.38;51.46;52.94;54.7;52.8;52
O3;uur;µg/m³;2023-11-08T16:00:00+01:00;2023-11-08T17:00:00+01:00;52.4;39.5;48;50.7;46.9;59.1;62.59;63.63;66.52;58.28;55.08;56.58;57.47;62.06;54.47;58.79;51.11;50.44;54.8;55.42;55.44;52.75;52.5;43.78;52.14;48.47;60.12;54.33;47.48;;47.57;52.63;53.07;55.81;60.88;58.71;58.74;55.48;58.35;59.08;57.37;54.15;60.1;55.7;55.1
O3;uur;µg/m³;2023-11-08T17:00:00+01:00;2023-11-08T18:00:00+01:00;52.4;44.9;50.7;48.7;48.2;60.05;60.9;62.66;64.24;56.85;51.5;55.23;58.05;58.95;55.82;57.45;49.16;55.82;59.02;55.52;56.89;51.92;49.19;43.24;53.05;47.95;60.32;52.71;46.6;47.57;42.6;50.57;52.7;60.9;60.44;52.34;58.71;57.15;60.06;60.91;58.55;57.69;55.7;52.1;51.7
O3;uur;µg/m³;2023-11-08T18:00:00+01:00;2023-11-08T19:00:00+01:00;51.5;42.4;49.5;48.1;53.3;56.8;60.7;61.78;64.58;55.57;51.58;53.94;58.2;57.05;55.15;55.93;50.61;55.4;58.64;54.87;55.61;50.09;47.91;42.73;49.24;47.82;58.35;51.05;47.09;47.94;46.32;52.74;53.72;53.71;58.07;51.9;58.6;57.8;59.5;63.31;58.95;57.8;54.9;52.6;51.3
O3;uur;µg/m³;2023-11-08T19:00:00+01:00;2023-11-08T20:00:00+01:00;53.1;44.2;50.7;46.5;52;59.05;57.94;61.27;63.1;56.56;50.83;53.7;58.97;55.49;53.46;55.5;51.19;56.2;58.89;55.24;54.9;49.81;46.98;45.27;50.92;47.9;58.46;50.07;46.49;49.41;46.6;51.66;53.44;50.88;57.85;51.51;56.19;55.84;57.38;61.31;60.34;60.24;55.1;53.4;53.2
O3;uur;µg/m³;2023-11-08T20:00:00+01:00;2023-11-08T21:00:00+01:00;52.7;44.7;51;46;49.8;59.41;56.61;61.85;62.84;56.51;50.93;53.82;58.14;55.98;53.18;56.93;50.99;55.55;56.97;54.43;55.25;50.38;50.89;44.62;50.92;48.03;57.35;51.62;45.47;49.67;48.48;51.91;54.37;48.9;57.14;51.69;55.14;55.41;56.14;58.93;58.89;58.85;57.3;56.8;54.2
O3;uur;µg/m³;2023-11-08T21:00:00+01:00;2023-11-08T22:00:00+01:00;52.5;45.5;50.6;42.7;49.5;59.7;56.44;62.58;63.42;57.28;51.65;55.14;59.92;57.91;51.51;57.58;50.98;55.87;57.7;54.62;54.26;48.87;47.1;45.68;50.64;47.07;56.9;51.12;45.5;50.09;48.65;51.22;53.45;49.24;56.99;52.74;54.13;54.19;55.03;58.11;57.37;57.03;57.4;56.1;53.4
O3;uur;µg/m³;2023-11-08T22:00:00+01:00;2023-11-08T23:00:00+01:00;54.1;48;52.4;41.3;51.6;61.22;58.63;64.27;64.94;57.09;51.78;55.79;60.52;57.81;54.03;58.81;48.7;56.28;58.04;56.27;53.67;50;51.23;44.57;49.56;46.96;56.37;52.12;46.3;50.8;47.93;51.78;54.48;49.6;57.1;53.62;53.61;52.65;54.83;56.8;56.48;56.37;57.1;55.8;53.4
O3;uur;µg/m³;2023-11-08T23:00:00+01:00;2023-11-09T00:00:00+01:00;53.7;48.7;52.9;46.2;51;60.7;59.46;64.04;65.18;57.89;51.6;55.93;61.92;58.77;54.24;58.13;51.61;56.79;58.3;56.48;53.57;51.33;51.79;45.83;51.24;46.3;56.91;52.4;48.02;53.59;50.2;52.81;54.79;51.36;57.63;54.81;54.25;53.1;54.11;55.53;56.08;55.29;57.1;55.5;53.2
O3;uur;µg/m³;2023-11-09T00:00:00+01:00;2023-11-09T01:00:00+01:00;52.1;46.9;51.7;47;51.3;58.77;59.65;61.44;63.49;57.31;49.94;54.93;61.42;57.28;54.85;57.78;52.26;56.78;58.66;56.48;64.42;51.55;49.37;48.34;66.45;56.38;57.67;52.7;48.55;53.89;51.27;53.64;55.45;54.21;58.65;55.6;55.54;52.64;54.14;55.76;54.66;54.71;57.6;57.7;55
O3;uur;µg/m³;2023-11-09T01:00:00+01:00;2023-11-09T02:00:00+01:00;51.5;46.9;48.9;49.7;64.4;55.91;57.82;58.24;60.92;56.13;49.22;54.23;60.56;55.99;61.61;57.4;70.53;53.77;57.26;54.75;67.9;55.61;44.39;60.47;62.5;59.43;57.93;51.48;48.78;53.59;51.51;53.26;54.1;55.01;58.34;54.85;56.19;53.65;55.21;57.04;53.39;54.6;57.9;57.5;53.5
O3;uur;µg/m³;2023-11-09T02:00:00+01:00;2023-11-09T03:00:00+01:00;49.6;52.1;56.7;56.3;74.7;54.83;56.23;59.77;61.76;55.3;47.59;54.2;59.14;55.98;68.96;58.63;72.8;59.11;59.6;51.68;76.1;70.47;64.41;71.45;62.81;63.42;57.3;54.6;48.25;53.03;50.65;52.29;52.14;54.81;56.48;53.2;55.66;53.8;64.43;58;53.27;54.69;54.8;48.8;53.7
O3;uur;µg/m³;2023-11-09T03:00:00+01:00;2023-11-09T04:00:00+01:00;47.8;51.2;56.4;27.9;44.1;57.06;54.96;60.71;63.17;53.9;54.58;53.96;56.35;55.92;67.1;67.36;68.17;53.43;63.04;51.57;74.76;64.61;52.35;64.97;62.58;60;55.5;59.56;45.99;50.64;58.26;49.68;48.87;53.28;55.54;52.74;54.5;52.47;57.97;58.03;68.33;55.28;43.8;49;55.5
O3;uur;µg/m³;2023-11-09T04:00:00+01:00;2023-11-09T05:00:00+01:00;53.4;35.9;29.8;30.9;38.1;56.86;55.05;60.28;62.18;51.15;61.3;51.97;57.84;54.38;67.39;61.3;65.13;36.5;62.58;48.57;72.19;59.01;32.34;57.66;63.07;54.04;52.75;53.66;46.67;51.71;57.09;50.5;57.12;51.02;54.31;51.53;53.63;51.21;63.81;56.94;60.74;54.59;53.4;55;55
O3;uur;µg/m³;2023-11-09T05:00:00+01:00;2023-11-09T06:00:00+01:00;54.4;27.3;39.5;34;23.4;55.64;53.51;58.06;59.18;51.31;49.84;47.31;62.88;50.16;59.04;48.01;59.09;41.61;62.11;59.65;57.28;51.42;40.6;35.37;58.59;48.16;60.2;56.97;56.04;57.54;51.92;58.47;51.38;48.81;52.36;49.49;51.29;53.49;60.16;55.63;62.15;52.72;57;58.1;58.4
O3;uur;µg/m³;2023-11-09T06:00:00+01:00;2023-11-09T07:00:00+01:00;42.3;20.2;25.9;29.6;42.1;52.52;50.72;54.25;55.62;56.78;44.55;44.98;53.72;48.46;55.92;43.68;56.34;25.63;57.34;53.25;62.28;16.91;18.7;18.65;45.5;42.87;63.51;48.63;49.38;48.32;41.05;54.58;48.98;48.1;60.57;46.61;48.1;57.9;61;53.03;58.72;55.59;56.8;47.3;53.3
O3;uur;µg/m³;2023-11-09T07:00:00+01:00;2023-11-09T08:00:00+01:00;28.7;12;25.7;28.5;43.2;47.69;48.35;57.2;53.84;46.2;40.75;45.48;38.12;53.24;52.1;40.46;56.2;9.66;45.12;39.48;67.93;4.32;26.3;31.71;43.03;31.74;59.99;32.83;34.05;33.97;34.77;44.63;45.05;44.08;58.37;52.67;50.36;56.31;54.13;50.02;58.05;55.77;45.1;31.6;34.9
O3;uur;µg/m³;2023-11-09T08:00:00+01:00;2023-11-09T09:00:00+01:00;30.1;5.7;5.5;23.9;30.4;55.18;51.27;61.75;67.09;40.56;33.96;43.34;27.94;42.72;42.36;39.95;48.56;8.69;41.36;38.04;64.94;3.97;9.89;14.48;26.84;20.37;57.78;24.54;25.41;22.47;20.08;36.66;34.26;47.21;55.69;44.72;59.72;55.41;54.29;59.73;53.07;49.8;36.4;16.5;25
O3;uur;µg/m³;2023-11-09T09:00:00+01:00;2023-11-09T10:00:00+01:00;33.2;12;15.6;29.1;39.6;56.61;47.3;59.88;62.24;36.69;30.98;40.19;29.25;43.2;35.44;40.37;40.02;17.86;41.05;34.11;65.66;18.93;22.33;12.48;36.15;23.5;50.25;31;27.07;27.44;24.25;35.55;33.17;48.12;47.75;36.44;55.65;51.31;50.54;66.87;49.63;49.24;32.1;21.1;25.8
O3;uur;µg/m³;2023-11-09T10:00:00+01:00;2023-11-09T11:00:00+01:00;34.6;19.2;27.9;35.5;44.3;56.09;48.11;53.46;56.99;43;37.99;42.38;32.62;47.2;45.3;42.31;40.12;28.33;43.47;32.27;61.47;38.19;30.67;24.64;36.97;41.27;43.31;35.38;29.18;31.64;29.01;37.21;36.62;42.01;44.45;36.32;51.34;51.96;47.96;62.1;54.59;52.7;31.3;25.5;27.5
O3;uur;µg/m³;2023-11-09T11:00:00+01:00;2023-11-09T12:00:00+01:00;36.1;24.8;33.5;37.1;46.2;55.75;54.85;50.48;58.56;49.44;40.9;48.1;46.97;51.57;46.22;49.23;45.47;32.81;45.12;38.46;42.2;42.57;36.94;33.44;39.42;31.03;47.35;39.86;32.38;37.41;36.44;39.36;39.03;42.05;47.17;43.66;51.21;47.95;47.3;57.21;54.09;54.99;38.6;31.3;32.3
O3;uur;µg/m³;2023-11-09T12:00:00+01:00;2023-11-09T13:00:00+01:00;38.1;28.2;36.6;35.8;;58;60.35;58.59;58.78;51.33;44.21;51.57;48.64;55.96;49.11;54.82;46.17;41.11;48.32;42.92;51.32;41.86;38.63;34;44.09;38.33;49.66;44.43;35.76;37.23;36.18;42.32;40.24;45.15;51.5;51.39;53.68;48.92;44.4;59.58;54.61;55.38;43.5;37.7;39
O3;uur;µg/m³;2023-11-09T13:00:00+01:00;2023-11-09T14:00:00+01:00;42.2;34.3;44.8;38.9;;59.75;61.26;63.53;60.88;57.22;50.95;56.97;55.99;62.13;52.79;59.31;41.62;49.34;52.12;50.37;49.77;42.14;42.77;31.42;42.42;37.55;48.27;39.79;37.82;38.17;30.22;42.12;46.49;50.98;52.38;51.05;56.43;50.83;48.92;61.19;55.43;55.89;46.2;42.3;44.2
O3;uur;µg/m³;2023-11-09T14:00:00+01:00;2023-11-09T15:00:00+01:00;43.8;32.8;44.7;46.9;;63.05;62.12;64;65.23;60.92;55.32;56.72;58.17;61.71;58.39;59.45;48.21;50.54;57.9;56.02;49.51;46.34;45.21;36.81;39.31;39.81;51.28;44.02;39.22;41.33;33.33;45.92;49.36;52.74;54.93;46.42;54.69;47.6;46.65;57.94;48.55;51.75;40.6;37.1;40.3
O3;uur;µg/m³;2023-11-09T15:00:00+01:00;2023-11-09T16:00:00+01:00;47.9;39.1;45.7;58.5;59;59.69;62.88;64.32;66;63.01;51.19;55.26;59.83;60.9;66.14;69.08;61.04;50.27;59.09;58.67;68.99;59.93;40.1;39.16;35.78;50.67;50.97;50.31;45.8;45.1;35.88;51.5;53.31;48.73;53.05;48.99;48.73;46.24;48.02;54.75;46.9;49.84;44;39.6;43.5
O3;uur;µg/m³;2023-11-09T16:00:00+01:00;2023-11-09T17:00:00+01:00;50.9;27.9;26.9;50.8;57.2;57.3;60.49;63.41;62.91;61.42;61.29;54.34;61.63;58.3;68.03;64.27;53.36;35.87;59.29;56.74;70.96;53.41;23.26;32.58;50.85;58.91;55.63;63.19;42.85;42.84;55.34;52.83;54.02;47.91;58.21;49.49;50.22;43.29;51.95;51.85;44.74;42.34;43.3;58.6;56.1
O3;uur;µg/m³;2023-11-09T17:00:00+01:00;2023-11-09T18:00:00+01:00;52.5;35.2;46;52.4;57.5;58.87;59.16;65.8;65.62;69.07;48.62;53.54;61.11;59.26;61.67;57.94;50.35;40.89;59.51;51.07;57.11;55.94;40.64;33.42;63.73;44.94;70.16;54.22;46.8;51.9;42.79;59.5;58.8;52.89;59.02;52.29;50.63;51.91;67.26;50.68;45.74;43.59;59.8;46.4;53.2
O3;uur;µg/m³;2023-11-09T18:00:00+01:00;2023-11-09T19:00:00+01:00;48.2;30.7;39.8;52.4;55.9;59.35;67.15;65.97;67.41;67.19;51.81;65.32;56.3;67.44;58.17;66.3;49.87;44.09;56.83;49.01;54.1;49.25;41.83;37.43;60.05;44.77;63.34;51.22;48.07;47.84;41.86;56.7;52.83;51.83;69.13;65.95;56.19;67.29;71.65;51.19;48.83;49.73;55.7;44.5;47.9
O3;uur;µg/m³;2023-11-09T19:00:00+01:00;2023-11-09T20:00:00+01:00;44.5;25;39.1;50.8;53;61.9;70.57;72.18;73.15;61.99;53.01;61.3;56.36;60.08;63.04;71.65;49.52;45.94;57.33;50.52;57.17;49.57;41.97;40.95;47.72;44.71;62.54;49.45;39.73;38.07;32.44;47.38;47.53;65.68;63.36;61.79;67.57;61.83;67.13;53.15;61.04;60.52;51.4;44.7;46
O3;uur;µg/m³;2023-11-09T20:00:00+01:00;2023-11-09T21:00:00+01:00;56;39.9;48.4;52.5;55;66.35;64.65;69.59;70.99;57.24;59.26;57.15;54.8;61.73;70.07;70.95;53.53;51.78;59.8;51.84;54.27;55.89;52.74;45.5;48.39;37.53;57.94;45.92;37.93;38.38;33.29;44.35;48.73;65.43;61.97;57.97;69.2;60.91;59.43;60.2;61.13;63.08;52.5;49.6;47.2
O3;uur;µg/m³;2023-11-09T21:00:00+01:00;2023-11-09T22:00:00+01:00;63.8;46.7;57.2;61.2;65;64.03;65.83;69.39;71.99;60.55;61.64;59.23;59.04;63.32;67.3;71.08;60.28;61.27;69.05;59.37;60.16;59.01;56.71;51.83;46.14;43.82;56;53.69;45.51;47.15;46.83;51.08;52.27;63.87;57.79;56.75;65.2;57.02;58.56;71.98;59.88;60.2;51.1;49.2;49.1
O3;uur;µg/m³;2023-11-09T22:00:00+01:00;2023-11-09T23:00:00+01:00;65.3;54.7;61.8;61.4;65.5;64.15;64.47;68.01;71.27;61.88;63.41;58.03;62.83;61.28;67.43;69.58;63.16;64.92;65.12;61.91;63.34;65.18;60.53;59.15;52.91;51.2;53.18;61.22;44.92;48.42;54.62;51.41;58.8;59.27;55.06;57.91;59.39;55.72;56.98;71.75;58.96;60.94;59.1;55.2;55.1
O3;uur;µg/m³;2023-11-09T23:00:00+01:00;2023-11-10T00:00:00+01:00;63.6;54.5;61.5;63.5;65.5;62.44;62.61;65.78;67.41;60.18;53.8;58.39;65.78;60.35;68.24;61.83;63.39;62.43;65.88;64.03;66.38;65.32;58.92;60.14;56.27;57.47;55.33;57.72;48.96;52.77;54.48;54.05;57.61;58.45;59.53;59.44;57.58;52.72;61.22;64.81;56.13;59.15;64.8;61.4;60.6
O3;uur;µg/m³;2023-11-10T00:00:00+01:00;2023-11-10T01:00:00+01:00;63.6;54.2;56.7;65.5;66.1;59.17;61.11;63.52;65.42;56.79;56.28;56.62;59.58;59.27;67.87;58.1;64.76;58.05;62.36;59.74;67.23;67.24;60.97;62.27;58.32;59.39;58.96;59.45;53.12;57.7;60.28;58.75;58.22;58.18;63.24;57.96;59.14;52.88;64.3;60.72;53.15;56.72;62.5;61.7;60
O3;uur;µg/m³;2023-11-10T01:00:00+01:00;2023-11-10T02:00:00+01:00;63.3;53.3;56.7;58.4;69;57.51;60.02;58.51;61.61;56.75;53.43;56.2;59.95;57.35;61.12;60.2;66.63;55.43;61.15;56.4;68.93;67.74;61.28;64.13;57.38;59.08;61.96;56.47;51.36;53.86;57.29;56.14;53.28;57.35;60.03;55.13;61.23;57.48;64.27;61.13;54.04;55.56;62.3;61.2;59.2
O3;uur;µg/m³;2023-11-10T02:00:00+01:00;2023-11-10T03:00:00+01:00;54.8;47.1;47.2;54.5;65.3;54.91;56.39;57.08;61.37;56.94;54.49;53.5;58.34;56.03;60.42;59.35;62.2;49.23;57.99;51.9;67.03;64.74;52.56;59.29;56.24;60.47;59.52;53.76;47.76;51.49;53.25;51.79;52.74;55.61;57.87;53.8;58.51;61.14;64.87;63.81;57.39;57.37;60.9;63.3;59.8
O3;uur;µg/m³;2023-11-10T03:00:00+01:00;2023-11-10T04:00:00+01:00;58.3;44.3;47.7;51;60;55.46;55.71;57.87;62.56;58.75;53.18;56.07;58.9;59.46;59.37;61.35;59.07;51.8;57.09;49.74;66.06;60.74;52.08;56.64;55.93;57.52;56.08;53.44;49.02;53.86;53.11;53.9;50.82;54.27;57.07;52.98;55.59;56.41;61.96;63.86;61.54;61.81;58.2;59.6;54.3
O3;uur;µg/m³;2023-11-10T04:00:00+01:00;2023-11-10T05:00:00+01:00;54.5;46.5;44.4;50.9;58.2;55.57;59.85;57.91;60.81;59.01;55.86;57.2;57.76;59.09;58.55;59.52;56.01;47.91;57.39;49.94;61.16;58.62;49.53;52.46;56.15;55.38;56.58;53.95;51.12;55.77;53.87;55.59;51.86;50.18;58.41;55.75;53.8;55.7;59.75;61.84;60.86;62;57.5;56.4;52.3
O3;uur;µg/m³;2023-11-10T05:00:00+01:00;2023-11-10T06:00:00+01:00;51.8;43.3;43.4;53.2;55.4;55.27;59.41;59.32;59.87;58.01;56.74;54.6;57;57.67;58.38;58.92;52.18;46.35;57.83;50.97;57.54;56.71;51.1;45.03;53.5;51.79;56.75;50.68;49.97;52.61;47.76;53.73;49.65;50.35;59.05;58.33;51.71;55.68;59.52;58.67;57.72;58.85;56.1;57.9;52
O3;uur;µg/m³;2023-11-10T06:00:00+01:00;2023-11-10T07:00:00+01:00;49.4;35.8;43.2;52.8;53;56.51;57.51;60.94;59.92;54.27;52.37;49.8;53.5;54.53;59.38;57.32;48.65;50.71;54.05;50.95;55.73;53.9;41.52;38.28;45.68;47.52;55.2;49.38;44.69;43.14;37.74;50.25;50.03;52.21;58.87;56.21;53.49;54.08;58.02;57.01;55.51;54.85;53.6;49.9;48
O3;uur;µg/m³;2023-11-10T07:00:00+01:00;2023-11-10T08:00:00+01:00;49.6;37.9;46.6;52.8;56.1;56.84;53.39;57.74;59.45;52.75;43.09;46.49;48.36;51.15;58.98;57.37;51.88;48.83;52.31;49.78;55.17;52.29;37.86;41.8;41.33;44.77;52.92;46.61;36.09;32.07;32.67;42.72;44.76;52.31;53.42;51.24;56.33;52.95;55.22;53.66;54.8;53.55;49.4;44;45
O3;uur;µg/m³;2023-11-10T08:00:00+01:00;2023-11-10T09:00:00+01:00;46.2;30;44.8;52.2;48;55.2;54.71;56.84;58.78;50.88;42.4;45.61;43.61;51.28;58.09;55.68;49.66;45.87;53.86;44.85;55.94;47.76;48.21;38.17;46.26;42.45;48.49;45.93;32.19;29.64;34.01;39.61;41.71;52.47;50.03;47.12;54.03;51.85;54.34;54.69;53.8;50.08;48;41.8;43.5
O3;uur;µg/m³;2023-11-10T09:00:00+01:00;2023-11-10T10:00:00+01:00;50.4;39.4;48.5;50.1;48.4;55.14;54.37;60.19;61.57;51.64;41.25;48.03;48.33;51.56;53.97;54.06;51.79;51.93;55.06;48.52;57.26;52.83;50.55;44;46.55;45.05;48.95;48.61;33.4;33.84;34.21;38.54;41.29;53.18;50.24;46.88;52.94;49.62;54.4;57.14;53.86;52.93;49.5;40.9;44.5
O3;uur;µg/m³;2023-11-10T10:00:00+01:00;2023-11-10T11:00:00+01:00;44.3;38.9;45.9;44.3;49.1;58.31;56.85;63.04;64.59;52.71;44.09;50.31;49.54;55.01;53.72;55.44;48;49.7;52.21;49.07;52.59;46.59;40.46;41.28;50.7;38.32;48.49;43.29;38.18;40.09;28.6;43.17;46.21;52.02;51.28;47.7;51.32;48.61;51.55;57.68;53.11;54.07;48.9;40.3;45
O3;uur;µg/m³;2023-11-10T11:00:00+01:00;2023-11-10T12:00:00+01:00;47;36.7;40.6;46.1;47.1;57.73;58.26;59.49;62.08;53.07;52.07;48.81;50.38;53.5;55.09;56.23;47.59;46.64;53.11;49.57;48.11;48.19;41.3;41.68;44.63;32.42;50.11;44.87;39.08;39.65;35.58;45.79;46.16;50.41;50.89;48.6;52.58;47.84;49.89;58.1;49.14;50.89;39.1;33.4;40.2
O3;uur;µg/m³;2023-11-10T12:00:00+01:00;2023-11-10T13:00:00+01:00;47.8;35.2;38.2;32.8;52.1;55.47;55.12;57.38;58.63;54.72;55.19;49.16;52.21;54.55;56.84;54.68;45.74;40.78;52.47;49.44;49.48;48.16;43.81;35.71;38.48;35.01;49.64;45.9;37.59;36.67;36.16;45.17;46.5;51.93;49.64;46.83;50.79;45.89;47.88;57.22;49.92;46.86;42.5;32.4;40.8
O3;uur;µg/m³;2023-11-10T13:00:00+01:00;2023-11-10T14:00:00+01:00;42.1;28.4;32.4;37.6;51.5;50.38;55.16;52.89;53.83;55.65;52.54;50.08;52.03;55.97;55.35;54.3;46.57;32.3;52.13;44.75;50.58;50.55;34.17;35.64;48.06;41.02;49.13;43.36;35.6;35.67;39.48;42.91;44.29;51.27;51.9;48.93;51.19;42.4;47.17;54.21;48.76;45.62;44.8;37.5;39.6
O3;uur;µg/m³;2023-11-10T14:00:00+01:00;2023-11-10T15:00:00+01:00;38.6;15.5;28.3;31.2;50;46.78;53.53;51.58;53.05;53.36;50.88;47.6;48.44;53.17;56.67;58.92;44.73;25.88;51.11;44;49.95;44.28;22.94;32.66;48.42;38.86;47.71;42.35;29.86;29.68;35.76;39.53;41.37;48.7;49.39;49.8;49.76;44.62;52.88;53.33;47.39;45.08;45.3;38.1;39.6
O3;uur;µg/m³;2023-11-10T15:00:00+01:00;2023-11-10T16:00:00+01:00;39.4;22.9;26.2;39.7;57.3;45.5;48.23;49.99;52.86;49.11;52.31;41.23;44.36;47.57;60.7;61.25;46.23;27.83;51.58;47.39;49.24;50.91;16.81;34.63;38.85;37.21;45.64;37.93;29.56;24.45;32.3;37.81;37.78;48.66;45.61;48.99;46.67;44.29;50.78;54.1;44.47;36.83;43;32.1;37.9
O3;uur;µg/m³;2023-11-10T16:00:00+01:00;2023-11-10T17:00:00+01:00;55.1;24.7;34.3;27.3;58.1;43.78;44.65;49.11;51.28;52.09;51.43;37.91;46.33;47.16;61.53;50.45;44.05;29.12;61.61;46.42;49.81;48.26;35.02;28.75;35.78;33.42;41.23;41.55;24.01;21.76;26.2;31.68;37.95;45.46;38.01;41.97;44.1;43.78;40.9;50.26;39.87;37.39;37.7;33;40
O3;uur;µg/m³;2023-11-10T17:00:00+01:00;2023-11-10T18:00:00+01:00;50.2;16.9;26.3;47.8;43.7;39.28;43.94;51.38;52.78;49.42;41.77;38.9;38.94;41.13;60.4;51.92;41.95;33.59;51.03;38.64;57.09;43.21;33.65;27.12;33.3;38.75;38.48;39.1;30.5;31.76;35.74;39.54;53.27;41.44;35.3;34.07;41.67;40.37;40.46;48.06;36.51;40.39;27.3;32.5;40
O3;uur;µg/m³;2023-11-10T18:00:00+01:00;2023-11-10T19:00:00+01:00;43.7;11.8;19.5;39.6;43.6;37.67;37.41;43.79;49.06;39.08;44.94;20.43;28.93;29.04;62.16;46.94;37.22;22.26;55.72;25.66;56.75;34.38;27.34;8.76;36.56;41.56;36.77;52.24;41.54;49.62;43.11;48.23;53.21;37.35;39.89;28.18;39.2;37.4;42.63;45.68;37.92;38.29;25.5;42.4;38.2
O3;uur;µg/m³;2023-11-10T19:00:00+01:00;2023-11-10T20:00:00+01:00;37.5;14.1;30;38.7;41.6;36.11;35.23;47.94;53.45;32.01;34.66;16.21;27.63;41.51;61.2;44.08;36.93;17.36;51;28.12;69.29;15.65;38.8;13.67;47.39;31.42;47.68;44.61;28.85;36.35;46.54;38.05;47.77;30.87;51.2;27.86;35.58;34.85;36.48;43.06;34.61;36.44;48.3;36.1;41.4
O3;uur;µg/m³;2023-11-10T20:00:00+01:00;2023-11-10T21:00:00+01:00;23.5;16.6;29.9;36;73.1;33.27;43.67;46.28;53.27;34.15;30.18;16.92;19.15;44.38;66.81;57.32;69.11;27.8;51.48;28.22;79.07;22.82;19.85;59.05;60.68;26.28;44.67;32.99;29.17;29.23;36.03;36.42;38.58;22.37;50.94;26.37;34.85;37.01;54.11;39.88;29.73;33.22;34.2;26.7;21.8
O3;uur;µg/m³;2023-11-10T21:00:00+01:00;2023-11-10T22:00:00+01:00;32.8;8.9;30.1;61.9;75.8;51.94;52.77;49;53.58;35.07;34.56;23.22;16.7;44.94;69.86;69.26;71.97;22.52;47.81;20.78;78.5;65.72;39.95;69.37;66.38;62.47;37.19;29.8;19.62;20.18;25.87;21.82;25.66;23.13;46.19;26.36;34.94;36.56;58.74;36.04;35;29.05;17.8;16.5;3
O3;uur;µg/m³;2023-11-10T22:00:00+01:00;2023-11-10T23:00:00+01:00;48.3;24.8;54.6;69.2;75;53.13;50.3;49.1;54.55;32.21;46.47;30.98;31.9;40.07;69.76;68.1;72.43;42.28;43.25;7.82;78.2;70.17;61.58;70.18;67.47;66.21;34.26;41.31;10.2;13.8;23.02;12.59;27.75;35.53;38.78;25.34;35.15;34;59.66;33.29;41.82;30.14;26.7;37.8;6.8
O3;uur;µg/m³;2023-11-10T23:00:00+01:00;2023-11-11T00:00:00+01:00;47.8;35.3;59;68.8;76.2;44.62;41.43;47.09;48.59;34.14;48.92;32;38.51;35.81;70.62;68.06;72.9;56.17;53.29;6.07;78.01;65.92;63.03;69.37;66.45;68;34.73;54.02;14.43;14.27;22.85;17.09;28.22;35.83;31.83;24.22;34.86;32.89;66.24;32.65;36.93;31.56;52.2;49.6;19.8
O3;uur;µg/m³;2023-11-11T00:00:00+01:00;2023-11-11T01:00:00+01:00;40.8;41.2;59.4;71.6;74.6;38.71;33.23;41.07;44.41;39.16;60.11;31.59;34.6;37.59;66.47;61.98;73.51;59.87;57.62;23.45;78.9;70.79;59.71;70.57;69.89;65.8;49.64;56.25;31.54;22.58;36.8;34.48;42.3;26.07;27.6;24.2;31.98;43.8;68.39;29.97;56.12;38.41;55.8;45.1;22.2
O3;uur;µg/m³;2023-11-11T01:00:00+01:00;2023-11-11T02:00:00+01:00;52.4;43.5;61.8;68.6;69.2;35.94;34.82;36.72;38.53;38.98;63.49;35.43;52.7;39.82;61.07;58.64;70.03;58.16;60.72;32.56;78.19;69.94;65.25;66.75;65.84;68.04;56.17;57.64;43.07;36.15;44.56;45.14;53.53;26.05;29.21;26.21;33.35;55.51;72.44;35.04;60.18;47.64;40.7;57.9;35.7
O3;uur;µg/m³;2023-11-11T02:00:00+01:00;2023-11-11T03:00:00+01:00;37;46.1;57.7;52;59.9;34.48;40.17;39.34;39.22;52.42;56.61;41.5;63.7;43.47;58.67;49.66;65.87;59.85;56.28;32.87;74.12;66.55;59.55;64.57;70.19;67.25;55.53;62.03;52.81;43.18;55.83;52.89;65.84;25.73;36.38;33.98;35.97;55.11;71.95;51.08;60.39;57.64;58.3;52.8;39
O3;uur;µg/m³;2023-11-11T03:00:00+01:00;2023-11-11T04:00:00+01:00;38.8;41.2;40.1;29.1;41.4;34.92;43.94;46.31;45.2;58.24;51.18;50.58;59.08;58.3;57.89;44.41;63.72;40.34;56.05;51.88;71.04;64.14;34.18;62.42;67.7;65.63;66.75;48.84;43.3;49.72;54.74;43.63;58.53;25.92;49.62;37.9;36.81;57.75;66.17;53.23;66.88;63.21;63.4;55.3;37.6
O3;uur;µg/m³;2023-11-11T04:00:00+01:00;2023-11-11T05:00:00+01:00;36.6;33.8;40.2;27;49;43.27;53.79;50.31;53.32;54.52;42.15;54.96;50.88;57.87;59.72;42.94;60.25;28.58;53.35;43.28;72.22;62.13;36.21;58.55;68.5;64.75;63;58.36;48.82;53.26;60.26;50.81;56.73;24.73;56.58;47.74;39.09;62.55;76.12;67.46;68.01;64.71;40.7;41.8;38.1
O3;uur;µg/m³;2023-11-11T05:00:00+01:00;2023-11-11T06:00:00+01:00;36.7;38.5;43.1;37.8;41.5;43.23;57.29;45.87;48.86;44.29;33.24;48.78;42.29;44.46;57.92;37.98;57.52;37.43;53.47;40.05;69.58;59.76;37.79;56.08;71.47;59.59;59.89;59.77;56.43;59.47;59.52;58.82;50.64;31.59;52.96;52.24;50.71;68.85;72.42;62.8;72.77;68.29;61;66.5;58.9
O3;uur;µg/m³;2023-11-11T06:00:00+01:00;2023-11-11T07:00:00+01:00;29.5;37.3;44.1;24;46.2;39.29;45.1;37.06;42.07;27.63;31.44;33.48;39.3;35.27;56.03;34.71;54.04;42.95;50.17;31.96;66.53;55.68;35.68;52.5;69.55;56.15;57.32;65.51;51.53;56.72;55.62;56.38;45.03;45.64;57.28;43.86;51.1;60.06;75.24;66.27;76.78;69.59;61.3;62.4;50.9
O3;uur;µg/m³;2023-11-11T07:00:00+01:00;2023-11-11T08:00:00+01:00;33.1;30.7;38.6;26.3;50.6;34.7;31.33;33.54;34.87;24.97;30.23;30.53;31.96;33.18;54.11;30.55;54.6;32.48;48.55;34.76;69.24;55.33;27.88;52.53;64.72;52.92;55.34;63.39;57.1;64.25;59.05;63.17;50.81;46.93;59.84;43.9;52.11;57.76;72.24;69.71;72.38;64.46;34.4;45.9;43.3
O3;uur;µg/m³;2023-11-11T08:00:00+01:00;2023-11-11T09:00:00+01:00;28.5;32.7;39.3;34.3;56.4;29.99;32.14;33.95;34.78;22.96;23.62;26.7;26.41;26.55;56.18;33.91;55.08;35.3;48.54;36.1;66.89;54.88;37.48;53.08;60.04;53.59;53.19;61.78;51.39;57.36;53.6;58.01;45.59;46.56;63.25;38.16;53.69;54.4;69.42;63.92;70.71;61.28;34.3;25;36.7
O3;uur;µg/m³;2023-11-11T09:00:00+01:00;2023-11-11T10:00:00+01:00;34;28.9;43.7;27.6;62.9;32.93;31.58;36.29;38.53;25.81;28.91;27.83;26.38;30.65;56.74;38.27;58.22;36.5;49.25;35.24;67.42;57.98;36.33;55.86;62.92;48.04;60.68;53.45;47.27;47.03;47.96;54.07;35.69;49.05;59.35;31.27;57.43;54.83;63.57;62.28;75.39;63.82;31;26.9;40.6
O3;uur;µg/m³;2023-11-11T10:00:00+01:00;2023-11-11T11:00:00+01:00;39.7;38.1;47.6;36.2;56.4;34.84;35.26;39.24;42.13;31.86;30.76;32.71;33.07;36.37;62;39.05;60.97;50.1;57.9;45.96;67.95;59.34;43.06;56.69;62.9;53.52;54.98;44.01;34.63;31.82;43.16;45.92;45.88;48.67;57.15;31.23;54.4;47.01;68.78;65.57;64.34;66.56;46.6;45.3;48.2
O3;uur;µg/m³;2023-11-11T11:00:00+01:00;2023-11-11T12:00:00+01:00;49.5;35.6;53.7;43.6;55.6;39.73;43.33;43.08;45.32;35.48;31.84;37.03;40.06;41.07;62.8;43.01;58.11;54.27;62.51;54.92;66.4;58.22;48.88;53.66;63.69;49.37;54.05;53.19;36.3;37.94;45.9;42.3;55.91;49.68;54.38;28.97;54.75;55.22;65.86;62.05;72.52;60.36;52.8;52.3;51.1
O3;uur;µg/m³;2023-11-11T12:00:00+01:00;2023-11-11T13:00:00+01:00;49.3;43.1;53.2;44.9;46.3;41.19;46.69;44.73;48.12;39.21;36.12;39.38;56.63;42.75;61.73;51.97;58.68;57.21;62.86;57.44;67.31;58.85;51.96;54.14;59.17;44.86;52.03;50.6;44.69;48.85;47.92;50.21;52.95;48.54;48.2;37.55;55.89;56.5;61.45;57.01;72.55;59.95;51.1;52.1;51.9
O3;uur;µg/m³;2023-11-11T13:00:00+01:00;2023-11-11T14:00:00+01:00;44.7;39.2;50.9;49;59.9;46.19;48.54;50.22;48.06;49.7;49.62;39.96;59.5;45.7;60.09;59.13;56.83;52.62;62.44;58.55;68.71;53.91;56.08;48.18;59.38;46.07;56.22;54.43;44.46;45.22;50.4;49.42;51.92;39.77;54.4;42.97;53.27;55.05;63.01;64.29;72.23;58.08;48.9;44.2;44.5
O3;uur;µg/m³;2023-11-11T14:00:00+01:00;2023-11-11T15:00:00+01:00;47.1;38.7;56.1;53.4;55.3;47.14;50.1;52.16;53.74;48.88;50.8;46.59;53.18;44.5;60.64;60.46;57.79;55.68;60.21;57.62;70.8;56.33;57.58;46.9;60.73;51.31;54.59;54.82;44.68;48.58;51.6;53.25;52.96;39.92;51.67;43.7;49.35;56.31;64.51;63.67;72.73;60.94;48.9;48.2;45.7
O3;uur;µg/m³;2023-11-11T15:00:00+01:00;2023-11-11T16:00:00+01:00;52.2;44.2;58.4;51.2;56.1;46.15;54.08;54.59;55.41;47.62;54.83;40.96;44.65;46.4;60.68;60;60.11;57.54;59.41;54.34;66.78;59.2;58.55;50.18;58.59;47.64;50.83;49.82;46.34;46.93;46.11;51.74;49.63;41.22;47.55;41.32;48.47;53.36;59.27;58.97;67.4;64.56;53.1;51.3;47.6
O3;uur;µg/m³;2023-11-11T16:00:00+01:00;2023-11-11T17:00:00+01:00;45.1;37.7;46.8;44.8;48;42.05;48.07;45.89;47.18;43.08;48.95;35.26;48.41;41.49;59.16;49.86;57.69;48.94;53.39;51.99;61.22;53.87;48.66;43.84;56.91;43.02;45.31;48.73;37.94;37.41;41.11;42.61;41.43;39.14;48.13;39.05;48.91;47.13;59.21;57.85;67.16;62.08;46.8;43;45.1
O3;uur;µg/m³;2023-11-11T17:00:00+01:00;2023-11-11T18:00:00+01:00;34;27.7;40.3;37.9;49.4;34.18;40.93;36.5;37.11;31.15;43.68;27.8;42.75;32.78;57.97;46.94;54.68;24.99;47.24;45.9;61.84;48.07;35.76;42.93;49.03;44.92;44.24;39.78;25.17;26.57;32.72;31.24;36.73;35.23;47.54;39.8;43.91;43.06;56.69;56.35;62.35;53.35;41.6;38.9;42.5
O3;uur;µg/m³;2023-11-11T18:00:00+01:00;2023-11-11T19:00:00+01:00;40.6;29.5;43.8;17.5;37.5;34.48;33.98;37.96;41.14;31.91;28.81;31.15;34.39;30.93;56.61;41.67;58.47;22.67;44.82;41.16;66.46;47.5;46.39;49.42;45.31;41.9;41.78;32.03;21.7;23.55;30.85;36.09;32.65;29.14;41.02;31.38;39.94;35.18;44.37;49.25;59.85;54.06;38.9;29;32.7
O3;uur;µg/m³;2023-11-11T19:00:00+01:00;2023-11-11T20:00:00+01:00;34.3;30.8;37.6;23.6;39;33.29;31.65;32.13;38.01;28.39;39.57;24.78;30.41;22.66;51.83;35.17;61.05;26.95;42.73;29.28;66.79;55.28;28.98;45.39;43.77;41.89;44.17;27.13;23.59;23.92;21.68;32.46;30.02;21.12;39.43;24.59;36.92;27.88;60.81;45.52;54.77;49.91;23.8;21.9;20.9
O3;uur;µg/m³;2023-11-11T20:00:00+01:00;2023-11-11T21:00:00+01:00;39.7;13.7;10.5;15;53;29.96;30.37;27.4;32.15;25.47;37.87;15.79;25.07;24.01;52.12;33.54;60.43;13.66;43.69;30.04;67.67;29.89;11.5;25.1;41.16;21.99;45.04;26.17;24.65;24.69;19.82;32.78;31.93;18.6;37.27;22.83;32.17;25.16;57.45;42.88;48.19;48.81;12;9.1;12.3
O3;uur;µg/m³;2023-11-11T21:00:00+01:00;2023-11-11T22:00:00+01:00;31;3.7;10.5;14.9;63.1;24.5;25.51;24.9;31.13;18.39;30;12.56;30.42;21.21;47.07;35.81;59.98;22.42;38.99;31.31;71.04;5.31;1.42;18.12;39.62;12.73;32.23;25.89;22.87;22.8;15.23;29.17;35.82;19.49;33.04;25.98;22.91;23.02;48.37;33.63;52.13;46.95;5.9;5.6;4.4
O3;uur;µg/m³;2023-11-11T22:00:00+01:00;2023-11-11T23:00:00+01:00;38;3.3;15.5;16.2;46.6;24.44;24.83;29.91;31.77;20.39;28.64;15.35;25.64;20.9;32.19;33.24;48.44;17.26;34.47;28.15;60.34;1.84;4.3;12.08;21.47;6.47;22.42;18.29;23.72;21.57;17.2;29.43;30.88;22.67;29.03;25.13;20.64;28.62;37.2;27.26;51.61;41.25;1.6;5.1;2.9
O3;uur;µg/m³;2023-11-11T23:00:00+01:00;2023-11-12T00:00:00+01:00;35.7;9.9;23.4;18.5;54.7;20.47;25.93;27.68;29.75;22.04;26.09;17.97;22.45;21.3;33.44;29.33;9.76;10.75;33.66;29.16;56.31;1.78;11.93;1.47;41.71;9.28;22.7;21.39;24.33;22.95;15.51;29.3;22.74;23.76;29.46;20.66;18.98;26.22;35.1;26.18;45.32;42.98;2.5;5;2.1
O3;uur;µg/m³;2023-11-12T00:00:00+01:00;2023-11-12T01:00:00+01:00;32.2;8.5;15.6;23.7;19.3;10.69;23.7;21.35;28.73;17.69;11.9;17.25;15.62;21.79;29.3;27.57;2.3;11.93;30.67;21.23;52.24;2.99;11.32;1.2;45.58;18.06;21.97;19.51;18.58;15.83;17.71;22.77;18.17;19.89;26.71;16.11;18.4;17.54;33.46;27.28;39.32;46.1;2.8;5.3;3.1
O3;uur;µg/m³;2023-11-12T01:00:00+01:00;2023-11-12T02:00:00+01:00;30.5;11;11.5;18.1;22.5;9.74;21.3;26.62;33.61;20.44;1.12;17.95;5.85;24.42;29.29;24.37;4.73;12.86;27.71;22.07;41.29;9.63;3.42;9.03;34.55;14.26;22.41;17.04;16.62;15.44;16.05;18.85;16.93;17.03;25.58;16.38;18.35;16.39;43.86;25.5;36.74;43.35;7.4;6.9;3.7
O3;uur;µg/m³;2023-11-12T02:00:00+01:00;2023-11-12T03:00:00+01:00;30;10.7;18.1;10;24.8;;;;;;;;;;;;;;;;;;;;;;;;;;;;;;;;;;;;;;14.7;9;4.7
O3;uur;µg/m³;2023-11-12T03:00:00+01:00;2023-11-12T04:00:00+01:00;24.9;17.3;6.7;13.2;19.9;12.97;25.05;36.67;31.1;24.12;14.59;20.97;11.37;20.75;21.36;20.75;7.91;9.51;21.72;11.62;59.73;14.3;15.38;1.97;48.77;20.88;18.28;12.91;13.01;2.54;6.84;13.2;10.99;13.48;13.6;14.46;15.24;19.36;39.72;19.97;33.92;33.54;9.6;9.2;4.8
O3;uur;µg/m³;2023-11-12T04:00:00+01:00;2023-11-12T05:00:00+01:00;24.5;21.8;5.4;14.6;21.5;8.64;22.55;22.94;18.37;23.43;8.16;20.16;13.33;16.24;26.11;15.6;6.21;6.41;16.94;7.94;45.83;10.62;5.91;1.32;40.38;23.75;16.74;11.94;6.3;0.73;7.91;6.91;11;11.16;9.45;14.56;14.23;16.63;43.85;19.25;31.81;34.47;9.5;12.6;6.1
O3;uur;µg/m³;2023-11-12T05:00:00+01:00;2023-11-12T06:00:00+01:00;20.5;11.1;5.8;8.6;15.5;9.64;22.77;10.7;11.27;18.65;1.52;18.94;16.9;17.01;27.59;17.87;8.58;3.67;16.77;18.18;22.15;4.78;4.78;6.73;29.49;28.2;14.46;10.14;1.17;1;8.41;1.26;9.41;13.36;6.36;16.76;15.47;14.5;38.33;17.4;29.78;31.46;19;15.2;14.7
O3;uur;µg/m³;2023-11-12T06:00:00+01:00;2023-11-12T07:00:00+01:00;17.4;9.3;14;13.5;15.5;5.64;21.06;14.13;8.87;16.1;6.87;21.65;21.13;22.84;31.69;15.73;7.55;5.24;14.08;11.96;9.53;10.09;3.78;3.56;29.28;18.04;13.95;11.82;0.36;1.73;3.86;1.17;4.26;15.89;6.11;19.74;13.33;13.63;43.05;18.83;31.38;33.42;21.1;17;9.8
O3;uur;µg/m³;2023-11-12T07:00:00+01:00;2023-11-12T08:00:00+01:00;5.8;0.2;6.7;4.9;8.9;3.58;26.46;20.26;22.85;14.75;0.31;24.1;15.44;24.8;13.68;7.43;1.31;17.12;14.41;9.67;6.18;10.39;1.65;-0.69;18.8;9.43;13.66;8.01;-0.06;0.71;3.73;0.8;5.31;17.13;5.77;15.1;11.65;12.59;36.74;21.88;31.91;31.04;11.2;7.3;3.2
O3;uur;µg/m³;2023-11-12T08:00:00+01:00;2023-11-12T09:00:00+01:00;8.3;2.6;11.2;7.1;15.5;4.89;30.13;12.19;17.53;17.24;4.65;25.22;16.83;26.86;16.59;6.9;5.2;14.2;10.01;14.99;10.16;9.55;9.13;4;27.3;6.87;13.04;8.22;0.79;2.76;6.09;2.28;7.34;14.67;6.71;13.65;11.62;13.65;41.23;21.28;31.06;28.04;7;7.9;4.6
O3;uur;µg/m³;2023-11-12T09:00:00+01:00;2023-11-12T10:00:00+01:00;7.3;8.1;9.1;10.5;9.7;11.1;29.11;14.46;24.34;23.28;12.28;23.87;17.56;27.04;13.7;12.61;11.27;15.33;13.38;15.53;18.14;10.04;13.49;7.85;30.75;11.31;15.06;13.11;3.72;6.81;11.36;8.04;14.63;15.99;11.89;16.48;14.6;15.63;40.97;25.75;33.97;34.17;14.1;11.3;8
O3;uur;µg/m³;2023-11-12T10:00:00+01:00;2023-11-12T11:00:00+01:00;8.8;13.1;6.4;14.8;22.2;23.48;25.46;30.73;37.38;25.82;17.79;22.88;20.91;24.95;29.94;19.94;14.08;17.73;15.91;18.31;22.65;14.11;14.1;10.74;21.25;17.21;19.88;15.43;9.86;16.48;15.13;15.27;19.17;22.12;17.58;27.04;14.67;14.84;43.67;28.56;42.87;41.67;20.8;15.5;9.9
O3;uur;µg/m³;2023-11-12T11:00:00+01:00;2023-11-12T12:00:00+01:00;11.2;10.9;9;12.7;17.8;32.5;24.98;34.55;45.46;32.05;20.27;21.93;20.45;25.16;30.15;35.96;23.98;17.8;16.9;21.33;19.55;23.33;16.02;18.09;30.17;18.95;26.69;22.57;17.52;20.18;17.27;21.89;17.58;26.99;20.38;33.49;20.64;16.92;48.64;33.76;53.1;44.09;23.5;17.4;14.9
O3;uur;µg/m³;2023-11-12T12:00:00+01:00;2023-11-12T13:00:00+01:00;7.2;9.6;11.5;13.8;20.4;32.22;32.09;42.75;43.29;32.42;20.57;28.32;25.43;29.67;26.01;37.92;19.07;14.74;18.37;17.31;26.22;13.2;9.26;12.65;44.26;23.05;30.49;19.3;22.19;21.65;22.56;26.45;22.23;34.64;40.51;35.06;27.67;22.54;31.09;40.3;57.63;39.99;30.4;24;22.8
O3;uur;µg/m³;2023-11-12T13:00:00+01:00;2023-11-12T14:00:00+01:00;15.9;7.5;9.9;26.6;26;36.34;37.19;49.76;53.19;34.73;22.19;32.96;27.43;42.38;30.42;34.52;14.22;10.58;20.31;12.94;27.97;9.14;22.74;7.19;51.97;26.06;32.91;20.86;18.31;20.26;19.07;21.68;24.61;36.55;52.74;38.63;33.01;29.77;29.78;44.39;59.36;39.3;34.2;31.5;28.7
O3;uur;µg/m³;2023-11-12T14:00:00+01:00;2023-11-12T15:00:00+01:00;19.6;5.8;10.6;23.7;26.1;37.22;36.67;44.3;53.46;35.13;20;37.59;29.13;40.07;35.77;28.35;21.32;14.07;21.74;21.98;32.61;10.74;18.55;8;44.75;20.23;36.9;21.29;18.18;22.48;23.47;24.6;21.47;41.94;36.36;41.23;36.45;35.82;24.01;41.64;53.82;42.66;26.3;25.8;21.8
O3;uur;µg/m³;2023-11-12T15:00:00+01:00;2023-11-12T16:00:00+01:00;16.1;9.8;11.2;19;31.2;28.57;28.24;26.86;50.13;36.37;21.4;27.67;27.84;36.12;29.55;26.01;13.09;13.65;24.08;26.94;19.34;11.24;14.89;7.6;32.01;21.4;46.66;17.67;18.9;22.74;20.74;24.22;21.35;37.56;37.3;32.22;26.36;35.32;23.17;41.26;48.54;41.53;23.9;19;21.7
O3;uur;µg/m³;2023-11-12T16:00:00+01:00;2023-11-12T17:00:00+01:00;13.2;9.9;11;21.1;28.5;18.02;24.43;41.32;46.97;29.4;14.09;24.36;29.73;26.28;26.62;29.77;7.81;16.59;26.2;22.74;8.42;6.81;14.38;3.11;23.69;20.7;29.29;15.84;17.59;21.37;14.53;23.88;12.62;29.86;35.45;22.62;22.43;31.18;26.11;31.47;27.25;29.05;31.7;24.8;22.4
O3;uur;µg/m³;2023-11-12T17:00:00+01:00;2023-11-12T18:00:00+01:00;15.4;15;10.3;16.3;26.3;11.3;25.6;35.59;41.84;21.5;12.01;6.61;19.34;12.77;26.75;23.85;12.02;21.82;21.75;23.55;5.21;6.74;14.91;3.69;19.37;12.83;31.58;19.54;20.92;19.92;12.46;25.44;21.65;30.39;32.27;6.57;22.79;23.42;29.41;22.34;18.28;19.91;20.7;17.7;16.7
O3;uur;µg/m³;2023-11-12T18:00:00+01:00;2023-11-12T19:00:00+01:00;11.6;14.7;16.7;6.6;13.3;15.87;22.29;15.95;36.84;14.18;6.15;4.87;7.27;4.24;33.28;27.55;11.65;23.61;17.73;26.34;9.24;13.12;16.48;6.54;7.43;10.12;35.47;21.54;19.01;17.49;15.97;23.35;22.86;22.03;23.28;4.35;19.04;12.92;28.19;16.99;15.31;19.66;18.8;17.7;16.4
O3;uur;µg/m³;2023-11-12T19:00:00+01:00;2023-11-12T20:00:00+01:00;6.5;7.8;4.2;4.5;8.3;9.05;15.82;13.53;6.52;11.03;9.62;1.32;6.41;5.02;11.09;25.3;5.01;11.94;12.61;12.66;23.18;11.6;6.88;1.71;18.64;11.68;36.32;26.21;22.34;20.45;16.38;26.61;18.35;15.1;16.5;12.04;17.75;23.67;26.88;24.5;19.19;17.28;15.7;18.1;19.7
O3;uur;µg/m³;2023-11-12T20:00:00+01:00;2023-11-12T21:00:00+01:00;-0.9;2.4;0.1;0;5.7;6.47;14.33;17.96;5.57;9.97;11.48;4.48;6.5;10.39;8.73;23.87;3.68;6.75;8.55;8.51;25.36;4.19;0.64;0.7;16.12;17.81;31.5;26.05;9.92;7.49;18.4;12.1;15.62;7.68;9.98;12.36;12.14;22.76;35.58;27.72;19.99;23.12;24.4;21.8;24.7
O3;uur;µg/m³;2023-11-12T21:00:00+01:00;2023-11-12T22:00:00+01:00;0.4;4.7;0.1;3.8;10;2.82;14.5;38.34;33.82;8.64;20.2;10.71;6.39;13.94;22.08;27.87;2.45;8.44;3.56;10.22;19.25;1.47;6.02;0.18;19.71;17.86;32.57;20.8;5.21;3.17;17.36;9.68;10.51;8.97;3.43;12.97;6.41;25.14;39.42;27.63;20.09;21.64;26;23.6;25.1
O3;uur;µg/m³;2023-11-12T22:00:00+01:00;2023-11-12T23:00:00+01:00;-1.8;6.5;0.1;10.6;7.3;6.66;20.29;38.72;45.61;14.93;16.5;21.5;10.37;18.35;33.79;32.31;1.88;10.03;3.83;5.7;22.62;1.88;5.4;0.11;24.43;16.69;29.49;16.97;5.18;4.65;9.47;6.8;6.82;4.11;2.45;16.17;10.55;24.2;41.41;26.09;21.56;30.04;22.6;23.9;23.4
O3;uur;µg/m³;2023-11-12T23:00:00+01:00;2023-11-13T00:00:00+01:00;-2;10.2;0;14.4;12.9;11.75;18.76;34.49;41.24;14.28;14.58;20.56;12.81;22.6;35.04;28.3;2.73;12.32;4.35;8.37;22.11;1.75;5.99;-0.11;25.94;19.12;22.05;7.47;3.45;2.43;8.36;4.26;3.87;-0.02;3.97;21.5;7.93;21.59;40.28;20.42;30.82;28.19;12.4;17.4;16.8
O3;uur;µg/m³;2023-11-13T00:00:00+01:00;2023-11-13T01:00:00+01:00;0.7;10.7;0;15.3;15.4;13.56;19.96;29.35;37.55;19.07;15;18.86;16.98;24.16;33.18;30.27;4.15;10.87;10.43;19.38;19.74;3.5;4.7;0.63;25.33;12.89;16.43;3.04;3.86;2.45;6.03;4.77;7.89;-1.32;3.74;31.65;11.72;18.13;37.84;16.22;36.26;25.91;9.9;12.5;10.3
O3;uur;µg/m³;2023-11-13T01:00:00+01:00;2023-11-13T02:00:00+01:00;4.5;10.9;0.2;0.3;6.2;15.05;25.56;24.52;26.95;20.49;19.21;19.94;18.89;23.66;34.56;25.47;6.2;11.34;17.57;21.28;16.56;4.32;2.25;0.85;24.28;10.09;10.98;5.43;6.86;6.17;5.54;8.41;13.94;-1.59;5.82;27.91;4.85;10.02;35.11;14.95;35.99;26.24;9.2;12.3;8
O3;uur;µg/m³;2023-11-13T02:00:00+01:00;2023-11-13T03:00:00+01:00;4.6;9.4;1.6;8.5;11.4;16.38;25.56;24.82;27.62;20.09;20.15;20.87;21.06;22.21;31.18;19.44;5.55;11.95;20.18;20.29;11.6;4.98;12.15;1.41;26.01;10.12;14.77;9.58;11.76;11.17;8.76;14.13;14.37;-0.29;6.23;27.14;2.46;7.25;33;11.31;38.11;26.85;10.9;13.9;9.3
O3;uur;µg/m³;2023-11-13T03:00:00+01:00;2023-11-13T04:00:00+01:00;11.1;11.4;7.4;12.3;13.5;17.97;24.54;22.57;24.55;20.06;15.53;21.68;24.49;21.25;23.26;26.08;5.89;12.86;22.68;20.89;13.39;5.91;18.06;2.9;21.42;12.42;20.12;14.05;14.13;14.05;15.07;16.05;18.41;6.46;10.35;26.14;-0.15;6.04;26.1;5.64;39.49;24.48;12.4;17;12.4
O3;uur;µg/m³;2023-11-13T04:00:00+01:00;2023-11-13T05:00:00+01:00;13.1;10.7;10.1;11.9;10.6;17.5;22.86;35.83;38.8;20.59;6.11;20.97;23.47;20.5;17.83;28.45;5.26;15.15;19.61;20.99;16.48;8.54;9.74;2.32;18.81;13.89;23.52;13.61;12.37;10.95;16.76;14.33;18.66;8.05;9.45;26.07;1.12;4.31;17.44;3.74;34.64;20.2;17;18.3;15.3
O3;uur;µg/m³;2023-11-13T05:00:00+01:00;2023-11-13T06:00:00+01:00;10;9.5;2.9;11.2;12.2;16.68;20.9;36.82;42.11;17.03;4.77;16.22;18.16;18.08;18.49;34.04;4.6;13.95;19.28;18.66;17.25;7.64;10.48;2.16;22.12;13.9;24;15.63;12.07;12.27;15.07;14.04;18.7;9.2;10.85;22.71;5.96;2.18;11.42;2.77;26.56;12.52;17.4;19;17.5
O3;uur;µg/m³;2023-11-13T06:00:00+01:00;2023-11-13T07:00:00+01:00;8;7.9;1.5;9.9;7.3;21.34;20.11;44.01;46.28;17.12;9.34;10.38;15.14;15.41;20.2;48.62;2.52;12.19;15.43;16.67;16.77;3.81;6.51;-0.53;23.62;12.58;21.99;14.86;11.26;12.35;13;14.85;15.51;11.39;11.28;19.6;5.79;0.69;10.6;6.62;19.34;9.85;13.5;18.3;14.5
O3;uur;µg/m³;2023-11-13T07:00:00+01:00;2023-11-13T08:00:00+01:00;11;3.1;0.7;10;13.1;41.52;18.17;50.06;50.3;31.72;31.1;22.24;24.12;24.8;32.75;55.22;1.75;8.18;22.17;10.33;13.64;0.98;5.02;-0.4;24.85;8.39;17.56;10.85;7.47;8.56;7.04;10.81;11.33;11.34;13.06;14.52;7.21;2.46;7.27;10.33;11.07;6.28;7.6;12.2;9.1
O3;uur;µg/m³;2023-11-13T08:00:00+01:00;2023-11-13T09:00:00+01:00;29.4;8.2;5.6;23.7;17.3;46.8;31.74;51.76;48.59;41.42;48.54;35.28;35.04;39.71;48.76;55.67;6.12;16.82;25.06;22.96;9.68;4.08;22.16;2.87;20.43;6.3;13.13;10.13;2.82;4.95;2.66;6;9.64;9.34;11.64;10.35;10.46;4.9;6.26;15.18;14.25;15.24;6.7;8;5.4
O3;uur;µg/m³;2023-11-13T09:00:00+01:00;2023-11-13T10:00:00+01:00;37.6;28.1;18.2;35.5;42.6;49.95;48.3;54.7;52.92;51.79;58.26;44.75;53.49;51.96;62.63;47.59;35.75;38.34;46.52;45.93;9.91;31.62;36.59;27.37;14.6;9.57;16.93;16.97;3.79;9.84;10.61;6.71;29.5;7.94;12.42;14.73;11.17;9.57;10.18;22.11;19.39;19.33;6.1;7.5;8.5
O3;uur;µg/m³;2023-11-13T10:00:00+01:00;2023-11-13T11:00:00+01:00;51.6;49.5;44.3;46.5;53.6;50.99;57.58;56.78;57.93;56.24;44.87;49.16;58.8;56.33;50.77;51.72;53.59;53.14;59.58;58.12;34.82;53.91;55.37;39.69;17.61;29.25;26.33;44.92;32.36;39.96;39.18;37.72;54.06;9.95;26.96;41.1;13.78;10.26;13.72;21.39;21.07;21.56;17.4;24;26.7
O3;uur;µg/m³;2023-11-13T11:00:00+01:00;2023-11-13T12:00:00+01:00;41.9;38.4;28.9;36;40.2;48.49;59.55;59.16;59.73;52.66;40.74;44.1;48.51;50.72;48.28;52.81;43.53;46.16;49.24;52.26;64.78;45.13;28.52;28.18;34.41;58.06;47.02;57.54;48.2;56.08;55.43;59.13;54.59;29.9;55.99;55.42;27.49;13.96;17.33;19;22.82;21.93;51.9;54.5;54.9
O3;uur;µg/m³;2023-11-13T12:00:00+01:00;2023-11-13T13:00:00+01:00;39.6;32.8;34.5;38.9;46.2;51.04;50.72;55.01;56.42;48.98;45.33;43.15;46.27;45.5;53.06;53.86;39.19;42.34;50.1;42.19;49.1;38.85;31.8;31.06;55.27;48.66;59.53;45.81;39.13;42.9;46.18;46.32;44.22;42.9;57.62;46.08;44.53;36.85;29.35;21.32;22.56;20.73;54.2;52.1;53.1
O3;uur;µg/m³;2023-11-13T13:00:00+01:00;2023-11-13T14:00:00+01:00;45.7;38.2;35.2;35.4;52.3;47.93;49.03;53.68;54.14;50.7;49.7;44.29;50.04;50.46;58.84;58.8;55.1;44.53;53.02;47.67;57.98;52.92;43.87;46.13;52.91;47.61;53.63;44.09;36.94;38.17;38.48;41.66;46.15;40.93;49.79;42.75;43.12;46.62;49.17;29.52;28.28;27.07;47.2;41.5;43.7
O3;uur;µg/m³;2023-11-13T14:00:00+01:00;2023-11-13T15:00:00+01:00;57.4;45.4;46.8;47.8;61.3;46.75;51.33;51.24;53.33;54.8;58.02;48.53;56.99;51.75;72.64;69.43;62.91;57.29;64.18;53.7;68.75;64.94;57.24;52.93;66.75;60.73;53.03;60.22;47.09;51.9;56.88;53.11;54.85;39.7;49.78;45.64;41.92;46.57;51.79;42.04;41.02;34.86;57.6;60.6;54
O3;uur;µg/m³;2023-11-13T15:00:00+01:00;2023-11-13T16:00:00+01:00;67.9;49.9;57.3;66.4;59.9;51.97;56.66;55.61;54.74;63.4;67.04;53.6;67.62;59.95;77.84;75.23;72.64;68.51;74.01;71.04;81.68;66.94;61.42;61.22;74.87;69.45;67;71.19;62.44;65.78;68.94;66.55;70.8;40.64;62.3;50.06;50.29;57.4;75.56;46.58;52.18;40.33;73.3;72.4;68.9
O3;uur;µg/m³;2023-11-13T16:00:00+01:00;2023-11-13T17:00:00+01:00;68.9;53.6;61;72.2;61.9;61.01;63.42;69.11;68.52;68.83;72.66;58.76;65.28;66.06;78.73;77.47;75.44;62.47;76.03;74.25;82.95;72.33;66.9;66.86;77.94;68.6;73.29;71.09;63.28;65.75;67.4;67.69;72.01;51.38;72.81;62.88;67.14;66.8;72.03;52.49;74.11;66.08;75;72.8;70.2
O3;uur;µg/m³;2023-11-13T17:00:00+01:00;2023-11-13T18:00:00+01:00;66.5;50.4;60.7;58.8;62.1;62.09;68.04;68.03;71.62;74.76;72.16;61.33;72.05;69.37;78.95;78.25;76.72;62.94;74.64;73.17;83.49;68.09;63.26;65.87;80.15;71.12;71.5;71.55;65.44;64.32;71.02;70.52;68.06;65.08;71.78;66.39;69.31;67.95;78.14;68.18;78.52;70.41;76.1;75.4;71.5
O3;uur;µg/m³;2023-11-13T18:00:00+01:00;2023-11-13T19:00:00+01:00;70.2;52.4;63;55.1;64;63.03;72.01;69.01;71.53;74.43;71.18;67.68;74.45;75.28;77.72;76.71;72.3;70.6;76.84;75.28;81.36;69.02;59.7;59.75;78.18;71.27;74.09;66.97;63.07;66.57;66.15;67.64;71.25;66.16;71.85;69.81;69.53;68.37;76.43;70.72;79.63;73.88;75.8;76.6;72.3
O3;uur;µg/m³;2023-11-13T19:00:00+01:00;2023-11-13T20:00:00+01:00;71.2;50.2;62.4;62.8;63;64.86;73.09;69.26;70.9;70.03;70.25;69.24;71.16;72.68;75.25;75.82;72.94;68.57;74.78;70.8;80.2;69.51;60.37;62.77;76.22;69.51;70.47;68.26;65.23;70.25;66.4;71.3;71.66;64.42;75.44;70.33;68.78;69.33;73.86;71.86;78.57;73.89;73.8;76.3;71.5
O3;uur;µg/m³;2023-11-13T20:00:00+01:00;2023-11-13T21:00:00+01:00;69;49;59.8;62.5;57.8;66.91;69.61;69.92;71.8;69.33;70.47;67.7;70.66;71.69;74.38;74.95;70.05;67.56;73.84;69.91;78.06;67.47;59.41;62.57;74.09;69.41;69.9;66.07;64.25;69.42;65.31;70.7;70.36;65.01;72.52;69.26;71.54;65.93;72.55;69.93;77.72;73.64;73.5;75.9;69.1
O3;uur;µg/m³;2023-11-13T21:00:00+01:00;2023-11-13T22:00:00+01:00;68.5;50.7;58.4;67.7;51.7;66.75;68.44;70.93;72.76;69.31;69.85;66.71;72.89;69.71;74.45;73.18;69.55;67.16;73.14;68.51;75.89;64.44;62.76;63.6;73.15;67.7;68.55;65.05;63.54;68.33;64.52;67.68;69.02;62.91;70.04;67.47;70.08;66.62;71.08;67.77;75.41;72.39;72.1;75;69.2
O3;uur;µg/m³;2023-11-13T22:00:00+01:00;2023-11-13T23:00:00+01:00;66.6;52.8;65.4;66;56.1;66.76;68.23;71.35;72.18;68.15;66.03;66.43;71.1;69.76;70.85;71.48;69.17;68.01;71.97;67.81;73.51;64.65;60.97;63.46;71.22;67.05;66.99;65.78;63.02;68.93;64.51;67.89;69.62;62.2;68.43;66.32;67.82;66.28;70.17;68.21;74.59;70.97;69.8;73.2;66.6
O3;uur;µg/m³;2023-11-13T23:00:00+01:00;2023-11-14T00:00:00+01:00;66.7;54.3;65.2;67.8;63.2;65.27;68.39;68.46;68.83;67.49;63.95;65.78;69.49;68.38;72.32;71.26;70.77;66.38;71.77;65.91;73.89;67.93;59.84;67.2;69.69;65.76;66.56;65.88;63.29;68.25;66.29;67.1;69;61.73;68.65;66.11;66.07;65.02;68.42;67.05;72.22;69.77;70;71.7;66.2
O3;uur;µg/m³;2023-11-14T00:00:00+01:00;2023-11-14T01:00:00+01:00;69;53.5;65;70;63.4;64.29;68.09;68.41;69.71;67.25;65.07;64.61;68.58;67.85;69.98;71.48;70.58;67.24;70.72;68.04;72.81;68.11;66.78;68.23;68.9;66.12;68.77;65.87;62.92;68.83;67.4;67.46;69.63;61.43;66.86;65.78;66.64;65.16;67.83;66.55;70.96;68.26;71.5;73.3;66.6
O3;uur;µg/m³;2023-11-14T01:00:00+01:00;2023-11-14T02:00:00+01:00;67.2;54.3;64.1;69.8;61.8;65.07;67.34;67.75;68.85;67.57;64.41;64.44;69.79;67.61;71.82;71.29;69.89;62.1;69.82;71.88;73.13;68.4;69.5;68.87;69.54;65.14;68.91;65.53;63.92;68.99;66.38;67.17;68.76;57.92;66.33;64.71;65;65.2;67.65;66.8;70.8;68.46;69.8;72;65.7
O3;uur;µg/m³;2023-11-14T02:00:00+01:00;2023-11-14T03:00:00+01:00;67.3;54.9;65.5;70.8;59.3;65.49;66.89;67.8;69.08;67.36;64.67;64.85;68.94;67.27;73.47;71.95;66.52;62.89;69.34;71.5;74.67;68.5;68.81;67.82;70.17;65.72;68.76;65.35;64.73;67.58;67.65;68.01;67.69;55.45;69.24;63.87;63.23;64.52;66.83;66.08;69.59;67.27;70.7;72.6;66.9
O3;uur;µg/m³;2023-11-14T03:00:00+01:00;2023-11-14T04:00:00+01:00;68.9;54.3;64.6;68.9;60.8;65.4;65.85;67.82;69.25;65.83;67.23;64.23;69.83;67.56;72.72;71.53;68.95;61.62;70.44;72.25;74.65;67.87;70.21;68.15;70.02;66.82;68.52;67.08;65.51;66.81;68.35;69.3;67.6;58.48;68.95;63.15;64.26;64.44;67.25;66;69.03;66.03;70.9;73.5;67.2
O3;uur;µg/m³;2023-11-14T04:00:00+01:00;2023-11-14T05:00:00+01:00;67.6;58.3;67.2;69.6;64.2;63.59;65.39;65.31;67.71;64.22;68.22;63.63;70.51;66.01;73.49;70.57;66.69;63.39;71.46;70.86;74.35;67.01;68.76;64.45;70.36;67.2;69.11;66.09;64.53;65.97;67.62;68.35;68.39;58.61;68.88;64.33;64;64.3;67.53;66.6;68.79;67.35;71.5;73.7;67.2
O3;uur;µg/m³;2023-11-14T05:00:00+01:00;2023-11-14T06:00:00+01:00;66;55.5;63;68.2;62.5;62.08;63.89;64.51;66.8;63.59;63.84;61.24;67.28;64.17;72.09;69.25;66.43;58.11;70.4;70.89;74.48;65.73;69.44;63.1;70.03;67.07;68.95;64.15;63.42;66.59;64.61;67.01;67.4;58.61;67.49;67.01;63.5;64.31;67.89;66.87;69.53;66.86;71.9;73.6;66.9
O3;uur;µg/m³;2023-11-14T06:00:00+01:00;2023-11-14T07:00:00+01:00;66.4;49.4;56.2;67.8;49.8;61.28;61.9;64.23;65.87;59.39;58.88;59.44;64.6;61.18;71.07;67.76;65.09;60.55;69.42;68.59;74.82;61.27;61;58.59;70.01;65.73;67.86;64.01;61.7;61.96;61.38;65.46;66.16;59.81;67.82;65.12;62.77;64.85;67.66;66.97;68.42;65.27;69.4;71;66
O3;uur;µg/m³;2023-11-14T07:00:00+01:00;2023-11-14T08:00:00+01:00;63.9;48.5;55.4;68.6;59.1;60.28;59.82;61.97;63.37;54.15;55.47;56.46;58.7;57.97;72.16;59.08;66.83;53.39;67.97;67.96;74.6;61.48;60.67;61.43;69.04;63.13;66.07;61.8;57.8;59.54;61;60.16;64.88;58.63;68.24;56.7;62.03;62.79;67.21;66.81;68.67;63.19;68;69.1;64.7
O3;uur;µg/m³;2023-11-14T08:00:00+01:00;2023-11-14T09:00:00+01:00;65;47.6;54;65.2;55.2;58.24;58.69;60.4;60.19;54.04;53.64;53.64;49.1;55.68;68.24;58.83;62.11;50.05;67.92;60.11;75.37;58.8;59.04;56.43;69.82;61.12;66.46;62.3;53.92;55.91;60.61;56.56;63.5;53.3;66.39;51.69;60.31;60.95;66.15;66.73;68.76;62.98;67.2;66.4;64.1
O3;uur;µg/m³;2023-11-14T09:00:00+01:00;2023-11-14T10:00:00+01:00;63.2;43.2;53.8;67.2;59.5;56.34;59.34;60.68;59.91;53.61;52.73;54.46;51.24;56.44;67.56;57.83;63.85;51.37;65.67;52.19;76.95;63.22;56.98;60.15;68.26;63.66;65.27;61.56;54.64;53.92;59.63;57.68;63.02;46.99;64.58;50.54;60.7;62.1;66.03;64.88;68.78;64.16;69.1;68.3;63.8
O3;uur;µg/m³;2023-11-14T10:00:00+01:00;2023-11-14T11:00:00+01:00;60.9;49;52.2;67.2;53.8;55.99;59.93;59.52;60.67;53.11;47.75;54.49;49.8;55.72;62;58.79;62.79;44.66;60.82;53.88;77.57;64.68;55.74;61.05;69.4;64.46;66.32;63.7;56.84;53.38;61.62;61.16;62.89;49.57;61;52.32;61.19;63.11;65.73;65.15;69.03;64.44;72.9;69.9;66.3
O3;uur;µg/m³;2023-11-14T11:00:00+01:00;2023-11-14T12:00:00+01:00;56.8;38.2;47.7;55.9;44.6;53.27;60.6;58.28;58.41;55.64;51.14;54.7;50.9;55.52;55.27;63.24;68.28;45.53;55.42;56.1;77.57;61.81;51.5;59.99;70.49;65.78;68.14;;55;54.27;61.17;58.65;53.97;52.18;62.73;51.82;61.8;65.45;65.65;67.15;69.25;65.94;71.4;70.3;66.3
O3;uur;µg/m³;2023-11-14T12:00:00+01:00;2023-11-14T13:00:00+01:00;47.5;35.6;39.5;21.4;42.8;60.08;60.38;52.58;54.04;59.12;49.65;57.91;56.1;59.98;61.36;55.88;63.95;38.36;61.37;59.25;77.07;64.77;50.17;47.06;71.05;65.05;69.12;;48.76;51.57;61.21;53.22;53.75;52.42;62.87;55.2;61.53;65.79;66.4;67.84;70.66;66.86;70;70.5;67.3
O3;uur;µg/m³;2023-11-14T13:00:00+01:00;2023-11-14T14:00:00+01:00;51.5;40.6;;29.2;56.2;61.01;61.97;55.05;55.02;56.26;48.53;56.96;50.14;58.02;58.13;63.82;54.08;43.65;54.9;51.96;75.27;60.3;43.2;47.12;70.17;62.31;67.78;;;52.83;55.59;53.72;55.07;50.9;62.06;56;60.71;64.5;65.92;67.28;68.26;65.01;63.1;65.4;66.1
O3;uur;µg/m³;2023-11-14T14:00:00+01:00;2023-11-14T15:00:00+01:00;48.6;39.9;;33.9;45.4;51.42;58.17;51.92;49.38;56.87;57.65;52.04;49.66;54.79;64.04;68.73;53.09;30.02;53.27;47.98;64.34;51.54;39.97;39.89;67.32;56.49;63.93;;;46.44;49.15;52.71;46.23;43.68;59.57;55.14;58.08;61.31;62.04;68.35;65.44;64.43;61.3;60.4;59
O3;uur;µg/m³;2023-11-14T15:00:00+01:00;2023-11-14T16:00:00+01:00;54.3;46.1;31.3;29.5;58.9;55.26;58.84;50.17;49.28;62.65;60.87;55.86;53.79;56.56;69.84;64.6;61.18;47.85;64.85;59.13;57.31;59.1;47.15;43.43;65.65;48.21;59.91;45.89;;40.99;42.36;46.28;51.02;44.86;51.91;51.83;56.95;58.28;67.94;64.33;63.53;62.37;40.7;39.6;38.4
O3;uur;µg/m³;2023-11-14T16:00:00+01:00;2023-11-14T17:00:00+01:00;56.4;44.4;36;22.9;45.4;56.29;58.85;53.49;54.19;53.07;56.69;47.36;47.46;49.56;68.68;72.38;62.89;45.03;58.72;53.93;71.76;59.79;42.97;40.55;63.7;52.87;53.91;53.41;;;44.4;56.15;57.38;47.81;52.58;55.15;50.09;59.11;68.99;56.16;61.94;57.83;51.4;46.1;49.9
O3;uur;µg/m³;2023-11-14T17:00:00+01:00;2023-11-14T18:00:00+01:00;61;32.1;37.5;48.5;41.9;51.9;53.83;58.47;59.34;46.89;53.74;38.48;41.8;42.23;71.91;66.48;64.99;42.72;65.33;48.06;76.4;49.36;57.13;45.99;59.77;40.74;54.07;54.68;;;48.97;51.93;49.19;50.69;60.47;51.57;48.31;54.17;58.7;60.29;55.23;47.66;44.6;35.9;41.8
O3;uur;µg/m³;2023-11-14T18:00:00+01:00;2023-11-14T19:00:00+01:00;66.3;34.2;50.1;52.3;46.7;54.61;53.85;60.76;61.03;50.78;51.29;36.07;52.75;57.72;76.66;65.83;69.96;44.64;72.24;60.99;73.29;57.62;57.19;57.61;52.9;60.82;56.2;52.75;;;43.19;49.23;52.33;51.51;53.87;44.65;57.36;42.71;58.44;65.83;54.63;42.95;43.2;38.5;38.9
O3;uur;µg/m³;2023-11-14T19:00:00+01:00;2023-11-14T20:00:00+01:00;43.3;53.8;55.7;43.6;43.8;64.91;55.57;68.29;68.77;56.62;48.35;47.55;61.32;60.99;69.64;66.21;62.85;44.71;70.43;63.77;71.07;59.3;54.21;57.47;54.09;57.83;56.7;61.46;;43.27;44.9;45.35;54.67;44.32;51.54;48.58;56.88;42.38;55.12;62.95;56.09;47.76;41.1;42.6;39
O3;uur;µg/m³;2023-11-14T20:00:00+01:00;2023-11-14T21:00:00+01:00;23.2;46.3;47.6;26.7;50.1;60.12;62.23;66.48;67.61;59.35;55.55;55.49;61.95;58.73;60.34;57.77;63.59;50.89;59.32;44.75;73.38;59.98;34.1;58.77;56.04;58.76;53.01;59.66;;42;38.43;50.72;53.99;43.46;50.99;58.9;51.28;45.03;56.57;59.54;62.23;48.8;49.3;41.3;28.9
O3;uur;µg/m³;2023-11-14T21:00:00+01:00;2023-11-14T22:00:00+01:00;31.2;44.5;38;24.3;11.1;56.97;63.71;65.15;65.54;57.07;53.81;52.96;59.11;53.56;61.52;55.57;58.03;47.84;58.22;31.79;67.24;58.23;31.15;55.77;60.75;55.58;53.82;60.72;;49.26;49.49;49.58;62.22;43.21;49.05;58.1;48.07;46.17;59.36;54.7;54.94;46.79;28.4;41.1;41.8
O3;uur;µg/m³;2023-11-14T22:00:00+01:00;2023-11-14T23:00:00+01:00;36.1;31.4;39.6;27.8;20.3;56.56;60.05;60.84;62.75;54.45;52.34;51.36;55.41;53.04;58.33;52.25;54.38;36.97;56.5;45.43;66.59;55.1;34.9;52.96;62.08;52.39;53.19;60.48;;58.36;52.79;56.82;59.38;43.55;49.02;50.76;47.42;49.96;59.76;50.96;49.22;46.7;39.2;43.8;40
O3;uur;µg/m³;2023-11-14T23:00:00+01:00;2023-11-15T00:00:00+01:00;29.7;37.7;35.9;29.7;42.2;53.4;56.68;58.85;58.99;54.04;45.5;50.11;55.18;51.25;56.41;50.32;53.67;41.27;54.41;44.51;62.92;53.91;31.24;51.93;59.22;53.65;52.98;55.94;;51.95;53.35;53.39;47.66;41.54;49.68;56.15;47.15;52.77;57.38;52.38;47.38;40.5;23.8;33.4;48.3
O3;uur;µg/m³;2023-11-15T00:00:00+01:00;2023-11-15T01:00:00+01:00;35.4;34.9;35.4;28.8;50.7;50.4;55.06;54.98;57.52;51.09;41.05;47.79;53.24;43.25;55.77;52.01;52.52;36.19;52.9;46.97;58.91;55.78;38.96;51.84;58.49;57.87;57.63;50.92;;51.31;52.16;51.77;43.6;38.11;53.22;57.92;46.43;48.81;54.37;50.77;40.86;39.04;46.3;49.5;52.7
O3;uur;µg/m³;2023-11-15T01:00:00+01:00;2023-11-15T02:00:00+01:00;37.3;39.9;39.4;29.7;49.2;49.6;52.42;51.82;56.29;48.71;44.3;41.66;53.47;40.99;57.77;51.81;56.33;40.19;53.7;46.2;59.99;57.52;32.87;55.13;53.91;58.27;49.64;49.94;;47.32;53.6;47.68;44.27;35.59;56.7;50.14;46.11;47.25;49.03;46.34;35.42;36.49;43;42.1;54.5
O3;uur;µg/m³;2023-11-15T02:00:00+01:00;2023-11-15T03:00:00+01:00;38.8;43.3;41.2;32.8;49.5;48.01;47.94;50.57;54.62;46.58;39.05;39.59;53.03;41.36;58.91;50.61;58.14;44.07;55.59;50.45;57.57;59.95;37.71;56.97;52.28;53.82;50.66;49.8;;48.35;50.51;46.08;47.06;42.5;57.93;45.17;42.01;47.17;39.62;44.18;32.9;34.27;48.5;49.8;55.6
O3;uur;µg/m³;2023-11-15T03:00:00+01:00;2023-11-15T04:00:00+01:00;40.5;41.7;42.7;24.7;47.9;47.31;46.31;50.15;53.15;43.76;29.54;39.13;53.57;40.41;55.29;48.58;58.16;40.46;55.71;49.37;60.79;60.02;47.73;57.34;51.59;52.94;47.81;52.09;;49.76;47.36;48.88;48.2;43.25;56.99;43.96;38.88;44.86;41.19;42.58;32.79;33.41;45;51.3;50.2
O3;uur;µg/m³;2023-11-15T04:00:00+01:00;2023-11-15T05:00:00+01:00;46.5;39.4;43;41.5;52.3;48.08;45.11;49.66;53.1;37.27;36.73;37.53;52;40.79;55.92;45.47;58.05;41.82;52.87;48.91;61.52;59.15;51.49;56.9;52.95;52.07;53.66;54.26;;50.92;50.46;51.39;46.76;45.13;49.86;46.52;42.61;40.77;38.07;42.33;34.81;34.93;54.9;58.1;50.6
O3;uur;µg/m³;2023-11-15T05:00:00+01:00;2023-11-15T06:00:00+01:00;44.5;37.9;42.7;33.9;55.1;46.74;38.93;49.89;52.68;36.8;39.12;38.95;35.87;43.22;58.41;46.89;59.47;43.27;53.13;46.31;61.42;58.88;46.5;55.62;53.07;52.2;53.28;53.88;;48.27;49.44;49.85;42.3;47.65;48.04;44.93;43.57;36.16;44.68;40.56;35.11;32.47;50.6;54.4;49.5
O3;uur;µg/m³;2023-11-15T06:00:00+01:00;2023-11-15T07:00:00+01:00;41.2;35.8;40;32.9;52.5;44.78;41.96;49.62;51.18;35.2;40.6;38.87;33.16;42.95;56.86;45.95;59.14;38.09;53.39;45.86;63.07;55.74;44.58;54.56;54.22;48.27;57.82;53.43;;45.87;43.21;51.27;44.28;42.51;45.86;41.99;49.61;37.06;45.58;36.08;30.58;30.06;46.9;51;46.8
O3;uur;µg/m³;2023-11-15T07:00:00+01:00;2023-11-15T08:00:00+01:00;44.3;32.4;39.8;39.1;48.3;41.46;39.91;48.86;51.4;32.11;38.85;36;27.01;39.86;57.92;45.07;60.62;36.11;52.47;43.74;65.32;52.19;43.89;53.93;54.64;49.75;58.83;52.8;;36.54;42.85;46.88;44.42;39.16;43.28;35.8;55.97;35.97;44.53;31.08;28.25;22.35;53.4;53.6;45.4
O3;uur;µg/m³;2023-11-15T08:00:00+01:00;2023-11-15T09:00:00+01:00;45.7;38.7;46.2;41.6;53.5;41.71;41.02;48.01;51.16;31.79;34.99;33.47;31.95;37.81;60.15;41.83;60.23;34.14;52.04;45.61;67.4;54.82;48.58;52.75;56.47;49.58;51.91;52.21;;30.35;45.85;38.57;38.79;36.61;47.27;31.92;51.23;44.3;45.43;27.52;25.22;15.07;55.7;51.8;46.6
O3;uur;µg/m³;2023-11-15T09:00:00+01:00;2023-11-15T10:00:00+01:00;47.7;43.1;49.3;40;51.6;44.71;42.57;51.18;52.89;33.64;35.99;35.55;37.06;41.15;60.93;45.2;60.29;41.96;55.73;50.29;68.27;56.2;50.07;53.25;58.21;52.89;52.39;52.73;;33.2;47.64;39.9;43.96;37.82;44.33;37.26;50.67;48.38;53.05;34.87;25.25;21.37;56.6;55.3;49.8
O3;uur;µg/m³;2023-11-15T10:00:00+01:00;2023-11-15T11:00:00+01:00;48.7;43.8;49;40.1;51.4;46.81;45.83;53.38;56.09;37.58;39.12;37.19;41.87;43.67;61.28;49.03;60.31;42.64;56.36;52.62;67.56;54.26;51.87;52.48;60.44;53.24;54.82;53.99;;44.3;52.26;51.26;45.13;38.62;42.18;40.94;47.73;51.46;59.29;39.54;;33.17;58.9;56.7;52.3
O3;uur;µg/m³;2023-11-15T11:00:00+01:00;2023-11-15T12:00:00+01:00;49;46.9;52;44.3;51.8;49.51;48.43;54.25;56.36;45.3;48.35;38.02;48.93;43.4;61.99;56.9;62.49;45.49;59.19;51.99;69.66;57.03;55.44;55.48;61.8;54.99;59.36;56.37;47.72;51.92;52.38;55.13;47.24;38.19;47.69;45.31;51.29;51.11;59.76;50.15;;45.85;60.3;58.6;53.6
O3;uur;µg/m³;2023-11-15T12:00:00+01:00;2023-11-15T13:00:00+01:00;47.9;50.4;57;50.2;50.4;52.27;49.48;56.2;56.11;52.38;55.63;44.31;51.32;45.99;62.4;61.86;64.12;54.22;60.29;55.39;70.61;62.32;56.98;57.14;65.06;57.56;60.69;61.23;50.62;55.32;57.02;59.23;51.68;43.42;54.18;48.15;52.02;55;60.48;54.72;;52.37;64.3;63.9;58.1
O3;uur;µg/m³;2023-11-15T13:00:00+01:00;2023-11-15T14:00:00+01:00;50;50.1;57.4;53.4;56.1;52.62;52.86;57.3;58.4;56.84;57.59;44.44;56.83;46.78;64.12;64.57;65.88;52.58;61.4;53.66;74.5;61.89;58.01;59.76;65.63;60.66;63.71;61.2;52.08;57.15;57.98;61.08;51.96;42.61;58.68;51.23;54.77;58.21;62.58;58.22;;;67.8;67.3;59.7
O3;uur;µg/m³;2023-11-15T14:00:00+01:00;2023-11-15T15:00:00+01:00;51.1;50.6;56.7;53.9;47.4;53.66;51.08;58.37;59.7;57.92;59.77;50.42;54.48;51.73;63.13;66.22;64.78;53.27;63.12;55.74;75.46;61.57;56.79;57.73;66.29;59.97;65.68;63.12;53.65;57.86;58.82;61.56;54.66;47.59;58.99;55.09;56.04;59.22;61.84;60.33;67.08;;70;67.9;60.9
O3;uur;µg/m³;2023-11-15T15:00:00+01:00;2023-11-15T16:00:00+01:00;52.1;51.8;58;47.8;51.1;54.44;58.55;57.29;59.16;60.02;59.89;49.95;52.64;55.97;62.7;62.48;65.37;45.13;60.4;53.19;74.29;60.78;57.96;56.91;65.32;59.06;66.46;60.77;49.07;48.04;57.09;57.35;54.67;48.62;61.68;51.59;56.92;60.08;62.35;61.19;65.98;;68.1;65.1;60.3
O3;uur;µg/m³;2023-11-15T16:00:00+01:00;2023-11-15T17:00:00+01:00;55.6;52.8;58.4;41.1;44.7;54.67;55.22;53.68;56.27;59.64;57.7;47.56;53.49;52.9;62.94;59.93;65.26;41.76;58.88;52.6;75.08;55.89;58.27;56.21;68.09;59.7;63.82;58.32;48.99;41.05;54.26;55.39;51.4;39.81;54.56;52.34;58.23;58.17;64;59.71;65.74;;66.2;62.2;59.5
O3;uur;µg/m³;2023-11-15T17:00:00+01:00;2023-11-15T18:00:00+01:00;55.5;49.7;56.8;40.6;50.5;46.22;53.93;50.55;51.61;56.52;58.29;47.02;50.91;51.85;65.06;57.39;64.23;37.28;60.88;52.3;72.83;56.25;57.42;57.76;67.46;56.71;59.85;58.92;44.56;43.64;52.53;47.97;50.82;35.88;48.29;45.16;56.47;58.55;64.74;59.08;65.68;;65;63.2;59.9
O3;uur;µg/m³;2023-11-15T18:00:00+01:00;2023-11-15T19:00:00+01:00;60.1;54;60.9;53.9;57.5;43.44;52.24;49.68;47.28;52.22;50.17;48.11;46.24;41.16;70.52;52.77;68.3;45.19;63.34;55.5;74.18;66.01;63.39;58.71;69.21;59.48;59.45;58.03;41;43.23;52.83;45.72;49.84;42.24;49.44;43.4;47.24;58.67;64.75;57.3;66.67;59.73;64.4;64.4;58.7
O3;uur;µg/m³;2023-11-15T19:00:00+01:00;2023-11-15T20:00:00+01:00;60.9;49.8;53.5;47.8;66.1;42.97;47.34;47.73;48.11;47.8;37.31;38.63;42.92;35.42;70.78;47.73;71.51;54.08;66.54;61.29;77.07;71.15;57.92;67.62;69.26;60.53;59.46;65.59;47.03;46.35;57.89;50.99;52.76;41.01;51.31;45.27;42.98;57.16;67.27;58.54;68.49;60.94;68;67.8;61.1
O3;uur;µg/m³;2023-11-15T20:00:00+01:00;2023-11-15T21:00:00+01:00;62.2;48.5;59.4;55.4;45.2;43.91;43.86;50.19;49.48;40.65;31.61;38.33;40.59;43.03;72.9;46.46;72.46;57.05;66.84;62.79;77.11;72.44;64.82;69.35;68.89;65.2;61.89;67.29;54.72;48.97;63.45;58.72;56.31;42.48;55.04;45.63;47.87;56.71;66.34;58.35;68.48;62.02;70.4;70.6;63.4
O3;uur;µg/m³;2023-11-15T21:00:00+01:00;2023-11-15T22:00:00+01:00;59.5;48.9;59.1;55;60.6;47.2;44.85;52.09;50.41;36.34;45.2;41.25;37.22;43.39;74.57;49.07;71.43;59.66;68.52;62.4;77.8;70.27;63.26;68.09;65.28;67.96;64.16;68.97;59.22;58;65.8;63.19;58.08;43.03;56.88;45.69;50.73;61.85;63.25;56.95;60.43;60.91;71.4;72.2;65
O3;uur;µg/m³;2023-11-15T22:00:00+01:00;2023-11-15T23:00:00+01:00;62.4;50.3;54.3;50.2;49.5;48.17;45.81;50.01;48.78;32.64;39.9;40.9;40.77;43.31;74.79;50.5;71.41;57.04;69.22;64.77;75.42;71;63.28;68.85;57.9;65.78;64.95;67.83;58.94;59.56;64.31;63.51;54.29;43.08;57.84;50.06;55.07;62.04;57.89;60.63;58.34;56.36;71.1;72.3;65.7
O3;uur;µg/m³;2023-11-15T23:00:00+01:00;2023-11-16T00:00:00+01:00;65.4;53.7;60.8;54.1;61.7;45.58;44.56;49.74;48.89;35.16;43.81;41.29;46.57;44.74;74.38;53.27;68.16;60.36;69.35;65.73;71.74;71.4;69.51;67.1;55.64;62.88;65.01;66.4;58.92;58.31;64.52;63.93;58.89;46.44;56.26;40.9;58.79;59.56;55.52;61.4;55.66;54;67;65.4;62.4
O3;uur;µg/m³;2023-11-16T00:00:00+01:00;2023-11-16T01:00:00+01:00;60.2;54.8;53.9;46.7;46.7;45.49;43.71;49.76;48.42;34.8;42.78;42.06;45.17;46.1;72.58;54.15;66.24;59.04;69.76;66.11;65.32;70.57;61.12;65.06;53.25;54.15;58.76;62.32;60.12;62.72;60.83;64.98;57.61;44.85;59;44.33;57.27;51.04;53.22;57.09;54.66;50.69;49.1;48.3;54.7
O3;uur;µg/m³;2023-11-16T01:00:00+01:00;2023-11-16T02:00:00+01:00;59.8;51.3;47;38.7;58.1;46.69;44.47;48.87;46.56;34.28;36.74;42.75;48.38;46.04;72.15;48.83;60.6;50.48;68.99;64.97;60.39;61.98;47.07;60.7;51.62;53.65;53.5;58.03;53.91;57.92;55.15;58.64;57.9;41.21;59.03;42.18;54.38;47.63;50.59;52.37;53.29;49.73;50.9;51.6;41.5
O3;uur;µg/m³;2023-11-16T02:00:00+01:00;2023-11-16T03:00:00+01:00;57.5;45.7;43.3;36.2;51.3;;;;;;;;;;;;;;;;;;;;;;;;;;;;;;;;;;;;;;52.9;42.9;32.6
O3;uur;µg/m³;2023-11-16T03:00:00+01:00;2023-11-16T04:00:00+01:00;42.9;42;43.9;49.4;53.7;43.25;42.11;44.85;46.76;32.64;44.07;39.87;43.92;41.71;67.31;49.4;52.72;51.19;64.26;63.05;57.32;49.41;42.36;51.43;48.02;;47.76;44.1;40.54;45.86;39.08;42.01;48.27;40.28;45.84;42.98;45.55;45.15;47.5;44.89;54.14;44.43;45.1;37.1;19.8
O3;uur;µg/m³;2023-11-16T04:00:00+01:00;2023-11-16T05:00:00+01:00;30.8;27;35.6;37.2;49.1;42.09;37.95;41.38;45.34;28.87;39.18;37.24;38.17;38.31;62.73;43.26;49.51;47.33;53.42;52.31;51.13;44.28;29.8;40.22;49.6;40.71;45.18;33.25;35.84;39.47;32.16;35.68;39.11;34.23;43.72;41.79;43.72;42.5;47.21;39.9;57.24;49.02;29.6;18;11
O3;uur;µg/m³;2023-11-16T05:00:00+01:00;2023-11-16T06:00:00+01:00;17.4;20.6;36.2;40;35.9;37.22;35.31;41.32;44.15;26.98;34.3;34.51;32.03;36.67;60.06;39.15;39.89;42.86;40.56;42.23;36;31.6;33.18;12.77;48.69;23.48;34.05;30.72;24.43;23.02;14.87;29.25;28.63;31.33;38.7;37.54;35.65;39.55;42.31;36.2;61.13;61.03;23.4;9.8;14.5
O3;uur;µg/m³;2023-11-16T06:00:00+01:00;2023-11-16T07:00:00+01:00;23.6;10.6;9.3;21.8;12;35.62;26.77;41.02;42.47;22.81;17.46;27.37;20.89;30.92;27.34;33.04;20.04;30.71;43.49;30.93;35.77;10.94;8.02;8.61;43.73;7.12;21.77;20.47;8.68;1.66;5.14;12.34;28.04;21.16;26.05;26.95;21.54;34.17;44.16;28.52;65.76;61.06;23.4;7.8;10.2
O3;uur;µg/m³;2023-11-16T07:00:00+01:00;2023-11-16T08:00:00+01:00;38.6;8.9;7.8;3.8;0;31.86;30.36;27.93;36.24;27.48;0.05;22.36;9.98;22.49;33.62;25.16;13.46;20.37;38.52;16.74;30.3;15.17;5.84;1.21;37.69;2.43;6.01;14.52;0.09;0.85;1.08;-0.17;22.52;21.32;9.65;15.35;11.79;21.3;36.65;26.58;47.63;38.25;7;14.3;7.9
O3;uur;µg/m³;2023-11-16T08:00:00+01:00;2023-11-16T09:00:00+01:00;13.9;18.3;8.3;18.2;11;29.07;27.43;17.12;17.47;26.33;1.69;16.94;14.44;15.94;28.19;10.46;10.8;25.1;15.34;19.16;11.3;8.59;8.11;1.6;21.75;1.3;4.72;11.09;0.09;1.82;2.19;1.38;17.6;30.51;19.9;9.92;8.82;16.01;9.23;22.09;41.09;16.93;4;7.1;14.3
O3;uur;µg/m³;2023-11-16T09:00:00+01:00;2023-11-16T10:00:00+01:00;5.4;13.4;1.2;12.6;14.5;30.62;26.68;16.09;8.87;29.25;6.13;15.03;18.7;16.81;24.09;16.95;11.79;13.15;13.62;15.61;16.02;10.9;5.21;2.38;13.48;6.11;11.42;13.6;5.29;5.43;3.09;10.58;9.8;35.06;27.68;11.69;13.44;13.84;8.45;20.53;24.8;12.12;14.8;8.4;18.3
O3;uur;µg/m³;2023-11-16T10:00:00+01:00;2023-11-16T11:00:00+01:00;5.6;5.3;1.4;3.3;2.5;27.07;28.14;20.31;24.71;28.51;8.28;15.1;19.21;20.96;27.25;16.9;16.31;7.59;7.63;20.91;20.79;18.84;3.26;5.3;21.08;10;14.88;19.81;9.01;7.43;8.46;12.83;13.02;32.29;29.61;13.99;22.69;34.89;51.17;35.06;34.02;27.67;22.7;19.5;26.2
O3;uur;µg/m³;2023-11-16T11:00:00+01:00;2023-11-16T12:00:00+01:00;13.5;9.4;1;4.1;3.1;22.18;30.5;17.42;14.83;24.76;11.46;18.93;18.46;16.95;15.3;17.41;21.01;9.79;10.35;27.61;35.14;19.88;5.38;8.77;52.05;12;20.06;12.25;15.31;10.23;17.26;18.35;19.97;30.78;26.32;18.45;17.14;28.31;46.13;43.2;49.3;43.11;23.3;18.2;31.3
O3;uur;µg/m³;2023-11-16T12:00:00+01:00;2023-11-16T13:00:00+01:00;10.2;10.9;11.6;14.5;11.9;23.43;37.96;;12.5;20;12.36;20.03;19.62;20.01;11.76;17;20.3;13.91;16.77;23.64;36.7;23.15;8.5;8.12;62.72;19.41;24.99;21.82;22.3;16.31;25.27;23.36;18.34;31.18;27.82;20.08;14.64;35.99;41.54;42.22;61.9;56.87;28.5;26.2;33.7
O3;uur;µg/m³;2023-11-16T13:00:00+01:00;2023-11-16T14:00:00+01:00;10.6;16.7;12.8;22.5;35.1;25.54;30.41;;26.67;19.05;14.13;14.28;20.52;22.22;14.35;10.77;26.46;16.92;24.05;18.8;42.87;24.13;18.3;9.78;63.2;24.38;39.68;26.92;24.53;23.08;25.35;23.82;21.25;34.66;30.06;12.41;23.99;32.71;55.46;48.07;57.8;54.97;33.6;31.5;36.4
O3;uur;µg/m³;2023-11-16T14:00:00+01:00;2023-11-16T15:00:00+01:00;13.5;18.2;18.2;24.6;23.6;30.4;23.56;;20.42;22.58;24.93;28.18;28.7;21.77;20.98;5.31;26.84;19.72;20.36;12.33;45.61;27.61;22.58;9.8;47.2;22.5;38.63;25.29;26.04;23.49;22.66;25.59;21.55;34.4;32.4;20.09;26.84;28.98;43.45;49.87;60.51;50.43;33.8;32.8;32.8
O3;uur;µg/m³;2023-11-16T15:00:00+01:00;2023-11-16T16:00:00+01:00;10.6;16.5;13.1;26;22.7;20.87;27.99;18.03;;29.88;27.63;26.65;31.68;23.86;35.07;7.66;27.33;19.75;23.38;16.6;40.89;26.01;21.79;11.16;48.45;15.96;35.61;24.06;19.71;17.77;22.4;19.26;23.11;31.57;30.33;20.53;21.77;25.32;32.8;42.68;55.34;47.25;42.2;42;39.4
O3;uur;µg/m³;2023-11-16T16:00:00+01:00;2023-11-16T17:00:00+01:00;4.5;15.9;7.6;18.7;18.8;9.43;19.31;21.49;;29.17;21.51;19.56;27.01;26.36;32.5;18.17;30.61;21.27;14.16;18.01;32.01;30.37;11.58;10.49;39.85;21.52;23.36;24.07;17.26;14;17.81;15.42;20.71;16.76;18.95;19.26;20.37;23.14;31.8;22.69;45.97;34.78;44.7;41.2;45.4
O3;uur;µg/m³;2023-11-16T17:00:00+01:00;2023-11-16T18:00:00+01:00;4.5;12.9;8.9;16.9;18.7;2.1;15.05;11.14;;25.92;24.58;15.38;21.58;20.43;21.3;14.73;25.53;20.07;12.63;21.29;34.44;23.42;8.9;6.88;37.65;22.45;22.18;23.51;18.89;13.79;11.26;18.41;18.12;16.75;15.12;18.19;12.79;13.73;23.99;10.53;45.49;38.36;40.3;35.7;41.1
O3;uur;µg/m³;2023-11-16T18:00:00+01:00;2023-11-16T19:00:00+01:00;2.6;10.2;5.2;14.3;7.9;1.56;19.5;1.74;;19.11;27.95;13.89;16.53;14.96;15.29;19.54;24.18;11.15;13.03;14.2;29.64;22.76;9.03;8.25;32.42;25.84;19.65;23.09;13.19;16.12;7.49;14.31;13.41;12.22;17.5;15.73;7.16;16.83;23.4;22.31;52;38.15;29.6;32.9;37.5
O3;uur;µg/m³;2023-11-16T19:00:00+01:00;2023-11-16T20:00:00+01:00;10.3;15.9;8.1;18.6;11.7;0.8;19.97;0.85;7.41;17.13;16.18;16.38;16.94;17.4;15.69;7.59;20.79;20.92;11.18;13.35;30.04;19.78;10.74;12.59;17.32;19.67;20.37;23.31;9.65;10.61;10.45;7.98;15.41;9.29;10.02;14.03;16.5;24.5;27.14;37.8;43.54;20.31;26.2;26;31
O3;uur;µg/m³;2023-11-16T20:00:00+01:00;2023-11-16T21:00:00+01:00;14.5;8;7.8;11.9;5.6;6.1;24;0.2;3.42;16.9;11.84;15.37;17.51;18.99;9.04;20.37;13.71;15.27;16.66;10.73;29.04;8.81;4.54;12.26;23.5;21.42;16.61;36.4;6.1;13.65;25.51;4.9;8.71;10.72;11.63;12;19.13;28.92;21.44;14.88;35.62;7.83;23.4;20.5;28.7
O3;uur;µg/m³;2023-11-16T21:00:00+01:00;2023-11-16T22:00:00+01:00;1.9;5.5;3.4;12.1;6.4;11.49;19.83;1.98;4.01;17.16;13.06;15.58;17.85;17.83;13.14;14;11.83;17.67;10.91;5.26;24.43;4.05;4.4;7.55;39.66;25.1;16.58;39.29;2.68;9.73;6.65;3.76;7.57;8.95;5.41;12.9;20.16;32.26;22.83;17.38;23.76;1.39;18.6;16.6;7.8
O3;uur;µg/m³;2023-11-16T22:00:00+01:00;2023-11-16T23:00:00+01:00;1.2;1.4;1.6;1;7.1;15.6;17.59;9.81;11.15;12.05;6.41;11.01;18.53;16.18;14.83;12.28;5.9;13.29;5.87;1.84;23.5;1.48;1.11;3.49;44.12;7.21;20.08;24.2;1.37;6.87;9.03;3.89;5.45;6.19;2.31;6.21;13.26;18.82;17.03;15.3;25.62;1.36;10.2;10.1;2.8
O3;uur;µg/m³;2023-11-16T23:00:00+01:00;2023-11-17T00:00:00+01:00;-0.3;0.1;0.3;0;13.5;18.54;14.73;12.94;15.14;8.4;4.41;11.59;10.97;11.95;12.63;7.11;2.97;1.9;1.82;0.91;15.29;1.48;0.34;0.55;26.74;1.26;13.11;5.78;0.28;2.49;9.85;1.47;8.01;4.34;1.9;2.06;4.47;13.68;17.91;8.56;35.02;3.12;8.2;7.2;2.6
O3;uur;µg/m³;2023-11-17T00:00:00+01:00;2023-11-17T01:00:00+01:00;-0.3;0;0.2;0;6.9;17.69;9.61;15.7;18.32;5.49;2.11;5.61;3.05;10.38;10.79;5.42;2.56;0.8;1.33;0.49;14.05;1.71;0.36;0.15;26.8;2.66;11.67;0.02;-0.42;1;0.93;-0.96;12.25;4.24;1.46;1.16;2.25;8.06;11.42;8.77;30.42;13.39;12.7;4.9;2.6
O3;uur;µg/m³;2023-11-17T01:00:00+01:00;2023-11-17T02:00:00+01:00;-0.3;0;0.2;0;3.9;14.32;5.65;18.39;19.72;1.09;0.27;1.59;0.88;8.62;27.67;5.26;2.24;8.25;1.34;0.44;13.03;1.53;0.43;-0.07;26.49;3.58;13.32;-0.17;-0.4;0.92;-0.22;-0.79;8.42;4.2;2.11;3.57;1.6;10.62;14.33;15.18;34.12;19.02;2.5;5.2;2.5
O3;uur;µg/m³;2023-11-17T02:00:00+01:00;2023-11-17T03:00:00+01:00;-0.3;0.1;0.2;5;15.8;11.07;3.69;17.7;21.32;-0.21;0.29;-0.94;1.01;4.2;24.98;6.32;3.45;2.38;1.68;0.45;16.19;1.48;6.37;1.14;27.26;8.03;9.19;-0.15;-0.44;0.91;-0.24;-1.04;8.05;5.25;2.07;0.21;1.74;9.3;25.63;15.15;34.27;28.02;2.3;8;2.8
O3;uur;µg/m³;2023-11-17T03:00:00+01:00;2023-11-17T04:00:00+01:00;3;10.3;1.1;16.7;36.3;7.24;1.82;16.31;20.76;-0.02;1.11;0.74;1.01;0.96;5.51;5.58;4.01;21.74;4.46;0.38;7.59;1.4;14.74;-0.23;36.14;12.81;10.34;-0.08;-0.49;0.85;-0.27;-0.39;1.67;7.4;1.69;0.15;0.29;13.66;25.99;20.48;30.98;35.1;2.3;12.6;2.8
O3;uur;µg/m³;2023-11-17T04:00:00+01:00;2023-11-17T05:00:00+01:00;1.5;14.5;0;14.9;27.1;6.08;2.4;12.28;19.62;0.4;0.52;-1.14;1.94;0.51;11.45;34.6;2.24;14.82;14.31;1.86;5.16;1.39;6.48;-0.45;37.03;12.86;10.5;-0.14;-0.4;1.01;-0.37;0.13;1.03;5.72;1.08;0.46;2.98;24.02;28.48;20.62;32.25;27.68;11.4;11.8;6
O3;uur;µg/m³;2023-11-17T05:00:00+01:00;2023-11-17T06:00:00+01:00;2.4;9.8;-0.1;0.8;5.8;6.8;1.73;9.69;17.91;0.92;2.66;-1.28;2.81;1.18;39.22;46.55;2.52;11.34;16.04;6.95;7.45;1.3;0.33;-0.32;30.1;7.33;5.5;0.22;-0.34;0.83;-0.34;-1.11;2.23;3.2;0.95;0.36;4.01;13.75;32.97;24.54;34.48;31.31;19.2;18.2;8.5
O3;uur;µg/m³;2023-11-17T06:00:00+01:00;2023-11-17T07:00:00+01:00;0.5;1.9;0;1.5;5.6;5.43;1.62;8.73;11.86;0.93;2.37;-0.62;1.59;1.15;48.48;31.12;1.36;7.06;5.24;4.19;4.37;1.25;0.47;-0.36;36.5;4.09;6.25;1.14;-0.54;1;-0.33;-1.11;-0.51;4.69;0.29;0.39;6.46;6.56;33.03;23.39;35.28;28.5;21.6;17.1;10
O3;uur;µg/m³;2023-11-17T07:00:00+01:00;2023-11-17T08:00:00+01:00;0.4;0.5;0;3.2;15.1;5.63;2.03;5.78;11.83;2.16;0.73;-0.81;1.7;0.5;45.86;23.44;1.21;3.95;3.41;3.12;2.62;1.25;0.76;-0.57;37.86;1.03;1.04;-0.18;-0.46;0.9;1.9;-0.72;-0.59;0.81;0.25;0.49;7.3;8.78;27.77;17.35;32.63;22.13;20.6;14.1;8.2
O3;uur;µg/m³;2023-11-17T08:00:00+01:00;2023-11-17T09:00:00+01:00;-0.3;0.7;0.1;7;12.4;4.73;3.65;8.63;9.01;3.94;0.79;-0.77;1.84;0.69;55.66;19.25;1.7;4.67;3.08;1.53;3.5;2.04;0.85;-0.24;22.87;0.88;2.41;1.12;-0.2;1.19;1.93;-0.48;0.78;-0.43;1.12;0.69;4.28;9.68;28.74;12.28;32.19;12.88;10.9;9.7;6.2
O3;uur;µg/m³;2023-11-17T09:00:00+01:00;2023-11-17T10:00:00+01:00;5.3;3.2;0.7;8.9;25.8;2.79;6.03;34.46;29.5;5.58;3.42;0.59;5.06;1.42;52.43;19.41;2.81;4.67;7.62;5.31;4.7;3.39;4.53;0.29;19.44;2.54;7.72;4.48;3.65;2.32;4.01;;4.22;1.03;3.15;2.53;4.47;13.09;24.21;15.31;30.85;18.93;10;8.5;6.2
O3;uur;µg/m³;2023-11-17T10:00:00+01:00;2023-11-17T11:00:00+01:00;12.7;3.9;3;14.2;36;4.68;6.8;31.83;37.44;10.85;15.01;2.8;8.2;2.85;36.71;24.2;16.28;5.2;13.68;12.73;5.73;8.65;9.67;4.15;16.64;2.95;9.98;8.25;9.27;5.42;3.9;;15.35;2.22;7.97;5.36;11.75;12.73;34.15;22.94;46.24;29.28;9;7.8;6.1
O3;uur;µg/m³;2023-11-17T11:00:00+01:00;2023-11-17T12:00:00+01:00;31.4;13.7;15.2;36.1;46.5;7.06;10.79;27.8;29.62;20.17;25.87;13.05;8.66;7.7;43.56;34.45;49.02;11.67;28.14;11.13;8.83;35.48;24.91;31.12;25.05;3.82;14.19;14.46;20.25;16.79;7.18;23.57;38.67;7.95;12.99;10.58;15.74;27.94;27.39;33.26;42.25;33.23;15;12.2;5.3
O3;uur;µg/m³;2023-11-17T12:00:00+01:00;2023-11-17T13:00:00+01:00;35.8;29;21.4;34.1;42.7;9.27;26.8;19.94;31.46;24.39;43.4;23.06;23.65;15.94;56.9;32.66;47.98;34.39;28.48;33.48;32.19;47.01;28.66;32.04;33.29;19.51;24.56;23.71;30.5;31.23;17.39;35.37;34.81;11.56;25.49;19.21;17.8;30.97;27.83;43.82;51.82;47.49;22.1;9.6;9.6
O3;uur;µg/m³;2023-11-17T13:00:00+01:00;2023-11-17T14:00:00+01:00;43.2;27.8;30.7;32.8;48.1;18.75;42.71;37.84;28.56;23.9;43.5;23.78;31.73;31.3;49.11;38.26;39.48;32.66;37.44;37.82;49.61;54.38;32.98;30.43;42.65;36.3;38.2;27.66;35.1;37.82;22.54;40.75;44.02;14.79;47.69;22.32;25.4;32.17;37.21;48.2;53.99;42.88;25.2;22;21.9
O3;uur;µg/m³;2023-11-17T14:00:00+01:00;2023-11-17T15:00:00+01:00;50.6;31.6;30.7;38.1;49.9;18.71;47.33;40.57;46.31;31.7;44.14;30.66;34.98;35.82;53.05;40.52;41.07;33.08;48.06;32.03;54.8;44.66;34.23;28.76;41.87;32.05;38.65;33.58;38.36;35.24;25.95;45.03;37.12;16.07;50.01;32.53;23.97;24.35;37.65;42.44;62.41;43.32;35.4;27.4;37.5
O3;uur;µg/m³;2023-11-17T15:00:00+01:00;2023-11-17T16:00:00+01:00;44.7;29.3;23.7;33.7;48.1;25.75;47.68;21;43.6;30.54;45.4;23.13;39.19;38.37;47.99;34.18;34.67;34.34;52.54;37.67;53.01;40.98;31.58;22.96;43.48;37.98;34.93;26.41;30.31;33.99;19.65;40.29;28.12;11.98;43.78;21.48;20.23;23.51;25.49;36.37;60.7;39.56;37.5;21.4;36.9
O3;uur;µg/m³;2023-11-17T16:00:00+01:00;2023-11-17T17:00:00+01:00;32.9;19.2;20.3;29.1;40.4;17.21;28.01;8.61;14.4;18.51;30.26;9.78;29.48;15.99;37.94;38.18;35.91;27.61;22.5;30.5;41.92;32.62;17.61;17.25;46.81;27.34;13.01;20.07;14.62;9.04;10.37;24.3;20.03;7.38;23.29;28.14;8.68;11.85;17.07;24.21;51.66;18.68;38.5;19.6;31.7
O3;uur;µg/m³;2023-11-17T17:00:00+01:00;2023-11-17T18:00:00+01:00;10.7;4.6;9.6;25.5;41.7;2.94;19.91;5.7;2.19;4.32;18.12;0.81;7.36;1.18;53.4;40.75;25.53;15.85;7.2;5.18;19.5;20.55;15.87;11.22;28.34;13.28;5.2;19.45;1.31;1.27;6.43;2.61;3.81;4.09;2.21;14.12;0.95;3.82;11.47;19.99;42.47;8.7;17.3;11;19
O3;uur;µg/m³;2023-11-17T18:00:00+01:00;2023-11-17T19:00:00+01:00;8.9;2.8;2;15.6;29.4;0.65;16.22;1.88;2.36;0.85;12.31;0.08;1.55;1.34;61.07;24.83;11.25;10.15;8.03;1.76;9.61;17.8;9.1;4.42;20.32;3.14;2.81;16.71;0.09;1.31;2.99;-1.03;0.16;0.74;1.7;1.13;0.29;6.15;9.76;16.01;31.66;12.66;6;6.6;8.2
O3;uur;µg/m³;2023-11-17T19:00:00+01:00;2023-11-17T20:00:00+01:00;12.6;0.6;0.6;10;39.1;0.57;16.03;2.62;2.47;0.43;6.34;-0.93;1.54;1.34;55.96;17.48;12.37;5.6;3.77;2.08;12.98;14.6;3.43;9.69;12.26;3.78;5.34;10.35;0.24;1.01;0.18;-0.09;-0.35;-0.39;1.88;3.07;4.43;2.08;4.37;10.52;23.83;4.96;12.4;7;4.6
O3;uur;µg/m³;2023-11-17T20:00:00+01:00;2023-11-17T21:00:00+01:00;5;0.9;0.3;8.4;33.4;0.69;17.51;4.74;2.54;0.96;7.42;-0.97;2.25;2.55;43.54;19.82;57.36;0.85;1.62;1.58;3.78;5.66;3.49;14.62;5.08;1.77;4.39;8;0.06;1.05;2.03;-0.3;-0.05;-0.99;1.04;7.66;3.7;1;9.94;11.58;13.21;12.46;16;10.5;7.2
O3;uur;µg/m³;2023-11-17T21:00:00+01:00;2023-11-17T22:00:00+01:00;2.8;0.5;1.5;9.5;32.8;0.67;11.67;9.03;2.51;1.49;2.11;-0.02;1.96;2.24;21.89;20.69;51.97;0.84;2.04;1.84;2.52;1.27;0.8;14.92;2.83;0.4;5.07;3.98;0.1;1.15;1.71;-0.61;-0.28;-1.33;1.19;9.98;1.09;5.82;13.32;12.06;10.85;3.95;8.5;7.4;3.8
O3;uur;µg/m³;2023-11-17T22:00:00+01:00;2023-11-17T23:00:00+01:00;24.9;2;11.7;26.9;18;0.61;7.39;12.39;19.44;1.56;3.33;-0.71;1.58;1.86;18.03;20.03;15.73;12;2.36;2.35;6.36;1.6;6.41;3.13;8.68;0.38;3.87;1.49;-0.19;1.04;0.45;-0.37;-0.36;-1.14;0.92;7.97;3.16;7.22;12.65;7.86;15.34;0.61;2.4;6.3;3.2
O3;uur;µg/m³;2023-11-17T23:00:00+01:00;2023-11-18T00:00:00+01:00;17.6;1.9;9.7;14.7;27.4;0.53;3.97;14.89;22.06;2.31;1.37;-0.42;0.88;1.28;24.19;17.73;3.04;13.41;7.12;3.41;15.99;12.23;5.88;5.66;3.82;0.43;3.56;0.8;-0.44;1.02;0.18;-0.95;-0.17;-1.12;0.71;7.45;6.45;0.94;10.04;3.17;16.01;0.41;2.7;5.7;2.7
O3;uur;µg/m³;2023-11-18T00:00:00+01:00;2023-11-18T01:00:00+01:00;13.7;2.8;8.4;9.8;20.4;0.41;2.51;19.28;24.19;5.36;-0.25;0.36;1.23;1.01;28.58;20.32;11.04;13.66;6.95;5.88;11.24;3.82;2.35;11.12;2.31;0.18;3.96;0.79;-0.35;0.99;0.47;-0.88;-0.26;-1.27;1;5.59;8.53;0.87;6.74;0.38;16.59;1.35;3.3;5.4;2.9
O3;uur;µg/m³;2023-11-18T01:00:00+01:00;2023-11-18T02:00:00+01:00;10.4;1.5;3.6;16.5;25.9;0.05;1.75;12.67;22.39;6.76;-0.56;2.92;2.73;1.83;12.49;19.75;4.72;7.53;9.16;4.75;2.99;1.76;12.75;3.37;0.98;0.31;4.59;1.29;-0.49;1.03;2.06;-1.07;-0.15;-1.49;0.91;3.27;8.1;1.04;8.98;0.34;14.86;3.15;5.4;6;5.4
O3;uur;µg/m³;2023-11-18T02:00:00+01:00;2023-11-18T03:00:00+01:00;8.6;3.9;7.1;14;25.9;0.06;1.79;8.19;17.49;5.54;-0.66;6.41;9.37;4.05;7.91;18.38;9.42;12.59;8.31;0.45;2.9;5.4;11.29;11.83;1.76;3.46;6.26;2.61;-0.53;0.92;2.85;-1.16;-0.43;-1.56;1.36;2.8;8.44;2.76;8.86;0.72;17.25;6.84;6.7;7;4.6
O3;uur;µg/m³;2023-11-18T03:00:00+01:00;2023-11-18T04:00:00+01:00;14.7;7.8;5.1;14.9;10.4;0.22;1.87;18.38;27.78;6.02;0.27;8.81;10.52;8.09;13.89;24.86;10.06;7.97;1.19;6.98;4.17;1.98;11.79;5.34;5.01;4.46;6.27;0.37;-0.61;0.87;2.87;-1.09;0.88;-1.62;2.25;4.47;7.08;3.14;9.87;1.53;16.55;7.2;7.1;6.9;5
O3;uur;µg/m³;2023-11-18T04:00:00+01:00;2023-11-18T05:00:00+01:00;0.5;5.1;0.6;16.6;14.8;2.26;2.33;10.21;36.91;8.17;5.35;10.97;14.65;9.7;22.81;19.86;11.11;8.87;9.7;15.47;6.84;9.11;4.5;4.22;8.5;7.28;4.89;1.75;0.09;2;5.51;-0.29;6.44;-1.63;4.38;3.36;5.5;2.95;17.68;5.01;15.19;6.84;9.9;8.6;6.5
O3;uur;µg/m³;2023-11-18T05:00:00+01:00;2023-11-18T06:00:00+01:00;5.5;14.4;4.7;13.6;21.5;3.69;3.04;22.95;36.43;13.39;7.86;11.49;18.39;11.07;16.26;10.81;11.46;18.89;17.43;16.35;11.35;7.43;3.39;5.18;15.11;7.41;9.38;14.96;7.49;12.3;20.89;9.2;11.13;-1.53;7.69;8.37;4.61;2.72;20.95;5.14;17.06;7.13;10.9;11.4;8.6
O3;uur;µg/m³;2023-11-18T06:00:00+01:00;2023-11-18T07:00:00+01:00;15;20.6;13.3;20.2;15.2;5.32;11.67;32.1;44.81;15.4;14.32;16.03;20.11;18.29;36.18;24.31;10;21.78;19.54;18.55;8.87;14.01;14.4;6.69;15.58;9.41;18.1;18.69;12.56;19.7;23.97;14.87;17.35;-1.46;11.84;11.57;6.29;6.75;14.7;1.63;18.07;5.79;26.5;28.5;22.1
O3;uur;µg/m³;2023-11-18T07:00:00+01:00;2023-11-18T08:00:00+01:00;17.6;17.9;16.4;13.3;14.6;9.86;15.54;36.58;49.28;21.43;23.06;16.33;22.65;22.3;45.22;44.79;14.4;19.1;25.58;22.37;20.39;16.8;15.22;11.2;24.28;17.73;22.75;22.65;11.03;14.03;25.98;12.98;18.78;-1.5;12.46;13.47;-0.42;12.22;22.19;0.7;18.37;7.63;22.4;30.9;26
O3;uur;µg/m³;2023-11-18T08:00:00+01:00;2023-11-18T09:00:00+01:00;20.7;24.4;15.9;19.8;18.6;12.06;16.72;41.78;47.62;25.73;24.17;21.42;28.05;23.34;41.62;41.21;14.15;27.8;28.51;24.14;22.54;19.29;12.01;10.72;26.39;19.26;26.23;21.04;11.11;11.53;18.31;14.12;17.38;-0.79;9.45;17.91;1.25;13.47;21.85;3.16;20.63;6.85;12.4;24.8;25.5
O3;uur;µg/m³;2023-11-18T09:00:00+01:00;2023-11-18T10:00:00+01:00;25.9;27.6;25.5;21;21.6;14.89;18.86;44.51;50.74;32.14;26.32;21.89;31.66;25.76;42.19;30.58;17.73;28.04;33.72;27.83;28.62;21.09;25.69;15.35;27.78;24.77;24.4;21.21;12.8;15.38;18.74;15.43;22.31;0.96;13.35;19.59;6.78;12.93;22.18;5.15;23.88;7.11;19.3;24.7;22.1
O3;uur;µg/m³;2023-11-18T10:00:00+01:00;2023-11-18T11:00:00+01:00;29.6;26.5;28.5;25.5;29.2;18.4;24.77;43.94;49.79;35.98;33.04;22.82;36.04;28.16;42.1;35;27.1;26.12;37.54;31.83;31.78;27.57;30.77;20.48;31.79;27.68;29.93;28.15;14.64;20.78;24.63;19.14;26.63;5.77;19.63;26.33;6.88;9.6;21.98;7.53;25.41;9.41;19.4;29;26.5
O3;uur;µg/m³;2023-11-18T11:00:00+01:00;2023-11-18T12:00:00+01:00;37.5;34.4;38.5;32.2;34.2;25.58;28.42;45.9;50.39;38.51;38.54;30.91;41.62;38.13;44.31;42.97;34.6;36.74;42.05;36.02;36.4;36.62;35.11;25.61;32.05;29.56;30.82;30.6;19.84;29.41;31.02;26.38;33.19;8.91;24;24.34;8.1;14.98;20.03;10.74;22.05;7.93;25.5;30.4;32.6
O3;uur;µg/m³;2023-11-18T12:00:00+01:00;2023-11-18T13:00:00+01:00;42.9;38.7;42.1;36.5;40.5;44.72;36.04;51.61;57.2;45.43;40.49;36.27;49.23;45;48.36;47.83;42.64;41.71;45.87;44.63;49.51;42.97;41.14;36.6;35.47;39.63;31.12;39.79;28.5;35.88;37.36;34.78;40.73;10.89;29.22;25.55;11.05;17.61;18.42;14.24;20.37;8.54;28.8;42.3;39.1
O3;uur;µg/m³;2023-11-18T13:00:00+01:00;2023-11-18T14:00:00+01:00;42.9;38.5;39.3;39.3;38.4;49.73;44.76;53.24;59.23;49.42;42.18;44.18;50.93;50.03;48.9;51.7;40.55;41.8;45.61;47.93;51.9;45.38;38.68;33.51;42.83;45.53;38.64;46.62;35.16;43.14;46.79;41.27;47.09;15.86;37.39;34.94;14.3;19.07;25.64;17.73;21.35;11.74;40.3;49.9;47.8
O3;uur;µg/m³;2023-11-18T14:00:00+01:00;2023-11-18T15:00:00+01:00;41.1;38.5;35.8;35.9;35.7;49.03;51.87;52.18;57.23;47.64;42.87;43.84;50.49;48.34;49.28;51.92;39.24;44.34;46.25;47.65;50.83;42.44;31.28;31.72;47.61;45.95;45.88;47.23;38.78;45.67;47.45;44.98;46.98;22.08;45.12;43.65;24.36;22.68;30.98;20.96;27.19;17.36;45.2;50.5;50.4
O3;uur;µg/m³;2023-11-18T15:00:00+01:00;2023-11-18T16:00:00+01:00;40.9;36.7;27.2;40.3;41.5;46.9;51.79;55.95;56.23;48.89;43.01;45.25;51.49;51.07;45.02;50.22;36.24;43.6;44.75;47.48;47.45;36.5;34.4;30;49.5;42.72;48.83;45.11;39.72;43.76;43.91;44.44;44.48;29.02;49.35;47.68;35.87;33.55;35.25;23.41;37.37;26.22;45.6;47.9;47.7
O3;uur;µg/m³;2023-11-18T16:00:00+01:00;2023-11-18T17:00:00+01:00;39.5;33.1;33.8;38;35.2;46.14;50.34;59.76;60.51;50.77;33.08;48.42;48.77;53.25;45.24;47.18;38.96;39.75;40.65;46.14;44.23;37.42;39.11;31.82;48.24;40.26;49.4;43.74;38.04;40.47;44.31;43.11;44.69;37.2;51.28;44.72;39.62;37.07;42.25;32.16;42.78;30.74;46.3;45.4;44.6
O3;uur;µg/m³;2023-11-18T17:00:00+01:00;2023-11-18T18:00:00+01:00;36.7;27.8;29.7;31.5;34.8;45.53;52.26;59.23;58.41;49.13;33.57;47.21;45.83;50.06;40.73;44.24;33.05;29.44;44.12;40.05;39.79;33.37;33.22;25.44;46.93;35.59;49.84;41.68;37.37;38.11;42.15;41.52;42.28;41.17;48.66;42.53;41.35;37.1;43.67;47.49;47.42;42.01;46.5;43.4;42.1
O3;uur;µg/m³;2023-11-18T18:00:00+01:00;2023-11-18T19:00:00+01:00;36.3;22.4;17.3;29.4;38.8;47.44;51.98;56.2;54.94;45.53;30.17;44.51;42.25;48.03;37.28;42.35;36.39;23.2;39.29;29.43;41.22;36.33;26.18;28.37;42.8;29.57;47.57;34.74;32.33;31.83;27.86;34.97;35.95;41.46;46.42;41.25;41.94;38.13;46.29;52.87;47.33;49.6;41.6;36.2;37.5
O3;uur;µg/m³;2023-11-18T19:00:00+01:00;2023-11-18T20:00:00+01:00;33.3;24.3;15.4;28.8;36.8;46.66;48.07;52.57;51.86;41.44;27.26;40.41;37.66;44.7;39.71;41.74;38.92;22.12;35.47;31.6;43.33;34.98;22.04;28.18;35.31;38.13;44.82;31.54;27.42;29.49;30.5;31.35;34.21;36.24;45.37;39.27;38.47;39.74;47.08;50.09;45.81;48.91;32.8;27.2;30.7
O3;uur;µg/m³;2023-11-18T20:00:00+01:00;2023-11-18T21:00:00+01:00;37.3;33.2;20.7;28.5;41.9;43.41;44.73;49.4;50.1;38.29;28.7;38.4;32.83;41.75;43.37;41.33;40.32;33.56;36.89;33.06;41.41;39.04;15.73;34.7;27.8;38.86;38.95;30.47;;29.94;30.31;31.78;34.66;38.67;39.41;35.97;40.54;38.02;41.82;45.2;45.4;43.55;33;28.2;33.8
O3;uur;µg/m³;2023-11-18T21:00:00+01:00;2023-11-18T22:00:00+01:00;36.3;33.3;23.2;26.6;36.3;41.55;42.13;47.78;48.23;36.84;31.44;34.61;34.81;39;45.64;41;39.97;34.78;31.99;35.25;48.01;45.38;23.87;36.49;40.17;41.16;34.46;33.52;;33.35;30.86;33.34;35.87;38.31;35.77;34.82;41.04;34.91;35.88;41.83;42.81;40.25;35.7;27;32.7
O3;uur;µg/m³;2023-11-18T22:00:00+01:00;2023-11-18T23:00:00+01:00;38.8;35.8;24;27.5;40.4;38.62;40.14;45.3;47.24;36.45;29.7;32.24;41.13;37.12;47.7;40.98;37.46;38.17;37.39;42.31;43.54;50.49;23.59;39.27;44.45;42.14;37.94;38.8;;36.1;33.44;36.09;37.56;35.6;33.83;34.08;37.48;32.52;36.13;37.57;40.81;36.15;40;34.8;35.5
O3;uur;µg/m³;2023-11-18T23:00:00+01:00;2023-11-19T00:00:00+01:00;46.3;36.9;34.1;25.4;45.8;34.26;38.2;41.85;45.44;37.66;35.21;33.64;40.83;38.58;53.02;44.59;45.92;45.91;45.19;42.44;50.74;51.2;46.92;41.71;47.65;41.82;42.8;48.04;;41.76;43.37;38.46;43.41;35.36;37.86;37.04;34.16;34.44;39.25;36.89;38.21;34.46;43.7;51.3;45.1
O3;uur;µg/m³;2023-11-19T00:00:00+01:00;2023-11-19T01:00:00+01:00;51.3;35;38.5;28.8;33.5;34.54;39.37;39.4;44.16;40.38;43.04;38.5;45.51;41.34;54.13;54.44;44.9;51.54;51.52;43.08;50.82;47.89;42.09;38.83;50.43;44.55;47.07;51.52;;45.84;49.61;43.77;46.54;34.52;46.72;38.19;33.09;38.79;43.53;36.39;41.3;33.24;51.1;56;51.2
O3;uur;µg/m³;2023-11-19T01:00:00+01:00;2023-11-19T02:00:00+01:00;53.8;36;41.8;28.2;39;35.39;42.72;39.75;43.64;44.45;49.02;43.02;52.47;44.86;60.95;59.05;39.99;54.11;55.06;48.03;54.1;48.09;43.59;36.71;57.29;45.37;52.84;49.4;;50.12;49.07;46.99;52.14;32.68;50.15;41.58;37.92;45.62;51.8;35.14;45.51;38.67;51.8;56.1;51.4
O3;uur;µg/m³;2023-11-19T02:00:00+01:00;2023-11-19T03:00:00+01:00;56;38.4;46.1;37.5;43.3;38.95;45.77;46.88;47.26;48.33;53.58;46.6;55.81;49.66;60.1;61.93;50.61;57.11;59.69;55.82;51.64;57.63;44.92;47.83;59.52;47.76;53.6;52;;54.06;48.91;51.37;54.71;35.6;52.04;45.06;46.44;50;55.02;36.83;53.15;46.72;54.3;58.6;54.5
O3;uur;µg/m³;2023-11-19T03:00:00+01:00;2023-11-19T04:00:00+01:00;58.5;39.5;46.2;39.7;45.1;44.74;51.14;52.04;49.41;53.22;56.65;51.71;58.47;54.18;59.48;61.97;58.09;59.13;61.2;59.75;56.6;59.95;45.64;50.48;60.92;52.8;54.09;56.04;;56.05;55.81;52.79;57.4;39.34;56.72;50.55;50.24;50.03;57.76;40.43;57.71;49.63;55.6;60.6;56.3
O3;uur;µg/m³;2023-11-19T04:00:00+01:00;2023-11-19T05:00:00+01:00;63.3;43.2;44.9;47.5;48;53;56.42;57.99;58.02;56.87;55.36;56.62;63.22;59.71;65.02;61.5;63.1;63.27;60.69;60.58;71.17;62.03;51.15;52.1;63.57;62.71;58.48;56.39;;57.82;56.84;54.49;59.86;47.83;59.43;56.59;55.34;51.42;59.8;52.88;61.65;53.62;60.3;66.2;60.4
O3;uur;µg/m³;2023-11-19T05:00:00+01:00;2023-11-19T06:00:00+01:00;65.5;51.6;52.9;62.2;44.9;54.47;59.36;59.76;62.08;57.98;56.35;56.63;62.6;60.06;71.37;66;70.67;63.57;66.7;63.75;75.6;64.21;59.93;64.02;69.99;66.72;60.02;60.26;;60.71;59.94;57.86;62.46;52.32;60.95;60.04;57.25;57.89;64.91;57.34;66.73;57.37;65.6;72.3;65.4
O3;uur;µg/m³;2023-11-19T06:00:00+01:00;2023-11-19T07:00:00+01:00;68.4;53.1;51.3;63.7;47.3;56.83;61.5;62.08;64.17;59.53;60.54;59.43;61.86;63.08;73.22;66.47;71.04;64.09;69.6;68.67;76.92;66.23;63.24;67.58;72.09;69.47;63.39;64.67;;63.53;63.03;59.24;65.05;53.77;63.26;61.53;59;63.63;68.51;59.53;68.45;60.79;72.7;76.1;69.2
O3;uur;µg/m³;2023-11-19T07:00:00+01:00;2023-11-19T08:00:00+01:00;71;50.7;54.9;57.8;49.1;59.19;61.76;61.56;63.43;58.97;64.16;60.94;66.3;64.98;65.22;66.47;72.62;69.62;66.83;63.65;77.4;67.54;58;64.74;74.24;71.25;67;66.25;;64.89;63.8;60.9;67.13;56.48;66.26;61.99;61.04;64.96;70.85;63.5;70.5;65.76;73.5;77.4;69.6
O3;uur;µg/m³;2023-11-19T08:00:00+01:00;2023-11-19T09:00:00+01:00;70;47;44.2;54.5;50.8;57.98;63.84;62.79;64.52;61.99;58.83;61.64;69.99;64.22;57.46;61.03;74.14;67.6;59.09;59.49;80.58;64.21;58.4;67.76;73.24;71.67;68.22;66.15;;66.21;65.4;62.99;64.08;56.97;67;63.02;;66.88;70.75;65.34;72.22;65.32;75;77.4;71.3
O3;uur;µg/m³;2023-11-19T09:00:00+01:00;2023-11-19T10:00:00+01:00;63.3;49.8;52.4;52.1;60;59.76;63.81;64.56;64.98;62.6;58.99;62;64.6;64.53;63.78;64.26;72.58;63.63;63.38;60.96;80.38;71.18;60.94;63.19;73.7;72.27;68.37;64.02;;59.74;61.23;59.94;56.01;58.15;64.47;61.2;;65.88;69.9;66.62;73.1;65.58;75.2;79;72.4
O3;uur;µg/m³;2023-11-19T10:00:00+01:00;2023-11-19T11:00:00+01:00;63;50.3;54.6;57.2;57.6;62.52;65.96;65.69;67.41;64.91;64.73;62.94;67.71;65.97;64.87;64.53;73.26;62.62;63;63.23;80.86;72.02;63.69;65.49;74.92;70.9;66.87;66.9;;59.65;63.62;58.72;58.46;57.83;65.18;60.74;;65.81;69.7;64.65;73.39;65.65;74.4;78.9;72.5
O3;uur;µg/m³;2023-11-19T11:00:00+01:00;2023-11-19T12:00:00+01:00;65.4;50.9;56.5;61.3;55.5;63.4;68.54;66.41;69.05;65.15;65.77;64.61;72.7;67.68;69.12;66.37;75.79;67.12;64.16;63.49;81.48;72.19;65.93;69.09;74.44;71.79;68.29;69.88;;60.98;66.1;60.95;61.55;57.66;68.06;63.94;;64.67;70.79;65.44;72.74;66.69;75.5;78.4;72.2
O3;uur;µg/m³;2023-11-19T12:00:00+01:00;2023-11-19T13:00:00+01:00;68.2;53.1;56.5;54.5;62.7;63.56;68.07;66.35;68.59;64.23;64.14;63.91;70.7;67.05;74.95;64.74;72.11;68.97;69.01;67.04;81.16;72.16;66.98;59;76.18;70.4;72.29;69.97;;62.89;68.21;62.37;64.31;60.43;68.91;65.12;;64.36;71.39;66.05;73.28;67.71;77.2;78.7;73.1
O3;uur;µg/m³;2023-11-19T13:00:00+01:00;2023-11-19T14:00:00+01:00;72.1;55.4;61.2;60.6;57.2;62.6;67.07;65.45;66.68;64.49;65.16;63.71;66.21;65.76;76.22;71.52;74.07;73.11;73.45;63.86;79.98;73.14;64.65;60.83;76.02;69.12;74.2;70.68;;66.12;68.48;65.28;67.54;59.94;70.71;64.71;63.82;69.47;72.84;67.31;73.74;68.9;74.3;77;71.3
O3;uur;µg/m³;2023-11-19T14:00:00+01:00;2023-11-19T15:00:00+01:00;72.8;55.5;67;63.4;55.2;61.6;65.66;67.84;69.45;63.99;68.7;62.21;69.6;64.65;75.34;73.79;70.87;74.12;73.29;69.4;78.76;71.29;69.33;55.88;74.61;69.52;72.62;70.18;;66.54;68.1;67.74;70.42;58.55;70.6;62.95;62.23;68.56;71.11;67.63;74.42;70.16;72.4;75.9;69.7
O3;uur;µg/m³;2023-11-19T15:00:00+01:00;2023-11-19T16:00:00+01:00;71.8;54.4;62;52.8;66.7;63.24;63.72;65.94;67.48;61.5;69.97;59.9;71.22;62.07;75.49;73.24;69.51;70.32;74.08;71.68;75.9;70.59;69.59;54.21;74.92;67.2;72.07;69.07;;67.3;66.57;66.86;69.8;57.14;69.39;60.9;65.6;65.84;70.06;69.32;73.05;68.66;71.2;74.7;69.7
O3;uur;µg/m³;2023-11-19T16:00:00+01:00;2023-11-19T17:00:00+01:00;71.6;57.8;61.1;49.6;67.4;61.36;63.28;66.06;66.56;60.24;64.37;56.82;71.99;61.95;72.78;70.53;69.24;70.46;70.47;68.16;79.52;73.67;69.71;59.54;73.22;68.01;71.18;68.42;;65.74;64.72;66.21;68.15;54.17;70.11;60.68;62.47;65.04;68.82;65.94;72.87;67.33;69.9;72.8;66.6
O3;uur;µg/m³;2023-11-19T17:00:00+01:00;2023-11-19T18:00:00+01:00;69;60.3;58.7;47.9;67.8;62.22;62.92;68.86;69.23;62.09;62.67;59.11;67.38;62.79;70.32;72.72;67.6;64.77;69.3;66.24;76.16;71.07;65.94;60.2;71.41;66.61;69.3;66.89;;64.67;65.12;65.8;66.02;47.35;68.77;57.19;64.59;66.63;64.27;64.82;70.44;66.25;62.7;73.5;62.9
O3;uur;µg/m³;2023-11-19T18:00:00+01:00;2023-11-19T19:00:00+01:00;67.7;60.8;56.4;48.6;63.2;63.81;61.66;69.9;70.14;61.49;64.31;59.6;66.22;63.53;71.4;72.17;65.45;65.1;68.46;64.29;78.07;69.21;66.15;56.82;71.94;67.22;67.79;64.93;;63.03;63.32;62.43;64.56;51.34;67.69;57.2;63.51;62.83;66.22;61.9;69.97;64.55;63;71.5;61.6
O3;uur;µg/m³;2023-11-19T19:00:00+01:00;2023-11-19T20:00:00+01:00;70.1;57.7;57;53.6;52.5;62.28;64.66;68.89;69.87;62.35;64.49;62.34;65.47;64.48;71.92;72.15;64.75;68.67;67.76;63.44;73.82;68.95;65.73;54.47;70.82;66.39;66.86;66.17;;64.57;62.94;62.47;65.06;55.27;66.41;58.93;62.15;62.69;65.73;62.64;65.88;62.15;66.8;72.8;66.2
O3;uur;µg/m³;2023-11-19T20:00:00+01:00;2023-11-19T21:00:00+01:00;70;53.8;58.1;65;57.4;62.61;63.91;68.43;69.25;64.57;63.77;61.67;69.49;63.7;73.82;72.67;67.21;68.63;69.58;64.41;72.55;65.06;60.97;61.53;70.14;65.8;66.19;65.83;;64.7;63.92;62.35;65.16;56.59;65.58;60.88;60.72;61.95;67.25;64.68;60.32;58.55;68;72.1;66.2
O3;uur;µg/m³;2023-11-19T21:00:00+01:00;2023-11-19T22:00:00+01:00;68.7;55.4;57.6;59.9;56.5;61.69;63.16;68.97;70.15;64.73;66.79;62.26;68.92;65.43;68.88;71.1;67.38;60.13;71.01;66.67;71.42;64.04;67.23;64.49;67.1;63.83;65.6;63.43;;64.33;63.52;62.07;67.71;58.47;64.74;60.58;61.23;61.88;66.37;62.81;65.32;59.11;68;71.3;63.7
O3;uur;µg/m³;2023-11-19T22:00:00+01:00;2023-11-19T23:00:00+01:00;67.3;51;54.9;56.8;43.6;60.16;64.01;67.1;68.07;63.27;63.56;61.9;69.44;65.13;67.75;69.5;60.51;58.7;66.81;66.91;68.91;61.87;64.61;59.55;64.79;61.26;62.72;62.51;;61.84;62.94;63;65.19;57.43;65.06;58.75;60.31;62.18;64.53;63.06;71.19;60.94;66.3;69.6;62.6
O3;uur;µg/m³;2023-11-19T23:00:00+01:00;2023-11-20T00:00:00+01:00;64.7;49.6;59.3;50.8;38.5;61.36;63.2;67.32;67.7;61.44;61.98;60.85;66.09;63.32;64.36;67.2;60.83;57.05;65.4;64.96;66.08;61.41;63.29;57.54;63.71;58.72;61.16;59.3;;59.1;59.87;60.5;62.15;56.74;64.88;57.98;59.66;58.88;63.65;63.57;72.34;68.16;63.9;66.4;60.1
O3;uur;µg/m³;2023-11-20T00:00:00+01:00;2023-11-20T01:00:00+01:00;63.9;50.2;59.3;48.8;40.1;61.75;62.1;66.85;68.59;61.31;61.79;60.37;62.82;63.62;62.87;65.91;61.47;56.32;62.87;62.77;66.44;60.39;62.9;57.43;61.66;59.31;59.61;58.03;;59.38;58.31;58.31;60.01;55.97;62.56;57.86;58.72;55.44;61.79;61.17;66.88;68.17;61.7;65.6;57.9
O3;uur;µg/m³;2023-11-20T01:00:00+01:00;2023-11-20T02:00:00+01:00;62.1;48.6;57.5;46;46.8;61.43;61.03;67.52;68.7;59.57;55.66;60.71;62.51;64.72;64.81;64.8;61.81;55.23;61.65;61.46;65.63;60.5;60.85;60.11;60.28;58.32;57.46;;;57.99;57.5;54.1;58.25;55.26;61.06;57.6;55.74;54.41;59.36;59.94;65.44;64.13;62;65.3;58.9
O3;uur;µg/m³;2023-11-20T02:00:00+01:00;2023-11-20T03:00:00+01:00;60.7;50.5;59.1;45.3;49.4;;;;;;;;;;;;;;;;;;;;;;;;;;;;;;;;;;;;;;62.3;64.7;58
O3;uur;µg/m³;2023-11-20T03:00:00+01:00;2023-11-20T04:00:00+01:00;60.3;49.5;58.3;44.6;45.7;60.5;62.58;65.38;66.87;;55.03;57.5;60.52;59.32;65.06;63.52;63.43;50.74;61.79;62.24;66.01;62.88;61.74;60.69;56.75;57.85;56.62;;;56.82;56.79;50.78;57.09;52.81;57.82;56.34;52.97;52.73;57.21;56.4;63.19;59.59;61.8;64.5;57.7
O3;uur;µg/m³;2023-11-20T04:00:00+01:00;2023-11-20T05:00:00+01:00;59.4;53.6;59.5;44.5;53.6;60.22;58.08;64.12;65.05;52.84;54.9;55.61;57.33;57.71;63.26;61.57;64.08;48.49;60.93;61.55;66.97;58.85;62.15;60.13;57.21;58.68;58.85;;;55.52;57.67;50.91;55.53;52.31;58.21;54.71;52.14;51.3;56.05;54.93;53.82;55.27;62.4;64.8;57.9
O3;uur;µg/m³;2023-11-20T05:00:00+01:00;2023-11-20T06:00:00+01:00;60.3;49.7;58.9;44.9;55.8;57.96;54.07;62.5;64.19;54.01;54.2;53.94;54.61;57.27;62.82;59.38;63.53;51.46;59.88;60.45;68.98;60.75;58.81;57.98;58.62;59.19;59.58;57.98;;52.54;54.68;47;54.71;51.26;56.18;52.76;52.57;50.9;55.12;54.01;54.71;50.98;63.6;65;57.6
O3;uur;µg/m³;2023-11-20T06:00:00+01:00;2023-11-20T07:00:00+01:00;56.3;43.1;53.1;41.7;56.3;56.48;51.77;61.81;61.64;50.31;51.94;52.68;51.14;56.45;61.81;55.31;65.57;47.47;56.66;53.54;70.75;58.2;52.34;55.82;59.38;57.66;59.01;57.14;;46.48;49.57;44.44;53.73;49.1;55.31;49.04;54.4;51.96;57.56;54.16;55.08;50.05;63.2;63.8;57.2
O3;uur;µg/m³;2023-11-20T07:00:00+01:00;2023-11-20T08:00:00+01:00;50.8;29.2;48.6;40.4;42.2;55.43;51.58;57.89;57.18;50.5;49.81;50.15;43.56;54.46;61.36;52;65.5;44.59;53.51;46.91;70.42;51.83;49.25;56.93;59.81;55.78;55.08;56.55;;42.71;48.56;42.66;51.12;45.47;53.4;46.25;51.53;51.16;57.86;54.84;58.07;49.91;60.9;58;54
O3;uur;µg/m³;2023-11-20T08:00:00+01:00;2023-11-20T09:00:00+01:00;44.3;25.7;19.2;38.9;38.3;54.14;50.78;55.11;53.01;46.62;42.86;47.9;36.91;48.14;49.87;50.1;64.44;25.87;43.58;39.95;71.08;49.71;32.33;55.64;60.81;52.83;56.65;50.48;;41.09;44.5;43.64;42.34;43.6;50.46;44.38;49;51.4;56.69;56.05;59.47;50.2;57.7;53.6;52.4
O3;uur;µg/m³;2023-11-20T09:00:00+01:00;2023-11-20T10:00:00+01:00;44.3;28.5;21.9;31.8;43.5;53.6;54.21;55.77;53.8;46.84;44.41;49.45;35.82;52.82;45.61;52.67;64.84;25.22;48.2;41.83;72.99;41.74;24.49;50.13;60.05;55.71;52.41;44.84;;36.3;42.49;40.91;39.23;43.69;48.96;43.89;47.94;49.01;56.09;54.95;60.43;53.08;51.6;51.7;53.2
O3;uur;µg/m³;2023-11-20T10:00:00+01:00;2023-11-20T11:00:00+01:00;46.7;32.3;28.5;30.3;44.9;53.84;55.51;55.09;55.55;50.59;49.17;51.65;41.02;53.79;52.5;57.71;69.21;32.95;50.58;48.43;75.73;48.6;23.47;50.01;56.13;59.38;53.97;39.51;;38.82;40.54;38.82;42.15;46.8;49.26;47.51;51.34;48.34;57.82;54.61;63.34;52.99;58.5;56;58.3
O3;uur;µg/m³;2023-11-20T11:00:00+01:00;2023-11-20T12:00:00+01:00;49.2;34.4;34.2;34.7;56.7;55.54;59.35;58.17;59.33;55.74;47.94;56.37;55.5;58.31;51.13;60.74;65.2;46.02;57.47;55.42;78.3;62.73;36.21;54.65;65.37;63.12;52.29;43.57;;40.51;43.13;40.16;48.77;48.13;54.03;50.59;51.06;48.61;54.7;55.45;64.55;55.17;63.1;64.3;61.4
O3;uur;µg/m³;2023-11-20T12:00:00+01:00;2023-11-20T13:00:00+01:00;52.1;45.2;36.2;43.9;54.7;56.84;65.92;63.53;62.29;62.08;54.95;61.21;57.66;61.97;54.69;58.98;66.3;51.62;56.48;61.45;79.25;63.7;37.71;52;68.37;63.37;56.86;54.24;;50.2;41.63;46.97;57.66;48.53;50.63;51.44;55.95;52.02;64.3;60.16;62.84;52.59;66.9;66.5;64.8
O3;uur;µg/m³;2023-11-20T13:00:00+01:00;2023-11-20T14:00:00+01:00;;46.5;38.7;37.4;48.9;56.79;65.94;61.48;61.11;60.42;50.63;58.62;55.69;60.42;57.39;54.83;59.56;52.06;53.63;58.17;77.09;56.98;34.93;44.73;67.67;60.12;58.4;52.13;;57.24;51.56;52.85;59.89;51.6;58.74;58.77;57.88;49.71;64.75;56.69;66.83;59;72.9;68.5;67
O3;uur;µg/m³;2023-11-20T14:00:00+01:00;2023-11-20T15:00:00+01:00;;43.2;33.4;33.4;49.2;51.65;62.48;56.18;54.54;54.04;50.69;53.17;46.79;56.43;56.46;54.45;55.19;46.26;52.88;55.22;62.33;53.1;37.14;42.23;66.42;59.91;55.45;48.23;;51.6;40.74;51.88;54.59;45.26;58.87;59.52;53.55;51.4;62.88;55.9;66.16;58.29;66.5;62.3;64.5
O3;uur;µg/m³;2023-11-20T15:00:00+01:00;2023-11-20T16:00:00+01:00;49.3;33.9;22.5;33;51.8;51.29;57.09;54.81;53.15;49.6;42.64;44.05;39.72;47.2;53.73;47.2;49.59;47.28;50.74;53.91;54.04;49.34;26.64;29.86;60.18;45.77;54.64;45.26;;43.7;35.26;49.38;49.91;42.83;58.82;52.74;49.38;55.83;63.18;55.87;63.58;56.34;58.3;46.6;48.2
O3;uur;µg/m³;2023-11-20T16:00:00+01:00;2023-11-20T17:00:00+01:00;42;30.8;20.3;20.2;34.6;46.54;45.95;48.09;48.15;45.25;40.72;38.56;38.71;41.41;48.43;49.77;44.72;30.54;44.13;48.59;57.52;44.82;12.09;11.65;47.01;38.54;48.81;39.05;;30.37;35.71;39.19;47.11;38.62;52.14;40.64;41.71;60.91;46.78;52.86;59.77;55.36;38.8;19.3;26.2
O3;uur;µg/m³;2023-11-20T17:00:00+01:00;2023-11-20T18:00:00+01:00;26.4;12.2;14.3;11.9;33.1;43.87;34.41;35.85;45.09;32.67;20.15;37.13;26.81;38.56;43.47;29.59;34.69;14.66;32.81;33.73;64.9;11.85;7.54;5.66;31.51;42.82;39.09;26.2;27.08;25.91;26.42;38.11;38.07;33.4;42.67;26.41;25.08;54.64;41.02;43.29;53.47;50.61;15.4;24.4;20.1
O3;uur;µg/m³;2023-11-20T18:00:00+01:00;2023-11-20T19:00:00+01:00;14.5;7.3;0.3;8.7;17.3;44.01;32.85;36.82;36.79;12.27;9.46;14.73;5.35;16.69;39.65;25.35;44.89;1.84;22.39;8.17;64.32;4.72;1.82;3.07;34.1;35.58;34.45;19.88;24.37;19.49;17.23;33.78;25.95;29.56;29.75;17.18;22.43;49.86;40.55;39.13;47.93;48.42;21.5;29.1;30.1
O3;uur;µg/m³;2023-11-20T19:00:00+01:00;2023-11-20T20:00:00+01:00;15.6;0.2;0.3;5.4;0.1;33.71;17.44;36.55;33.87;12.46;5.97;-0.14;1.67;2.77;43.89;15.79;43.78;0.42;12.67;2.19;40.67;2.52;3.97;1.81;30.68;19.56;30.83;15.8;19.98;17.12;9.17;28.96;15.62;30.36;21.48;10.55;30.13;34.29;44.34;40.59;45.29;46.51;26.1;29.7;24.2
O3;uur;µg/m³;2023-11-20T20:00:00+01:00;2023-11-20T21:00:00+01:00;15.9;0;1.5;6;0;24.82;8.55;30.47;29.51;7.21;2.75;-1.15;1.83;1.5;40.27;26.81;29.07;0.57;22.52;1.81;33.61;1.64;11.06;0.04;26.75;7.23;25.09;11.49;11.08;13.15;10.56;14;7.03;23.09;26.76;7.42;31.16;30.22;41.06;36.56;43.94;46.38;16.7;19.4;10.8
O3;uur;µg/m³;2023-11-20T21:00:00+01:00;2023-11-20T22:00:00+01:00;17.7;0;0.6;0.4;57.5;21.38;5.64;42.53;43.41;0.35;0.07;-1.16;1.7;1.74;43.87;34.08;41.57;0.64;22.36;3.88;49.61;1.82;0.52;4.13;35.87;2.76;19.91;5.09;10.03;15.65;7.74;7.85;8.55;18.82;28.82;4.7;23.68;25.72;35.33;34.3;45.82;46.6;4.5;11.2;2.7
O3;uur;µg/m³;2023-11-20T22:00:00+01:00;2023-11-20T23:00:00+01:00;12.9;0;0.1;14.4;59.2;20.51;3.12;29.01;39.58;-0.17;-0.43;-1.13;1.84;5.17;52.5;26.82;59.51;0.5;28.39;8.87;63.97;1.88;0.36;21.19;33.22;4.35;11.48;0.9;3.15;5.06;4.86;2.34;3.13;12.88;25.29;4.9;16.14;21.67;30.44;28.04;50.94;45.01;2.5;5.2;2.4
O3;uur;µg/m³;2023-11-20T23:00:00+01:00;2023-11-21T00:00:00+01:00;4.6;0.4;0.4;1.4;33.6;15.74;1.37;21.14;35.33;12.02;-0.05;0.93;3.01;10.75;55.66;16.36;43.49;0.58;22.42;4.6;58.98;1.55;0.29;0.15;37.59;5.45;14.2;-0.53;1.23;3.08;0.86;-1.1;11.15;11.86;20.62;3.13;14.46;21.12;33.25;23.45;52.58;42.6;2.5;5.1;2.2
O3;uur;µg/m³;2023-11-21T00:00:00+01:00;2023-11-21T01:00:00+01:00;13.4;0.5;0.6;1.4;43;9.08;5.1;21.26;26.1;22.4;2.03;14.93;3.76;16.24;57.13;13.77;29.44;0.5;16.23;6.76;64.15;1.36;0.5;3.09;44.28;10.31;12.8;-0.63;0.08;1.34;0.3;-1.49;2.97;8.39;15.39;5.17;12.91;17.03;45.87;22.51;47.35;42.08;2.4;5.2;2
O3;uur;µg/m³;2023-11-21T01:00:00+01:00;2023-11-21T02:00:00+01:00;34.4;0;0.1;29.5;41.7;8.98;7.68;26.9;23.35;17.72;0.15;17.03;11.4;11.7;51.57;12.13;60.69;0.61;28.08;5.54;58.05;1.35;6.16;34.39;44.69;19.53;9.38;-0.75;-0.12;0.93;0.03;-2.14;2.87;7.98;9.18;7.17;11.05;17.88;52.67;20.36;48.97;42.13;2.6;6.1;2.6
O3;uur;µg/m³;2023-11-21T02:00:00+01:00;2023-11-21T03:00:00+01:00;22.1;0.1;0.3;36.1;34.3;10.59;6.57;34.72;22.4;13.62;-0.35;15.6;15.71;10.1;47.86;11.67;52.68;0.44;41.16;5.27;54.82;1.05;1.18;52.29;43.29;19.53;8.45;-0.79;-0.07;0.44;0.26;-1.78;6.66;5.12;4.91;9.79;12.35;20.18;51.51;21.2;47.39;39.34;4;10;2.6
O3;uur;µg/m³;2023-11-21T03:00:00+01:00;2023-11-21T04:00:00+01:00;14.6;0;2.9;16.1;32.2;13.5;16.28;35.72;31.33;14.6;-0.01;12.5;15.1;14.46;45.74;12.3;44.46;0.46;35.25;4.2;51.84;1.28;1.78;21.78;48.36;21.91;9.87;-0.74;0.5;0.73;0.28;-0.43;3.1;4.42;4.82;8.53;13.8;19.91;48.87;20.59;41.96;33.8;7.1;14.6;2.8
O3;uur;µg/m³;2023-11-21T04:00:00+01:00;2023-11-21T05:00:00+01:00;23.6;0.1;10.3;2.9;46.7;13.38;20.22;32.93;33.62;10.25;-0.31;13.45;13.94;12.44;47.65;13.3;40.34;0.45;32.47;4.5;51.01;2.72;0.53;14.04;54.79;29.27;10.02;-0.82;2.12;2.38;0.53;1.12;0.64;4.6;6.62;8.39;11.96;20.93;51.8;19.22;41.77;30.4;5.5;18;4.8
O3;uur;µg/m³;2023-11-21T05:00:00+01:00;2023-11-21T06:00:00+01:00;17;0;2.1;21.2;51.9;14.76;20.47;30.31;33;1.77;-0.24;8.02;5.06;4.3;41.17;13.01;46.51;0.86;31.34;3.52;55.7;9.5;0.35;27.87;54.95;32.3;16;3.39;1.72;3.3;3.54;-0.01;5.16;6.97;15.69;8.97;14.33;23.76;51.09;16.29;42.37;30.15;24.2;12.3;
O3;uur;µg/m³;2023-11-21T06:00:00+01:00;2023-11-21T07:00:00+01:00;5;1.4;7.9;30.1;56.1;15.53;16.03;33.07;31.83;-0.56;0.35;-0.36;1.33;1.11;42.47;16.54;46.45;10.81;23.99;1.95;55.54;5.7;2.29;34.55;47.84;41.73;30.92;16.38;1.36;0.85;7.35;2.06;5.54;9.73;18.52;6.6;15.15;18.53;50.19;13.89;36.5;33.61;43.8;27.6;
O3;uur;µg/m³;2023-11-21T07:00:00+01:00;2023-11-21T08:00:00+01:00;7.5;1.9;10.4;12.9;50.5;16.44;10.85;23.54;26.47;-0.51;-0.03;-1.72;1.63;0.62;42.74;26.71;49.68;16.64;11.78;0.37;49.25;18.87;7.8;47.73;38.66;39.17;41.07;19.95;1.8;1.66;13.73;1.52;5.27;8.18;15.05;4.15;12.31;14.71;40.83;16.7;32.04;30.33;43.8;40.7;
O3;uur;µg/m³;2023-11-21T08:00:00+01:00;2023-11-21T09:00:00+01:00;12.7;6;18.1;28.8;55.8;17.88;7.92;21.31;24.31;0.53;6.64;-1.42;3.84;1.26;30.74;29.53;50.41;17.37;4.95;1.35;44.2;31.78;16.4;48.35;39.51;34.64;39.01;35.28;13.95;4.96;25.14;13.86;17.76;8.94;6.37;2.08;8.09;17.9;32.62;23.71;36.92;27.21;38.5;38.2;
O3;uur;µg/m³;2023-11-21T09:00:00+01:00;2023-11-21T10:00:00+01:00;21.8;22.7;23.1;38.8;54.7;18.95;5.74;20.44;25.98;4.47;19.25;-0.22;6.77;2.79;39.75;45.36;45.21;26.1;21.43;23.06;41.92;40.28;29.19;45.08;36.29;30.05;39.52;35;35.42;29.8;39.6;31.65;31.75;10.49;7.6;2.98;4.23;22.56;28.54;23.86;34.15;25.99;38.5;34.2;
O3;uur;µg/m³;2023-11-21T10:00:00+01:00;2023-11-21T11:00:00+01:00;22.2;27.6;26.6;40.4;47.9;18.44;7.66;22.31;27.11;6.1;25.42;0.33;22.02;3.45;43.93;53.19;38.69;23.01;33.13;29.23;42.25;35.34;29.61;35.57;39.94;25.03;32.42;39.36;32.5;30.03;35.51;27.63;37.61;12.73;15.05;3.38;12.22;28.21;35.06;22.98;35.13;27.72;32.3;34.5;29.4
O3;uur;µg/m³;2023-11-21T11:00:00+01:00;2023-11-21T12:00:00+01:00;23.1;27.2;27.9;37.1;46.3;15.71;8.47;25.68;27.11;20.4;28.46;2.12;36.44;12.65;43.14;54.34;35.42;17.62;34.64;34.58;45.68;36.42;33.5;34.31;40.08;26.2;32.58;34.62;33.13;30.15;31.09;32.55;35.51;14.74;22.22;3.26;18.9;23;35.52;31.68;40.25;32.05;28.1;28.2;25.1
O3;uur;µg/m³;2023-11-21T12:00:00+01:00;2023-11-21T13:00:00+01:00;22.5;22.6;22.7;36.7;45;20.48;8.32;26.72;30.9;31.66;36.98;7.57;39.04;21.1;37.69;49.89;34.96;18.97;34.86;35.68;48.23;31.25;30.86;31.14;43.59;32.65;31.31;27.12;30.02;28.61;25.05;28.75;31.07;14.33;28.82;3.82;18.63;24.14;38.85;32.65;45.53;36.55;32.5;37.2;30.8
O3;uur;µg/m³;2023-11-21T13:00:00+01:00;2023-11-21T14:00:00+01:00;19.6;19.8;18.7;39.3;43.5;19.32;11.28;23.8;32.31;28.76;38.88;12.01;36.23;21.37;41.67;40.84;42.75;17.43;26.72;28.66;48.89;42.7;26.75;34.3;;37.24;28.01;26.38;27.51;26.06;23.56;26.86;28.15;15.67;22.76;10.77;23.09;28.2;33.72;33.07;44.47;39.3;34.7;39.8;34.4
O3;uur;µg/m³;2023-11-21T14:00:00+01:00;2023-11-21T15:00:00+01:00;24;24.8;23.7;43.8;46.3;14.64;12.13;20.22;30.16;20.7;35.97;9.26;33.71;17.26;38.7;36.81;44.81;20.26;26.24;21.65;50.03;43.17;30.08;35.44;;40.16;30.73;23.85;22.17;23.07;21.93;21.51;20.95;14.99;21.72;12.55;27.78;30.1;34.37;32.39;49.4;41.58;35.7;43.2;34.1
O3;uur;µg/m³;2023-11-21T15:00:00+01:00;2023-11-21T16:00:00+01:00;22.1;19.7;17.1;43.3;48.7;11.74;15.01;13.08;18.57;24.33;30.81;7.67;28.19;11.58;36.27;45.06;41.94;18.95;26.38;18.71;49.08;36.81;28.32;26.24;;37.04;32.99;29.5;23.21;22.27;30.87;21.45;20.43;25.8;22.82;10.46;29.95;31.68;34.71;36.67;51.24;43.54;33.4;40.3;35.2
O3;uur;µg/m³;2023-11-21T16:00:00+01:00;2023-11-21T17:00:00+01:00;24.3;23.8;20.7;34;43.2;7.96;16.55;8.87;15.33;24.17;28.02;9.74;22.62;12.54;40.31;35.9;37.77;27.18;23.66;20.14;42.07;34.67;28.27;24.83;;28.58;31.43;32.3;25.65;26.24;27.73;26.51;27.77;28.19;28.97;13.45;28.48;29.53;35.02;37.1;48.39;42.15;28.9;32.2;25.6
O3;uur;µg/m³;2023-11-21T17:00:00+01:00;2023-11-21T18:00:00+01:00;27.3;26.2;22.3;30.9;35;12.49;20.14;8.75;13.13;17.09;22.29;11.92;20.95;15.4;37.11;30.68;30.14;26.27;31.92;25.93;35.01;26.54;29.18;17.55;;25.14;29.62;24.94;26.14;26.1;23.93;24.98;25.12;24.12;24.91;19.57;24.09;30.47;36.48;34.17;43.51;38.41;32.9;31.7;26
O3;uur;µg/m³;2023-11-21T18:00:00+01:00;2023-11-21T19:00:00+01:00;20.7;19.6;17.8;19.9;26;20.63;25.73;13.69;18.73;23.58;24.53;21.69;28.19;22.46;38.8;33.44;21.95;21.21;27.33;24.74;35.06;22.91;21.31;16.56;;24.92;25.16;23.22;21.85;20.23;14.63;20.6;24.1;23;23.37;16.93;25.67;31.27;32.92;34.35;42.61;33.83;25.5;28.6;23.9
O3;uur;µg/m³;2023-11-21T19:00:00+01:00;2023-11-21T20:00:00+01:00;14.5;18.1;14.2;19.5;18.7;26.94;24.44;21.33;26.14;24.79;27.02;20.43;29.04;24.26;26.19;34.15;20.96;20.79;23.04;21.22;30.69;18.36;20.91;12.02;44.7;21.8;21.73;24.47;14.68;13.7;14.21;11.11;16.48;28.45;18.65;14.64;28.85;29.76;31.67;32.55;46.19;30.61;22.9;24.3;20.3
O3;uur;µg/m³;2023-11-21T20:00:00+01:00;2023-11-21T21:00:00+01:00;15.7;14.2;12.4;10.3;18.4;27.65;17.5;22.89;22.63;18.32;23.97;16.37;22.14;20.43;17.49;26.44;22.04;20.71;17.44;13.57;27.37;13.33;14.86;19.55;43.06;25.81;21.15;18.88;14.06;11.93;21.11;12.25;11.38;27.69;14.2;18.17;23.94;26.97;32.13;28.26;37.6;33.66;25.9;27.4;19.8
O3;uur;µg/m³;2023-11-21T21:00:00+01:00;2023-11-21T22:00:00+01:00;5.5;4.5;6.8;10.8;18.7;22.32;15.63;23.08;25.3;15.28;18.13;11.21;17.24;16.04;19.91;24.06;26.93;7.32;16.49;11.37;31.09;16.66;6.66;22.22;40.84;29.78;21.01;19.18;13.13;12.84;17.78;10.86;9.99;23.72;13.25;8.87;19.83;24.98;26.53;27.88;49.1;35.67;27.1;29.4;21.7
O3;uur;µg/m³;2023-11-21T22:00:00+01:00;2023-11-21T23:00:00+01:00;8.3;4.2;7.3;12;7.6;16.66;19.67;18.89;19.97;12.37;14.04;7.72;16.42;8.61;13.51;24.44;26.97;4.26;6.56;16.15;34.96;14.3;11.4;21.79;34.88;31.37;20.84;16.57;12.53;12.8;22.12;10.12;11.92;17.56;14.16;13.71;19.8;24.12;29.06;31.32;46.01;33.28;22.1;23.2;21.4
O3;uur;µg/m³;2023-11-21T23:00:00+01:00;2023-11-22T00:00:00+01:00;8.1;6.9;7.7;12.9;19.6;12.81;18.47;17.51;21.27;13.9;8.6;6.84;14.94;8.45;12.93;24.14;29.11;9.92;4.4;11.01;37.62;25.16;16;20.16;35.93;26.78;20.13;18.25;9.76;11.78;17.71;7.44;12.08;11.64;18.08;13.62;20.29;21.25;29.04;31.47;42.43;34.8;22;25.5;20.4
O3;uur;µg/m³;2023-11-22T00:00:00+01:00;2023-11-22T01:00:00+01:00;2;4.3;3.4;23.2;20.2;14.55;13.95;12.87;18.64;14.6;8.11;9.68;15.32;12.01;9.29;6.93;27.71;15.05;5.3;7.98;35.11;24.91;22.49;22.17;38.2;24.74;21.48;16.2;8.93;13.15;19.89;6.45;10.43;11.44;21.35;13.61;23.59;23.04;26.05;23.63;42.61;22.87;20.2;28;12.1
O3;uur;µg/m³;2023-11-22T01:00:00+01:00;2023-11-22T02:00:00+01:00;5.8;5;4.4;17.4;19.2;17.29;13.06;12.53;18.28;15.14;8.36;14.45;14.55;15.47;11.41;7.71;27.93;13.5;5.85;6.11;31.03;19.62;13.44;19.48;34.23;24.55;18.76;12.61;12.93;20.65;8.65;11.58;13.16;10.14;14.98;15.44;20.14;29.73;27.83;20.65;39.64;16.22;20.4;15.7;22.1
O3;uur;µg/m³;2023-11-22T02:00:00+01:00;2023-11-22T03:00:00+01:00;1.7;3.7;6.5;12.9;19.5;12.94;13.74;11.3;19.68;13.46;5.7;16.67;14.46;17.02;8.9;10.64;22.98;13.37;9.43;11.42;26.03;13.76;6.8;23.77;28.23;17.62;19.93;15.53;16.51;20.97;17.16;11.69;13.57;15.57;5.61;21.29;23.43;34.78;30.2;20.59;42.51;14.12;18.3;16.2;11.2
O3;uur;µg/m³;2023-11-22T03:00:00+01:00;2023-11-22T04:00:00+01:00;1.2;2.2;5.3;6.8;13.7;14.59;12.02;15.88;19.23;11.03;4.9;14.95;11.08;16.85;11.67;18.86;18.39;17.3;5.73;7.86;24.34;2.68;5.58;17.73;26.52;10.34;20.36;20.94;10.18;17.94;19.45;11.1;17.16;19;3.28;21.49;18.05;32.46;27.19;19.96;37.08;13.33;10.2;13.7;6.4
O3;uur;µg/m³;2023-11-22T04:00:00+01:00;2023-11-22T05:00:00+01:00;0;0;1.2;11.6;0.9;17.29;10.23;16.56;18.89;10.16;1.39;12.35;8.37;11;9.55;16.33;11.6;23.69;5.78;5.6;17.3;1.85;1.66;7.81;26.51;9.49;15.69;20.52;11.7;16.61;12.19;13.19;13.03;18.38;1.82;23.37;9;28.15;25.23;13.46;30.64;15.14;10.4;23.5;4.5
O3;uur;µg/m³;2023-11-22T05:00:00+01:00;2023-11-22T06:00:00+01:00;0.4;4.9;0.4;8.6;0.5;20.11;6.96;17.57;20.72;5.43;1.09;6.74;7.5;7.33;10.8;9.64;9.83;23.21;2.79;2.97;14.13;1.24;0.53;0.82;34.25;2.27;16.62;17.1;9.72;12.99;18.3;11.26;10.46;12.3;0.72;19.4;11.63;23.68;27.44;8.73;33.88;8.06;23.5;18.1;17.3
O3;uur;µg/m³;2023-11-22T06:00:00+01:00;2023-11-22T07:00:00+01:00;3.6;12.1;3.5;6.5;2.1;18.21;7.85;19.92;24.42;0.99;0.54;4.16;2.64;5.26;20.66;14.14;8.73;20.49;8.04;4.75;7.18;5.66;1.16;-0.03;28.53;5.63;12.77;13.43;6.28;7.96;22.22;8.8;5.8;7.8;0.61;8.91;4.83;21.98;24.65;4.97;30.31;8.59;29.1;25.8;23.8
O3;uur;µg/m³;2023-11-22T07:00:00+01:00;2023-11-22T08:00:00+01:00;4.7;5.1;2.6;0.1;3.9;15.94;13.26;22.68;25.1;-0.02;0.48;7.4;2.72;8.46;18.98;9.09;5.94;10.88;2.49;1.39;14.79;4.19;1.33;0.83;28.96;6.31;12.55;9.76;2.91;3.49;15.58;4.14;10.03;1.33;0.76;1.19;1.13;13.62;27.06;3;28.52;9.18;15.2;25.6;22.9
O3;uur;µg/m³;2023-11-22T08:00:00+01:00;2023-11-22T09:00:00+01:00;0.9;2;-0.2;2.2;8.9;13.45;12.96;23.04;25.71;2.02;0.55;6.8;3.12;9.89;22.22;5.24;5.73;3.73;2.25;6.92;11.23;4.37;1.34;1.44;35.67;8.07;15.71;9.09;4.55;2.46;8.56;8.09;8.84;0.74;3.11;2.78;0.95;8.13;28.97;7.69;30.61;11.96;20.1;16.7;20
O3;uur;µg/m³;2023-11-22T09:00:00+01:00;2023-11-22T10:00:00+01:00;4.9;3.9;4;6.8;8.6;17.85;18.28;26.61;27.64;7.8;2.08;8.04;7.62;14.41;19.69;7.21;3.4;6.81;5.3;8.95;12.6;5.15;6.95;1.25;32.03;14.37;16.78;10.12;3.92;3.28;6.22;5.03;7.31;4.41;13.82;10.21;6.54;13.06;28.42;9.97;27.77;17.08;18.4;14.5;16.1
O3;uur;µg/m³;2023-11-22T10:00:00+01:00;2023-11-22T11:00:00+01:00;11.7;5.9;5;14.7;12.2;22.47;21.21;30.46;30.24;11.27;11.46;10.27;9.09;18.97;12.84;15.4;4.93;12.01;15.59;16.22;17.66;6.18;12.65;2.5;26.59;19.41;24.43;12.01;4.5;6.89;9.29;7.45;10.19;6.09;13.1;12.5;14.93;18.59;32.89;13.15;32.75;22.44;21.6;18.6;18.6
O3;uur;µg/m³;2023-11-22T11:00:00+01:00;2023-11-22T12:00:00+01:00;19;8.2;12.2;18.5;15;25.15;22.24;31.99;33.34;12.65;7.88;17.08;10.23;24.37;16.29;18.98;14.78;19.44;19.57;17.32;15.94;12.42;19.04;7.79;23.53;16.45;23.97;15.79;10.8;11.48;11.2;13.36;12.79;18.92;9.4;11.92;26.24;25.95;35.71;22.21;35.46;29.24;25.2;21.9;21
O3;uur;µg/m³;2023-11-22T12:00:00+01:00;2023-11-22T13:00:00+01:00;20.1;9.8;20.9;18.5;22;26.82;26.98;35.15;33.24;14.63;1.79;21.08;13.65;26.02;17.9;20.34;21.54;22.56;27.89;18.2;14.46;17.29;19.49;10.42;23.78;12.61;23.65;14.59;10.75;11.07;12.23;11.93;17.52;26.94;13.33;12.68;28.1;26.02;38.09;33.45;37.86;41.94;25.5;23.5;22.3
O3;uur;µg/m³;2023-11-22T13:00:00+01:00;2023-11-22T14:00:00+01:00;18.2;16.4;18.3;15;16.9;29.17;28.92;33.88;33.18;17.43;3.04;22.3;12.3;25.17;16.3;24.39;18.56;21.98;21.9;15.66;15.81;18.83;14.81;12.71;18.25;13.33;30.24;15.8;12.31;12.54;13.86;13.07;11.29;34.7;26.97;19.58;38.74;31.68;34.28;44.75;38.8;43.44;25.6;24.6;22.4
O3;uur;µg/m³;2023-11-22T14:00:00+01:00;2023-11-22T15:00:00+01:00;12.4;7.2;8.5;9.6;16;28.24;28.48;32.75;35.36;19.04;4.82;22.62;15.56;28.67;19.89;23.85;16.15;11.57;16.86;10.9;16.44;14.65;6.76;7.02;18.8;9.34;28.6;19.19;10.22;9.77;9.17;10.61;10.44;34.89;23.57;20.59;28.25;31.54;27.02;36.45;40.63;37.44;14.7;13.7;15.6
O3;uur;µg/m³;2023-11-22T15:00:00+01:00;2023-11-22T16:00:00+01:00;4.1;4.9;3.9;10.2;14.8;18.14;28.37;27.26;30.81;16.04;1.83;17.64;11.87;21.61;18.81;10.47;13.6;8.44;6.9;2.83;12.21;11.94;6.05;5.39;12.16;10.58;25.33;10.26;7.82;6.35;3.05;7.15;6.4;17.3;15.92;18.31;25.38;21.8;25.33;35.56;41.16;35.38;19.1;16.4;17.8
O3;uur;µg/m³;2023-11-22T16:00:00+01:00;2023-11-22T17:00:00+01:00;0.3;0.4;1.9;9.4;13.3;16.17;24.44;19;23.96;;0.36;11.97;6.41;14.7;11.57;5.47;10.94;1.29;2.53;1.35;18.25;11.61;6.8;4.98;8.04;6.57;19.25;-0.03;1.34;1.61;0.96;-0.4;2.06;22.21;14.83;15.85;22.39;24.08;24.01;35.48;36.36;32.08;13.6;9.3;8
O3;uur;µg/m³;2023-11-22T17:00:00+01:00;2023-11-22T18:00:00+01:00;0;0;0.5;6.9;12.7;19.82;20.2;20.1;24.81;;-0.5;10.69;3.99;12.9;14.93;2.88;10.77;0.85;2.44;0.62;17.74;9.79;2.14;3.78;5.92;8.05;8.75;-0.7;0.58;1.3;-0.41;-1.3;-0.04;20;13.89;13.97;20.33;19.49;10.56;33.08;31.38;27.08;3.7;6.3;4.1
O3;uur;µg/m³;2023-11-22T18:00:00+01:00;2023-11-22T19:00:00+01:00;0.7;0;1.8;6;15.4;21.07;17.81;23.95;22.54;;-0.06;12.74;3.12;16.79;15.25;4.85;9.17;0.62;6.46;0.7;17.1;10.26;3.33;4.43;10.92;8.81;9.26;-0.78;0.73;1.48;-0.23;-1.39;-0.55;19.18;13.84;13.24;19.78;17.22;2.41;29.58;25.43;28.65;3;5.6;2.6
O3;uur;µg/m³;2023-11-22T19:00:00+01:00;2023-11-22T20:00:00+01:00;6.7;0.9;2.1;4.7;12.1;18.89;21.89;18.77;14.9;;0.42;10.63;3.21;15.46;15.11;14.85;10.17;0.95;2.62;1.5;34.26;7.73;4.09;6.69;46.88;15.5;8.74;-0.6;0.34;0.54;-0.13;-2.02;-0.57;22.33;16.73;12.05;23.21;15.57;1.78;27.91;15.54;20.04;3.2;6.2;3.8
O3;uur;µg/m³;2023-11-22T20:00:00+01:00;2023-11-22T21:00:00+01:00;16.1;10.2;1.8;7.6;29.3;18.28;21.17;16.55;17.9;;0.53;10.09;2.25;16.28;27.74;25.83;34.48;8.63;14.29;5.24;49.05;10.06;1.84;21.21;49.59;40.05;8.16;1.84;0.35;0.51;2.46;-1.88;0.58;21.11;11.9;14.1;23.88;11.03;10.81;28.07;8.61;9.29;7;9.6;5.8
O3;uur;µg/m³;2023-11-22T21:00:00+01:00;2023-11-22T22:00:00+01:00;22;11;2.6;24.4;31.7;9.73;22.73;19.47;21.59;;6.64;10.73;1.94;14.73;31.98;26.58;42.19;10.76;25.12;9.97;59.47;34.75;1.09;35.91;51.87;48.33;9.67;9.94;3.96;4.47;5.71;1.77;8.52;19.66;9;15.34;17.08;9.96;33.99;24.52;15.83;7.53;10.6;24.2;13.9
O3;uur;µg/m³;2023-11-22T22:00:00+01:00;2023-11-22T23:00:00+01:00;23.3;5;12.6;26.3;32.8;11.02;17.45;24.42;30.79;;15.4;9.37;6.82;11.31;44.09;26.32;36.23;5.34;25.49;20.03;55.74;36.68;28.84;36.08;52.57;46.81;7.43;8.18;9.72;13.58;11.2;10.02;18.95;19.46;10.12;14.14;12.5;7.82;49.15;20.29;40.28;11.71;42.9;41.7;45
O3;uur;µg/m³;2023-11-22T23:00:00+01:00;2023-11-23T00:00:00+01:00;28.2;7.5;28.5;36.1;30.1;17.76;15.54;28.19;31.17;;20.95;10.34;17.25;13.98;46.88;29.52;43.42;3.29;25.95;24.12;56.19;43.49;42.83;43.07;50.27;46.6;12.07;10.21;16.03;16.1;15.04;16.45;21.14;16.88;9.41;13.95;10.48;8.6;49.99;17.07;54.18;23.94;44.4;43.9;43.6
O3;uur;µg/m³;2023-11-23T00:00:00+01:00;2023-11-23T01:00:00+01:00;39.9;36.1;40.8;37.1;34.7;24.19;15.04;32.73;37.97;;23.67;13.39;15.05;17.02;43.86;30.31;42.64;15.26;26.75;21.64;56.82;45.98;44.37;42.05;52.57;49.64;24.46;12.53;19.34;20.4;15.79;19.71;22.76;14.55;11.15;14.25;11.47;12.98;50.44;17.71;55.02;37.54;51.9;50.2;46.9
O3;uur;µg/m³;2023-11-23T01:00:00+01:00;2023-11-23T02:00:00+01:00;43.7;41.1;44.4;32;36.7;28.17;17.82;33.87;38.87;;24.46;16.25;20.12;18.56;45.47;36.58;43.67;24.88;28.92;23.72;59.57;46.35;47.94;46.24;59.01;50.75;25.94;30.37;21.38;24.32;19.97;22.1;22.93;13.35;15.74;16.31;13.71;20.79;53.03;22.91;57.59;45.39;54.4;53;48.3
O3;uur;µg/m³;2023-11-23T02:00:00+01:00;2023-11-23T03:00:00+01:00;42.8;41.5;41.2;30.7;33.2;30.49;19.91;33.78;36.74;;28.41;19.15;27.52;20.89;49.98;38.51;47.67;21.67;44.27;22.79;63.59;47.58;35.58;49.2;58.19;54.51;28.37;40.77;21.94;26.8;37.99;22.86;23.51;13.87;21.75;17.56;15.75;28.33;56.19;32.85;62.25;54.4;53.5;52.8;50.3
O3;uur;µg/m³;2023-11-23T03:00:00+01:00;2023-11-23T04:00:00+01:00;48.6;45.8;48.8;42;42.5;30.55;24.48;32.03;35.21;;31.34;22.37;30.61;26.15;51.21;37.66;50.37;39.9;47.11;27.82;67.03;53.93;53.31;50.84;58.32;58.64;39.22;42.89;25.75;28.71;42;27.21;30.16;15.64;24.18;19.19;21.97;36.81;56.03;37.93;62.1;59.63;58.1;58.7;52.6
O3;uur;µg/m³;2023-11-23T04:00:00+01:00;2023-11-23T05:00:00+01:00;49.1;47.3;48.7;36.2;30.7;29.99;27.1;31.02;33.44;;34.57;26.39;32.08;29.13;39.89;38.45;51.25;42.37;49.82;35.74;65.36;53.5;50.3;51.82;59.43;57.95;47.51;45.09;31.91;35.59;47.08;31.91;36.97;17.04;28.31;23.25;27.69;40.59;58.39;44.34;61.37;58.32;62;61;56.5
O3;uur;µg/m³;2023-11-23T05:00:00+01:00;2023-11-23T06:00:00+01:00;41.1;39.7;43.1;27.6;26.5;29.42;29.88;31.84;31.87;;34.17;27.69;31.78;30.97;39.99;39.47;54.06;26.24;42.42;38.32;63.78;46.04;43.52;47.46;59.77;57.39;51.51;45.83;36.74;35.49;44.98;36.27;32.46;20.09;33.89;29.13;36.2;42.88;58.3;50.32;62.1;57.22;60.9;61;55
O3;uur;µg/m³;2023-11-23T06:00:00+01:00;2023-11-23T07:00:00+01:00;40.1;17.8;36.1;20.9;28;27.51;33.57;32.02;30.35;;34.98;27.2;31.67;32.14;34.83;38.98;50.02;28.86;37.63;32.73;68;37.65;37.35;42.33;59.03;54.79;51.71;45.01;29.97;31.1;40.56;27.63;35.49;29.31;36.78;30.98;43.06;51.44;57.84;51.91;63.77;57.63;54.3;57.2;52.9
O3;uur;µg/m³;2023-11-23T07:00:00+01:00;2023-11-23T08:00:00+01:00;40.2;18;34.7;23.6;18.9;26.46;33.71;31.46;28.18;;33.7;24.91;26.87;30.26;38.11;34.29;44.05;25.83;35.15;24.15;67.87;29.17;35.47;36.89;59.9;54.5;47.81;36.62;24.68;24.14;35.96;25.04;28.89;33.18;37.97;33.59;45.51;50.81;58;57.62;64.7;56.01;58.3;56.4;52.7
O3;uur;µg/m³;2023-11-23T08:00:00+01:00;2023-11-23T09:00:00+01:00;36.2;9.1;22.4;22.3;34.4;27.59;32.83;31.45;29.99;;29.91;24.07;27.08;30.09;40.01;32.63;50.36;20.55;33.3;18.48;64.48;37.15;28.55;38.56;60.88;47.59;47.46;35.13;17.52;16.27;34.22;20.61;23.38;31.75;35.42;33.66;46.04;50.37;59.64;57.91;64.42;55.97;57.7;54;50.6
O3;uur;µg/m³;2023-11-23T09:00:00+01:00;2023-11-23T10:00:00+01:00;38.1;24.5;36;35.9;30.2;30.17;36.98;31.13;31.28;;31.38;27.94;29.66;32.09;40.4;36.59;50.66;17.6;38.73;22.04;65.02;47.38;30.7;47.69;59.97;50.83;47.6;42.95;25.79;22.05;44.03;23.42;31.41;33.47;35.84;33.97;43.55;51.1;59.28;56.47;66.41;59.69;55.5;53.4;49.9
O3;uur;µg/m³;2023-11-23T10:00:00+01:00;2023-11-23T11:00:00+01:00;45.9;41.3;48.6;45.5;34.9;32.26;35.91;32.74;35.25;;34.34;27.23;33.33;33.31;53.75;40.34;54.92;31.76;43.2;26.88;70.24;50.84;47.69;50.39;61.57;55.88;50.93;49.38;32.76;29.97;48.36;36.13;33.82;33.22;35.18;32.06;43.71;53.97;59.68;57.68;65.87;60.27;60.7;59.4;54.5
O3;uur;µg/m³;2023-11-23T11:00:00+01:00;2023-11-23T12:00:00+01:00;50.4;47;54.2;44.4;38.6;32.26;35.13;33.71;36.19;;38.3;27.6;38.6;34.95;56.99;43.94;52.64;46.99;56.45;42.82;70.54;53.45;53.24;48.17;64.31;59.64;60.26;53.52;45.49;43.26;53.12;49.33;45.74;33.27;33.51;36.36;47.51;55.17;61.31;59;66.53;61.85;67;64.6;60.5
O3;uur;µg/m³;2023-11-23T12:00:00+01:00;2023-11-23T13:00:00+01:00;52.1;47.2;51.4;48.2;32.2;33.27;37.59;36.95;38.32;;36.6;30.03;36.23;36.88;54.39;47.41;51.24;39.13;55.8;49.36;67.91;52.82;52.44;48.36;65.13;57.75;64.84;54.84;47.1;48;55.29;49.6;49.76;35.22;46.36;39.9;51.2;57.76;63.62;61;67.55;62.27;67;65.4;59.5
O3;uur;µg/m³;2023-11-23T13:00:00+01:00;2023-11-23T14:00:00+01:00;51;47.5;53.5;51.4;29.2;34.06;39.54;40.31;41.84;;47.07;33.61;44.24;38.53;52.01;52.56;51.91;42.13;51.42;48.78;64.87;52.71;52.3;47.95;64.62;56.27;63.14;52.35;45.25;43.7;53.91;48.58;46.89;35.52;50.94;41.76;56.24;58.22;65.42;61.39;68.05;63.84;65.7;63;56.8
O3;uur;µg/m³;2023-11-23T14:00:00+01:00;2023-11-23T15:00:00+01:00;50.1;46.3;52.2;47.4;41.5;36.77;44.13;40.85;42.9;;50.52;38.5;48.01;39.63;51.98;54.57;53.88;45.9;48.79;46.48;66.69;52.04;52.66;49.58;61.49;54.95;61.36;52.11;39.48;45.82;50.22;47.48;50.48;38.3;48.26;43.44;55.77;56.87;60.99;64.43;68.94;64.35;64.5;63.6;55.7
O3;uur;µg/m³;2023-11-23T15:00:00+01:00;2023-11-23T16:00:00+01:00;47.3;43.4;47.6;41.4;29.7;41.47;48.51;44.05;44.02;;51.8;40.11;46.52;42.87;53.74;55.48;50.48;40.44;48.96;41.7;63.13;51.04;44.93;44.67;60.52;52.5;60.9;53.39;42.83;44.35;51.13;47.93;47.45;43.99;52.97;46.39;56.25;56.41;60.35;62.57;67.07;63.96;62.6;60.2;54.4
O3;uur;µg/m³;2023-11-23T16:00:00+01:00;2023-11-23T17:00:00+01:00;47.5;44.4;48.6;41.9;21.9;43.79;52.86;49.04;48.82;;49.72;44.19;44.72;47.47;51.67;53.79;55.57;40.19;51.08;45.06;66.93;48.7;49.03;39.03;64.1;54.3;58.95;50.05;37.11;44.92;49.25;46.82;45.69;46.52;50.72;43.37;56.74;56.18;64.9;61.13;66.99;62.31;62.6;61;55.7
O3;uur;µg/m³;2023-11-23T17:00:00+01:00;2023-11-23T18:00:00+01:00;49.6;46.3;48.2;45.9;34.7;45.31;52.57;49.17;51.58;;41;43.08;42.43;46.41;51.19;46.01;55.1;29.19;53.26;48;64.08;50.83;50.98;47.83;62.95;51.13;58.82;52.91;40.87;44.31;51.34;49.44;48.38;48.13;50.92;44.47;55.97;55.22;63.69;62;69.23;61.98;60.6;59.8;55.2
O3;uur;µg/m³;2023-11-23T18:00:00+01:00;2023-11-23T19:00:00+01:00;49.8;42.8;46.1;41.1;49.7;44.06;52.4;49.21;51.17;47.1;40.35;43.23;44.11;47.07;55.22;47.95;56.84;33.51;52.61;45.59;66.06;52.79;48.25;49.9;64.21;57.24;59.77;52.61;42.4;41.79;50.21;45.73;44.76;41.68;51.14;46.26;55.03;59.63;69.92;65.94;76.76;71.44;58.8;56.9;58.3
O3;uur;µg/m³;2023-11-23T19:00:00+01:00;2023-11-23T20:00:00+01:00;38.2;42.6;46.2;34.9;43.1;45.79;50.41;49.9;50.87;45.18;37.05;44.86;46.07;45.32;53.14;44.39;59.38;45.72;52.57;45.26;68.97;62.29;38.91;57.38;72.67;60.52;63.4;56.97;43.1;46.39;55.01;47.06;48.64;38.55;50.24;43.68;57.11;71.79;80.05;76.24;81.28;75.98;59.6;60.9;60.8
O3;uur;µg/m³;2023-11-23T20:00:00+01:00;2023-11-23T21:00:00+01:00;43.3;46;48.9;34.1;43.5;45.54;49.24;51.21;51.55;45.22;35.33;42.89;49.13;43.36;58.64;45.06;57.94;49.99;57.79;52.21;71.85;60.42;39.44;56.88;74.89;65.72;71.3;58.44;51.65;53.14;60.5;53.15;54.7;44.35;53.54;42.91;74.9;74.22;79.37;77.38;80;78.56;64.7;68.3;62.7
O3;uur;µg/m³;2023-11-23T21:00:00+01:00;2023-11-23T22:00:00+01:00;44.4;49.8;50.1;47.6;43.9;44.48;49.53;47.89;50.05;38.03;31.18;44.1;54.76;47.27;56.91;49.33;66.62;53.99;58.53;50.32;82.74;66.49;50.88;63.31;76.26;73.89;71.3;69.7;65.37;64.1;70.99;68.74;59.43;73.15;71.77;48.17;72.62;74.26;77.86;75.76;82.46;79.79;77.3;72.2;60.9
O3;uur;µg/m³;2023-11-23T22:00:00+01:00;2023-11-23T23:00:00+01:00;56.4;64.3;72.1;73;74;43.85;47.29;47.8;48.06;45.37;54.11;41.41;62.21;44.75;58.21;53.84;75.03;72.24;60.13;65.42;82.39;74.63;71.94;72.54;77.8;74.08;74.44;73.34;68.67;71.34;70.38;71.83;70.58;68.8;70.69;64.73;73.42;72.12;80.18;77.31;82.93;79.68;79.5;76.2;66.7
O3;uur;µg/m³;2023-11-23T23:00:00+01:00;2023-11-24T00:00:00+01:00;51.5;66;74;74.9;74.2;43.46;70.46;47.39;48.15;65.71;62.74;59.31;68.56;57.71;72.8;60.4;75.11;73.65;67.77;72.78;81.34;77.14;74.34;73.33;78.88;73.33;76.2;71.44;68.86;70.2;71.06;71.31;70.26;70.59;74.21;65.85;72.83;75.32;79.99;76.48;82.28;80.28;79.8;75.9;64.1
O3;uur;µg/m³;2023-11-24T00:00:00+01:00;2023-11-24T01:00:00+01:00;50.1;67.7;76;76.4;75.9;56.96;68.6;47.55;49.26;72.13;71.9;68.12;73.88;71.33;72.39;72.9;76.41;74.72;69.61;74.51;83.13;77.87;75.56;74.74;78.22;76.49;77.1;71.05;70.08;71.92;70.33;72.16;69.61;70.78;75.62;70.74;75.15;75.43;79.93;77.93;82.55;79.76;78.9;74.8;69
O3;uur;µg/m³;2023-11-24T01:00:00+01:00;2023-11-24T02:00:00+01:00;65.2;68.9;75.4;75.7;76.7;67.96;68.77;63.62;65.06;71.37;69.78;68.7;73.68;72.14;73.8;73.07;77.45;74.77;69.99;74.64;83.97;79.42;75.01;77.45;79.89;78.7;74.09;74.45;71.14;75.5;74.07;72.62;71.55;67.55;75.04;70.92;74.31;76.46;77.62;75.1;81.45;78.2;82.2;77.1;70.3
O3;uur;µg/m³;2023-11-24T02:00:00+01:00;2023-11-24T03:00:00+01:00;64.3;72.4;77.6;77.3;78.6;;;;;;;;;;;;;;;;;;;;;;;;;;;;;;;;;;;;;;85.2;77.7;68.8
O3;uur;µg/m³;2023-11-24T03:00:00+01:00;2023-11-24T04:00:00+01:00;61.8;67.9;74.9;77.6;78.7;66.36;73.86;60.13;62.96;71.38;70.32;70.22;75.73;68.95;75.46;73.53;79.62;74.95;;72.83;84.59;80.09;75.77;76.97;78.37;;77.07;72.85;70.58;75.77;72.75;72.75;70.25;60.81;73.21;67.74;72.39;70.46;74.41;73.67;80.93;75.22;82.7;74.8;68.9
O3;uur;µg/m³;2023-11-24T04:00:00+01:00;2023-11-24T05:00:00+01:00;62.5;72.5;78;80.4;79.3;65.66;73.14;64.19;65.58;72.03;72.61;69.26;67.88;70.88;74.24;73.36;79.49;78.38;;68.56;83.3;80.78;77.34;77.17;77.24;75.82;76.81;71.93;69.59;72.56;72.7;72.07;68.15;68.05;73.3;70.1;71.07;70.04;73.94;72.65;79.19;76.16;81.9;75.4;68.4
O3;uur;µg/m³;2023-11-24T05:00:00+01:00;2023-11-24T06:00:00+01:00;59.7;67.1;74.6;78;77.9;63.1;68.91;69.77;68.42;63.65;71.13;63.2;70.35;64.62;73.96;72.94;78.57;75.86;;72.64;81.86;77.44;71.32;75.85;76.36;74.03;73.6;70.63;66.24;68.59;65.47;69.41;71.55;61.4;72.14;67.77;69.1;68.58;73.98;72.67;79.25;75.21;77.2;71.5;68.5
O3;uur;µg/m³;2023-11-24T06:00:00+01:00;2023-11-24T07:00:00+01:00;58.2;58.8;71.5;77.1;78.9;58.41;65.5;62.1;65;64.8;71.53;54.08;67.65;61.92;73.81;72.68;77.7;72.08;;69.99;81.68;74.71;67.49;74.32;76.06;73.6;71.8;69.11;61.12;60.59;59.42;65.35;67.56;61.48;69.85;67.28;68.03;69.14;73.76;72.37;79.52;76.66;77.6;69.4;63.4
O3;uur;µg/m³;2023-11-24T07:00:00+01:00;2023-11-24T08:00:00+01:00;51.3;61.3;72.7;74.9;79.4;57.2;62.97;61.85;62.68;64.53;69.68;54.41;65.97;64.37;73.75;74.29;74.89;70.73;;66.6;81.59;73.84;68.96;73.89;76.18;71.15;71.08;69.51;61.28;59.24;59.98;65.43;66.54;61.59;69.18;63.65;67.27;67.43;74.31;72.4;79.8;76.19;75.5;68.3;62.9
O3;uur;µg/m³;2023-11-24T08:00:00+01:00;2023-11-24T09:00:00+01:00;58;61.8;69.7;72.2;79;62.99;62.78;58.9;61.32;63.6;69.06;53.42;65.92;62.61;72.51;73.31;74.12;69.51;;65.28;80.84;71.75;66.74;71.24;76.42;71.21;71.84;69.22;54.31;55.45;64.12;61.3;67.65;64.26;67.32;64.18;69.95;67.51;73.76;74.23;79.96;75.43;74.8;69;62.1
O3;uur;µg/m³;2023-11-24T09:00:00+01:00;2023-11-24T10:00:00+01:00;61;60.3;71.7;69.7;77.5;62.41;60.83;58.33;59.15;64.27;68.25;55.88;65.08;62.68;72.07;71.24;72.63;67.78;;64.68;79.96;72.44;68.03;72.31;77.27;71.4;73;64.81;63.19;62.61;59.85;66.33;65.97;63.62;70.66;63.46;66.68;67.04;72.92;71.99;78.92;74.52;73.1;64;60.1
O3;uur;µg/m³;2023-11-24T10:00:00+01:00;2023-11-24T11:00:00+01:00;60;61.6;72.5;70.7;77.7;60.73;63.54;60.81;61.14;67.97;67.78;52.75;67.13;67.66;70.11;72.47;74.84;67.87;;64.01;81.95;74.36;69.12;72.63;76.01;72.55;73.93;69.28;60.39;59.76;61.34;64.36;67.87;64.86;67.34;61.17;66.61;65.28;74.22;70.85;79.29;74.39;74.6;63.3;60.5
O3;uur;µg/m³;2023-11-24T11:00:00+01:00;2023-11-24T12:00:00+01:00;61.4;62;72.3;74.1;78.1;63.87;;59.96;64.42;65.31;68.64;52.42;68.68;62.71;71.59;73.79;74.03;71.55;;69.61;81.14;74.49;70.56;73.46;76.44;72.55;73.49;69.53;62.28;64.71;62.67;65.91;66.27;62.89;69.48;62.31;65.23;69.19;73.42;71.81;78.67;74.45;76.7;68;63.8
O3;uur;µg/m³;2023-11-24T12:00:00+01:00;2023-11-24T13:00:00+01:00;62;60.8;71.1;74.4;77.2;;;60.53;65.36;72.22;68.35;60.35;72.47;66.73;73.14;74.42;73.18;69.43;;68.27;81.09;74.75;70.55;72.91;75.89;72.77;73.57;69.77;62.26;61.38;65.84;66.9;68;64.34;68.26;63.94;67.69;68.29;73.89;74.67;77.72;72.85;74.1;68.3;65.8
O3;uur;µg/m³;2023-11-24T13:00:00+01:00;2023-11-24T14:00:00+01:00;51.1;62.1;72.9;75.8;77.8;;;60.18;65.69;70.74;71.27;55.39;70.38;70.6;72.48;76.12;72.83;70.98;;69.05;80.34;74.81;71.43;72.53;75.64;71.75;73.45;68.9;65.25;61.29;64.91;67.77;66.5;66.22;70.37;66.34;69.07;68.75;73.71;74.25;79.07;73.97;75.3;69.3;66.6
O3;uur;µg/m³;2023-11-24T14:00:00+01:00;2023-11-24T15:00:00+01:00;51.9;59.8;72.3;75;77.2;;;62.01;68.23;68.78;70.59;58.29;67.7;67.16;72.59;75.43;73.38;70.43;;69.34;79.61;74.19;69.2;71.72;75.11;71.09;72.38;68.53;64.37;65.42;63.32;66.69;67.75;64.07;71.81;63.56;70.03;69.85;74.49;72.42;77.42;71.79;74.6;61.8;65.8
O3;uur;µg/m³;2023-11-24T15:00:00+01:00;2023-11-24T16:00:00+01:00;61.3;62.1;71.9;72.9;77;;;68.13;65.92;66.93;67.14;55.97;67.84;64.23;71.88;75.45;72.83;70.89;;67.47;79.44;73.5;68.28;71.97;75.54;71.89;74.43;67.97;63.93;61.4;63.82;67.16;65.49;69.79;69.04;61.32;69.77;69.06;74.65;71.46;76.68;72.35;73.8;62.3;66.3
O3;uur;µg/m³;2023-11-24T16:00:00+01:00;2023-11-24T17:00:00+01:00;58.2;62.4;72.6;73.3;77.1;60.31;;65.01;62.4;67.65;69.03;56.25;69.64;65.01;71.72;74;73.84;71.42;;69.05;81.26;73.94;70.1;72.3;74.61;72.19;73.17;69.47;66.35;65.41;68.57;68.81;68.36;68.94;70.14;58.96;68.36;66.94;72.85;70.32;76.98;72.89;76.7;66.2;68.3
O3;uur;µg/m³;2023-11-24T17:00:00+01:00;2023-11-24T18:00:00+01:00;64.5;65.5;73.6;74;78.2;60.9;;65.46;62.82;70.64;69.53;61.33;71.42;69.18;72.47;75.09;75.05;72;;69.87;80.48;74.74;71.08;72.83;73.07;71.78;72.04;69.95;66.63;64.94;64.56;69.01;69.24;63.89;72.14;63.79;66.6;65.9;72.44;71.95;77.26;73.09;74.1;62.2;63.5
O3;uur;µg/m³;2023-11-24T18:00:00+01:00;2023-11-24T19:00:00+01:00;66.1;62.7;73.1;72.1;77.7;64.21;64.97;67.55;64.77;70.56;68.71;58.75;72.99;69.26;73.36;74.95;73.39;71.99;;67.78;78.79;73.81;70.97;71.8;73.42;70.25;71.19;68.15;61.61;58.28;65.41;64.8;68.13;62;69.7;65.34;65.94;68.74;73.13;75.11;78.28;76.31;74.1;67.5;64.7
O3;uur;µg/m³;2023-11-24T19:00:00+01:00;2023-11-24T20:00:00+01:00;66.5;64.2;72.5;71.8;75.8;64.77;64.37;65.03;63.64;68.42;68.66;59.15;70.42;67.95;72.65;75.84;73.27;69.96;;68.49;78.52;73.87;70.14;70.91;74.82;68.52;74.21;66.89;63.6;60.9;65.04;65.96;67.69;67.48;70.74;61.61;71.86;71.25;75.84;73.08;75.22;72.27;74.2;68.7;65.5
O3;uur;µg/m³;2023-11-24T20:00:00+01:00;2023-11-24T21:00:00+01:00;68;64.8;73.3;73.6;76.8;66.54;67.09;61.46;63.75;70.18;68.18;59.12;71.44;66.25;71.85;74.24;73.86;70.69;;69.88;79.27;74.32;72.63;71.89;75.25;68.68;74.46;66.34;66.47;67.55;66.79;68.42;67.76;69.57;73.49;66.2;70.78;70.06;72.89;71.96;74.52;71.43;75.4;71.8;66.3
O3;uur;µg/m³;2023-11-24T21:00:00+01:00;2023-11-24T22:00:00+01:00;64.3;63;73;74.5;77;68.02;70.78;57.26;59.74;71.43;68.64;62.37;74.24;69.71;71.56;73.09;74.61;70.39;;70.31;79.5;74.96;71.13;72.86;75;66.71;74.09;65.15;67.03;66.97;65.25;69.59;64.54;66.6;69.75;66.92;66.35;68;73.49;72.16;74.62;71.08;76.1;73;67.9
O3;uur;µg/m³;2023-11-24T22:00:00+01:00;2023-11-24T23:00:00+01:00;67.5;64.4;73.7;75.1;77.1;68.21;62.85;58.64;60.84;68;69.89;58.95;73.1;67.51;71.35;72.86;74.31;69.85;;69.43;79.61;74.96;72.05;72.75;74.7;65.82;74.62;64.3;67.16;67.48;62.28;69.53;64.15;61.99;67.93;60.72;59.12;63.89;70.9;68.63;75.21;71.33;74.6;70.5;66.6
O3;uur;µg/m³;2023-11-24T23:00:00+01:00;2023-11-25T00:00:00+01:00;63.6;67.5;75;75;78.1;63.26;63.23;62.51;56.32;68.1;68.78;60.22;70.1;65.46;71.44;71.22;75.89;72.35;;70.31;80.81;76.27;70.15;74.05;74.8;68.5;73.56;63.01;65.77;67.46;63.48;68.03;63.33;51.55;71.79;64;55.49;61.16;68.2;63.83;76.84;72.01;74.8;71.1;66.1
O3;uur;µg/m³;2023-11-25T00:00:00+01:00;2023-11-25T01:00:00+01:00;62.7;64.4;73.6;72.7;78.2;57.7;66.77;61.86;53.84;68.27;69.41;57.45;69.64;65.84;70.34;73.22;75.41;70.21;;70.57;79.76;75.16;69.5;73.93;72.82;67.19;67.2;66.32;64.29;61.1;66.12;66.66;63.28;48.34;68.07;65.06;47.57;58.56;67.35;61.16;75.8;72.45;74.5;71.9;60
O3;uur;µg/m³;2023-11-25T01:00:00+01:00;2023-11-25T02:00:00+01:00;56.7;56.4;70.5;75.2;78.5;49.08;66.68;58.98;53.16;67.33;69.06;62.02;67.12;60;73.12;71.3;76.18;69.93;;71.42;80.96;73.13;64.65;73.95;75.82;67.31;70.16;64.8;68.07;70.49;53.49;70.02;63.46;42.1;61.59;61.55;40.43;59.92;73.21;53.99;75.55;72.42;66.6;58.6;47.5
O3;uur;µg/m³;2023-11-25T02:00:00+01:00;2023-11-25T03:00:00+01:00;62.3;49.1;70.5;76.7;77.9;49.39;61.83;57.59;53.61;68.15;56.11;57.22;70.19;56.04;70.8;67.81;76.24;62.42;;65.23;79.62;76.5;70.33;74.07;74.08;65.45;74.57;59.41;54.35;55.87;46.53;58.79;57.33;34.8;64.21;59.06;36.27;66.82;70.71;61.13;76.71;71.23;71.5;65.3;56.4
O3;uur;µg/m³;2023-11-25T03:00:00+01:00;2023-11-25T04:00:00+01:00;65.3;54.8;71.1;73;77.3;52.16;58.84;52.05;51.66;66.12;43.69;56.21;65.5;54.09;70.88;75.07;75.19;66.15;;57.82;78.89;74.81;69.32;73.48;72.97;69.74;69.32;59.46;50.01;49.44;52.21;49.53;53.24;41.53;65.91;66.01;62.28;66.79;70.11;63.17;78.52;71.14;70.1;62.1;52.6
O3;uur;µg/m³;2023-11-25T04:00:00+01:00;2023-11-25T05:00:00+01:00;61.7;52.8;70.7;71.1;77.5;49.45;62.3;51.77;48.14;58.87;42.07;49.91;49.84;49.52;70.4;75.22;73.85;68.48;;49.43;78.14;76.26;70.52;72.92;73.48;65.76;73.54;62.93;48.48;53.3;61.37;50.09;59.85;36.73;59.09;63.1;63.04;68.62;69.31;56.43;77.16;70.86;74.5;67;64
O3;uur;µg/m³;2023-11-25T05:00:00+01:00;2023-11-25T06:00:00+01:00;58.9;58.3;68.9;66.8;74.9;48.88;56.34;52.64;50.1;55.78;54.03;51.6;53.11;49.55;68.38;74.97;67.55;68.85;;66.82;77.41;70.12;65.08;69.06;74.88;69.01;71.74;63.54;63.67;66;63.94;67.04;62.85;41.36;60.46;52.43;68.96;66.66;72.96;61.29;77.91;70.96;71.1;61.6;58.5
O3;uur;µg/m³;2023-11-25T06:00:00+01:00;2023-11-25T07:00:00+01:00;59.3;53.5;67.6;69.1;77.1;49.02;56.49;51.7;49.21;55.24;65.16;48.64;66.59;48.36;69.29;68.38;74;67.15;;59.63;80.83;73.91;66.65;73.06;75.04;71.42;69.41;63.57;57.96;58.52;62.41;61.61;62.07;59.32;58.6;54.63;62.68;66.55;72.31;67.4;76.42;72.32;77.3;70;65.4
O3;uur;µg/m³;2023-11-25T07:00:00+01:00;2023-11-25T08:00:00+01:00;57.2;63.3;72.5;73.8;79.8;53.36;63.66;49.35;50.82;61.49;57.97;44.13;50.18;43.16;72.81;70.45;73.7;72.08;;62.81;78.24;75.36;71.52;73.68;74;68.17;73.32;67.04;59.61;59.64;63.89;62.81;64.92;56.2;61.73;59.28;61.85;67.42;73.27;69.04;80.52;76.34;75.3;68.7;65.3
O3;uur;µg/m³;2023-11-25T08:00:00+01:00;2023-11-25T09:00:00+01:00;61.1;60.7;70.6;69;76.5;47.26;56.89;46.6;46.85;55.51;61.64;44.08;48.74;48.02;71.75;74.27;71.71;68.97;;55.87;77.93;71.14;66.65;70.07;75.95;70.5;72.34;63.88;58.74;56.62;61.73;60.27;64.26;51.04;58.43;57.45;56.97;66.96;75.07;67.96;73.12;71.92;71.4;65.1;59.2
O3;uur;µg/m³;2023-11-25T09:00:00+01:00;2023-11-25T10:00:00+01:00;60.6;58.3;69.5;66.8;75;44.09;57.7;46.42;45.43;53.85;49.19;47.35;63.42;53.13;68.05;72;71.97;67.9;;56.31;81.35;73.11;66.31;71.5;75.08;72.22;73.73;65.78;50.48;53.81;54.41;58.38;64.43;53;61.55;58.26;59.21;67.64;70.86;65.46;70.43;65.72;74.7;59.2;59.7
O3;uur;µg/m³;2023-11-25T10:00:00+01:00;2023-11-25T11:00:00+01:00;63.3;55.2;72.5;72.3;79.3;47.78;58.26;54.81;52.93;63.58;63.71;47.79;64.67;55.55;69.43;67.11;77.18;72.09;;62.87;82.57;77.52;68.8;75.96;72.75;69.53;71.87;65.27;52.03;56.78;60.27;59.77;62.55;55.89;63.76;62.28;65.95;63.16;67.63;63.15;68.97;64.78;73.4;67.2;63.2
O3;uur;µg/m³;2023-11-25T11:00:00+01:00;2023-11-25T12:00:00+01:00;67.4;61.5;72.8;76.3;81.8;56.1;58.77;53.06;54.82;63.5;66.18;55.56;71.6;64.73;75.32;69.49;75.94;73.95;;69.97;78.87;75.4;73.25;75.13;70.67;69.66;70.91;65.81;59.15;63.77;60.78;63.78;64.19;60.51;67.74;61.76;62.03;61.37;66.36;63.78;66.77;63.25;72;69.3;63.4
O3;uur;µg/m³;2023-11-25T12:00:00+01:00;2023-11-25T13:00:00+01:00;66.6;61.8;71.3;75.8;79.6;63.69;63.07;57.51;57.86;64.33;71.1;55.78;73.75;62.44;76.66;69.77;73.97;73.19;;69.9;77.56;76.08;72.3;73.12;69.47;64.94;67.96;63.73;60.36;59.03;63.11;64.53;61.81;58.69;67.67;63.73;59.3;59.52;64.4;65.26;66.76;62.46;71.3;64.6;63.2
O3;uur;µg/m³;2023-11-25T13:00:00+01:00;2023-11-25T14:00:00+01:00;64.1;60.7;71.2;73.5;77.2;63.18;63.12;57.59;58.17;67.86;74.15;49.46;73.47;60.67;75.95;73.7;72.38;72.14;;68.72;76.5;74.51;72.35;71.89;64.88;63.39;66.55;63.54;59.55;60.81;62.13;63.92;63.17;57.77;65.08;64.61;58.11;58.05;61.27;62.75;66.33;63.1;69.3;63.8;62.1
O3;uur;µg/m³;2023-11-25T14:00:00+01:00;2023-11-25T15:00:00+01:00;64.9;59.9;68.5;71.5;77.3;64.84;63.41;59.57;59.32;64.44;72.22;52.78;69.31;65.24;74.02;75.42;70.68;69.12;;63.67;73.28;70.23;67.91;68.8;61.38;62.72;62.71;61.72;57.72;54.78;57.47;60.52;60.92;56.12;64.49;63.24;55.62;55.9;58.39;61.67;66.13;60.01;66.1;64.5;59.2
O3;uur;µg/m³;2023-11-25T15:00:00+01:00;2023-11-25T16:00:00+01:00;56;50.7;64.9;67.4;75.3;62.92;59.96;62.88;61.65;63.42;70.8;52.49;66.5;63.1;72.17;75.63;68.27;62.96;;63.32;70.32;67.36;62.39;65.92;58.49;57.55;60.04;56.79;54.65;52.58;54.31;57.68;57.99;52.38;59.74;56.09;54.33;53.76;58.84;56.7;61.97;55.96;61.5;55.8;54.3
O3;uur;µg/m³;2023-11-25T16:00:00+01:00;2023-11-25T17:00:00+01:00;52.2;50.4;62.2;64.6;71.5;61.47;57.28;61.79;59.91;63.51;67.6;46.94;62.34;60.22;71.54;73.45;62.43;59.16;;55.83;68.03;63.99;59.82;62.81;56.96;54.51;56.17;52.73;43.72;46.52;49.99;49.67;55.45;55.77;52.91;50.02;49.96;50.58;56.72;51.67;58.77;47.5;59.1;54;48.8
O3;uur;µg/m³;2023-11-25T17:00:00+01:00;2023-11-25T18:00:00+01:00;47.5;47;56.7;63.6;68.5;58.81;53.27;59.09;58.72;55.32;63.8;44.17;59.78;59.41;67.88;71.28;62.71;55.08;;56.35;64.87;56.69;57.88;59.44;55.35;47.46;59.11;46.67;47.05;41.14;44.73;48.71;51.35;47.35;48.37;45.17;46.8;53.39;53.59;44.01;60.26;54.21;53.8;51;45.2
O3;uur;µg/m³;2023-11-25T18:00:00+01:00;2023-11-25T19:00:00+01:00;41.1;29.9;40.7;53.3;66.2;56.29;48.31;57.08;54.59;50.96;59.53;41.16;58.87;52.31;65.36;64.9;60.51;49.51;;48.49;63.52;54.43;44.53;57.81;53.93;44.64;52.8;40.1;36.46;37.32;39.88;41.13;45.19;34.07;55.32;40.05;41.13;46.53;57.03;58.28;56.04;49.41;48.6;43.9;38
O3;uur;µg/m³;2023-11-25T19:00:00+01:00;2023-11-25T20:00:00+01:00;42.1;35.5;50.5;56.1;64.9;53.58;51.05;51.68;52.67;45.86;57.22;40.23;52.03;45.83;62.82;68.43;59.3;45.45;;48.25;62.44;56.77;51.21;57.2;53.6;45.4;46.94;41.45;23.96;24.38;28.16;33.13;43.27;32.75;46.89;43.98;39.85;44.4;53.22;46.99;59.07;52.83;49.9;45.2;40.8
O3;uur;µg/m³;2023-11-25T20:00:00+01:00;2023-11-25T21:00:00+01:00;35.1;33.9;40.1;52.1;63.9;50.67;45.41;48.57;48.3;40.65;53.83;20.51;48.84;35.21;60.62;64.14;57.19;46.95;;41.42;61.41;52.96;43.17;55.13;52.95;44.45;46.04;39.62;8.98;12.62;34.49;13.61;41.04;24.93;45.78;38.1;34.37;44.46;45.33;46.59;57.45;34.54;52.3;45.3;34.2
O3;uur;µg/m³;2023-11-25T21:00:00+01:00;2023-11-25T22:00:00+01:00;23.9;16.6;46.3;50;64.7;43.48;36.66;44.62;44.56;37.52;43.16;20.75;48.74;31.79;58.98;52.48;58.87;37.92;;32.41;59.23;53.04;27.5;56.25;50.99;34.59;37.89;35.69;17.18;23.54;34.16;25.17;39.11;28.94;43.83;38.85;17.72;37.92;34.39;34.82;51.88;32.37;40.4;23;21.4
O3;uur;µg/m³;2023-11-25T22:00:00+01:00;2023-11-25T23:00:00+01:00;38.6;6;42.6;48.7;61.4;39.42;32.97;39.47;38.8;31.26;36.64;20.71;34.83;31.93;57.3;60.96;57.24;28.44;;17.93;60.69;50.81;35.43;53.52;55.27;42;34.82;33.06;8.2;25.04;20.07;18.98;37.63;26.88;26.85;34.8;13.4;23.84;41.16;32.19;50.24;15.3;35;24.2;20.1
O3;uur;µg/m³;2023-11-25T23:00:00+01:00;2023-11-26T00:00:00+01:00;39.4;26.3;42.8;40.7;62.3;28.97;26.53;30.27;33.16;30.34;33.61;13.34;19.1;28.51;53.67;51.01;56.08;41.32;;1.67;64.33;45.29;31.32;49.2;51.75;34.95;31.93;34.32;13.88;18.46;18.58;14.92;34.53;23.41;23.91;17.25;13.64;26.29;40.7;34.84;33.53;12.4;42;14.2;22
O3;uur;µg/m³;2023-11-26T00:00:00+01:00;2023-11-26T01:00:00+01:00;30.6;19.7;35.4;52.2;63.1;24.38;28.88;25.88;30.16;29.65;29.1;15.4;15.07;19.25;52.05;43.02;60.68;38.37;;1.7;61.35;11.88;21.58;53.38;48.19;27.01;24.35;36.69;10.76;13.76;11.69;16.1;29.5;18.4;14.77;8.78;14.57;31.4;34.7;34.72;37.34;27.13;32.7;12.6;15.9
O3;uur;µg/m³;2023-11-26T01:00:00+01:00;2023-11-26T02:00:00+01:00;42.4;12;35.6;53;62.1;26.38;24.05;26.01;19.21;28.43;31.28;20.21;13.54;9.81;49.48;40.24;58.21;38.75;;4.18;63.5;42.79;12.8;51.15;49.3;21.06;22.67;35.03;9.99;14.72;12.48;7.61;27.86;22.97;9.04;5.33;15.39;29.55;47.8;33.22;39.45;28.78;10.8;12.6;8.8
O3;uur;µg/m³;2023-11-26T02:00:00+01:00;2023-11-26T03:00:00+01:00;21.9;8.1;31.1;52;60.2;25.29;22.7;28.01;20.48;25.44;28.36;22.62;22.76;14.83;46.08;37.39;57.88;27.93;;27.2;62.6;32.5;5.28;51.32;49.38;21.74;28.27;37.16;18.19;20.47;17.39;16.07;32.34;20.08;4.29;7.34;15.14;30.29;39.48;39.12;36.37;44.34;17.1;11;4.3
O3;uur;µg/m³;2023-11-26T03:00:00+01:00;2023-11-26T04:00:00+01:00;16.1;6.9;30.9;44;58.8;24.07;19.56;30.27;30.14;24.27;27.12;21.51;28.79;21.36;52.91;44.43;51.82;23.44;;22.3;56.46;33.56;16.48;39.41;56.61;30.74;40.69;37.28;19.79;16.53;22.65;18.52;34.87;19.29;9.32;10.17;18.51;49.69;39.85;36.06;33.26;41.21;18.3;24.9;6.2
O3;uur;µg/m³;2023-11-26T04:00:00+01:00;2023-11-26T05:00:00+01:00;24.2;5.1;37.2;51;59.2;21.57;20.46;29.74;29.8;27.71;17.09;25.11;35.65;21.12;56.13;53.31;57.93;5.54;;28.59;61.82;34.49;27.93;53.65;51.55;30.99;42.66;41.74;24.97;32.42;32.97;24.48;42.71;18.57;14.93;10.55;20.51;46.35;51.44;35.38;53.34;37.46;21.5;25.3;14.2
O3;uur;µg/m³;2023-11-26T05:00:00+01:00;2023-11-26T06:00:00+01:00;33.5;25;31;30.2;58.2;19.51;19.23;33.05;34.81;35.27;12.13;25.33;34.12;23.57;54.77;47.54;59.69;18.22;;34.53;64.49;48.87;18.57;57.04;50.83;46.88;40.51;36.73;29.91;34.72;35.85;30.64;42.52;13.28;19.25;10.21;18.69;39.21;52.57;34.7;54.72;37.07;15.4;22.5;17.5
O3;uur;µg/m³;2023-11-26T06:00:00+01:00;2023-11-26T07:00:00+01:00;19.2;12.8;24.9;49.8;64.7;21.57;23.84;37.32;38.3;35.15;14.14;25.9;35.65;23;59.4;51.73;62.52;14.63;;30.33;71.43;34.58;26.84;61.23;60.43;49.48;37.96;37.91;28.38;32.24;42.39;29.5;47.39;9.79;28.76;9.79;20.83;41.21;51.03;39.02;63.93;46.76;23.9;29.5;15.1
O3;uur;µg/m³;2023-11-26T07:00:00+01:00;2023-11-26T08:00:00+01:00;18.9;10.1;40.1;43.5;67.5;21.43;17.67;37.07;37.67;22.35;25.22;27.8;28.43;19.46;64.15;50.36;60.55;21.71;;20.94;68.78;41.83;41.01;63.71;60.81;46.4;34.96;43.43;30.07;37.16;35.49;29.39;33.12;9.98;30.37;8.82;26.98;44.25;53.46;42.62;62.47;54.76;25;38.8;20.4
O3;uur;µg/m³;2023-11-26T08:00:00+01:00;2023-11-26T09:00:00+01:00;32.5;26.3;46.9;41.9;67.8;25.03;24.75;36.92;36.08;13.57;42.44;17.34;23.96;13.95;59.55;47.54;58.92;49.31;;21.76;70.67;28.14;23.78;54.81;57.32;58;32.65;28.45;25.53;33.51;36.08;27.72;16.33;15.36;32.06;11.9;25.24;45.6;52.75;45.42;49.86;47.74;27.4;23.3;19.4
O3;uur;µg/m³;2023-11-26T09:00:00+01:00;2023-11-26T10:00:00+01:00;28.1;19.5;32.8;15.1;63.7;25.47;27.17;37.76;37.86;14.93;41.31;15.04;31.22;17.56;58.79;38.78;61.01;30.24;;26.92;73.28;42.61;15.09;55.6;48.13;53.31;33.2;24.7;23.48;26.95;29.6;27.12;15.26;24.09;36.63;12.28;34.01;40.61;54.26;49.6;54.79;44.89;28.5;36.2;19.7
O3;uur;µg/m³;2023-11-26T10:00:00+01:00;2023-11-26T11:00:00+01:00;46.4;14.8;18.4;50;63.5;28.46;24.97;40.24;41.07;30.54;37.77;20.12;44.95;24.29;58.28;41.9;66.05;2.6;;40.14;73.12;45.91;31.54;54.77;54.87;61.26;38.99;28.68;23.74;27.81;30.55;26.28;38.77;28.28;36.4;16.94;38.86;47.58;61.67;52.26;63.91;49.21;46.4;31.3;26.1
O3;uur;µg/m³;2023-11-26T11:00:00+01:00;2023-11-26T12:00:00+01:00;28.4;38.2;42.3;41.1;60.6;33.39;28.48;40.96;40.43;39.85;33.03;26.11;46.08;31.15;63.56;46.55;65.97;44.71;;45.74;71.39;62.27;33.52;61.57;65.87;53.04;37.73;30.15;26.51;25.79;29.22;28.48;27.21;34.19;35.8;28.26;41.82;56.72;62.15;56.13;62.8;54.24;43.6;38.3;31.3
O3;uur;µg/m³;2023-11-26T12:00:00+01:00;2023-11-26T13:00:00+01:00;38.3;36.3;41.8;26.2;61.7;35.23;35.03;40.03;39.89;41.57;30.71;33.57;43.44;33.67;68.76;49.53;65.02;51.23;;45.57;74.3;57.06;28.56;43.24;67.9;48.43;45.32;39.78;27.76;27.37;30.38;33.07;38.25;38.32;37.14;30.86;44.33;55.68;64.17;54.92;70.59;52.8;58.7;46.4;34
O3;uur;µg/m³;2023-11-26T13:00:00+01:00;2023-11-26T14:00:00+01:00;37.7;21.9;24.9;23.6;50.2;36.35;39.58;40.99;41.64;41.3;35.86;31.46;41.73;33.68;71.24;48.02;61.61;31.71;;42.79;73.04;54.38;22.61;43.34;67.29;50.28;63.89;49.4;32.58;37.61;34.81;38;52.1;44.09;38.15;36.27;48.99;52.02;64.97;46.69;65.17;60.79;53.6;42.4;45.7
O3;uur;µg/m³;2023-11-26T14:00:00+01:00;2023-11-26T15:00:00+01:00;55.3;25.3;35;57.3;56.2;39.64;44.15;40.43;40.88;34.49;40.91;34.14;30.23;35.36;69.12;50.98;70.5;31.25;;46.42;71.51;51.71;42.81;49.04;58.38;46.83;63.2;54.93;42.68;43.12;43.44;45.11;45.43;35.65;35.85;39.17;42.8;56.52;59.91;43.84;65.3;58.78;54.5;46.2;50.2
O3;uur;µg/m³;2023-11-26T15:00:00+01:00;2023-11-26T16:00:00+01:00;58.3;43.9;54.6;51.8;60.5;37.74;40.37;37.28;38.35;27.6;44.79;28.12;36.37;28.71;64.07;47.75;68.53;56.21;;35.67;79.92;61.55;56.44;54.49;50.22;49.31;54.33;39.5;42.76;42.45;47.48;49.54;40.77;26.35;37.05;39.88;39.31;56.16;55.25;49.83;71.12;53.93;57.7;50.2;49.9
O3;uur;µg/m³;2023-11-26T16:00:00+01:00;2023-11-26T17:00:00+01:00;50.5;44;53.7;48.3;41.7;32.98;33.3;34.76;36.19;19.37;40.09;23.65;34.5;27.45;54.14;43.13;65.52;41.9;;48.56;78.22;55.95;51.67;51.1;54.97;53.28;40.56;30.69;29.54;36.34;33.9;38.83;28.6;25.05;45.61;37.02;37.33;55.49;56.87;51.04;62.97;53.2;59.3;45.8;51.7
O3;uur;µg/m³;2023-11-26T17:00:00+01:00;2023-11-26T18:00:00+01:00;50.8;32.4;41;13.6;37;32.03;27.18;38.38;38.74;26.42;36.51;25.87;39.22;30.3;41.86;39.7;58.42;38.45;;48.38;79.11;45.68;42.13;37.84;59.85;59.1;58.39;37.46;21.41;17.13;30.02;31.48;36.35;31.66;54.37;33.7;34.99;53.06;62.61;50.24;59.12;53.86;50.1;43.1;43.4
O3;uur;µg/m³;2023-11-26T18:00:00+01:00;2023-11-26T19:00:00+01:00;40.9;36.3;24.9;18.4;32.4;35.21;33.35;38.41;35.88;30.33;28.42;28.54;28.61;30.57;37.66;33.65;60.3;35.29;;36.8;73.71;36.25;22.16;26.64;56.39;54.64;53.34;30.5;27.51;27.32;31.66;38.13;43.84;36.7;41.41;23.83;39.18;46.03;61.52;51.83;59.76;48.4;56.7;47.7;48.5
O3;uur;µg/m³;2023-11-26T19:00:00+01:00;2023-11-26T20:00:00+01:00;34.7;25.8;26.8;24.5;37.2;38.51;32.48;42.66;38.37;30.17;26.87;25.54;24.67;29.3;35.19;30.68;36.5;22.45;;32.88;66.21;34.13;25.26;25.43;52.31;49.14;42.26;36.05;36.44;32.08;28.89;40.89;32.69;36.52;30.85;20.3;44.98;49.67;56.49;56.17;48.26;43.58;41.8;33;29.7
O3;uur;µg/m³;2023-11-26T20:00:00+01:00;2023-11-26T21:00:00+01:00;33.5;21.7;27.7;22.5;34.9;38.58;32.56;41.46;40.52;27.05;27.26;26.72;24.21;32;33.27;33.11;32.48;19.17;;21.65;43.04;32.98;28.13;21.84;60.87;42.21;35.39;31.5;26.6;25;30.57;28.03;28.68;33.75;34.18;25.94;43.3;46.49;50.13;49.2;50.45;46.62;34.6;28.6;27.8
O3;uur;µg/m³;2023-11-26T21:00:00+01:00;2023-11-26T22:00:00+01:00;25.5;14.8;22.3;23.5;28.4;44.34;35.53;43.93;44.43;29.09;27.73;29.45;26.34;35.7;31.52;37.87;28.44;12.46;;18.43;32.3;31.22;24.63;22.64;56.36;27.75;36.88;25.3;22.63;19.47;24.14;24.24;21.83;23.82;27.89;25.44;33.84;34.86;49.69;47.49;55.5;50.52;30.9;29;27.3
O3;uur;µg/m³;2023-11-26T22:00:00+01:00;2023-11-26T23:00:00+01:00;27.4;14.3;20.1;23.5;34.1;43.41;38.44;45.9;45.61;30.28;32.74;33.48;28.85;37.1;39.93;40.32;26.83;19.21;;26.04;28.5;32.03;23.14;20;45.05;24.57;28.16;20.41;15.98;14.34;13.73;15.46;20.46;25.79;24.47;24.64;29.37;33.62;49.93;49.75;54.08;55.88;29.9;25.7;25
O3;uur;µg/m³;2023-11-26T23:00:00+01:00;2023-11-27T00:00:00+01:00;37.3;24.1;28.6;28.6;40.9;43.32;40.44;45.46;46.92;35.12;29.95;33.5;34.08;39.22;39.46;41.85;30.97;29.57;;28.12;29.84;34.47;33.6;24.83;26.29;25.82;24.75;24.65;16.04;16.91;20.68;16.03;21.13;25.39;24.19;29.19;25.46;28.47;33.07;41.81;53.65;51.74;23.5;21.2;19.1
O3;uur;µg/m³;2023-11-27T00:00:00+01:00;2023-11-27T01:00:00+01:00;38.4;32.7;36;32.9;42.1;43.09;41.63;43.61;45.88;36.99;28.35;37.1;38.51;42.67;39.44;44.62;44.32;35.83;;34.63;34.61;44.02;34.55;38.93;22.46;30.09;21.24;31.24;22;24.1;31.12;23.32;27.8;28.07;26.92;30.75;25.48;23.28;33.2;34.05;46.71;41.76;23.9;22.7;21.4
O3;uur;µg/m³;2023-11-27T01:00:00+01:00;2023-11-27T02:00:00+01:00;33.9;25.6;33.9;32.3;39.9;42.33;43.41;43.1;44.23;40.03;36.51;39.52;42.73;41.41;40.58;47.32;33.22;35.52;;34.94;45.09;34.76;34.46;34.53;21.13;40.38;24.21;36.09;31.33;33.76;37.79;31.48;34.39;31.88;30.91;33.92;24.77;20.31;25.87;28.34;37.4;33.03;36.1;36.3;34.1
O3;uur;µg/m³;2023-11-27T02:00:00+01:00;2023-11-27T03:00:00+01:00;42.7;34.9;41.6;37.6;41.4;43.34;40.75;47.69;48.09;41.81;40.27;38.36;48.7;41.27;44.29;47.19;38.1;45.16;;40.04;43.56;41.12;39.61;40;36.62;36.72;33.5;35.42;33.5;35.92;34.16;34.43;35.63;34.18;38.01;39.69;28.4;22.33;24.39;29.58;37.81;30.17;43;42.3;38.2
O3;uur;µg/m³;2023-11-27T03:00:00+01:00;2023-11-27T04:00:00+01:00;46.3;40.3;45.2;39.7;38.9;46.41;41.63;50.25;50.48;47.05;37.25;41.98;49.15;44.58;46.61;49.07;41.37;50.26;;45.63;46.96;42.05;45.84;40.7;40.36;38.27;40.74;39.53;39.5;42.6;36.27;40.57;44.23;36.88;40.61;37.63;33.12;26.22;33.26;42.3;39.83;42.12;42.3;42.6;38.8
O3;uur;µg/m³;2023-11-27T04:00:00+01:00;2023-11-27T05:00:00+01:00;44;36.3;42;41.8;43.7;48.69;46.7;51.9;54.5;50.16;37.32;45.14;51.28;46.78;44.44;49.65;43.56;44.59;;46.26;47.1;40.87;40.76;41.42;35.63;41.93;44.34;41.65;44.85;47.37;44.13;45.41;45.56;37.83;44.41;39.77;38.35;36.37;42.67;45.01;38.31;41.26;46.5;50.1;46.1
O3;uur;µg/m³;2023-11-27T05:00:00+01:00;2023-11-27T06:00:00+01:00;39.9;34.3;31.4;39.9;35.5;51.52;50.91;54.85;55.93;48.61;38.76;48.06;51.22;50.34;47.34;51.54;38.49;41.76;;46.91;45.49;42.57;32.83;35.6;40.07;41.79;48.2;41.97;44.71;46.14;38.26;46.63;45.54;36.87;49.5;45.25;38.76;41.51;42.79;41.9;35.18;38.14;45.1;45.7;41.6
O3;uur;µg/m³;2023-11-27T06:00:00+01:00;2023-11-27T07:00:00+01:00;32.2;31;26.9;26.2;32;53.38;51.44;55.61;56.72;51.53;36.04;49.67;45.58;52.52;45.82;50.71;32.88;36.41;;43.57;41.89;31.18;25.99;24.34;36.53;37.67;48.97;42.51;39.16;37.88;28.12;41.44;44.35;38.99;49.36;46.6;39.67;38.64;46.97;42.49;41.3;40.53;44.2;42.7;39.8
O3;uur;µg/m³;2023-11-27T07:00:00+01:00;2023-11-27T08:00:00+01:00;30.9;23.4;11.4;24.2;25.7;53.9;51.27;58.57;58.39;50.05;35.73;48.15;40.41;50.56;44;48.81;20.19;26.15;;37.25;34;21.94;16.65;11.73;35.88;30.25;47.88;39.97;34.65;34.99;37.45;37.43;39.85;42.29;45.17;42;41.81;36.07;45.64;37.76;43.93;39.51;42.6;38.4;39.8
O3;uur;µg/m³;2023-11-27T08:00:00+01:00;2023-11-27T09:00:00+01:00;;17.1;5.5;22.2;29.2;55.74;50.16;58.55;57.8;46.01;36.4;43.56;35.14;44.65;42.09;45.41;7.8;25.42;;33.2;31.09;20.19;19.45;1.41;39.26;25.68;46.34;36.26;28;32.48;33.18;32.74;34.9;42.67;43.82;41.74;44.41;36.03;44.74;32.41;42.29;36.53;37.3;;37.2
O3;uur;µg/m³;2023-11-27T09:00:00+01:00;2023-11-27T10:00:00+01:00;33.6;15.1;17.9;30.5;36.4;55.5;48.93;57.9;57.29;42.47;34.7;37.53;31.07;44.1;37.37;43.15;5.46;29.06;;29.97;28.44;14.37;21.61;0.69;39.73;19.4;44.65;30.99;25.61;29.34;27.1;31.39;30.54;34;43.71;41.34;46.61;40.28;43.41;36.68;34.68;32.46;21.4;24.6;33.9
O3;uur;µg/m³;2023-11-27T10:00:00+01:00;2023-11-27T11:00:00+01:00;29.9;13.2;21;19.4;27.1;52.17;44.32;53.82;55.4;39.42;29.28;34.03;33.99;42.94;36.13;41.18;7.39;28.72;;30.55;30.28;18.01;21.19;0.99;42.95;13.89;42.81;27.06;24.71;24.99;24.54;29.51;25.58;28.86;40.52;39;45.22;38.08;43.36;39.83;36.27;30.57;21.9;17.1;22.1
O3;uur;µg/m³;2023-11-27T11:00:00+01:00;2023-11-27T12:00:00+01:00;25.3;10.3;19.4;14.8;23.7;50.6;42.79;52.92;52.31;40.7;29.67;34.63;34.7;42.73;34.14;39.58;4.9;9.49;;26.92;28.05;24.95;12.87;1.25;44.59;11.98;43.48;23.11;22.5;21.42;25.74;27.51;22.02;27.58;40.51;37.53;36.32;41.74;44.3;36.57;35.21;33.46;26.1;14.6;21.1
O3;uur;µg/m³;2023-11-27T12:00:00+01:00;2023-11-27T13:00:00+01:00;23.8;10.1;11.9;14.6;18.5;49.96;42.77;51.57;52.88;40.26;30.66;33.88;31.86;41.4;28.05;37.53;16.52;10.74;;23.18;26.08;14.06;8.39;5.57;45.35;11.18;41.82;23.3;17.36;20.59;26.31;22.63;17.02;28.53;38.92;32.76;28.7;39.48;43.89;39.99;37.39;33.24;30.7;20.3;25.2
O3;uur;µg/m³;2023-11-27T13:00:00+01:00;2023-11-27T14:00:00+01:00;19.4;8;7.9;15.5;12.8;47.56;41.38;48.94;48.32;38.59;27.68;32.74;26.32;39.14;28.87;42.38;15.51;18.97;;22.59;;14.8;6.98;3.54;44.64;9.32;39.53;23.37;19.52;20.62;25.87;23.29;12.25;32.97;35.58;30.66;29.27;29.74;44.51;39.44;39.29;35.82;31.9;25.6;22.8
O3;uur;µg/m³;2023-11-27T14:00:00+01:00;2023-11-27T15:00:00+01:00;13.2;3.3;1;3.5;6.7;44.32;38.27;46.39;46.73;35.43;22.43;28.59;23.72;36.3;29.45;46.41;15.04;16.54;;22.63;;14.47;2.62;4.98;44.68;11.28;36.68;16.69;14.69;14.45;23.87;18.11;12.35;27.62;33.02;30.76;29.64;29.11;35.99;40.72;40.52;38.36;28.6;25.1;23.5
O3;uur;µg/m³;2023-11-27T15:00:00+01:00;2023-11-27T16:00:00+01:00;-0.5;-0.3;0.8;4.9;13.8;42.32;35.68;44.6;44.76;32.81;29.17;26.15;22.53;31.56;18.71;46.84;11.41;4.2;;17.72;;14.02;2.69;6.84;38.66;20.48;30.95;16.7;15.28;12.69;19.25;11.59;9.38;27.39;26.05;28.51;28.3;30.66;33.23;44.04;46.2;43.28;29.8;29.4;22.1
O3;uur;µg/m³;2023-11-27T16:00:00+01:00;2023-11-27T17:00:00+01:00;0.3;6.4;5.9;5.5;10.8;40.61;32.69;44.03;43.24;25.07;25.16;19.73;10.59;27.62;15.61;36.92;10.3;5.26;;10.93;;11.35;9.19;5.1;32.59;25.65;29.51;21.71;16.5;12.39;24.1;14.58;8.85;25.29;23.68;25.27;27.52;31.69;35.15;43.99;45.88;44.14;30.9;31.9;25.2
O3;uur;µg/m³;2023-11-27T17:00:00+01:00;2023-11-27T18:00:00+01:00;6;11.9;9.8;5.6;15.4;40;30.27;43.39;42.71;19.76;17.52;8.97;6.6;22.22;16.37;35.12;17.05;12.92;;10.14;;12.7;10.71;12.85;34.42;22.75;29.19;24.22;18.94;18.48;23.01;20.09;15.42;25.88;20.06;21.56;26.91;28.75;37.45;41.54;46.14;43.31;25.8;27.5;21.4
O3;uur;µg/m³;2023-11-27T18:00:00+01:00;2023-11-27T19:00:00+01:00;10.9;16.7;18.8;15.8;24.7;36.12;24.74;41.07;40.47;19.13;4.48;7.79;15.19;13.59;13.16;31.09;22.31;18.84;;15.86;27.02;19.82;17.9;17.48;40.27;26.53;30.9;20.71;18.36;20.39;22.7;18.55;16.37;25.89;20.37;17.45;26.02;34.42;42.11;42.38;34.01;28.39;29.8;30.6;24.4
O3;uur;µg/m³;2023-11-27T19:00:00+01:00;2023-11-27T20:00:00+01:00;15.1;18.5;19.4;19.5;24.3;30.76;22.08;36.81;39.9;18.2;16.05;15.45;17.5;9.59;24;27.97;24.62;18.95;;19.5;31;20.51;20.66;17.85;45.87;29.12;33.88;24.08;22.83;21.91;25.88;22.7;22.07;24.56;23.4;12.78;28;37.27;43.28;43.33;26.67;21.73;33.4;35;26.5
O3;uur;µg/m³;2023-11-27T20:00:00+01:00;2023-11-27T21:00:00+01:00;15.2;22.1;22.4;21.4;29.7;25.67;18.75;32.54;36.32;20.21;25.85;18.57;22.93;20.82;24.79;30.98;29.06;22.98;;23.64;37.54;27.33;22.53;24.56;40.14;36.3;38.97;28.36;24.62;25.86;29.38;24.51;25.48;17.46;26.66;18.69;32.55;38.91;38.49;28.41;40.42;30.06;41.8;44.1;35
O3;uur;µg/m³;2023-11-27T21:00:00+01:00;2023-11-27T22:00:00+01:00;20.2;26.4;26.3;26.9;31.9;23.38;20.99;25.98;29.94;18.08;23.91;15.3;24.92;16.62;23.04;25.52;35.4;30.09;;24.99;39.72;36.66;30.39;30.6;31.06;36.01;40.2;35.35;32.32;32.27;34.42;33.49;28.88;25.54;30.78;18.44;37.85;32.57;26.92;29.17;59.59;46.93;42.1;44.8;36.9
O3;uur;µg/m³;2023-11-27T22:00:00+01:00;2023-11-27T23:00:00+01:00;26.9;33.9;34.1;33.9;35.7;10.96;22.68;22.12;26.55;23.55;23.98;17.82;30.4;19.63;28.95;21.4;36.2;36.62;;31.35;39.05;36.91;36.59;32.39;34.4;36.35;34.44;36.16;35.31;35.34;38.24;36.21;33.5;33.88;37.06;24.3;30.1;28.59;37.92;37.41;64.27;57.16;40.6;44;37.8
O3;uur;µg/m³;2023-11-27T23:00:00+01:00;2023-11-28T00:00:00+01:00;28.8;35.4;35.7;37.9;36.2;17.58;24.92;11.58;12.74;27.98;28.69;21.26;35.07;22.2;36.03;24.97;37.98;38.57;;35.34;32.82;40.25;38.92;33.27;46.84;29.96;32.55;33.9;32.61;36.09;32.53;33.47;35.88;30.18;34.34;28.51;26.3;34.29;50.69;49.68;65.79;59.76;35.3;37.4;31.1
O3;uur;µg/m³;2023-11-28T00:00:00+01:00;2023-11-28T01:00:00+01:00;28.8;32.2;33;34.6;35.9;17.56;34.7;19.58;21.46;34.87;33.5;30.26;40.02;30.23;36.48;38.65;32.66;35.42;;33.15;33.08;33.3;35.48;31.68;56.47;33.57;39.61;32.44;30.63;33;32.25;31.59;30.02;22.79;31.01;27.45;37.88;47.31;58.31;56.02;65.76;59.18;39.9;42.6;35.4
O3;uur;µg/m³;2023-11-28T01:00:00+01:00;2023-11-28T02:00:00+01:00;29;34;35.3;32.1;32.9;27.41;29.31;19.64;21.43;31.1;34.11;29.18;34.42;31.5;34.71;39.87;33.54;36.41;;31.45;44.56;37.31;34.54;33.22;62.39;45.61;51.37;38.99;35.68;36.24;41.18;36.25;33.49;35.46;38.89;28.79;50.04;52.21;58.25;56.1;63.72;59;48.9;52.1;44.5
O3;uur;µg/m³;2023-11-28T02:00:00+01:00;2023-11-28T03:00:00+01:00;33.2;38.4;40.6;40.1;40.8;;;;;;;;;;;;;;;;;;;;;;;;;;;;;;;;;;;;;;56.2;60.3;52.7
O3;uur;µg/m³;2023-11-28T03:00:00+01:00;2023-11-28T04:00:00+01:00;34.3;43.4;47.6;50.2;52.5;27.24;42.55;25.62;28.23;39.18;35.96;38.42;41.04;39.61;41.09;37.04;53.22;46.37;;45.57;;52.71;49.68;52.25;59.75;;55.59;50.96;48.63;50.28;51.51;49.8;48.98;50.25;50.1;48.89;52.21;52.88;55.53;51.37;58.11;53.52;59.2;62.5;55.4
O3;uur;µg/m³;2023-11-28T04:00:00+01:00;2023-11-28T05:00:00+01:00;39;49;50;52.2;57;38.17;50.74;29.78;32.2;46.11;44.57;45.38;48.22;48.26;49.65;38.16;54.94;52.6;;48.31;;53.87;51.79;53.44;56.52;52.74;52.66;54.89;51.64;52.76;55.3;53.32;51.7;51.93;53.7;46.07;50.57;50.08;50.78;47.92;58.38;52.71;58.9;62.3;55.1
O3;uur;µg/m³;2023-11-28T05:00:00+01:00;2023-11-28T06:00:00+01:00;35.5;48.7;45.8;51.5;57.8;45.05;48.09;40.5;42.83;45.94;43.52;43.75;49.09;47.2;49.9;43.5;52.83;54.01;;49.62;51.59;52.09;43.66;42.5;55.28;47.05;51.22;51.4;48.77;51.03;51.56;50.37;51.77;50.98;50.08;50.54;45.98;49.33;49.58;48.85;61.87;53.59;57;59.9;52.6
O3;uur;µg/m³;2023-11-28T06:00:00+01:00;2023-11-28T07:00:00+01:00;33;42.4;28.4;34.9;43;43.58;50.89;43.57;46.55;47.41;45.14;44.96;50.99;45.47;51.72;46.44;40.88;46.41;;42.37;50.19;31.4;29.46;26.36;57.23;41.53;50.47;48.22;42.77;45.86;50.08;43.67;45.84;46.34;45.27;42.21;44.95;46.07;50.6;49;60.14;51.81;52.2;52.2;49
O3;uur;µg/m³;2023-11-28T07:00:00+01:00;2023-11-28T08:00:00+01:00;22.3;24.7;10.7;6.2;29.5;44.04;45.88;40.39;44.32;43.82;40.85;38.3;44.71;43.61;40.26;48.65;26.64;30.65;;39.4;45.83;14.36;6.22;22.55;60.99;25.19;46.33;42.34;35.2;33.09;46.08;31.33;36.03;42.09;46.04;38.93;44.55;41.76;50.95;46.57;61.13;49.89;45.1;44;35.5
O3;uur;µg/m³;2023-11-28T08:00:00+01:00;2023-11-28T09:00:00+01:00;8.1;5.5;1;2;9.7;45.7;39.35;41.93;44.68;39.48;36.22;30.39;38.68;35.09;37.43;46.78;20.82;12.15;;29.43;40.63;9.7;2.43;14.91;57.33;12.96;45.64;40.63;29;26.21;38.51;21.22;34.87;40.78;39.37;31.65;43.85;39.7;45.8;43.11;56.41;48.54;42.7;34.9;32.2
O3;uur;µg/m³;2023-11-28T09:00:00+01:00;2023-11-28T10:00:00+01:00;3.4;1.5;3;4.1;17.7;36.87;35.54;43.59;49.18;36.78;30.42;26.89;34.78;29.86;28.79;43.4;20.79;22.97;;35.55;32.38;19.76;5.35;10.34;53.27;18.11;43.88;40.25;17.54;27.13;34.19;25.09;35.06;39.91;33.08;37.17;38.72;42.22;41.36;42.59;52.79;41.58;32.1;26.7;21.8
O3;uur;µg/m³;2023-11-28T10:00:00+01:00;2023-11-28T11:00:00+01:00;11.5;20;12.4;21;24.7;33.54;33.81;;43.78;40.62;35.72;29.43;41.63;34.52;40.79;43.76;34.33;27.45;;40.26;44.08;32.16;18.8;15.37;57.24;21.88;44.21;43.51;31.63;30.77;25.33;34.86;35.91;33.77;38.95;36.83;36.64;43.81;47.19;42.67;50.68;46.26;36.7;25.6;24.9
O3;uur;µg/m³;2023-11-28T11:00:00+01:00;2023-11-28T12:00:00+01:00;26.8;24.9;26.3;44.3;23.5;40.45;38.7;;40.85;46.74;43.14;39.07;48.6;43.75;47.12;47.18;38.38;38;;43.02;53.9;36.77;40.24;21.14;59.43;41.73;48.85;48.76;38.39;40.06;41.91;43.77;40.35;41.39;44.89;38.97;43.31;41.19;53.62;47.37;48.9;48.69;48.8;41.6;41.2
O3;uur;µg/m³;2023-11-28T12:00:00+01:00;2023-11-28T13:00:00+01:00;30.6;29.4;29.8;40.8;27;41.76;48.42;;42.87;50.94;46.98;43.09;51.09;48.99;50.97;51.42;42.07;40.28;;46.47;56.67;43.03;38;23.24;58.6;45.64;52.19;42.69;45.25;42.3;36.3;49.38;44.73;40.83;48.35;38.99;43.42;47.36;54.37;47.85;49.77;47.73;51.6;38.7;41.5
O3;uur;µg/m³;2023-11-28T13:00:00+01:00;2023-11-28T14:00:00+01:00;27.5;27.3;34.8;27.8;21;44.29;51.42;;43.61;50.24;48.17;39.87;50.11;49.81;53.35;52.28;51;;;42.26;59.99;36.51;32.56;27.86;57.71;42.82;55.21;44.16;40.74;45.69;37.1;48.39;48;43.79;49.39;40.33;46.53;47.44;56.16;47.29;50.23;49.33;43.3;41.9;29.3
O3;uur;µg/m³;2023-11-28T14:00:00+01:00;2023-11-28T15:00:00+01:00;29;24.4;32.2;29.6;30.9;42.8;45.45;;44.24;48.52;41.28;39.06;44.68;51.24;51.5;49.08;55.36;;;40.05;59.58;34.64;20.36;37.98;55.72;43.42;54.81;44.93;32.6;42.82;34.63;40.76;47.79;43.64;50.05;42.65;43.15;49.17;54.72;51.82;47.79;47.64;51.2;41.2;46.3
O3;uur;µg/m³;2023-11-28T15:00:00+01:00;2023-11-28T16:00:00+01:00;32.1;7.8;13;16.1;46.1;36.99;41.35;;39.19;46.89;39.02;36.25;37.48;48.62;47.43;47.45;32.87;;;38.14;50.57;18.45;17.12;14.79;49.63;43.24;54.18;36.43;30.61;34.03;27.45;38.18;43.33;39.98;49.38;37.31;34.22;46.7;52.25;45.96;43.42;43.91;49.1;39.4;47.1
O3;uur;µg/m³;2023-11-28T16:00:00+01:00;2023-11-28T17:00:00+01:00;29.2;9.7;13.6;18.7;36.7;31.01;19.77;;32.27;37.05;30.44;26.57;22.31;36.27;44.16;40.8;17.01;;;26.72;46.69;20.84;8.29;5.08;39.74;34.9;38.58;14.95;22.92;18.79;18.01;28.4;25.61;35.57;25.74;24.85;25.41;39.41;48.6;38.93;36.52;31.28;42.8;37.9;39.5
O3;uur;µg/m³;2023-11-28T17:00:00+01:00;2023-11-28T18:00:00+01:00;33.8;13;18;19.2;49.5;29.34;18.03;;22.53;31.54;30.6;24.33;12.87;23.49;32.27;34.03;37.41;16.36;;23.19;14.95;29.12;16.73;15.17;44.67;21.47;28.38;12.84;18.2;14.77;12.39;24.53;25.23;26.88;29.24;18.99;15.97;28.75;48.81;34.56;38.46;33.16;33.4;23.3;29.2
O3;uur;µg/m³;2023-11-28T18:00:00+01:00;2023-11-28T19:00:00+01:00;25.6;24.8;29.7;30.3;45.4;23.44;19.96;18.38;25.76;27.69;24.8;16.3;25.37;18.75;31.24;32.19;35.81;26.47;;21.92;46.34;38.17;32.26;23.86;48.57;17.81;23.37;18.46;23.23;15.42;21.52;27.82;20.36;17.99;22.84;10.94;28.53;26.72;52.88;34.72;43.31;41.68;15.1;14.3;18.5
O3;uur;µg/m³;2023-11-28T19:00:00+01:00;2023-11-28T20:00:00+01:00;40.9;20.4;17.9;30.2;46.3;23.5;30.02;22.13;23.68;12.56;21.9;13.64;25.52;20.04;41.04;42.19;32.01;18.74;38.3;28.53;52.14;37.14;22.89;17.86;59.77;39.75;28.95;32.18;23.34;21.91;23.34;25.12;27.88;21.52;24.16;20.2;30.78;21.46;45.38;36.26;45.99;41.86;28.4;23.5;27.9
O3;uur;µg/m³;2023-11-28T20:00:00+01:00;2023-11-28T21:00:00+01:00;44.6;36.2;17.7;36.1;37.5;27.55;27.13;21.51;16.12;10.34;25.26;14.86;20.81;20.44;44.28;39.27;40.8;34.96;44.34;37.26;66.75;41.8;29.05;33.34;66.91;59.44;33;32.06;26.93;26.72;30.8;29.55;26.9;25.64;25.91;24.32;27.75;30.59;62.39;34.1;56.68;36.37;49.9;53.9;45
O3;uur;µg/m³;2023-11-28T21:00:00+01:00;2023-11-28T22:00:00+01:00;42.1;34.4;16.7;24.1;55.9;23.94;28.02;18.88;24.08;14.27;24.19;15.6;30.24;21.35;45.11;44.46;63.23;38.58;49.97;42.61;71.58;31.21;20.72;47.06;74.72;63.22;42.37;41.41;25.51;30.99;36.06;27.21;36.99;26.03;29.52;14.17;25.08;35.03;68.47;31.89;54.78;30.96;59;63.3;61.1
O3;uur;µg/m³;2023-11-28T22:00:00+01:00;2023-11-28T23:00:00+01:00;38.3;27.1;21.7;47.8;53.7;21.02;25.93;30.86;29.83;20.38;27.28;15.26;12.85;17.49;48.15;43.01;64.05;30.06;44.75;31.08;72.58;59.34;30.51;60.25;65.96;65.59;39.38;41.44;32.93;35.31;50.92;37.33;42.4;19.63;30.31;20.58;26.63;43.18;67.96;34.82;62.78;36.42;70.6;73.3;67.5
O3;uur;µg/m³;2023-11-28T23:00:00+01:00;2023-11-29T00:00:00+01:00;48.9;29.7;51.5;49.9;58;24.55;27.07;35.53;33.74;23.7;32.91;14.83;19.02;20.82;59.25;37.63;66.39;42.31;46.31;32.01;71.91;67.53;52.73;63.37;67.35;63.91;55.02;62.06;34.82;39.85;65.02;38.97;37.78;19.2;27.74;29.91;29.76;43.74;69.5;37.51;73.59;56.82;66.2;71.1;66.2
O3;uur;µg/m³;2023-11-29T00:00:00+01:00;2023-11-29T01:00:00+01:00;59;53.8;60.2;44.1;62.3;31.88;27.3;37.74;39.1;24.04;30.84;17.8;22.57;21.92;58.63;38.83;63.1;55.81;52.75;42.76;69.59;64.99;62.38;61.39;71.22;64.4;59.6;56.67;41.33;50.93;52.92;46.49;56.36;22.55;34.26;24.65;37.82;59.44;71.39;44.01;71.96;54.68;68.7;71.6;65.3
O3;uur;µg/m³;2023-11-29T01:00:00+01:00;2023-11-29T02:00:00+01:00;54.5;53.6;56.1;46;50.7;33.81;27.8;37.36;41.37;24.86;32.48;21.02;31.53;24.02;61.15;44.35;64.2;49.31;69.25;61.8;70.23;66.07;55.36;62.95;70.15;65.41;66.69;52;51.85;53.29;55.69;54.47;58.04;24.29;33.44;22.47;37.84;57.35;71.04;46.27;71.28;63.69;64.3;69.7;65.9
O3;uur;µg/m³;2023-11-29T02:00:00+01:00;2023-11-29T03:00:00+01:00;46.6;55.2;60.3;48.2;62.9;33.64;25.22;35.12;38.04;25.25;36.42;22.66;42.82;26.91;60.91;52.2;64.52;59.6;68.44;58.64;67.76;66.39;57.13;63.31;67.57;64.98;62.35;62.16;47.36;56.27;65.73;50.38;56.54;25.77;44.18;30.97;36.94;61.68;67.55;50.83;67.41;64;68.8;72.2;67.4
O3;uur;µg/m³;2023-11-29T03:00:00+01:00;2023-11-29T04:00:00+01:00;52.7;56.3;61.4;47.4;58.3;33.29;25.23;34.31;35.72;35.58;52.13;28.66;49.18;29.85;58.43;48.16;64.11;63.03;65.35;58.16;68.58;67.4;57.93;63.57;70.63;66.29;60.3;62.11;51.68;56.58;63.93;56.03;54.72;30.84;51.04;38.79;38.58;57.16;66.03;52.43;65.74;63.46;69.2;69.4;60.7
O3;uur;µg/m³;2023-11-29T04:00:00+01:00;2023-11-29T05:00:00+01:00;49.3;55.5;58.2;49.1;53.7;33.02;32.68;34.59;37.29;31.12;42.9;30.52;48.28;31.86;;57.42;66.08;56.55;67.97;57.91;64.56;66.56;55.18;64.25;66.05;59.11;71.96;58.18;57.73;61.63;59.47;60.6;61.23;36.04;49.24;36.05;44.05;54.63;65.48;55.32;63.03;61.27;57.1;60.5;60.1
O3;uur;µg/m³;2023-11-29T05:00:00+01:00;2023-11-29T06:00:00+01:00;47;57.9;60.6;53.5;56.9;35.02;35.23;34.99;38.59;38.29;44.33;32.4;44.05;37.33;59.78;56.9;63;63.16;62.16;59.72;66.06;62.87;49.85;59.71;63.24;60.18;60.08;61.74;56.89;59.8;58.3;58.41;63.29;36.32;49.14;35.85;47.4;65.69;64.56;54.47;59.87;60.99;62;59.2;58.7
O3;uur;µg/m³;2023-11-29T06:00:00+01:00;2023-11-29T07:00:00+01:00;30.9;44.7;51.7;59.4;62.7;35.63;38.23;39.22;37.96;37.49;51.1;35.81;51.38;40.7;63.86;59.13;59.57;56.8;63.14;48.28;59.35;53.92;47.65;57.15;55.67;52.33;62.68;59.14;50.57;53.85;52.28;53.67;58.86;36.24;58.76;36.62;43.88;58.96;56.34;54.16;52.44;54.33;58.5;52.4;50.6
O3;uur;µg/m³;2023-11-29T07:00:00+01:00;2023-11-29T08:00:00+01:00;29.4;39.2;48.3;40.6;50.9;37.05;39.53;38.26;38.39;48.97;59.7;38.52;48;42.88;59.06;48.29;56.34;50.58;53.35;38.48;56.05;49.6;44.11;54.22;52.31;38.89;54.62;47.52;40.63;34.37;37.12;46.56;51.99;37.43;55.57;39.17;49;49.32;47.78;55.11;48.24;44.95;49.6;32.8;36.7
O3;uur;µg/m³;2023-11-29T08:00:00+01:00;2023-11-29T09:00:00+01:00;25.2;14.3;30.4;44.1;61.2;36.39;43.8;38.35;40.62;41.38;54.59;34.33;37.96;37.07;54.23;57.07;54.94;27.33;53.46;25.51;48.03;46.02;30.58;52.19;55.32;40.2;47.18;42.05;26.57;30.04;31.11;33.63;46.79;39.63;43.45;33.93;47.33;41.34;48.69;47.04;57.17;44.19;42.5;28.5;23.3
O3;uur;µg/m³;2023-11-29T09:00:00+01:00;2023-11-29T10:00:00+01:00;27.6;26.3;40.2;46.6;57.7;35.43;42.58;36.75;40.26;41.5;49.89;36.85;44.93;37.5;55.95;58.65;49.72;33.78;41.5;18.71;49.47;48.26;32.52;44.3;52.72;42.82;45.21;30.25;26.76;20.57;28.31;31.75;37.92;41.83;42.99;26.11;39.61;40.55;45.21;39.98;59.14;50.24;47.3;42.5;35.5
O3;uur;µg/m³;2023-11-29T10:00:00+01:00;2023-11-29T11:00:00+01:00;24.9;30.5;31.8;39.1;56.7;37.14;42.76;36.26;39.73;45.32;51.44;34.96;33.45;37.62;57.32;56.48;43.9;39.54;46.52;37.28;47.09;41.92;33.49;19.8;44.84;38.81;48.5;38.81;37.4;31.52;30.78;40.51;34.32;38.33;37.92;29.14;38.52;40.26;45.2;45.78;58.88;53.19;44.3;32.9;33
O3;uur;µg/m³;2023-11-29T11:00:00+01:00;2023-11-29T12:00:00+01:00;26.9;24.9;37.5;28.6;57.4;37.57;40.07;36.3;37.8;47.54;;36.2;27.24;41.99;55.17;55.07;50.83;35.34;46.53;40.08;44.02;42.59;29.55;25.67;51.86;31.04;50.99;45.41;40.6;34.38;41.26;45.76;40.41;41.28;37.33;26.4;43.2;44.82;48.83;46.27;59.47;56.18;39.5;26.6;36.4
O3;uur;µg/m³;2023-11-29T12:00:00+01:00;2023-11-29T13:00:00+01:00;33;20.7;23.4;38.9;57.3;38.07;41.8;37.87;36.89;46.18;;35.87;29.43;45.95;56.52;55.93;53.61;29.99;48.04;41.21;56.92;42.23;17.38;44.62;54.86;34.49;51.85;49.22;35.32;40.47;37.62;43.28;47.21;40.9;40.24;37.56;45.55;45.93;53.1;50.07;58.41;55.88;43.4;25.6;31.7
O3;uur;µg/m³;2023-11-29T13:00:00+01:00;2023-11-29T14:00:00+01:00;32.6;18.5;38.2;35.7;51.5;38.05;41.92;39.89;41.09;42.14;;35.04;31.49;42.43;56.74;;48.91;31.4;48.97;36.37;50.57;42.75;29.59;24.83;56.04;38.08;53.23;47.99;38.89;39.95;35.36;45.16;44.69;46.32;45.07;30.55;47.66;48.43;52.55;51.69;58.82;53.86;32.1;27.2;27.1
O3;uur;µg/m³;2023-11-29T14:00:00+01:00;2023-11-29T15:00:00+01:00;25.7;17.7;43;42.6;51.2;38.28;37.32;39.29;36.62;39.26;44.04;32.88;33.52;37.28;55.25;;46.99;20.79;53.88;37.57;59.95;35.91;34.89;15.97;57.13;31.42;51.12;40.24;33.96;35.63;38.83;45.3;36.99;41.89;45.8;31.21;45.47;47.33;56.52;50.6;58.26;56.43;33.7;28.2;34
O3;uur;µg/m³;2023-11-29T15:00:00+01:00;2023-11-29T16:00:00+01:00;36.8;7.6;33.5;27.4;22;39.76;36.69;37.91;38.21;40.99;36.44;29.63;27.05;40.71;53.92;;35.97;16.73;50.1;34.68;46.1;28.52;20.94;15.04;48.15;32.36;47.75;28.85;26.25;28.55;23.64;37.32;23.5;40.09;46.61;25.4;41.07;44.84;49.35;51.07;55.8;52.94;30.4;21.7;31.5
O3;uur;µg/m³;2023-11-29T16:00:00+01:00;2023-11-29T17:00:00+01:00;40;10.5;7.9;25.3;26.4;31.85;35.17;32.85;32.12;34.51;22.01;24.05;15.52;33.75;52.19;;18.49;15.36;49.29;33.96;29.56;24.13;9.36;9.22;36.54;15.23;37.59;18.4;14.76;7.7;14.97;22.32;11.13;27.64;32.84;13.98;34.49;40.39;43.39;54.62;50.57;42.76;21.8;12.3;17
O3;uur;µg/m³;2023-11-29T17:00:00+01:00;2023-11-29T18:00:00+01:00;33.9;8.4;6.3;25;38.5;22.06;21.27;29.54;34.44;26.08;13.79;17.91;10.11;17.23;44.46;34.18;22.97;12.28;42.47;28.79;11.71;16.24;7.77;9.76;19.49;7.44;27.22;7.02;4.03;1.62;6.14;7.45;16.15;17.72;29.36;0.52;21.97;39.31;41;53.08;49.05;39.9;17.5;9;10
O3;uur;µg/m³;2023-11-29T18:00:00+01:00;2023-11-29T19:00:00+01:00;30.1;11.9;0.8;36.6;37.1;17.71;14.93;23.32;29.08;21.53;7.29;11.91;8.58;9.69;48.67;30.34;27.31;8.31;38.04;13.73;0.94;24.95;5.91;11.36;13.62;8.16;16.78;0.18;3.85;4.57;3.32;10.03;13.67;13.31;18.22;0.53;17.02;38.36;26.26;47.48;44.56;34.43;10.6;5.9;2.5
O3;uur;µg/m³;2023-11-29T19:00:00+01:00;2023-11-29T20:00:00+01:00;23.9;11.7;7.9;26.4;43.8;13.73;12.55;10.08;11.43;17.33;3.22;9.44;9.84;12.13;39.15;21.89;48.02;4.29;36;5.37;26.1;44.43;6.86;34.83;44.12;9.17;14.67;0.74;7.63;13.28;2.33;14.23;13.94;13.2;11.13;0.52;15.48;32.53;29.98;41.84;41.11;30;0.9;4.5;1.5
O3;uur;µg/m³;2023-11-29T20:00:00+01:00;2023-11-29T21:00:00+01:00;8.2;24.5;32.6;20.8;27.1;3.96;18.71;9.05;2.16;14.47;-0.71;6.62;2.1;9.27;38.06;6.32;48.59;24.46;15.06;6.09;43.46;35.09;29.3;33.53;41.83;14.5;10.11;1.99;7.96;10.73;0.75;19.22;9.24;6.29;4.8;3.63;17.89;26.84;36.58;33.64;41.33;21.15;1.1;4.4;1.3
O3;uur;µg/m³;2023-11-29T21:00:00+01:00;2023-11-29T22:00:00+01:00;0.9;12.4;18.3;19.7;19.6;3.53;13.08;4.86;2.11;9.85;-1.3;3.54;2.3;4.48;16.58;4.72;45.57;28.58;8.42;3.47;55.28;25.01;24.49;29.56;47.2;37.53;1.96;43;9.83;2.22;0.7;16.68;5.77;5.66;2.17;6.12;14.32;17.63;39.7;32.23;43.83;7.83;9.7;17.2;9.5
O3;uur;µg/m³;2023-11-29T22:00:00+01:00;2023-11-29T23:00:00+01:00;0.1;10.6;23.9;25.3;26.3;3.41;11.06;5.43;2.13;6.57;-1.07;5.84;2.88;2.82;38.58;5.02;49.9;32.92;10.16;1.23;56.22;46.46;15.06;41.15;50.59;36.9;0.56;36.39;5.2;0.88;12.72;6.32;0.72;3.44;1.25;6.7;9.5;11.93;43.11;33.41;43.43;16.9;23.2;26.9;35.8
O3;uur;µg/m³;2023-11-29T23:00:00+01:00;2023-11-30T00:00:00+01:00;0.7;10.7;18.3;21.6;39.3;2.24;5.58;4.39;2.09;6.01;-1.07;3.6;2.42;3.04;54.13;4.31;27.42;19.24;6.59;1.07;49.95;35.59;9.83;16.38;42.68;41.08;0.78;18.18;1.44;0.76;12.25;0.81;1.88;0.98;1.58;10.06;6.26;10.1;47.11;34.72;38.99;27.82;25.8;32.1;31.4
O3;uur;µg/m³;2023-11-30T00:00:00+01:00;2023-11-30T01:00:00+01:00;0.1;0.1;1;23.8;35.4;1.73;7.02;3.98;2.15;7.49;-0.99;-0.86;1.63;3.86;47.86;4.11;20.12;0.89;2.74;0.4;37.68;23.73;0.83;11.79;32.45;24.07;0.74;10.22;0.05;0.66;9.5;-1.48;1.74;2.32;0.83;8.07;6.01;7.9;38.93;31.26;29.52;31.86;16;21.4;29.6
O3;uur;µg/m³;2023-11-30T01:00:00+01:00;2023-11-30T02:00:00+01:00;0;-0.6;-0.2;14.4;11.7;3.1;9.29;1.22;4.99;6.99;-1.05;2.76;1.39;4.84;38.03;3.93;20.73;0.63;2.88;1.03;35.34;16.71;0.7;12.93;26.39;28.9;2.93;5.17;0.22;0.61;7.49;-0.83;0.03;1.8;0.77;7.39;3.95;5.49;47.52;26.57;25.96;34.92;14.2;16;25.2
O3;uur;µg/m³;2023-11-30T02:00:00+01:00;2023-11-30T03:00:00+01:00;0;-0.6;-0.2;10.7;27.8;3.83;4.97;2.75;6.9;8.93;-1.07;6.34;1.77;7.18;47.09;4.42;14.66;0.52;2.72;0.73;32.41;9.6;0.21;8.33;32.99;16.18;2.96;-0.8;0.09;0.57;3.91;-1.2;-0.02;2.37;0.59;10.49;3.42;3.05;49.19;22.89;28.73;29;7.3;19.3;22.1
O3;uur;µg/m³;2023-11-30T03:00:00+01:00;2023-11-30T04:00:00+01:00;0.1;-0.6;0;2.6;1.6;4.32;1.85;2.47;9.48;4.39;-1.06;3.92;2.25;5.63;35.67;3.97;5.95;0.68;2.69;0.42;20.24;2.03;0.31;2.04;35.1;7.03;4.48;-1.11;-0.06;0.78;2.62;-1.77;-0.23;2.39;0.81;13.81;3.7;1.23;46.47;21.5;29.56;28.66;8;20.6;15.7
O3;uur;µg/m³;2023-11-30T04:00:00+01:00;2023-11-30T05:00:00+01:00;0;-0.6;0.2;0;0;6.39;2.3;2.5;11.86;3.56;-1.16;0.65;2.53;2.58;32.26;3.77;1.31;0.52;2.63;0.39;4.91;1.67;0.31;-0.25;34.03;8;7.13;-1.18;0.29;0.78;0.57;-0.83;-0.09;2.22;1.05;10.73;3.73;1.89;44.95;20.6;29.02;27.03;4;17.2;12.7
O3;uur;µg/m³;2023-11-30T05:00:00+01:00;2023-11-30T06:00:00+01:00;0;-0.6;0.1;0;0;4.53;2.34;0.46;8.26;1.03;-1.03;-1.18;1.81;1.17;21.71;3.78;1.3;0.63;2.64;0.5;2.34;1.69;0.26;-0.04;36.85;4.5;8.12;-1.13;0.2;1.44;0.21;-1.31;-0.13;-0.56;0.8;6.11;7.51;3.97;47.12;20.33;28.26;23.35;6.7;12.7;10.7
O3;uur;µg/m³;2023-11-30T06:00:00+01:00;2023-11-30T07:00:00+01:00;0;-0.6;0;0;0.2;4.25;1.67;0;8.57;1.24;-1.08;-1.32;1.42;1.2;5.22;4.09;1.25;0.51;2.58;1.05;11.77;1.56;0.23;-0.05;26.08;2.45;8.57;-1.23;-0.06;1.36;0.34;-1.21;-0.15;-1.7;1.05;2.35;6.81;3.36;44.71;16.94;26.34;14.12;5.9;16.6;9.9
O3;uur;µg/m³;2023-11-30T07:00:00+01:00;2023-11-30T08:00:00+01:00;0;-0.6;0;0;0;2.48;1.55;-0.06;7.57;0;-1.18;-1.28;1.33;1.11;0.13;3.89;1.74;0.57;2.56;0.64;2.77;1.67;0.45;-0.1;5.74;3.81;9.06;-1.27;-0.12;0.52;0.84;-1.61;-0.02;-1.63;0.77;0.44;5.12;3.6;37.31;15.3;23.13;4.09;4.2;11.1;12.8
O3;uur;µg/m³;2023-11-30T08:00:00+01:00;2023-11-30T09:00:00+01:00;0;-0.6;0.2;0.1;0;1.41;2.14;0.23;2.94;0.51;-0.77;-1.06;1.6;1.32;0.76;4.73;2.86;0.77;2.86;0.72;3.72;2.67;0.72;0.52;13.02;2.78;4.32;0.14;0.48;0.91;0.75;-1.26;0.14;-0.8;0.78;1.35;5.16;7.79;33.44;18.71;19.11;2.96;1.3;9.9;3.2
O3;uur;µg/m³;2023-11-30T09:00:00+01:00;2023-11-30T10:00:00+01:00;0.1;0.9;1.1;3.4;6.8;5.25;4.35;1.12;3.97;2.37;0.71;0.49;2.7;2.88;3.3;7.6;7.33;2.1;4.77;2.33;10.51;6.73;2.99;1.68;9.12;6.44;9.12;3.94;2.31;2.58;5.04;1.21;1.86;1.87;7.39;1.48;9.23;10.59;28.34;35.6;22.62;14.87;3.6;10;7.4
O3;uur;µg/m³;2023-11-30T10:00:00+01:00;2023-11-30T11:00:00+01:00;0.7;3.6;2.1;6;9.1;6.38;5.43;2.59;9.48;3.36;1.32;2.78;6.4;4.62;5.27;7.66;11.39;4.95;9.13;4.48;26.73;7.53;6.13;2.19;19.55;20.95;12.76;8.23;4.6;5.15;12.99;3.96;4.22;5.15;12.12;2.26;11.48;13.32;39.21;42.83;25.33;26.15;15;14.8;19.7
O3;uur;µg/m³;2023-11-30T11:00:00+01:00;2023-11-30T12:00:00+01:00;1.3;3.8;2.9;7.8;18.2;14.17;5.84;6.11;13.39;10.1;2.14;7.63;6.34;7.7;6.05;10.07;12.92;7.02;11.68;4.02;41.96;12.47;6.6;7.04;36.56;20.62;14.3;12.33;9.39;8.85;17.75;8.73;4.39;8.66;24.38;3.23;15.94;14.91;41.64;39.61;32.31;28.56;31.4;29.9;30.2
O3;uur;µg/m³;2023-11-30T12:00:00+01:00;2023-11-30T13:00:00+01:00;5.4;10.7;7.5;13.1;22;23.81;5.84;13.04;16.47;13.6;2.88;7.96;8.05;8.97;13.69;9.64;27.69;10.48;11.32;5;41.36;20.15;11.08;9.33;52.14;29.05;18.49;16.38;13.42;12.52;25.15;14.05;8.25;9.62;16.31;3.94;19.01;16.4;39.04;40.5;36.1;31.65;43;33.5;38.3
O3;uur;µg/m³;2023-11-30T13:00:00+01:00;2023-11-30T14:00:00+01:00;13.3;14.4;12.5;17.9;25.1;33.55;6.15;18.87;22.71;11.14;3.45;7.98;9.97;6.97;16.93;15.15;34.17;22.44;17.09;11.37;39.37;22.34;19.25;10.39;55.27;33.46;26.59;22.5;21.03;16.14;28.3;21.43;19.1;9.99;21.29;4.69;21.41;16.91;35.82;40.42;40.54;36.97;40.2;32.3;35.9
O3;uur;µg/m³;2023-11-30T14:00:00+01:00;2023-11-30T15:00:00+01:00;12.3;9.6;11.7;18.5;43.7;44.88;6.58;20.45;25.45;12.79;3.54;4.08;11.2;7.81;15.24;8.71;35.88;18.5;21.84;15.15;41.97;21.09;16.74;15.28;44.76;22.68;31.74;23.84;21.51;18.21;30.26;20.61;23.75;9.16;24.15;2.31;23.02;23.19;41.27;36.06;41.09;39.8;38.6;36.9;28.3
O3;uur;µg/m³;2023-11-30T15:00:00+01:00;2023-11-30T16:00:00+01:00;4.3;5.8;9;12.9;44.7;36.3;5.29;16.95;23.89;21.04;4.48;3.28;9.04;7.51;9.09;15.22;38.95;10.31;23.42;13.06;51.5;18.08;11.34;12.87;40.51;12.16;37.06;21.38;21.16;14.55;26.26;20.84;25.13;11.22;23.91;1.91;25.97;26.53;39.98;33.33;37.07;41.6;37;38;34.4
O3;uur;µg/m³;2023-11-30T16:00:00+01:00;2023-11-30T17:00:00+01:00;0.2;-0.4;0.6;2.6;29.5;19.39;2.38;5.23;16.34;22.98;1.3;4.45;16.23;6.5;2.38;15.09;29.44;1.92;21.26;7.4;39.59;9.12;1.6;8.3;24.16;20.3;33.64;22.47;16.18;11.01;21.95;17.68;28.54;6.46;20.63;1.65;27.09;24.09;31.28;32.06;38.78;37.47;23.8;23;20.7
O3;uur;µg/m³;2023-11-30T17:00:00+01:00;2023-11-30T18:00:00+01:00;0;-2;0;0;23.7;2.87;4.7;0.3;2.39;21.81;3.83;11.7;15.9;15.18;0.02;9.49;6.1;0.41;15.68;7.37;14.77;2.86;1.26;0.29;10.01;7.31;31.27;18;9;4.26;24.39;8.77;20.55;5.46;19.38;0.61;27.07;22.12;32.27;32.62;41.08;39.46;3;6.4;8
O3;uur;µg/m³;2023-11-30T18:00:00+01:00;2023-11-30T19:00:00+01:00;0;-2;-0.3;0;3.4;0.45;16.03;0.16;2.56;27.11;13.43;18.47;12.76;26.48;0.17;15.07;5.29;0.54;5.38;15.77;-0.7;2.51;0.64;1.7;15.74;3.08;30.31;22.14;5.2;5.03;1.29;6.67;11.43;6.61;21.49;1.93;30.11;28.31;31.05;31.5;43.84;38.42;1.3;4.5;2.3
O3;uur;µg/m³;2023-11-30T19:00:00+01:00;2023-11-30T20:00:00+01:00;0;-2;0;0;0.3;0.5;10.71;0.04;2.14;30.8;17.26;15.21;13.32;29.04;3.84;16.55;7.96;0.58;2.73;18.64;-1.3;2.82;0.54;2.76;5.58;0.86;31.23;22.05;8.73;4.54;0.39;9.62;4.14;4.28;28.07;8.95;28.65;34.59;32.24;34.4;44.8;39.54;1.5;4.5;3.7
O3;uur;µg/m³;2023-11-30T20:00:00+01:00;2023-11-30T21:00:00+01:00;0;-2;0;0;0;3.5;14.95;2;2.27;20.44;16.07;19.72;16.77;26.17;8.8;15;2.18;0.68;4.81;3.49;-1.39;3.24;1.01;0.14;1.86;0.9;30.47;18.88;5.28;7.36;1;5.17;6.7;3.63;30.26;14.72;28.54;32.83;34.12;33.73;44.6;38;1.2;5.5;5.6
O3;uur;µg/m³;2023-11-30T21:00:00+01:00;2023-11-30T22:00:00+01:00;0;-2;-0.2;0;0.2;6.59;18.39;2.27;1.99;13.6;17.15;12.55;25.18;10.75;4.01;8.6;1.69;0.55;10.11;8.84;-1.32;2.38;0.93;0.12;23.76;1.34;31.85;10.23;4.38;10.35;0.22;4.9;7.49;9.86;27.71;22.36;30.23;36.52;34.33;34.91;42.49;36.95;1.3;5.1;7.7
O3;uur;µg/m³;2023-11-30T22:00:00+01:00;2023-11-30T23:00:00+01:00;0;-2;-0.1;1;0.7;9.62;29.33;1.91;3.31;11.51;22.31;17.33;27.42;2.61;10.48;7.18;1.78;0.38;12.55;15.71;-1.15;2.36;0.54;0.05;34.59;1.24;33.59;4.02;8.08;16.78;4.73;7.97;10.54;13.93;28;28.72;26.19;35.62;38.71;33.87;41.47;32.06;3.2;4.3;4.2
O3;uur;µg/m³;2023-11-30T23:00:00+01:00;2023-12-01T00:00:00+01:00;0;-1.9;-0.2;0.4;0;16.88;29.98;7.44;8.98;26.77;24.74;17.95;27.72;5.09;7.57;4.13;1.54;2.55;5.15;18.25;4.57;1.91;0.28;-0.08;31.2;1.64;32.4;1.07;11.44;19.67;12;12.56;16.19;19.94;31.74;25.03;19.98;30.83;43.6;32.74;33.93;23.91;9.3;5.8;2.6
O3;uur;µg/m³;2023-12-01T00:00:00+01:00;2023-12-01T01:00:00+01:00;4.2;-0.6;-0.2;0.9;0;22.05;25.59;16.64;19.13;33.01;24.8;14.66;29.51;13.89;1.42;3.82;1.52;2.2;7.13;20.03;8.56;1.6;0.25;-0.17;38.55;1.65;33.78;2.95;18.08;19.1;16.35;17.37;22.26;21.5;31.55;25.67;20.89;32.71;43.55;31.99;36.9;29.85;19;15.7;7.2
O3;uur;µg/m³;2023-12-01T01:00:00+01:00;2023-12-01T02:00:00+01:00;3.7;-0.4;1.1;0;0;20.43;22.58;27.91;26.2;25.35;22.43;28.63;29.65;23.98;1.63;3.64;1.16;3.5;19.74;24.16;2.23;1.64;0.1;-0.38;43.36;4.64;35.75;10.85;23.67;23.39;21.7;24.42;19.78;27.3;30.96;22.75;18.03;32.31;39.92;30.86;33.98;29.59;30;29.2;23
O3;uur;µg/m³;2023-12-01T02:00:00+01:00;2023-12-01T03:00:00+01:00;7.7;9.4;7.4;1;0;21.74;22.23;26.92;30.35;29.13;20.47;27.71;32.68;31.02;8.98;5.43;6.44;15.73;22.67;20.34;14.53;8.64;3.6;5.71;44.18;20.35;33.04;23.26;28.93;27.21;29.62;28.78;20.03;31.92;31.13;19.66;15.49;35.34;36.49;34.33;35.88;27.13;36.3;36.8;32.2
O3;uur;µg/m³;2023-12-01T03:00:00+01:00;2023-12-01T04:00:00+01:00;14.8;14.6;13.1;9.8;7.7;18.28;22.62;25.44;29.44;32.03;24.2;26.67;33.78;29.07;22;13.54;13.56;18.45;21.45;25.56;30.02;14.73;14.48;12.52;42.41;31.42;33.52;31.92;33.43;35.1;36.19;33.25;26.51;33.82;24.63;19.96;22.81;37.69;42.54;37.1;33.69;23.85;40.5;42.8;38
O3;uur;µg/m³;2023-12-01T04:00:00+01:00;2023-12-01T05:00:00+01:00;14.6;17.4;16.4;16;14.5;20.05;22.97;23.57;22.44;30.21;25.99;24.01;31.79;27.38;18.49;9.51;19.96;21.07;26.43;25.71;35.5;21.33;18.19;17.92;37.3;34.72;35.35;35.45;32.28;34.98;38.04;33.87;33.22;36.02;21.38;26.84;33.21;37.65;39.52;32.87;27.81;21.43;38;39.3;36.2
O3;uur;µg/m³;2023-12-01T05:00:00+01:00;2023-12-01T06:00:00+01:00;19.1;20.3;19.1;18.5;12.6;10.45;28.76;19.16;15.11;27.45;28.76;21.35;31.15;23.11;18.57;8.85;32.72;27.92;29.96;29.2;35.77;33.41;23.29;20.28;40.05;30.44;41.83;33.66;28.44;30.07;31.71;29.23;33.77;31.16;18.9;32.1;35.61;37.42;38.44;32.41;24.83;21.96;34.7;36.1;32.6
O3;uur;µg/m³;2023-12-01T06:00:00+01:00;2023-12-01T07:00:00+01:00;19.9;24.3;20.3;29.5;28.7;7.22;28.64;13.6;10.77;22.66;26.73;21.65;34.03;24.25;27.38;12.58;35.98;33.85;34.29;33.67;30.9;38.47;27.63;16.7;33;17.67;40.28;30.47;23.26;21.9;25.5;22.3;23.47;33.49;15.92;40.01;34.33;37.13;38.34;35.22;21.07;15.89;35.6;36.3;31.4
O3;uur;µg/m³;2023-12-01T07:00:00+01:00;2023-12-01T08:00:00+01:00;14.8;19.3;12.6;32;32.7;8.13;28.49;7.55;9.85;23.38;28.64;24.16;30.53;28.17;26.23;16.86;31.62;26.48;34.57;27.31;24.84;34.48;20.56;13.13;33.56;12.86;38.1;25.67;14.37;12.99;22.71;13.68;16.8;32.86;27.72;34.98;33.64;32.1;33.92;34.34;17.06;17.02;33.3;31.5;35.1
O3;uur;µg/m³;2023-12-01T08:00:00+01:00;2023-12-01T09:00:00+01:00;5.8;10.2;7.6;28;29.2;12.99;26.39;6.06;11.65;27.26;28.39;23.64;22.48;29.27;32.01;23.3;27.67;21.07;24.75;21.89;15.61;29.15;14.1;9.46;33.71;5;36.76;26.57;14.76;6.76;28.14;11.95;10.4;33.6;33.05;26.5;33.19;25.16;29.14;32.17;11.13;9.55;26.4;24.7;35.4
O3;uur;µg/m³;2023-12-01T09:00:00+01:00;2023-12-01T10:00:00+01:00;11.5;17.5;15.6;28.1;27.1;14.2;30.11;7.36;9.29;26.2;26.79;20.35;25.75;28.14;35.29;28.15;29.8;18.71;21.33;15.94;12.98;28.44;24.45;11.98;31.2;9.95;35.57;28.43;25.05;26.53;33.78;28.33;16.17;34.24;32.76;27.86;33.52;24.47;27.94;33.53;14.51;15.1;28.9;24.9;31.6
O3;uur;µg/m³;2023-12-01T10:00:00+01:00;2023-12-01T11:00:00+01:00;18.3;19.7;21.5;33.6;33;16.38;35.75;11.3;15.79;29;23;23.54;27.6;23.88;30.99;32.27;30.26;23.8;25.38;19.17;17.17;31.43;31.89;11.74;44.56;14.47;34.78;31.1;30.83;27.58;28.17;30.2;30.25;34.21;31.72;28.56;33.94;31.28;;34.91;31.22;23.48;32.8;26.6;32.2
O3;uur;µg/m³;2023-12-01T11:00:00+01:00;2023-12-01T12:00:00+01:00;24.8;18.4;23;31.2;32.5;34.77;34.06;15.88;22.47;38.32;26.99;31.42;20.36;29.15;36.07;31.88;36.34;27.33;29.67;24.14;26.48;35.81;32.35;18.06;45.73;19.13;34.32;30.87;30.02;26.93;29.5;31.38;31.12;32.66;31.41;27.28;33.32;33.49;;38.85;38.99;31.97;35.3;30.4;31.2
O3;uur;µg/m³;2023-12-01T12:00:00+01:00;2023-12-01T13:00:00+01:00;20.7;19.6;19.8;31.7;32.2;31.92;33.02;19.31;26.09;38.56;33.4;32;19.09;35.06;35.93;27.6;34.38;27.16;34.98;30.65;28.1;37.39;27.89;17.93;48.47;26.03;35.92;31.07;27.76;25.44;32.12;27.78;30.59;32.45;33.26;28.71;33.14;;;37.55;38.46;33.45;38.5;35.6;36.6
O3;uur;µg/m³;2023-12-01T13:00:00+01:00;2023-12-01T14:00:00+01:00;19.1;23.7;21.4;29.4;33.9;27.26;33.01;25.01;28.46;34.28;34.34;29.89;26.27;33.87;35.5;36.95;32.48;25.74;34.11;27.55;32.15;37.51;24.25;16.9;44.5;34.24;36.02;32.61;31;25.92;35.6;30.63;27.28;30.39;32.46;26.99;31.93;;34.83;37.97;37.67;33.25;40.1;41.2;37.8
O3;uur;µg/m³;2023-12-01T14:00:00+01:00;2023-12-01T15:00:00+01:00;19.5;22.1;21.3;30.2;35.3;27.08;31.06;26.36;29.12;34.29;38.33;27.89;31.4;34.22;31.55;40.22;26.25;26.04;32.63;30.38;39.27;32.01;24.99;11.48;40.52;33.34;35.73;33.2;30.21;22.4;34.23;29.62;26.15;29.25;30.84;26.4;;;32.47;44.29;33.56;33.01;36.9;37.1;35.4
O3;uur;µg/m³;2023-12-01T15:00:00+01:00;2023-12-01T16:00:00+01:00;17.7;21.5;14.7;25.6;26.2;20.25;31.94;28;32.22;30.21;22.54;26.87;28.73;32.02;27.1;38.24;27.59;19.97;28.8;25.87;33.89;28.91;21.37;12.63;36.37;26.76;31.56;28.72;25.28;19.05;28.47;24.36;22.58;28.96;29.06;23.78;;30.39;27.46;40.65;20.98;38.04;32.5;32.7;30.3
O3;uur;µg/m³;2023-12-01T16:00:00+01:00;2023-12-01T17:00:00+01:00;8.3;16;12.4;15.8;12.5;19.83;30.21;25.79;26.91;31.23;16.69;23.14;26.86;28.15;16.61;27.94;25.31;16.88;20.83;20.66;16.85;29.85;16.52;6.25;26.7;17.7;24.79;20.93;14.39;11.26;21.68;14.29;18.22;31.08;23.95;21.92;;28.07;24.3;34.51;21.95;32.56;25.6;24.9;26.5
O3;uur;µg/m³;2023-12-01T17:00:00+01:00;2023-12-01T18:00:00+01:00;2.6;7.1;4.1;10.1;12.8;25.42;29.56;14.13;19.84;32.39;13.2;23.82;27.2;29.46;10.66;21.38;16.48;12.27;16.41;17.36;13.65;20.03;6.97;3.16;21.34;12.76;25.37;12.32;10.74;11.76;19.22;14.99;17.02;35.25;25.31;23.48;;32.13;30.1;30.07;22.98;25.54;10.4;16.3;17.7
O3;uur;µg/m³;2023-12-01T18:00:00+01:00;2023-12-01T19:00:00+01:00;5.1;7.9;2.2;6.8;2;21.47;31.48;18.84;23.54;27.97;19.76;24.99;25.41;28.08;13.84;18.55;14.12;18.98;15.57;19.92;13.83;11.2;2.25;4.28;15.44;6.88;25.82;10.06;12.56;7.59;12.59;13.62;14.57;32.99;24.28;24.03;27.53;33.28;29.58;34.96;23.9;12.05;22.4;16.6;22.9
O3;uur;µg/m³;2023-12-01T19:00:00+01:00;2023-12-01T20:00:00+01:00;5.7;10.1;8.3;3.2;0.4;20.14;29.73;19.51;23.56;28.76;16.09;23.16;26.01;28.69;10.47;19.75;13.55;15.31;13.07;20.69;9.47;2.88;3.09;2.64;23.44;1.34;27.19;8.99;21.77;17.11;18.17;18.2;14.8;29.56;23.32;25.76;20.55;34.03;28.93;32.6;22.01;7.01;24.8;17.3;22.1
O3;uur;µg/m³;2023-12-01T20:00:00+01:00;2023-12-01T21:00:00+01:00;0.7;9.8;5.6;6.3;0;21.57;30.82;24.33;27.31;26.29;15.26;24.21;23.62;27.14;12.45;17.75;14.83;17.05;16.93;11.55;5.76;2.22;4.28;1.68;23.7;1.44;30.03;8.15;22.58;18.45;21.15;21.43;21.51;26.95;24.62;25.96;18.62;29.77;23.93;32.28;22.2;11.6;16.9;17.6;18.5
O3;uur;µg/m³;2023-12-01T21:00:00+01:00;2023-12-01T22:00:00+01:00;0.7;5.2;3.5;3.9;0;21.86;30.6;22.32;24.73;27.84;16.52;26.36;25.57;27.15;16.48;15.92;11.61;16.42;10.05;15.74;1.1;3.97;3.89;3.47;18.01;1.24;29.68;7.84;22.69;19.48;16.57;22.67;15.04;23.07;23.89;27.35;16.91;29.16;25.54;28.58;20.38;11;14.1;14.7;9.4
O3;uur;µg/m³;2023-12-01T22:00:00+01:00;2023-12-01T23:00:00+01:00;2.3;5.2;1.9;0;0;21.88;30.27;23.65;26.97;30.98;18.22;28.25;28.36;30;21.47;17.8;10.73;13.92;18.73;24.43;-0.33;3.08;1.66;0.95;15.26;2.91;30.19;5.52;18.71;17.21;5.71;21.8;13.07;26.4;22.6;28.98;17.48;29.88;26.73;24.37;25.11;8.37;4.7;18.6;2
O3;uur;µg/m³;2023-12-01T23:00:00+01:00;2023-12-02T00:00:00+01:00;5;5;0.8;0;-0.1;21.3;32.46;20.78;25.16;29.69;16.14;27.61;23.88;30.99;17.81;16.57;2.54;9.87;17.95;24.49;-0.91;2.01;0.74;0.47;25.76;2.19;25.21;5.89;18.49;17.23;17.73;20.51;11.69;29.69;24.7;30.49;15.3;30.3;21.75;28.24;24.63;11.75;1.8;14.7;1
O3;uur;µg/m³;2023-12-02T00:00:00+01:00;2023-12-02T01:00:00+01:00;6.2;8;0.6;0;0;23.33;34.07;20.43;24.74;32.19;16.3;29.53;24.3;31.06;13.85;15.5;2.31;15.74;15.31;21.65;0.38;1.89;0.67;0.98;22.79;1.19;24.92;7.09;20.62;16.67;21.39;24.39;10.44;27.46;25.35;34;11.44;28.14;21.06;25.02;23.11;15.75;1.5;10.7;0.7
O3;uur;µg/m³;2023-12-02T01:00:00+01:00;2023-12-02T02:00:00+01:00;4.9;0.8;0.5;0.1;0.2;22.61;36.55;21.58;22.78;32.11;15.82;31.6;26.01;34.77;9.92;14.71;5.81;6.03;17.65;23.58;6.26;2.04;0.73;0.99;22.17;1.9;25.01;12.89;22.22;19.68;15.47;21.74;13.01;29.89;23.77;34.37;15.29;24.26;22;19.97;23.55;16.49;1.6;4.4;1
O3;uur;µg/m³;2023-12-02T02:00:00+01:00;2023-12-02T03:00:00+01:00;0.8;-1;1.5;1.1;0;;;;;;;;;;;;;;;;;;;;;;;;;;;;;;;;;;;;;;1.3;4.3;0.8
O3;uur;µg/m³;2023-12-02T03:00:00+01:00;2023-12-02T04:00:00+01:00;1.6;-1.9;0.9;0;0;38.27;38.19;24.37;25.48;30.17;11.54;32.93;24.06;34.39;11.06;;2.67;2.21;14.26;15.56;10.43;1.42;0.36;0.57;17.77;;18.06;7.32;23.73;17.99;5.03;27.74;6.69;32.34;16.49;35.1;17.2;23.2;20.35;15.89;19.31;17.61;1.8;4.3;2
O3;uur;µg/m³;2023-12-02T04:00:00+01:00;2023-12-02T05:00:00+01:00;2.3;-1;0.3;0;0;40.16;39.34;31.59;30.95;29.96;9.46;31.2;22.51;34.68;9.39;;13.23;9.13;11.09;10.37;12.12;3.71;0.41;6.66;11.25;11.93;22.44;5.51;19.04;5.65;5.78;18.5;5.62;30.1;15.36;29.71;17.2;26.86;21.54;14.46;17.67;16.32;10.5;4.9;8
O3;uur;µg/m³;2023-12-02T05:00:00+01:00;2023-12-02T06:00:00+01:00;3.2;3.2;0.9;0;1.2;40.48;38.6;35.51;33.18;29.81;7.03;30.31;14.29;32.52;2.35;;3.95;13.59;10.45;3.29;5.58;1.83;0.43;1.63;11.13;12.98;21.19;6.82;13.05;5.11;3.81;15.8;8.62;27.21;16.04;29.72;19.74;27.92;19.18;14.75;20.1;21.02;16.8;15;12.1
O3;uur;µg/m³;2023-12-02T06:00:00+01:00;2023-12-02T07:00:00+01:00;4.1;2.4;0.5;1.2;1.4;39.13;36.72;36.73;35.1;27.78;5.71;29.63;20.36;31.39;14.33;;1.35;7.09;9.28;2.6;1.97;1.63;2.41;-0.17;1.55;3.35;17.95;6.74;7.25;5.23;6.15;11.93;7.85;26.74;22.95;27.33;22.58;25.55;21.39;16.69;17.23;17.73;15.7;13;8.5
O3;uur;µg/m³;2023-12-02T07:00:00+01:00;2023-12-02T08:00:00+01:00;0.3;-2;1.4;3;1.5;40.98;30.01;39.27;36.26;24.73;6.68;25.45;17.78;28.83;12.58;;1.38;1.29;8.47;4.55;0.77;1.67;0.98;-0.17;0.11;1.07;15.73;9.53;6.79;1.08;4.56;12.96;4.43;21.03;21.1;26.03;23.29;22.61;20.81;17.96;18.41;12.32;12.8;7.8;5.1
O3;uur;µg/m³;2023-12-02T08:00:00+01:00;2023-12-02T09:00:00+01:00;0.6;-1.7;1.9;3.2;4.8;28.29;22.22;37.77;36.85;24.98;5.51;22.54;10.9;22.47;2.42;;1.55;2.15;10.36;5.23;-1.17;2.19;3.27;0.04;0.44;1.18;16.64;7.34;6.21;3.82;5.44;9.31;4.59;19.91;12.77;23.89;23.06;18.44;21.23;20.81;16.91;8.95;9.6;5.3;2.3
O3;uur;µg/m³;2023-12-02T09:00:00+01:00;2023-12-02T10:00:00+01:00;2.1;0;2.5;4.2;8.2;26.8;26.01;33.12;38.53;24;3.4;19.06;13.56;23.18;7.66;;3.15;2.62;12.3;7.78;0.71;5;2.37;1.7;1.73;2.8;18.23;6.33;5.35;6.26;5.89;8.67;7.85;24.43;15.85;26.37;24.47;19.38;18.48;20.42;18.93;9.72;8.4;8.5;5.2
O3;uur;µg/m³;2023-12-02T10:00:00+01:00;2023-12-02T11:00:00+01:00;5.2;1.6;1.9;4.2;8.1;38.2;29.48;40.33;39.71;22.53;8.39;23.22;13.69;26.95;11.08;;6.16;5.11;13.06;11.34;1.92;8.39;3.93;2.49;4.94;3.59;19.27;6.5;6.43;6.14;6.93;8.51;9.86;21.73;20.28;27.75;23.55;20.69;20.06;20.97;21.84;7.98;7.5;7.8;5.1
O3;uur;µg/m³;2023-12-02T11:00:00+01:00;2023-12-02T12:00:00+01:00;6;2;2.4;4;9.9;37.97;29.41;38.53;40.8;24.53;12.4;25.51;12.03;30.12;13.25;;9.55;5.75;14.85;11.87;2.6;10.54;5.21;3.52;7.64;3.49;18.2;8.22;9.42;8.6;8.58;10.45;11.48;22.16;22.98;26.95;22.3;19.79;23.6;22.94;23.93;12.65;8.8;8.3;4.3
O3;uur;µg/m³;2023-12-02T12:00:00+01:00;2023-12-02T13:00:00+01:00;5.6;2.1;2.2;4.2;11.5;35.69;29.12;36.52;39.8;21.53;11.71;24.12;12.53;28.79;14.1;;10.01;5.39;12.13;9.96;5.6;8.63;3.44;5.22;6.19;2.58;14.77;9.42;9.29;12.63;9.81;11;12.16;23.42;21.22;26.22;22.4;17.5;36.59;23.53;26;18.11;7.4;7.1;3.3
O3;uur;µg/m³;2023-12-02T13:00:00+01:00;2023-12-02T14:00:00+01:00;7.1;2.4;3;5.9;17.3;35.18;31.52;35.36;36.88;22.8;8.03;23.24;11.64;27.28;19.32;;6.28;6.17;11.73;12.26;32.01;6.96;4.6;2.89;22.32;3.55;12.33;4.8;7.18;9.01;5.59;9.66;9.14;23.9;15.9;20.85;18.23;15.51;32.55;20.54;34.53;19.37;5.4;6.3;3
O3;uur;µg/m³;2023-12-02T14:00:00+01:00;2023-12-02T15:00:00+01:00;5.7;0.6;2.5;6.8;20.8;36.56;29.53;35.92;35.04;19.14;7.76;20.24;12.34;24.01;19.45;;5;4.22;11.28;9.82;34.96;4.34;3.74;0.84;36.34;9.3;9.33;3.45;5.4;7.12;5.1;6.65;6.92;18.88;12.89;14.38;15.65;13.72;38.15;16.05;39.51;20.69;6.5;8.6;5.5
O3;uur;µg/m³;2023-12-02T15:00:00+01:00;2023-12-02T16:00:00+01:00;2.9;-0.2;2.1;8.2;15.1;29.95;24.54;29.49;31.69;9.37;8.86;17.15;7.69;21.81;14.87;;9.39;2.47;6.91;5.14;10.18;5.92;2.54;2.45;32.06;17.31;5.34;11.14;3.08;4.01;2.2;3.66;2.65;12.11;7.54;8.89;13.36;8.61;35.12;10.25;36.82;31.2;15.1;11.1;5.2
O3;uur;µg/m³;2023-12-02T16:00:00+01:00;2023-12-02T17:00:00+01:00;1.1;-1.6;0.7;12.8;27.3;25.15;16.32;24.99;24.27;2.46;1.36;10.42;2.14;12.98;9.99;;12.17;0.71;4.96;1.18;3.14;3.13;1.41;1.51;28;6.83;1.78;3.53;0.63;1.3;1.07;-0.39;0.21;7.54;3.79;5.33;8.05;2.41;26.77;3.93;25.82;26.05;9;8.7;1
O3;uur;µg/m³;2023-12-02T17:00:00+01:00;2023-12-02T18:00:00+01:00;23.2;3.8;5.9;11.4;26;26.95;12.83;23.26;22.49;1.17;-0.16;3.02;1.75;8.01;2.01;;10.71;10.13;2.23;0.91;22.07;4.83;12.1;0.06;26.99;7.77;0.59;-0.15;0.45;1.63;0.35;-0.05;-0.29;2.28;0.83;3.45;1.88;0.27;29.78;3.56;23.48;18.9;3.9;5.1;1
O3;uur;µg/m³;2023-12-02T18:00:00+01:00;2023-12-02T19:00:00+01:00;7.1;12.1;18.9;15.1;28.5;21.22;12.62;23.24;21.48;1.53;0.12;1.87;1.91;4.5;3.08;;11.27;22.03;1.85;1.13;34.88;16.41;4.67;4.11;30.4;2.28;0.54;-0.12;0.15;1.2;0.02;-0.23;-0.22;-1.22;0.58;1.63;-0.32;0.28;35.28;3.02;27.93;19.06;2.1;4.6;0.7
O3;uur;µg/m³;2023-12-02T19:00:00+01:00;2023-12-02T20:00:00+01:00;-1.9;10.2;8.6;20.3;9.2;19.98;9.6;18.28;23.69;0.63;1.2;0.38;1.89;3.05;19.79;;18.76;16.04;2;1.16;20.18;19.34;2.77;14.69;37.28;10.23;0.51;0.54;0.25;1.78;0.27;-0.54;-0.19;0.06;0.66;0.83;-1.06;0.12;35.88;1.26;26.39;19.69;2.2;4.3;0.6
O3;uur;µg/m³;2023-12-02T20:00:00+01:00;2023-12-02T21:00:00+01:00;0.9;0.6;2.5;7.1;8.9;13.14;5.13;15.84;25.93;0.24;5.06;-0.27;1.89;2.2;16.84;;34.73;2.59;6.94;0.96;14.87;19.53;1.32;18.69;31.86;13.61;1.65;15.82;5.28;5.59;7.22;6.2;-0.09;0.59;0.8;0.74;-1.27;0.27;33.9;1.45;33.64;19.91;2.7;7.1;1
O3;uur;µg/m³;2023-12-02T21:00:00+01:00;2023-12-02T22:00:00+01:00;9.8;1.3;7.4;14.8;15.5;18.12;2.78;14.75;25.88;0.04;12.96;-0.53;1.61;1.96;15.42;;21.53;4.23;23.05;3.19;26.18;11.44;8;8.29;26.35;12.16;6.19;10.5;5.66;4.75;8.1;5.92;-0.09;-1.37;0.65;0.74;-1.32;0.16;32.56;0.66;35.03;21.46;13.7;10.4;1.1
O3;uur;µg/m³;2023-12-02T22:00:00+01:00;2023-12-02T23:00:00+01:00;17.8;5.9;10.6;15.1;20.8;13.27;4.84;14.69;21.25;0.17;14.7;-0.59;4.42;2.48;19.14;;6.87;14.3;23.92;13.76;19.47;15.12;9.07;4.62;31.32;6.15;4.87;5.2;0.16;0.95;3.46;-0.07;0.83;-1.53;0.62;0.64;-0.98;2.71;34.01;0.31;30.24;22.12;7.5;7.2;4.5
O3;uur;µg/m³;2023-12-02T23:00:00+01:00;2023-12-03T00:00:00+01:00;16.3;5.6;8.3;15.1;10.2;12.73;3.21;15.2;21.17;14.66;4.9;4.51;10.29;16.57;17.45;;4.99;11.3;21.81;18.48;0.94;19.38;8.43;5.31;30.57;8.08;9.37;11.49;2.51;3.83;0.73;2.47;14.77;-1.59;0.6;0.52;-0.84;7.46;31.74;1.1;32.07;28.81;7.8;11.1;5.1
O3;uur;µg/m³;2023-12-03T00:00:00+01:00;2023-12-03T01:00:00+01:00;17.2;3.5;11.1;12;7.5;14.63;6.44;20.68;24.26;22.32;4.59;21.95;10.73;25.39;13.07;;25.65;5.24;15.63;13.85;10.48;34.14;5.25;20.71;25.42;7.59;11.87;14.29;13.31;12.72;9.6;13.64;18.89;-1.74;0.52;0.41;-0.34;11.76;31.2;3.78;32.6;19.94;9.8;7;7.5
O3;uur;µg/m³;2023-12-03T01:00:00+01:00;2023-12-03T02:00:00+01:00;12.4;-0.2;10.8;14.1;19;16.29;20.57;25.14;25.76;17.53;7.49;23.02;6.05;20.45;19.6;;13.61;3.98;11.7;13.32;26.61;15.27;1.41;14.86;17.13;36.35;4.15;11.41;16.85;18.97;14.57;18.14;15.82;-1.75;2.22;5.03;4.38;12.71;32.91;5.4;34.58;14.86;14;14.1;17
O3;uur;µg/m³;2023-12-03T02:00:00+01:00;2023-12-03T03:00:00+01:00;7.6;1;8.6;8.7;10.2;17.93;23.19;28.58;30.33;13.46;6.17;10.42;4.97;8.78;17.7;;5.02;10.96;17.35;6.69;28.93;2.44;2.28;5.86;25;34.29;17.97;7.37;18;17.99;7.99;19.07;12.23;-1.32;6.48;15.92;2.16;13.75;31;10.62;35.66;14.9;41.8;36.3;36.8
O3;uur;µg/m³;2023-12-03T03:00:00+01:00;2023-12-03T04:00:00+01:00;10.3;4.4;11.3;11.6;14.8;21.16;12.38;30.68;31.42;11.06;2.28;8.25;7.94;11.33;16.4;;3.99;14.95;17.99;6.01;39.19;3.12;8.89;8.47;15.45;37.31;20.97;12.09;13.5;13.92;14.22;14.07;4.88;0.88;13.06;18.42;4.07;11.64;30.51;12.48;35.91;14.84;31.1;24.2;22.6
O3;uur;µg/m³;2023-12-03T04:00:00+01:00;2023-12-03T05:00:00+01:00;5.5;1.8;7.4;13.5;17.3;25.33;9.47;32.32;30.8;13.16;0.15;10.75;10.98;15.26;10.57;;6.35;12.82;12.54;7.36;7.18;8.74;3.19;10.89;48.42;29.84;20.81;7.74;7.86;7.36;10.17;7.45;5.26;12.13;17.88;16.2;11.47;18.21;22.91;12.4;29.04;11.56;14.5;16.9;11.1
O3;uur;µg/m³;2023-12-03T05:00:00+01:00;2023-12-03T06:00:00+01:00;4.5;-0.1;6.3;9.1;16.1;26.25;13.77;31.69;29.92;12.44;-0.17;13.22;12.51;15.46;6.45;;5.69;9.77;12.64;4.22;2.19;7.74;7.4;9.54;51.01;7.03;22.09;7.75;5.64;5.07;4.26;5.73;4.1;15.61;11.02;12.6;15.42;23.8;29.86;18.83;27.56;6.33;15.5;14.8;11.3
O3;uur;µg/m³;2023-12-03T06:00:00+01:00;2023-12-03T07:00:00+01:00;3.8;3.6;5.9;6.1;7.1;26.06;19.37;32.59;30.94;10.19;2.74;15.59;11.67;17.72;6.9;;2.97;7.76;6.59;7.1;5.54;4.11;6.57;0.52;31.49;4.92;18.5;7.68;4.81;4.8;2.97;4.81;4.49;15.38;10.22;10.08;19.32;25.35;37.01;22.2;29.8;18.73;13.1;12.8;9.1
O3;uur;µg/m³;2023-12-03T07:00:00+01:00;2023-12-03T08:00:00+01:00;4;1;4.7;4.3;3.9;27.99;20.01;32.43;32.05;11.94;7.38;17.18;13.34;18.1;13.68;;1.21;2.25;3.21;6.58;0.88;1.93;5.37;0.02;10.57;2.11;10.66;1.89;5.64;6.53;3.19;5.48;4.47;10.43;12.56;10.94;17.91;23.34;26.65;23.82;25.4;18.47;12;12.3;7.5
O3;uur;µg/m³;2023-12-03T08:00:00+01:00;2023-12-03T09:00:00+01:00;2.8;0.4;2.8;3.3;3.5;28.72;20.89;33.3;35.11;15.04;4.78;16.86;14.88;16.84;18.51;;2.41;3.52;5.43;9.77;0.34;2.19;5.67;1.04;10.86;4.85;12.89;4.47;5.98;6.97;5.26;5.6;5.75;9.22;13.33;12.75;16.02;19;20.98;23.19;23.53;21.7;5.5;8.5;4
O3;uur;µg/m³;2023-12-03T09:00:00+01:00;2023-12-03T10:00:00+01:00;5.6;4.8;4.8;10;10.6;27.49;23.05;36.28;35.58;18.97;7.61;17.81;19.7;20.22;22;;7.5;10.58;12.66;17.05;5.7;8.5;12.86;4.74;14.92;6.29;15.66;10.14;9.26;10.76;11;10.45;10.69;13.36;15.46;17.68;17.44;16.84;21.08;26.51;30.53;28.62;10.5;10.8;7.1
O3;uur;µg/m³;2023-12-03T10:00:00+01:00;2023-12-03T11:00:00+01:00;8.6;9.7;9.8;12.1;18.9;31.11;25.61;38.83;39.14;23.39;14.54;21.76;23.69;23.85;28.68;;14.01;17.27;18.47;23.23;9.61;12.92;12.39;10.95;13.97;10.76;19.01;16.42;13.13;14.77;14.54;13.78;17.85;19.47;22.37;20.89;19.91;23.44;21.78;26.49;32.09;30.24;17.3;16.5;13.5
O3;uur;µg/m³;2023-12-03T11:00:00+01:00;2023-12-03T12:00:00+01:00;9.8;12.4;11.5;19.7;23.9;35.77;29.1;38.82;40.91;29.65;20.8;26.27;30.29;30.04;32.11;;15.56;21.2;24.79;27.39;13.51;16.54;13.75;12.09;20.09;14.75;25.13;22.04;19.37;21.21;22.35;21.39;22.25;23.46;29.22;26.2;22.75;24.43;20.25;27.2;33.4;31.85;24.3;21.6;19.6
O3;uur;µg/m³;2023-12-03T12:00:00+01:00;2023-12-03T13:00:00+01:00;17.9;17.2;15.4;31.5;31.7;39.21;29.68;38.32;40.81;35.06;23.9;33.75;32.53;36.66;33.96;;22.83;26.88;29.88;32.25;18.04;22.89;25.65;17.78;22.2;19.1;32.52;22.53;24.42;25.1;25.7;25.94;23.91;27.49;32.41;30.65;27.82;26.48;28.02;26.27;34.2;32.28;27.8;24.8;23.1
O3;uur;µg/m³;2023-12-03T13:00:00+01:00;2023-12-03T14:00:00+01:00;20.4;19.7;16.8;30.6;32;40.87;37.82;36.97;40.12;35.12;27.58;32.16;29.79;33.17;38.41;;31.1;25.43;29.98;32.05;24.02;31.58;29.1;26.78;26.34;21.92;34.74;24.48;24.06;23.86;24.87;25.71;28.93;29.04;33.11;30.93;30.44;28.65;34.38;29.36;37.12;31.41;27.6;24.7;23.9
O3;uur;µg/m³;2023-12-03T14:00:00+01:00;2023-12-03T15:00:00+01:00;23.1;18.7;17.6;31.8;31.1;39.59;35.83;34.61;38.78;35.59;32.82;27.52;31.99;30.09;41.84;;28.72;27.17;30.14;30.3;26.62;24.45;24.41;21.65;25.57;23.48;33.57;30.12;29.27;29.72;28.39;30.89;27.32;28.65;32.83;30.7;30.21;27.83;35.49;27.46;35.44;31.1;28.6;27.4;24
O3;uur;µg/m³;2023-12-03T15:00:00+01:00;2023-12-03T16:00:00+01:00;27.7;19.3;25;31.4;33.2;37.55;37.2;33.29;37.19;38.02;33.59;27.24;35.35;30.45;40.47;;27.61;26.44;36.32;32.7;25.09;24.35;28.65;17.88;25.79;25.16;32.61;25.96;27.82;28.33;28.01;30.71;27.95;26.83;30.35;30.31;26.58;26.87;36.09;27.3;28.75;24.9;29;31.1;28.6
O3;uur;µg/m³;2023-12-03T16:00:00+01:00;2023-12-03T17:00:00+01:00;33.2;25.1;32.4;30.2;30.5;35.51;34.84;33.05;34.81;42.55;31.97;29.97;40.76;36.93;38.67;;28.66;34.88;40.81;39.67;29.25;32.94;33.51;24.69;32.84;23.47;28.83;28.9;27.65;28.73;29.58;29.57;30.67;19.72;31.52;32.54;28.87;27.26;33.37;26.99;24.84;20.24;29.6;30.9;30
O3;uur;µg/m³;2023-12-03T17:00:00+01:00;2023-12-03T18:00:00+01:00;28.5;25.7;31.4;29.2;27.4;34.37;35.45;37.66;35.37;40.24;30.01;34.87;38.94;40.13;37.91;;30.16;34.25;37.35;39.26;34.48;34.59;31.08;27.71;35.69;29.89;30.76;35.41;26.98;29.17;32.95;29.03;38.31;13.83;33.71;32.63;23.96;26.63;29.19;26.08;26.85;22.54;34.1;33.5;33.8
O3;uur;µg/m³;2023-12-03T18:00:00+01:00;2023-12-03T19:00:00+01:00;27.1;25.8;28.1;25;27.4;33.46;36.61;37.97;34.92;34.94;30.71;30.33;34.21;34.23;36.2;;28.89;33.1;35.8;35.26;37.82;27.79;29.62;24.16;34.96;36.97;30.1;38.32;30.11;33.71;38.96;31.95;38.08;18.99;31.59;31.66;11.45;24.32;28.26;21.11;28.86;23.84;34.5;37;38.4
O3;uur;µg/m³;2023-12-03T19:00:00+01:00;2023-12-03T20:00:00+01:00;27;25.7;25.2;25.6;27;34.01;35.14;39.17;35.19;33.82;30.41;29.49;35.69;32.96;33.7;;27.16;32.54;36.3;33.34;35.18;29.26;29.54;21.31;36.19;34.96;31.03;35.05;28.03;28.97;32.22;29.79;34.3;16.72;33.25;33.54;15.98;11.96;25.97;19.19;28.98;21.88;30.5;38.4;36.9
O3;uur;µg/m³;2023-12-03T20:00:00+01:00;2023-12-03T21:00:00+01:00;28.8;25.6;27.9;25.7;23;32.59;37.11;40.69;40.91;37.64;29.48;30.6;39.76;34.63;32.82;;26.61;32.22;36.97;35.67;32.55;27.68;31.1;20.41;36.17;31.77;34.51;30.94;27.34;27.21;24.92;29.89;30.99;21.64;35.13;34.79;14.98;13.71;21.63;19.5;23.95;17.66;34.2;34.7;30.9
O3;uur;µg/m³;2023-12-03T21:00:00+01:00;2023-12-03T22:00:00+01:00;27.1;25.4;28.4;21.6;25.1;31.6;37.26;42.77;41.88;35.29;23.85;29.11;38.05;31.34;32.2;;25.9;32;36.81;36.23;32;26.98;27.71;21.59;35.55;30.8;35.65;28.7;28.75;28;24.91;30.94;30.36;26.79;34.89;34.91;19.08;13.52;22.46;19.7;22.01;17.43;31.3;32.7;28
O3;uur;µg/m³;2023-12-03T22:00:00+01:00;2023-12-03T23:00:00+01:00;25.9;24.9;25.2;21.2;27.8;30.99;33.35;44.23;43.54;30.99;19.72;26.03;37.43;29.36;31.82;;23.62;31.65;35.17;35.9;32.17;27.33;24.28;20.05;35.3;30.57;32.75;30.14;29.23;28.84;26.94;30.76;31.68;25.59;33.12;34.83;27.78;13.26;28.08;24.16;22.31;19.26;32.3;33.6;30.7
O3;uur;µg/m³;2023-12-03T23:00:00+01:00;2023-12-04T00:00:00+01:00;23.8;24.3;23.3;20.5;29.5;31.77;29.77;45.2;46.75;28.02;21.17;25.1;35.41;27.6;34.71;;21.98;29.02;32.55;35.44;31.21;25.79;25.52;18.33;35.43;30.35;32.87;31.49;28.73;29.45;29;30.3;33.01;24.92;33.9;32.25;28.08;19.89;26.39;26.69;26.55;22.23;33.2;34.1;32.6
O3;uur;µg/m³;2023-12-04T00:00:00+01:00;2023-12-04T01:00:00+01:00;22.8;22.4;22.1;17.9;28.4;30.19;28.95;45.1;48.81;27.21;23;24.12;34.62;27.09;32.7;;20.59;29.24;32.19;33.74;30.57;25.4;21.55;19.21;34.59;30.88;33.02;31.57;28.78;32.35;31.23;30.91;32;27.07;30.86;24.18;27.26;25.11;25.73;27.27;30.25;25.75;33.4;34.2;32.9
O3;uur;µg/m³;2023-12-04T01:00:00+01:00;2023-12-04T02:00:00+01:00;22.9;25.7;23.6;18.6;30.6;32.62;28.2;44.63;48.95;27.21;26.53;24.28;35.76;27.09;36.58;;20.13;32.55;33.83;33.34;29.75;23.09;21.81;18.2;35.41;30.1;31.33;30.7;29.11;31.42;31.72;30.95;31.28;27.1;26.39;23.03;27.05;26.05;26.8;30.78;32;26.72;31;35;32.7
O3;uur;µg/m³;2023-12-04T02:00:00+01:00;2023-12-04T03:00:00+01:00;24.5;27.2;22.4;20.4;24.8;27.95;29.8;43.89;48.16;28.04;30.67;23.01;36.89;29.02;38.39;;20.04;33.29;35.3;34.87;29.39;21.7;24.73;17.22;35.29;29.99;27.61;28.23;27.88;29.34;27.52;29.81;31.71;24.78;23.83;23.24;26.88;24.09;27.01;32.61;32.48;28.85;32.6;36.8;32.6
O3;uur;µg/m³;2023-12-04T03:00:00+01:00;2023-12-04T04:00:00+01:00;27.8;25.5;19.4;14.6;24.5;31.17;29.96;34.34;39.5;30.03;32.92;26.8;38.74;31.64;37.67;;22.74;33.94;37.22;37.09;29.96;31.61;31.43;20.76;34.22;28.9;25.55;29.04;27.49;29.29;24.92;28.34;31.67;22.1;23.69;24.24;26.59;21.96;25.88;35.38;33.16;30.07;32.3;34.5;29.1
O3;uur;µg/m³;2023-12-04T04:00:00+01:00;2023-12-04T05:00:00+01:00;29.6;27.4;24.8;17.1;29.4;31.06;21.54;23.03;30.5;29.96;33.93;28.65;40.27;32.45;36.5;;26.12;36.39;39.05;37.9;30.23;33.02;32.52;22.12;31.68;29.14;25.17;28.66;26.49;27.17;27.23;27.14;29.42;24.13;22.43;25.88;26.16;21.27;23.24;34.46;34.52;31.61;31.1;34;28.2
O3;uur;µg/m³;2023-12-04T05:00:00+01:00;2023-12-04T06:00:00+01:00;31.8;28.6;25.2;24;23.6;30.03;20.09;28.71;40.59;31.6;37.45;28.27;37.59;32.15;36.22;;28.99;37.73;40.78;37.48;30.09;35.07;35.22;15.49;30.11;28.47;25.92;27.97;26.92;27.24;28.78;28.31;28.75;24.78;22.06;27.42;24.29;21.24;22.38;33.64;35.03;31.88;30.4;33.7;27.8
O3;uur;µg/m³;2023-12-04T06:00:00+01:00;2023-12-04T07:00:00+01:00;33.3;25.5;19.3;18.5;27.5;32.58;20.05;54.82;47.44;32.27;38.69;26.9;35.02;27.46;32.41;;26.31;33.81;36.45;33.12;28.4;32.96;31.48;9.83;29.08;25.11;27.17;27;23.6;23.96;30.28;24.37;28.16;22.79;21.22;25.9;25.43;21.18;21.14;33.14;34.84;31.33;28;;26.5
O3;uur;µg/m³;2023-12-04T07:00:00+01:00;2023-12-04T08:00:00+01:00;25.6;18.1;8.1;14.7;16.8;33.4;20.94;36.88;47.06;33.34;35.96;27.99;33.63;25.27;32.85;;21.12;26.49;32.97;32.17;27;25.23;12.69;9.28;28.52;20.02;23.03;25.21;16.2;15.13;25.95;17.17;25.59;24.39;21.15;26.42;26.25;18.99;21.01;31.52;34.14;25.55;24.8;;22.2
O3;uur;µg/m³;2023-12-04T08:00:00+01:00;2023-12-04T09:00:00+01:00;22;15.8;6.5;9.8;19;33.6;16.83;39.1;38.75;31.74;34.99;25.6;31.21;24.9;27.73;;19.2;24.45;28.26;34.53;24.76;24.01;16.08;7.63;28.66;19.57;23.83;23.34;15.83;13.82;23.27;18.18;22.8;27.57;21.42;26.51;26.87;22.73;21.09;31.11;33.48;25.06;18.9;;18.7
O3;uur;µg/m³;2023-12-04T09:00:00+01:00;2023-12-04T10:00:00+01:00;21.8;17.8;9.5;7.5;18.4;28.2;20.53;56.31;56.93;34.19;34.24;26.4;31.74;29.83;29.87;;24.53;27.27;30.55;32.91;26.56;26.03;13.14;11.36;28.03;21.05;29.11;24.48;17.58;16.55;24.45;19.34;24.35;28.71;23.99;27.38;29.51;26.78;24.56;33.03;34.54;26.65;19.8;24.8;20.1
O3;uur;µg/m³;2023-12-04T10:00:00+01:00;2023-12-04T11:00:00+01:00;23.4;18.6;10.5;11.1;21.8;26.78;16.53;51.51;50.98;35;36.86;27.13;31.74;31.48;26;;25.23;26.36;28.65;34.15;27.73;28.06;14.74;11.77;29.6;22.11;32.48;;21.36;20.26;28.59;23.65;30.61;27.63;26.61;30.74;31.17;29.72;28.79;36.09;36.87;30.27;26.6;28;24.3
O3;uur;µg/m³;2023-12-04T11:00:00+01:00;2023-12-04T12:00:00+01:00;25;21.6;16.3;18.1;21.8;31.47;19.19;50.43;46.77;35.07;39.53;27.08;32.14;30.03;29.8;;26.83;29.48;34.04;36.14;30.03;30.4;17.57;14.54;30.19;;30.13;29.42;22.44;21.64;28.19;24.33;30.38;31.44;27.76;25.46;32.63;30.35;30.87;39.16;38.17;34.78;30.9;29.5;27.1
O3;uur;µg/m³;2023-12-04T12:00:00+01:00;2023-12-04T13:00:00+01:00;25.3;20;18.5;17.8;24.1;32.88;21.55;50.19;48.03;34.08;44.15;25.24;35.92;29.74;39.99;;29.67;29.87;34.23;37.24;31.7;31.62;21.42;16.06;34.49;;30.63;27.29;20.64;19.66;26.65;23.14;27.54;32.22;26.21;26.13;32.91;30.03;30.02;39.32;40.1;35.63;28.4;29.2;28.7
O3;uur;µg/m³;2023-12-04T13:00:00+01:00;2023-12-04T14:00:00+01:00;30;21.4;17;30.9;18.1;34.43;26.2;45.03;44.77;33.85;42.26;27.52;34.53;30.14;40.73;;31.95;31.72;40.53;34.02;28.58;35.71;19.86;18.12;34.14;;25.41;23.17;18.01;16.74;23.79;20.44;25.19;35.94;26.73;26.36;34.76;28.54;29.8;40.12;41.29;36.6;25.5;27.3;27.2
O3;uur;µg/m³;2023-12-04T14:00:00+01:00;2023-12-04T15:00:00+01:00;31;19.7;20.9;31;15.6;30.58;26.22;42.97;31.73;31.19;38.87;28.88;32.65;29.74;42.23;;29.59;27.65;41.21;34.73;22.47;33.94;21.14;18.59;31.07;;27.34;17.29;15.72;12.72;22.53;18.15;23.61;34.98;27.05;25.28;35.42;29.61;28.73;38.78;38.2;35.28;22.1;17.9;24.5
O3;uur;µg/m³;2023-12-04T15:00:00+01:00;2023-12-04T16:00:00+01:00;23.3;15.8;18.5;30.5;25.8;28.41;20.02;28.51;16.51;28.76;35.42;28.79;29.46;30.11;37.92;;26.99;23.26;37.92;31.87;19.18;30.26;13.42;16.43;27.57;;28;15.93;15.44;13.14;20.94;18.18;20.85;35.1;23.59;22.12;35.5;30.03;29.83;37.34;36.09;36.93;20.3;15.6;22.3
O3;uur;µg/m³;2023-12-04T16:00:00+01:00;2023-12-04T17:00:00+01:00;17.6;16;18.3;15.4;16.3;26.35;18.98;4.4;7.58;26.16;29.13;21.72;24.63;23.83;35.29;;25.64;22.26;30.34;27.98;13.61;29.91;7.37;14.56;28.28;11.01;27.02;13.46;14.13;13.55;18.29;16.11;18.77;36.33;23.26;26.04;35.65;28.4;26.52;37.58;35.45;34.25;17.6;13.2;20.6
O3;uur;µg/m³;2023-12-04T17:00:00+01:00;2023-12-04T18:00:00+01:00;12.5;16.3;13.8;7.9;15.6;25.82;19.63;3.21;12.79;21.6;26.56;17.36;23.61;21.63;30.38;;20.34;22.05;27.8;23.08;13.59;24.49;6.15;12.84;31.71;11.17;30.45;16.11;15.73;14.94;18.6;17.67;17.11;34.61;26.76;27.31;33.64;28.34;32.01;37.37;33.81;29.79;15.7;11.5;16
O3;uur;µg/m³;2023-12-04T18:00:00+01:00;2023-12-04T19:00:00+01:00;13;10.5;9.2;7.7;12;25.39;21.33;7.14;13.76;20.96;22.64;12.04;21.28;24.2;27.9;;12.47;12.21;25.56;12.69;14.78;15.99;3.55;8.16;32.45;14.62;29.76;16.56;15.57;16.49;19.03;17.98;15.56;32.9;26.16;26.83;32.06;31.73;33.3;36.21;34.64;33.39;19.7;15.6;14.2
O3;uur;µg/m³;2023-12-04T19:00:00+01:00;2023-12-04T20:00:00+01:00;7.6;8.2;5.5;3.1;8.8;24.57;21.67;10.19;14.53;15.62;21.17;10.18;20.79;22.04;25.79;;10.02;8.6;18.86;12.39;16.47;13.26;2.09;6.07;32.38;15.34;28.93;20.01;16.74;17.57;21.69;19.04;17.59;30.2;25.77;25.68;26.34;32.25;35.25;36.56;35.53;33.18;24.2;21.6;17.6
O3;uur;µg/m³;2023-12-04T20:00:00+01:00;2023-12-04T21:00:00+01:00;5.8;10.1;7.6;5.3;6.8;25.28;22.21;9.75;12.47;12.34;20.82;9.05;16.88;21.32;24.1;;11.87;10.88;14.6;15.08;18.37;14.88;6.75;8.59;33.39;15.49;29.13;18.96;19.76;20.49;22.94;21.29;19.46;33.61;27.4;25.64;30.45;33.75;34.07;41.64;37.33;34.71;24.9;21.9;19.2
O3;uur;µg/m³;2023-12-04T21:00:00+01:00;2023-12-04T22:00:00+01:00;8.2;13.9;11.9;10.6;11.8;24.28;22.21;7.19;12.95;10.71;20.55;8.65;15.67;18.94;21.77;;15.91;16.43;17.59;19;20.51;18.26;10.35;10.25;34.48;16.45;32.52;17.34;19.49;21.25;22.27;20.9;21.06;34.45;27.74;25.64;33.49;33.45;33.65;43.6;40.95;35.02;26.6;25.6;21
O3;uur;µg/m³;2023-12-04T22:00:00+01:00;2023-12-04T23:00:00+01:00;10;15.1;13.6;13.9;13;25.46;21.24;8.21;17.8;9.85;20.04;8.81;13.72;19.74;16.83;;18.96;17.92;18.54;17.87;20.51;17.43;13.11;14.08;37.47;18.37;33.47;18.6;19.59;22.29;22.69;20.55;21.68;34.26;27.71;24.56;35.36;34.19;33.63;42.69;44.6;37.69;27.1;25.8;22.2
O3;uur;µg/m³;2023-12-04T23:00:00+01:00;2023-12-05T00:00:00+01:00;10.3;18.2;16.6;17.3;15.3;26.27;21.91;16.38;16.32;10.36;19.53;10.5;13.85;21.27;14.7;;21.15;20.47;17.72;19.01;18.29;20.19;17.49;16.17;38.14;20.86;33.15;19.36;21.64;23.63;23.96;22.69;21.05;33.89;28.52;23.41;35.13;34;37.75;43.14;47.03;39.85;27.7;26.6;24.1
O3;uur;µg/m³;2023-12-05T00:00:00+01:00;2023-12-05T01:00:00+01:00;13.6;21.3;18.9;19.6;15.9;25.39;22.89;13.84;21.32;12.71;19.65;12.46;13.91;21.31;11.13;;22.95;23.42;18.97;19.29;21.41;23.27;20.52;19.06;38.17;19.9;36;21.4;22.49;23.55;24.05;23.29;21.19;34.04;30.01;22.04;36.23;34.27;39.53;43.3;47.66;40.26;29.9;29.1;25.2
O3;uur;µg/m³;2023-12-05T01:00:00+01:00;2023-12-05T02:00:00+01:00;3.1;20.3;19.1;19.9;15;26.2;23;18.6;24.26;14.06;18.2;12.15;14.91;17.36;13.69;;21.86;22.84;18.28;19.24;23.97;23.32;21.04;18.9;39.3;17.98;37.52;22;23.98;24.08;26;24.38;21.57;34.07;31.92;20.66;35.16;35.7;38.91;41.29;42.43;34.46;31.6;31.9;25.7
O3;uur;µg/m³;2023-12-05T02:00:00+01:00;2023-12-05T03:00:00+01:00;6.1;18.8;17.4;19.6;16.7;26.71;23.1;21.92;27.62;11.65;17.41;12.14;15.11;14.23;15.21;;22.58;22.33;20.62;17.23;25.5;23.16;19.93;20.25;39.66;23.12;37.7;24.44;25.31;25.2;28.9;26.32;21.62;33.61;32.36;18;33.53;36.41;38.55;37.69;39.69;32.33;35;36.6;28.9
O3;uur;µg/m³;2023-12-05T03:00:00+01:00;2023-12-05T04:00:00+01:00;6.1;19.1;17;17.6;17.3;25.69;22.41;22.22;24.6;13.69;14.05;12.69;16.05;13.06;15.48;;24.84;22.93;21.5;20.05;27.9;25.78;19.42;22.65;39.58;27.12;36.18;26.95;27.11;26.9;29.74;27.69;22.05;32.87;33.24;19.35;34.68;35.66;38.53;37.63;37.02;30.4;36.8;38.7;33.9
O3;uur;µg/m³;2023-12-05T04:00:00+01:00;2023-12-05T05:00:00+01:00;11.6;18.1;17.2;19.1;18.2;26.56;21.34;30.55;39.1;15.3;12.61;12.83;18.83;11.62;17.19;;26.56;22.89;22.34;18.26;28.81;27.82;18.66;22.72;39.22;30.91;36.93;28.71;27.79;28.19;31.38;29.28;23.71;33.03;32.83;20.59;34.58;35.98;33.34;34.79;35.59;27.74;36.4;38.2;32.8
O3;uur;µg/m³;2023-12-05T05:00:00+01:00;2023-12-05T06:00:00+01:00;8.6;20.5;18;21.2;18.3;22.31;20.27;42.24;44.79;15.04;11.17;12.1;19.9;9.62;18.1;;26.97;21.13;20.68;19.3;27.11;30.33;18.39;15.91;35.96;32.11;35.94;29.35;27.66;28.45;29.65;29.05;25.49;33.01;31.43;24.79;33.97;34.35;30.35;31.5;33.97;27.4;36.1;38.7;33.6
O3;uur;µg/m³;2023-12-05T06:00:00+01:00;2023-12-05T07:00:00+01:00;8;22;15.1;19.9;14.6;21.92;17.89;42.59;42.7;13.74;13.13;10.38;19.92;6.33;16.19;;24.75;22.57;19.3;18.86;26.54;28.41;17.45;12.62;32.62;27.4;34.75;28.74;26.55;26.34;28.75;27.04;23.64;32.71;29.88;21.17;33.96;32.86;27.35;30.6;35.38;28.33;33.8;34.7;31.7
O3;uur;µg/m³;2023-12-05T07:00:00+01:00;2023-12-05T08:00:00+01:00;8.7;19.8;10.1;19.7;14.3;34.17;16.31;39.91;37.75;14.7;13.78;11.49;13.65;4.39;8.8;;22.09;12.34;18.18;16.33;27.5;19.54;15.25;12.35;30.31;22.79;33.04;28.42;24.8;22.86;27.79;24.72;22.6;32.24;28.79;19.43;31.97;28.45;24.24;28.22;34.76;27.88;29.5;30.7;28.2
O3;uur;µg/m³;2023-12-05T08:00:00+01:00;2023-12-05T09:00:00+01:00;8.6;14.2;9;13.5;12.4;33.52;15.35;38.39;35.8;10.66;11.27;8.75;17.19;5.24;12.09;;20.09;10.66;18.04;13.01;28.23;17.75;14.95;9.68;26.7;23.6;31.34;24.86;21.87;20.5;26.58;20.7;21.3;30.54;29.02;17.92;28.66;26.14;21.79;25.99;29.77;24.61;27.3;30.8;23.6
O3;uur;µg/m³;2023-12-05T09:00:00+01:00;2023-12-05T10:00:00+01:00;5.4;12.4;9.4;10.9;14.7;29.31;17.66;35.76;33.13;14.9;10.59;9.29;18.83;9.54;17.59;;16.03;10.65;18.12;16.35;26.59;16.09;13.75;11.62;25.65;19.89;28.92;24.79;21.91;19.83;25.44;24.02;20.83;24.99;28.98;17.01;26.84;24.46;22.72;26.05;30.49;24.34;25.9;29.7;24.9
O3;uur;µg/m³;2023-12-05T10:00:00+01:00;2023-12-05T11:00:00+01:00;6.6;13.5;13.6;12.9;15.6;27.27;18.69;33.75;29.25;16.37;14.54;11.57;16.82;11.2;13.97;;17.9;10.21;19.11;19.14;23.87;18.05;13.31;11.81;25.13;15.05;27.52;26.9;22.98;22.06;23.09;22.49;23.24;17.79;26.79;16.21;24.34;22.61;23.62;27.74;32.2;27.27;24.3;28.1;22.6
O3;uur;µg/m³;2023-12-05T11:00:00+01:00;2023-12-05T12:00:00+01:00;8.6;14.1;11.7;11.6;17.8;21.57;18.35;30.31;28.35;18.63;17.06;11.57;19.05;15;12.32;;18.83;14.58;18.31;;22.56;16.82;13.64;15.33;25.8;16.39;25.76;23.48;22.53;20.16;22.86;21.5;23.5;17.99;26.35;15.2;21.88;21.41;23.76;28.31;31.9;27.48;23.3;24.5;20.5
O3;uur;µg/m³;2023-12-05T12:00:00+01:00;2023-12-05T13:00:00+01:00;6.2;11.3;9.1;14.1;19.5;10.89;20.78;21.02;24.97;18.76;13.79;13.57;21.18;17.53;15.44;;20.64;10.7;15.06;;21.34;17.79;10.77;13.1;25.42;17.62;23.79;23.2;20.59;18.21;22.37;19.64;21.59;18.37;24.85;14;20.01;21.43;23.39;27.69;33.32;26.33;21.2;20.3;18
O3;uur;µg/m³;2023-12-05T13:00:00+01:00;2023-12-05T14:00:00+01:00;4.2;7.2;9.7;18.4;22.5;9.66;18.03;8.48;12.3;16.22;11.67;13.99;24.28;17.7;18.24;;20.07;9.89;11.13;;21.6;17.63;10.09;16.88;26.11;17.32;22.02;20.6;17.65;15.66;21.02;17.67;20.34;18.38;20.19;15.6;19.08;20.64;23.31;25.1;34.31;26.3;19.6;19.8;17.6
O3;uur;µg/m³;2023-12-05T14:00:00+01:00;2023-12-05T15:00:00+01:00;1.8;6.8;9.2;13.6;30;11.9;18.88;6.91;5.54;14.48;7.3;12.48;16.43;18.12;22.28;;15.67;9;8.45;;18.65;20.04;13.7;14.4;27.76;18.59;21.28;17.24;16.13;14.17;16.35;16.18;18.3;15.41;17.1;12.6;17.93;21.41;23.13;23.5;33.81;24.64;18.4;17.6;15.1
O3;uur;µg/m³;2023-12-05T15:00:00+01:00;2023-12-05T16:00:00+01:00;3.8;6.6;10.6;13.1;33.5;9.91;17.67;10.18;7.42;12.38;4.42;8.11;12.93;13.85;23.77;;12.11;10.23;8.08;7.73;13.47;10.1;9.12;9.53;28.86;17.74;21.27;16.01;15.7;14.01;16.45;15.79;16.15;13.38;16.62;12.9;18.89;21.36;20.15;22.58;32.65;22.01;17.3;15.9;13.4
O3;uur;µg/m³;2023-12-05T16:00:00+01:00;2023-12-05T17:00:00+01:00;1.5;6.8;5.2;18.5;38.4;8.34;14.31;6.33;5.58;12.81;8.82;7.61;3.69;10.32;26.49;;23.59;9.61;5.79;3.86;8.54;7.12;3.6;8.81;27.65;17.98;20.65;8.77;16.19;15.82;10.27;15.58;13.54;12.08;15.63;5.87;16.57;19.73;19.06;21.74;30.68;19.53;15.9;18.1;12
O3;uur;µg/m³;2023-12-05T17:00:00+01:00;2023-12-05T18:00:00+01:00;-1.7;5.1;4.9;27.5;41.2;12.24;11.79;3.5;4.42;11.15;5.25;3.4;1.32;10.98;31.22;;31.45;9.8;5.44;5.2;10.52;8.84;2.4;24.56;25.81;18.53;17.42;11.76;16.81;16.45;8.43;16.91;10.9;11.38;15.13;6.41;14.26;17.32;18.71;20.72;31.8;20.45;16.7;15;11.2
O3;uur;µg/m³;2023-12-05T18:00:00+01:00;2023-12-05T19:00:00+01:00;1.8;3;5.6;27.6;33.6;9.16;11.59;2.24;2.54;4.87;12.92;6.63;4.2;11.92;34.65;;20.96;5.73;4.3;8.66;19.13;18;16.94;20.52;25.87;17.3;15.69;15.83;17.74;17.19;11.18;18.09;12.6;11.56;16.11;5.05;14.56;14.82;20.68;18.83;31.65;21.53;16.7;21.7;12.4
O3;uur;µg/m³;2023-12-05T19:00:00+01:00;2023-12-05T20:00:00+01:00;9.9;8.7;11.2;10.8;31.6;9.67;13.2;1.1;3.02;6.45;21.7;7.11;8.87;10.82;24.62;;13.26;14;6.03;10.05;17.47;19.43;16.23;16.01;25.17;17.95;14.48;16.03;18.25;19.37;11.02;18.47;15.66;11.36;14.91;8.17;13.99;13.16;22.84;18.12;32.18;21.08;20.4;20.9;13.7
O3;uur;µg/m³;2023-12-05T20:00:00+01:00;2023-12-05T21:00:00+01:00;5.9;11.7;15.3;2.7;32.7;11.17;14.16;4.37;4.01;3.29;24.69;7.97;10.98;9.73;19.49;;15.3;18.17;12.86;11.63;12.21;14.15;14.74;15.31;23.69;14.22;14.48;15.78;20.65;16.1;14.04;21.49;13.92;11.5;12.81;10.31;14.7;13.13;20.8;15.64;31.77;19.97;19.3;10.4;11.1
O3;uur;µg/m³;2023-12-05T21:00:00+01:00;2023-12-05T22:00:00+01:00;4.8;10.3;12.9;4.8;35.5;10.8;13.36;2.72;4.03;6.28;16.69;8.55;12.95;8.3;16.76;;20.93;17.36;11.28;13.93;5.39;12.68;10.75;21.4;19.47;13.96;18.43;;20.09;16.81;14.15;20.64;14.23;12.02;12.08;7.03;12.17;12.81;21.27;14.79;31.17;19.26;19.6;14;7.2
O3;uur;µg/m³;2023-12-05T22:00:00+01:00;2023-12-05T23:00:00+01:00;8.9;8;11.2;19.8;39.7;5.64;15.65;8.17;5.63;12.21;9.69;10.71;14.29;10.59;18.23;;31.65;15.25;12.4;11.86;20.28;11.83;7.95;23.74;23.51;18.71;21.29;;17.8;16.53;13.23;18.72;13.68;12.25;12.25;10.05;10.16;14.87;22.17;15.82;29.11;19.88;16;16.5;7.9
O3;uur;µg/m³;2023-12-05T23:00:00+01:00;2023-12-06T00:00:00+01:00;11.2;8.1;9;30;42.7;5.75;16.93;11.16;10.83;13.82;6.09;10.89;12.9;13.13;24.31;;38.34;17.44;13.4;9.38;31.92;11.7;4.81;31.54;27.35;25.24;23.06;;18.29;18.64;8.92;19.4;12.2;9.68;17.46;8.49;10.51;19.76;20.72;18.83;27.79;19.54;17.9;22.2;10.7
O3;uur;µg/m³;2023-12-06T00:00:00+01:00;2023-12-06T01:00:00+01:00;7.9;9;10.7;29.6;46.6;8.73;16.13;13.51;13.45;14.9;10.27;11.22;14.23;14.55;32.65;;40.13;20.19;9.38;12;33.27;21.57;3.47;25.75;33.32;28.46;21.83;;8.24;9.29;4.96;8.68;13.71;8.06;19.98;11.88;11.53;19.56;23.55;17.82;27.41;18.96;22.4;12.9;11.1
O3;uur;µg/m³;2023-12-06T01:00:00+01:00;2023-12-06T02:00:00+01:00;12.6;7.7;14.3;31.8;48.7;15.85;18.22;17.03;14.88;11.36;12.54;13.31;21.24;15.73;40.87;;43.61;21.31;11.29;15.74;29.34;6.51;6.66;32.69;37.48;26.41;23.72;;6.28;7.54;11.43;5.51;14.17;8.85;21.36;17.52;14.17;17.61;29.36;16.42;35.57;17.46;28.7;9.4;16.2
O3;uur;µg/m³;2023-12-06T02:00:00+01:00;2023-12-06T03:00:00+01:00;19.2;10;16.2;40.5;50.4;;;;;;;;;;;;;;;;;;;;;;;;;;;;;;;;;;;;;;29.9;10.4;18.3
O3;uur;µg/m³;2023-12-06T03:00:00+01:00;2023-12-06T04:00:00+01:00;32.2;18.7;29.9;40;57.1;16.95;15.99;16.48;17.1;16.58;15.58;11.73;18.81;12.1;51.05;;54.65;26.53;16.2;12.62;53.75;52.02;32.29;54.11;41.95;11.89;27.38;;14.03;18.12;21.24;14.48;20.19;12.36;19.35;15.72;17;23.96;;15.64;35.92;21.52;28.8;11.9;18.2
O3;uur;µg/m³;2023-12-06T04:00:00+01:00;2023-12-06T05:00:00+01:00;37.8;34.7;38.2;47.4;59.9;16.71;15.51;16.85;17.81;19.87;14.77;9.37;12.2;14.57;57.54;;57.6;49.49;29.18;9.51;58.68;52.93;34.17;55.59;47.82;41.74;32.12;;19.09;23.55;20.67;19.83;15.29;13.54;20.43;16.38;19.73;27.54;;15.95;33.18;23.88;32.4;24.3;27.6
O3;uur;µg/m³;2023-12-06T05:00:00+01:00;2023-12-06T06:00:00+01:00;37;30.9;42.8;53.9;62.6;15.04;16.15;16.85;16.93;17.84;19.26;12.23;25.41;19.98;52.27;;60.9;50.15;41.17;31.55;58.73;53.61;41.38;57.03;53.21;45.91;36.72;;21.81;24.16;28.01;24.04;25.86;15.57;24.61;12.25;24.83;28.49;45.27;17.73;34.33;22.07;44.8;29.1;37.3
O3;uur;µg/m³;2023-12-06T06:00:00+01:00;2023-12-06T07:00:00+01:00;38.1;18.4;35.5;50.2;58.1;12.4;17.84;19.78;16.97;15.81;14.3;11.34;22.19;19.29;52.46;;58.13;48.9;33.36;10.21;58.59;44.2;33.69;54.12;52.66;46.97;37.03;;22.62;23.7;25.04;29.28;27.94;20.42;25.71;11.13;26.68;33.24;49.92;20.15;47.18;21.08;44.4;;35.6
O3;uur;µg/m³;2023-12-06T07:00:00+01:00;2023-12-06T08:00:00+01:00;17;5.5;12.5;33.5;57.2;11.53;19.65;18.6;15.78;17.15;6.32;10.73;2.41;23.83;51.6;;52.67;36.48;12.74;3.33;57.33;26.6;13.84;49.51;51.65;23.58;40.02;;14.29;19.76;23.09;18.44;24.64;22.83;21.13;10.34;25.64;36.77;50.62;20.28;54.82;13.71;42.2;12;32.1
O3;uur;µg/m³;2023-12-06T08:00:00+01:00;2023-12-06T09:00:00+01:00;10.2;0.7;11;20;56.2;14.69;25.4;21.62;14.61;20.65;5.53;11.22;1.68;16.43;44.13;;49.17;10.01;12.38;1.4;54.78;23.41;1.48;43.3;51.29;1.91;50.08;30.56;8.64;10.59;18.25;14.4;27.34;17.97;22.81;11.93;31.06;32.94;47.16;20.97;57.41;10.27;32.3;7.4;12.5
O3;uur;µg/m³;2023-12-06T09:00:00+01:00;2023-12-06T10:00:00+01:00;17.4;0;1.4;37.3;54.6;21.75;23.02;25.65;21.6;20.3;9.46;9.45;3.53;16.46;43.56;;50.2;5.4;19.63;3.24;57.43;31.3;2.39;45.86;44.71;4.15;48.07;27.13;5.13;12.09;12.47;9.28;30.16;22.79;30.18;13.01;28.83;29.57;48.33;22.02;53.47;28.65;19.9;6.8;4.9
O3;uur;µg/m³;2023-12-06T10:00:00+01:00;2023-12-06T11:00:00+01:00;21.6;6.7;18.8;37;52.1;27.27;26.99;23;24.88;21.22;15.3;16.63;7.65;25.46;38.55;;49.92;13.54;26.24;3.34;57.9;37.25;27.5;46.4;49.78;34.25;48.82;19.16;11.48;14.92;11.84;19.68;18.16;30.01;36.47;18;33.15;40.62;51.47;27.55;52.91;35.01;29.3;7.9;7.6
O3;uur;µg/m³;2023-12-06T11:00:00+01:00;2023-12-06T12:00:00+01:00;27.2;17.2;33.9;47.4;51.3;34.25;33.82;24.41;24.81;25.03;33.47;20.2;20.19;30.84;50.97;;52.25;39.16;32.32;8.84;56.69;45.69;32.46;47.61;47.56;40.06;51.74;33.86;16.92;15.28;17.89;23.7;18.44;29.14;36.26;28.07;37.22;45.56;51.86;33.14;53.95;35;40.8;20.3;19.4
O3;uur;µg/m³;2023-12-06T12:00:00+01:00;2023-12-06T13:00:00+01:00;26.5;29.5;36.6;31.6;55;39.58;40.12;34;34.16;35.19;40.25;25.67;35.34;36.19;54.58;;56.1;43.74;46.68;22.13;58.29;53.6;33;53.81;46.49;49.37;53.53;44.68;22.97;27.72;28.23;30.95;37.26;35.17;47.7;36.81;42.11;47.63;53.15;40.37;54.59;39.3;50.4;31.1;35.1
O3;uur;µg/m³;2023-12-06T13:00:00+01:00;2023-12-06T14:00:00+01:00;30.5;36.1;49;47;50.7;43.26;43.35;40.01;38.43;39.59;48.18;35.32;41.48;40.66;55.86;;57.12;55.19;54.27;37.83;58.14;54.03;44.49;55.48;52.75;44.46;46.1;45.44;27.02;31.01;25.39;39.72;41.61;40.71;38.74;28.46;44.06;49.6;54.87;42.56;57.63;41.7;53.8;27.1;34.6
O3;uur;µg/m³;2023-12-06T14:00:00+01:00;2023-12-06T15:00:00+01:00;26.4;37.4;45.8;46.9;57.1;45.06;41.99;37.51;39.68;40.96;47.84;33.01;47.17;38.3;53.72;;55.71;55.55;54.39;36.2;60.04;49.25;40.23;50.68;54.44;48.68;46.23;49.54;23.44;35.25;34.35;39.31;43.42;45.39;43.52;26.6;48.33;48.87;52.36;40.46;56.69;41.92;45.3;30.3;34.3
O3;uur;µg/m³;2023-12-06T15:00:00+01:00;2023-12-06T16:00:00+01:00;21.3;20;37.8;41.8;52.5;37.76;47.22;32.87;32.23;46.57;26.53;24.58;37.66;32.7;52.65;;51.45;44.76;42.01;39.42;57.5;31.41;25.06;42.61;48.84;42.3;47.39;38.11;12.36;20.38;24.56;32.81;37.18;36.84;45.82;30.89;46.59;49.1;49.85;38.51;55.63;40.83;48.9;18.1;32.2
O3;uur;µg/m³;2023-12-06T16:00:00+01:00;2023-12-06T17:00:00+01:00;7.6;8;12.7;8.2;14.8;28.02;36;22.55;19.99;48.77;19.48;14.1;25.39;38.72;45.56;;48.46;23.59;35.83;7.04;58.81;14.61;5.63;45.09;43.07;24.53;47.38;29.64;9.39;7.52;11.55;20.37;37.79;21.16;35.88;20.4;43.9;45.03;43.54;38.61;52.49;42.09;40.1;15;12.2
O3;uur;µg/m³;2023-12-06T17:00:00+01:00;2023-12-06T18:00:00+01:00;16.1;5.4;0.1;2.6;22.1;20.41;24.1;18.29;16.51;38.61;6.51;30.04;13.14;34.61;50.85;;47.32;11.18;35.45;6.12;58.83;4.21;1.19;42.57;44.33;23.41;46.4;19.21;6.26;1.82;8.96;9.18;21.9;24.44;18.63;7.52;30.33;41.53;42.64;38.8;45.65;35.24;28.1;12.9;8
O3;uur;µg/m³;2023-12-06T18:00:00+01:00;2023-12-06T19:00:00+01:00;2.2;1.1;0.4;0.1;55.6;15.18;22.49;14.47;13.37;26.56;1.11;20.23;8.19;8.76;50.06;;49;7.59;22.13;19.5;56.51;2.32;1.13;40.67;47.91;10.17;41.7;10.54;1.83;1.06;10.88;2.58;14.07;25.34;12.21;1.94;32.4;35.21;51.77;38.9;48.31;30.51;16.2;15.4;36.2
O3;uur;µg/m³;2023-12-06T19:00:00+01:00;2023-12-06T20:00:00+01:00;5.7;0;1.1;0;20.9;11.03;28.81;15.41;18.19;21.08;-0.28;12.44;8.26;3.41;47.81;;31.17;0.93;13.17;5.39;41.03;3.67;1.16;22.38;37.48;3.13;37.26;4.01;0.81;1.4;7.45;0.61;4.34;20.18;12.84;0.36;24.2;39.21;43.5;37.48;52.87;26.01;4.1;3.5;23
O3;uur;µg/m³;2023-12-06T20:00:00+01:00;2023-12-06T21:00:00+01:00;1.4;0;0.6;0.3;0.1;10.34;20.8;17.46;24.62;17.33;-0.34;10.11;1.95;2.25;44.65;;7.21;1.06;5.7;1.09;31.12;1.78;2.05;3.32;42.23;2.56;28.52;8.15;0.88;1.07;2.09;0.97;3.91;19.1;1.02;0.59;24.7;46.69;35.28;37.11;50.17;28.42;2.5;10.2;6.1
O3;uur;µg/m³;2023-12-06T21:00:00+01:00;2023-12-06T22:00:00+01:00;4.6;0.1;0.4;3.7;6.6;7.13;9.24;21.25;22.03;8.65;-0.58;10.03;1.72;1.96;19.45;;4.67;0.86;4.71;2.84;15.11;4.23;2.04;2.79;37.6;2.41;24.42;-0.01;0.76;1.36;2.4;0.25;1.79;16.98;1.79;0.44;23.99;34.21;39.51;37.57;49.63;33.19;2.8;3.8;1.5
O3;uur;µg/m³;2023-12-06T22:00:00+01:00;2023-12-06T23:00:00+01:00;22.1;0;0.4;4.3;10.6;3.65;6.86;16.09;21.86;5.27;0.73;3.46;1.88;1.28;10.46;;2.83;0.64;4.51;1.65;5.38;5.18;0.96;0.73;37.21;2.58;23.06;-0.2;0.57;1.13;2.33;1.07;0.38;15.6;1.53;0.52;14.8;31.5;36.7;34.91;41.66;28.82;1.4;3.1;1.3
O3;uur;µg/m³;2023-12-06T23:00:00+01:00;2023-12-07T00:00:00+01:00;1.3;0;0.7;0;7.5;4.51;4.03;16.49;10.52;0.51;0.98;0.14;1.1;1.68;6.08;;1.78;0.75;7.92;1.06;2.57;1.4;1.01;0.39;37.18;2.75;16.43;-0.28;1.35;2.11;1.28;5.79;1.96;7.33;2.27;0.75;12.04;26.65;31.29;34.4;40.56;30.49;1.3;3.2;1.1
O3;uur;µg/m³;2023-12-07T00:00:00+01:00;2023-12-07T01:00:00+01:00;-2;0;0.4;0.1;12.8;2.93;1.7;12.11;3.16;0;0.72;-0.25;0.99;1.57;7.34;;1.31;0.75;3.07;0.83;12.13;1.41;0.98;0;39.45;1.22;8.88;0.56;3.38;1.76;0.52;4.22;24.42;4.69;0.53;1.07;20.18;26.15;33.1;31.43;43.95;31.84;1.3;3.3;1.3
O3;uur;µg/m³;2023-12-07T01:00:00+01:00;2023-12-07T02:00:00+01:00;-2;0;0;0;2.2;2.22;1.74;7.94;2.44;0.28;-0.59;-0.87;0.98;0.72;3.74;;1.32;5.01;1.74;1.05;24.55;1.27;0.41;0;28.36;2.74;7.5;12.24;9.15;0.81;0.22;4.47;6.35;2.55;0.36;3.64;21.97;26.68;37.65;40.5;44.3;37.74;1.7;3;1.2
O3;uur;µg/m³;2023-12-07T02:00:00+01:00;2023-12-07T03:00:00+01:00;-2;0;-0.1;1.7;0.6;1.6;2.52;21.11;12.14;0.4;2.25;-0.66;1.1;0.89;0.76;;1.96;1.14;1.98;0.48;25.43;1.29;0.48;0.41;30.56;2.83;8.16;2.94;2.91;0.63;0.06;1.78;-0.07;1.04;0.46;3.91;18.74;28.8;36.22;40.67;43.16;39.52;1.2;3;1
O3;uur;µg/m³;2023-12-07T03:00:00+01:00;2023-12-07T04:00:00+01:00;-2;0;-0.1;0;0.7;9.14;3.26;31.43;26.98;0.14;-0.49;-0.64;1.05;1.58;0.5;;1.39;0.4;1.38;0.96;28.44;1.48;0.47;0.36;25.74;3.73;5.47;6.12;0.12;0.58;0.03;0.96;-0.3;-1.43;0.28;5.61;16;20.73;43.49;39.85;41.8;39.96;0.9;6.6;1.5
O3;uur;µg/m³;2023-12-07T04:00:00+01:00;2023-12-07T05:00:00+01:00;-2;0;0;0;0;19.77;2;34.99;23.5;1.16;-0.23;0.76;5.16;6.76;8.48;;1.11;0.45;1.34;0.56;11.09;1.47;0.66;-0.28;21.08;7.59;3.72;2.31;0.22;0.55;0.25;-0.12;-0.19;-2.02;0.28;2.4;11.96;18.41;43.92;36.78;42.62;41.87;9;5.2;2.7
O3;uur;µg/m³;2023-12-07T05:00:00+01:00;2023-12-07T06:00:00+01:00;-1.8;0;0.3;1.9;0.2;29.47;3.39;37.45;16.74;7.75;12.73;7.62;7.48;13.31;18.16;;1.15;0.29;1.22;1.35;-0.98;1.51;1.23;-0.31;14.32;3.86;1.17;-0.8;0.15;0.54;-0.07;0.44;-0.19;-2.1;0.3;0.2;9.27;10.92;41.5;31.41;45.04;41.37;12.6;9.8;4.8
O3;uur;µg/m³;2023-12-07T06:00:00+01:00;2023-12-07T07:00:00+01:00;-2.1;0;-0.1;3.3;7.8;29.4;7.99;24.38;10.76;14.33;23.92;11.86;13.03;14.72;21.03;;1.06;0.49;7.2;6.32;-1.26;1.24;0.48;-0.34;6.36;0.15;1.86;-0.58;0.18;0.8;0.03;-0.01;0.29;0;0.35;0.11;8.79;1.18;22.08;25.08;43.73;41.14;3.3;4.2;1.1
O3;uur;µg/m³;2023-12-07T07:00:00+01:00;2023-12-07T08:00:00+01:00;2;0;1.5;0;1.7;31.78;13.27;12.84;2.21;17.11;34.32;13.2;14.6;18.69;36.71;;0.96;0.67;15.92;8.37;-1.29;1.19;2.96;-0.49;0.89;0.18;0.71;-0.69;0.25;0.87;0.08;0.27;1.22;-1.38;0.42;0.23;5.49;0.33;3.17;17.16;38.49;36.84;1;2.9;0.1
O3;uur;µg/m³;2023-12-07T08:00:00+01:00;2023-12-07T09:00:00+01:00;11.6;2;0.8;3.5;6.4;14.06;16.38;8.6;1.92;26.13;33.71;17.51;25.13;21.56;39.32;;1.17;6.57;24.68;14.03;-1.22;1.51;10.25;-0.16;2.22;0.39;1.04;1.03;0.71;1.15;0.33;1.08;3.81;-1.15;1.1;1.34;3.02;0.91;3;16.33;31.73;29.77;1.4;3.1;0.4
O3;uur;µg/m³;2023-12-07T09:00:00+01:00;2023-12-07T10:00:00+01:00;19.9;10;6.2;19.4;19;7.23;22.51;14.19;5.83;32.48;34.86;22.68;30.44;28.48;37.93;;2.52;16.55;32.31;23.85;3.13;7.97;20.01;0.79;5.65;3.42;3.58;6.79;3.38;4.18;2.6;3.85;10.85;1.87;3.51;7.08;7.76;4.38;10.34;19.75;33.74;25.66;2.3;4.2;2.7
O3;uur;µg/m³;2023-12-07T10:00:00+01:00;2023-12-07T11:00:00+01:00;24;14.8;14.3;22.5;24.9;10.59;22.35;34.36;12.29;34.76;37.34;24.06;33.62;31.77;30.33;;9.68;20.67;37.92;30.59;9.23;11.07;25.99;4.77;7.3;7.78;5.96;13.96;7.66;8.74;5.65;9.31;16.92;5.82;6.18;13.64;9.36;6.18;13.12;19.24;33.35;23.9;4.5;5.7;6
O3;uur;µg/m³;2023-12-07T11:00:00+01:00;2023-12-07T12:00:00+01:00;24.1;24;10.5;19.1;27.2;14.72;29.55;44.37;36.21;35.67;37.89;25.09;35.14;32.21;30.2;;17.04;29.68;34.89;34.77;17.67;24.26;26.51;7.34;8.23;12.35;7.97;16.94;11.63;13.24;9.41;13.62;25.12;9.76;10.98;20.67;13.66;8.96;13.97;17.49;32.82;26.47;8.3;6.7;9.8
O3;uur;µg/m³;2023-12-07T12:00:00+01:00;2023-12-07T13:00:00+01:00;24.1;23;15.7;13.5;25.3;26.1;30.34;46.58;45.04;34.23;38.43;23.77;35.72;32.1;35.53;;26.24;31.76;35.24;34.99;25.28;32.9;19.52;15.69;12.26;16.21;10.6;21.51;16.65;16;12.47;19.51;29.95;8.38;19.26;23.31;18.36;10.02;13.31;18.67;39.34;30.12;13.7;9.9;8.9
O3;uur;µg/m³;2023-12-07T13:00:00+01:00;2023-12-07T14:00:00+01:00;24.3;22.8;11.9;20.2;17;33.63;25.01;48.86;50.33;31.51;37.09;24.12;36.06;28.34;33.17;;28.57;30.57;37.2;33.16;25.87;32.09;15.38;16.45;13.9;19.47;17.41;29.81;17.66;22.79;18.91;21.23;31.31;4.66;22.2;27.67;20.22;12.86;12.22;14.99;42.56;36.79;19.6;14.2;11.6
O3;uur;µg/m³;2023-12-07T14:00:00+01:00;2023-12-07T15:00:00+01:00;15.8;17.9;8.6;17.6;8.3;32.95;15.89;42.84;49.7;27.99;37.37;19.98;33.31;24.16;34.3;;21.31;23.96;32.97;26.47;30.82;26.74;13.31;12.69;16.95;14.96;26.61;26.43;21.59;22.02;24.24;26.2;23.57;3.01;26.57;25.38;18.9;14.54;11.44;18.25;31.45;26.28;19.2;15.8;19.3
O3;uur;µg/m³;2023-12-07T15:00:00+01:00;2023-12-07T16:00:00+01:00;18.3;9.3;8.4;15.8;10;31.3;14.55;39.09;27.69;20.5;36.11;12.25;24.08;13.83;36.52;;18.74;15.33;28.02;24.05;24.42;20.79;5.82;8.53;20.6;11.92;27.55;20.81;14.9;13.51;24.61;20.29;18.08;0.97;21.91;10.76;6.46;19.09;16.59;21.28;29.39;21.34;19.8;9.4;19.7
O3;uur;µg/m³;2023-12-07T16:00:00+01:00;2023-12-07T17:00:00+01:00;15.1;5.6;9.2;16.1;8.2;27.13;11.66;18.55;20.04;8.63;29.89;14.34;15.37;17.89;35.04;;10.76;8.1;19.57;15.02;14.64;13.88;3.45;4.31;27.9;10.74;23.36;12.12;9.15;10.62;20.17;14.11;13.59;-0.97;5.86;2.84;2.34;11.27;19.54;22.43;28.83;17.67;19.3;5.8;18.2
O3;uur;µg/m³;2023-12-07T17:00:00+01:00;2023-12-07T18:00:00+01:00;9;4;6.6;13.6;4.9;27.1;12.49;13.53;18.44;11.86;28.91;13.56;11.87;23.26;34.97;;7.56;6.73;11.34;12.28;10.16;10.34;2.56;3.77;26.22;11.22;2.64;8.34;4.36;4.85;14.28;7.02;8.45;1.82;0.51;4.23;7.79;4.67;19.68;23.43;28.28;21.36;18.7;5.3;13.7
O3;uur;µg/m³;2023-12-07T18:00:00+01:00;2023-12-07T19:00:00+01:00;7.9;5.2;7.1;11.3;4.4;28.67;13.39;19.31;22.13;24.1;28.44;12.36;19.44;23.82;34.62;;8.61;7.2;11.82;12.79;9.21;8.78;2.56;4.4;14.22;4.63;1.06;1.28;1.88;1.07;2.21;2.25;5.6;6.76;1.95;16.35;9.28;14.33;10.38;26.89;33.32;23.17;4.5;3.9;6.8
O3;uur;µg/m³;2023-12-07T19:00:00+01:00;2023-12-07T20:00:00+01:00;8.2;9.9;4.8;11.5;2.6;26.49;16.35;7.03;14.53;22.71;25.12;17.62;24.91;22.52;33.58;;10.57;14.63;20.21;16.05;3.48;13.74;4.75;5.83;3.58;2.02;3.5;4.53;4.59;5.23;6.88;4.93;7.14;17.13;11.23;21.26;11.98;17.59;18.06;25.24;30.4;27.58;1.4;3.2;3.4
O3;uur;µg/m³;2023-12-07T20:00:00+01:00;2023-12-07T21:00:00+01:00;16.6;15;8.3;17.7;2.5;29.58;15.86;9.85;20.6;25.28;31.12;23.41;27.84;25.85;36.18;;18.17;18.35;31.47;19.64;9.12;21.02;11.41;12.61;10.77;4.33;13.9;11.03;11.91;12.07;12.71;13.38;11.62;28.45;17.61;24.71;16.08;20.51;22.54;22.33;32.04;26.47;3.6;5.5;11.4
O3;uur;µg/m³;2023-12-07T21:00:00+01:00;2023-12-07T22:00:00+01:00;21;19.2;12.8;24.3;6;31.42;17.82;16.1;28.1;27.98;33.83;26.36;31.63;27.65;42.97;;21.02;23.82;35.22;24.39;16.01;23.58;15.63;15.2;20.24;8.41;24.58;15.01;18.24;16.53;18.66;20.35;14.74;32.43;21.13;27.66;26.86;23.28;25.43;21.14;32.29;23.38;12;7.1;17.2
O3;uur;µg/m³;2023-12-07T22:00:00+01:00;2023-12-07T23:00:00+01:00;28.9;20;20.8;25.3;17;28.92;17.51;29.43;36.34;29.65;31.41;30.08;32.79;32.69;43.67;;22.15;25.22;36.11;28.61;19.38;25.04;12.65;16.74;27.59;12.85;27.86;17.87;21.55;20.67;22.09;23.97;16.2;35.78;26.22;25.72;34.53;26.53;28.65;23.24;30.9;21.84;17;5.7;19.2
O3;uur;µg/m³;2023-12-07T23:00:00+01:00;2023-12-08T00:00:00+01:00;26.4;19.9;12;18;17.3;27.03;18.76;32.94;32.37;31.53;26.91;27.09;31.82;30.4;38.76;;24.5;24.84;34.65;27.22;21.38;25.06;18.3;16.9;30.04;17.05;27.39;21.19;23.69;23.32;24.07;25.1;18.66;35.27;26.48;24.01;36.38;31.98;32.31;28.62;31.77;23.69;23.5;7.7;22.7
O3;uur;µg/m³;2023-12-08T00:00:00+01:00;2023-12-08T01:00:00+01:00;23.2;18.2;21.6;20.7;19.4;27.22;16.79;28.15;27.25;27.63;27.14;24.76;31.17;27.59;31.74;;22.57;22.23;29.38;26.22;21.28;22.49;9.65;16.63;29.6;21.24;26.15;19.25;20.59;20.2;23.2;21.84;15.67;36.47;24.86;26.02;33.63;32.42;35.51;32.69;34.57;29.87;24.7;21.4;24.4
O3;uur;µg/m³;2023-12-08T01:00:00+01:00;2023-12-08T02:00:00+01:00;22;20;21.3;12.4;17.1;30.55;14.54;19.39;24.95;24.27;27.16;23.94;28.48;26.08;31.37;;20.97;23.99;29.8;23.42;18.93;21.97;12.79;17.57;27.12;18.66;25.14;17.63;19.13;19.3;19.66;20.81;16.13;36.83;27.29;28.88;34.32;34.12;33.78;34.14;36.38;32.57;22.1;21.3;22.1
O3;uur;µg/m³;2023-12-08T02:00:00+01:00;2023-12-08T03:00:00+01:00;20.5;20.2;20.7;15.6;15.2;32.52;16.34;16.41;18.02;23.56;26.68;24.89;26.41;25.71;32.45;;21.29;23.6;27.01;21.8;19.04;20.49;9.14;17.66;24.54;18.32;24.52;16.82;18.58;19.08;19.45;19.71;16.17;35.76;30.99;30.57;33.71;33;35.62;34.05;37.75;34.22;18.4;14.1;20
O3;uur;µg/m³;2023-12-08T03:00:00+01:00;2023-12-08T04:00:00+01:00;19.8;19.7;12.8;11.9;8.6;29.77;18;18.27;24.63;24.51;26.3;26.62;25.84;25.99;26.36;;20.05;22.11;25.5;19.35;20.02;19.56;8.69;16.77;25.15;17.87;26.8;17.1;20.95;20.35;20.16;22.73;15.85;35.4;32.55;30.4;34.63;31.75;35.67;34.27;37.87;32.22;16.1;12.5;18.6
O3;uur;µg/m³;2023-12-08T04:00:00+01:00;2023-12-08T05:00:00+01:00;18.6;21.1;6.6;6.5;12.2;31.15;20.81;33.8;30.09;24.77;27.18;25.01;24.86;24.32;33.08;;22.13;22.87;25.24;22.27;20.07;21.08;15.38;15.5;28.84;20.02;27.3;17.62;21.77;21.25;23.1;23.4;16.09;35.36;30.58;29.07;33.19;32.01;34.8;34.56;38.23;33.35;21.1;18.6;21.1
O3;uur;µg/m³;2023-12-08T05:00:00+01:00;2023-12-08T06:00:00+01:00;17.8;19.5;5.8;11.7;13.9;30.43;24.8;36.92;36;24.15;25.2;22.45;24.23;24.62;29.42;;19.97;24.76;24.06;25.54;20.41;24.03;21.15;11.33;32.21;20.56;27.17;19.03;19.68;18.85;22.09;21.37;20;28.92;27.62;25.81;30.78;30.71;34.85;34.85;39.16;34.6;26.1;25.1;22.2
O3;uur;µg/m³;2023-12-08T06:00:00+01:00;2023-12-08T07:00:00+01:00;19.6;15.3;5;8.1;9.4;25.68;29.34;32.57;34.09;22.67;15.99;20.95;22.94;22.91;28.24;;12.36;19.21;27.82;24.04;20.05;16.75;16.16;6.49;32.88;18.46;26.72;19.38;16.46;13.91;18.03;18.13;20.29;24.64;24.09;21.43;28.59;29.3;33.97;36.8;38.73;32.63;23.1;;18.6
O3;uur;µg/m³;2023-12-08T07:00:00+01:00;2023-12-08T08:00:00+01:00;9.1;8.7;2.8;7;5.3;18.77;27.1;32;28.38;20.18;4.85;15.61;16.86;17.63;21.66;;5.2;11.43;22.9;19.78;16.9;3.77;9.21;1.91;28.92;13.96;25.8;17.73;11.61;9.32;10.3;13.88;18.23;25.76;19.49;16.3;26.27;29.18;31.19;36.14;38.15;32.14;16.3;;12
O3;uur;µg/m³;2023-12-08T08:00:00+01:00;2023-12-08T09:00:00+01:00;5;5.9;0.2;4.4;3.6;8.51;21.32;29.48;24;16.91;2.07;10.88;8.89;13.8;16.91;;1.3;7.96;16.51;15.22;14.06;1.41;3.31;-0.43;25.85;12.06;22.05;15.39;7.37;5.41;6.35;10.82;15.34;23.57;16.12;14.33;22.96;27.79;29.53;35.87;38.34;31.7;11.1;;7.3
O3;uur;µg/m³;2023-12-08T09:00:00+01:00;2023-12-08T10:00:00+01:00;5.6;4.8;1.5;8.1;9.7;10.9;18.05;27.71;24.93;18.19;5.98;9.92;9.8;16.46;16.91;;3.18;7.15;13.24;10.16;8.9;2.58;4.62;0.8;20.51;10.56;17.4;12.53;5.53;6.27;8;6.92;11.02;16.33;13.89;14.15;20.45;24.82;27.09;32.86;38.9;30.96;8.6;6.7;8.2
O3;uur;µg/m³;2023-12-08T10:00:00+01:00;2023-12-08T11:00:00+01:00;;1.9;3.9;7.3;13.4;20.81;16.9;27.23;28.32;17.92;15.44;11.24;10.63;19.44;19.58;;4.32;6.73;21.65;6.95;4.5;7.59;3.06;2.32;17.95;7.49;13.82;9.45;6.11;5.25;7.94;7.85;7.45;9.62;14.24;11.19;19.28;16.58;26.52;31.93;38.91;29.67;8;11.2;10.3
O3;uur;µg/m³;2023-12-08T11:00:00+01:00;2023-12-08T12:00:00+01:00;;2.7;4;8.6;15.4;22.36;17.8;27.13;30.22;22.58;23.27;15.84;9.02;23.62;24.55;;8.6;2.83;21.56;13.24;2.49;11.87;7.01;3.58;14.7;5.46;13.19;7.8;3.85;3.78;6.92;5.2;9.18;7.41;14.25;7.77;15.41;14.09;22.33;30.9;37.79;27.19;9.4;8.2;7.4
O3;uur;µg/m³;2023-12-08T12:00:00+01:00;2023-12-08T13:00:00+01:00;16.8;5.5;5;13.8;18.8;24.04;25.09;25.28;32.62;28.27;22.53;26.7;12.23;28.35;25.22;;11.89;4.47;26.22;20.28;4.18;16.48;10.02;7.86;13.49;3.32;12.74;8.74;4.41;3.95;6.35;5.33;13.95;8.31;12.01;7.12;12.99;12;17.95;25.82;35.18;27.32;8.9;7.4;5.2
O3;uur;µg/m³;2023-12-08T13:00:00+01:00;2023-12-08T14:00:00+01:00;19.3;5.8;10;16.1;19.2;30.13;32.35;25.45;29.77;33.3;27.99;28.47;14.52;31.01;32.97;;19.4;6.19;27.79;24.49;14.39;23.53;11.24;14.75;9.18;6.31;10.68;12.29;7.84;6.95;13.17;10.49;20.58;7.48;10.57;8.33;11.5;8.43;15.95;20.3;30.48;24.6;8.9;7.3;5.1
O3;uur;µg/m³;2023-12-08T14:00:00+01:00;2023-12-08T15:00:00+01:00;23.3;6.4;7.8;10.5;17.2;30.89;33.97;25.05;28.86;36.78;38.63;30.29;14.98;33.49;40.08;;21.49;5.58;33.53;27.47;18.33;23.44;9.65;10.73;6.14;8.67;10.92;17.68;12.73;7.23;16.23;16.62;24.14;6.91;9.27;16.62;9.79;6.06;11.05;16.07;26.09;20.27;8.4;9.9;10.3
O3;uur;µg/m³;2023-12-08T15:00:00+01:00;2023-12-08T16:00:00+01:00;26.5;6.1;10.7;14.3;17.2;30.97;34.33;22.26;27.79;37.57;33.5;31.97;22.11;37.93;36.42;;23.56;8.4;36.82;28.44;34.84;20.66;13.67;11.98;4.88;15.58;10.82;17.95;16.73;12.07;15.67;22.09;26.22;5.55;7.99;20.75;8.14;3.54;7.93;9.66;20.77;12.69;11.5;14.2;17.7
O3;uur;µg/m³;2023-12-08T16:00:00+01:00;2023-12-08T17:00:00+01:00;26.9;4.1;11.7;23;23.1;33.26;40.6;32.72;28.44;36.19;36.14;27.97;25.65;33.77;38.91;;23.45;11.91;39.54;25.35;29.64;24.71;18.36;10.36;6.04;25.39;9.12;;15.68;10.67;12.91;19.47;20.1;5.68;14.07;21.78;6.35;2.69;6.57;1.4;15.01;3.24;19.8;17.9;24
O3;uur;µg/m³;2023-12-08T17:00:00+01:00;2023-12-08T18:00:00+01:00;20.7;3.8;12.4;24.3;25.9;38.25;35.9;35.9;28.61;37.99;27.91;27.5;28.7;33.37;40.38;;19.57;23.03;34.54;24.74;25.79;24.8;11.58;9.18;9.38;13.3;8.19;25.68;16.3;11.19;11.25;19.87;26.42;17.85;20.76;24.41;5.7;3.85;19.27;0.06;10.87;0.72;23.7;20.3;23.3
O3;uur;µg/m³;2023-12-08T18:00:00+01:00;2023-12-08T19:00:00+01:00;19.6;1.1;12.8;26.6;32.6;33.07;37.2;36.02;33.53;36.81;26.7;28.84;32.12;32.07;39.08;37.28;14.34;23.64;38.8;30.68;22.84;25.86;10.96;15.21;15.47;17.62;20.56;25.47;17.74;10.67;15.69;17.73;21.31;22.91;28.46;25.94;12.97;10.34;30.57;1.5;9.01;0.74;22.2;15.8;14.6
O3;uur;µg/m³;2023-12-08T19:00:00+01:00;2023-12-08T20:00:00+01:00;20.2;7.8;18;27.2;33.7;38;38.88;42.69;44.6;37.22;19.7;30.09;34.93;28.89;35.57;37.6;27.86;26.14;38.35;24.65;26.9;32.44;12.33;16.43;29.63;17.07;26.68;20.88;19.44;16.19;17.1;21.82;18.97;28.59;32.53;26.77;24.35;12.07;32.06;5.86;8.9;2.62;27.8;22.2;22.2
O3;uur;µg/m³;2023-12-08T20:00:00+01:00;2023-12-08T21:00:00+01:00;28.6;16.9;24.7;28.5;28.6;41.05;37.74;47.78;48.81;38.26;20.27;31.23;33.87;29.71;37.44;40.51;35.53;28.9;37.77;25.77;28.31;32.3;12.52;16.35;28.35;20.24;32.94;16.54;22.47;20.88;14.82;24.13;24.51;30.55;37.46;30.34;30.54;25.02;34.95;14.76;16.29;10.83;27.5;23;21.8
O3;uur;µg/m³;2023-12-08T21:00:00+01:00;2023-12-08T22:00:00+01:00;26.3;16.7;20.6;20.7;30.4;42.65;41.41;46.76;40.27;38.43;16.51;33.93;34.16;34.33;35.6;42.04;34.51;19.71;43.1;27.86;27.93;31.15;14;19.75;25.46;25.4;37.87;16.94;24.19;23.23;17.2;27.59;24.85;31.77;39.14;30.47;32.33;28.78;35.73;25.52;24.75;20.21;27.3;23.7;21.6
O3;uur;µg/m³;2023-12-08T22:00:00+01:00;2023-12-08T23:00:00+01:00;31.8;19.9;23.3;25.5;34.1;43.52;43.04;50.6;49.64;36.41;26.09;35.51;34.47;33.47;33.33;42.35;37.75;14.59;45.57;28.81;29.37;32.22;12.84;20.35;25.63;29.5;38.55;21.58;22.82;22.45;15.51;25.62;25.33;31.3;35.47;30.63;36.2;30.96;33.5;33.99;32.78;24.71;26.1;23.9;22
O3;uur;µg/m³;2023-12-08T23:00:00+01:00;2023-12-09T00:00:00+01:00;;25.7;22.8;26.3;28;44.06;43.28;53.21;53.59;37.8;33.21;35.19;36.88;33.68;35.64;43.59;35.71;21.41;44.83;27.53;29.26;31.08;23.11;21.63;25.3;30.91;36.83;28.79;23.84;23.46;16.46;26.51;26.25;32.05;35.3;29.69;37.33;34.61;33.75;37.09;36.77;28.6;24.1;24.5;23.2
O3;uur;µg/m³;2023-12-09T00:00:00+01:00;2023-12-09T01:00:00+01:00;30.5;21.7;22.9;33.6;30.2;49.63;45.52;52.71;54.25;39.37;24.05;35.5;40.12;37.31;32.2;43.88;34.59;32.77;43.14;31.69;30.01;37.28;32.84;28.06;28.65;29.09;34.65;31.99;25.31;23.65;17.65;28.39;25.71;33.48;35.84;33.05;36.72;36.99;33.07;38.84;38.56;34.61;28.1;25.9;25.6
O3;uur;µg/m³;2023-12-09T01:00:00+01:00;2023-12-09T02:00:00+01:00;27.4;18.7;25.2;31.2;35.6;49.6;45.56;50.04;52.52;39.79;22.91;38.14;41.64;37.82;36.15;44.48;39.66;35.87;40.97;32.95;34;37.49;22.75;29.69;30.12;30.88;36.28;34.89;26.76;26.27;22.57;29.48;28.5;35.26;35.79;34.92;36.82;37.57;33.74;39.72;43.3;37.81;33;29.6;28.1
O3;uur;µg/m³;2023-12-09T02:00:00+01:00;2023-12-09T03:00:00+01:00;26.8;12.5;22.7;28.8;36.6;47.28;44.94;50.64;51.41;39.85;26.44;39.23;43.8;37.4;40.63;45.5;37.79;36.76;39.8;33.34;35.65;34.2;23.83;31.03;34.08;34.61;37.12;33.78;30.25;29.97;21.89;32.82;30.98;36.47;37.25;34.08;38.11;38.96;36.02;39.12;43.39;38.03;36.3;31.6;31.2
O3;uur;µg/m³;2023-12-09T03:00:00+01:00;2023-12-09T04:00:00+01:00;29.6;16.8;24;30.5;36.7;44.84;45.75;52.33;53.3;35.46;29.72;39.82;44.73;39.53;36.11;46.16;31.42;39.47;39.38;35.69;35.86;29.47;29.56;31.79;33.02;27.84;38.71;23.36;30.73;30;25.71;32.82;34.27;37.46;40.83;34.59;37.06;36.36;38.55;41.31;44.33;40.87;36.9;34.7;33.6
O3;uur;µg/m³;2023-12-09T04:00:00+01:00;2023-12-09T05:00:00+01:00;33.1;30.1;31.4;28.4;27.6;47.48;42.89;53.25;56.7;35.42;32.78;38.01;39.79;39.73;38.15;45.87;27.53;36.68;31.27;37.97;29.72;35.02;34.66;23.24;32.36;25.5;40.11;27.78;30.08;29.69;30.43;32.53;31.65;35.2;40.6;36.44;40.15;38.88;39.27;45.29;44.43;44.61;32.8;32.7;32.3
O3;uur;µg/m³;2023-12-09T05:00:00+01:00;2023-12-09T06:00:00+01:00;28.7;26.5;17.7;29.8;20.9;52.17;43.22;53.32;57.41;40.96;30.95;38.24;40.59;42.3;37.34;46.89;29.51;33.92;32.64;37.94;30.55;34.94;29.2;26.09;34.66;32.8;41.17;33.09;30.99;31.1;32.01;33.32;30.88;32.98;39.96;36.98;43.18;42.81;40.47;50.3;47.2;46.87;32.5;30.7;29
O3;uur;µg/m³;2023-12-09T06:00:00+01:00;2023-12-09T07:00:00+01:00;30.7;25.7;9.5;29.9;25.7;53.46;45.69;52.99;56.11;42.91;35.01;42.88;42.68;46.7;35.94;48.44;30.4;34.96;33.22;39.06;30.54;32.35;33.24;29.46;28.63;28.59;42.62;31.16;32.14;33.05;33.33;33.62;34.04;35.71;41.52;36.31;39.14;41.87;41.88;51.24;49.4;49.2;35.8;34.7;34.9
O3;uur;µg/m³;2023-12-09T07:00:00+01:00;2023-12-09T08:00:00+01:00;34.6;21.9;21.1;30.7;21.1;49.99;48.51;53.37;56.28;45.14;41.01;41.79;47.43;47.86;39.03;47.65;33.84;26.61;34.6;44.89;27.08;36.11;35.78;28.69;31.07;30.04;43.25;34.69;34.26;35.26;37.5;36.45;38.29;37.49;43.97;37.64;36.8;42.38;43.28;49.48;50.55;50.05;38.4;36.2;36.3
O3;uur;µg/m³;2023-12-09T08:00:00+01:00;2023-12-09T09:00:00+01:00;30.1;29.4;17.1;34.8;20.3;52.38;50.92;59.02;58.88;49;42.12;43.3;48.86;48.81;46.35;51.41;37.74;32.77;42.64;48.06;29.64;34.72;34.95;35.4;32.74;34.68;44.97;39.88;38.92;40.13;40.16;42.31;42.19;36.78;44.91;42.72;41.54;42.17;45.86;44.67;51.7;50.19;42.7;41;42
O3;uur;µg/m³;2023-12-09T09:00:00+01:00;2023-12-09T10:00:00+01:00;37.8;33.9;30;42.2;33.4;56.65;51.08;59.76;62.36;53.87;47.34;48.21;49.78;51.94;51.43;57.24;43.79;37.11;49.54;50.9;34.87;39.51;35.48;35.92;40.89;38.44;49.41;41.2;41.23;40.68;44.23;43.58;42.09;33.9;48.1;44.41;44.3;39.61;47.69;44.98;51.91;48.11;45.4;42.8;44.4
O3;uur;µg/m³;2023-12-09T10:00:00+01:00;2023-12-09T11:00:00+01:00;40.7;38.2;34.1;42.7;39.3;59.74;50.49;61.7;64.18;54.05;48.12;50.62;55.02;54.64;53.66;53.97;46.56;35.39;53.3;51.9;43.46;44.75;37.24;42.1;46.13;43.64;50.46;42.82;42.57;42.08;44.09;46.05;45.77;33.61;50.99;45.36;45.35;42.26;51.79;47.13;51.38;47.26;47.3;44.9;45.6
O3;uur;µg/m³;2023-12-09T11:00:00+01:00;2023-12-09T12:00:00+01:00;43.5;44.2;41.2;43.9;41.3;61.05;54.38;61.34;63.83;57.28;49.49;53.52;58.26;56.14;58.15;54.49;46.24;34.49;56.02;55;46.01;46.33;38.1;35.79;50.73;43.51;55.13;47.5;46.02;47.08;47.68;49.9;50.72;36.11;52.25;48.03;45.44;45;54.58;42.46;53.88;49.69;53.3;47.6;48.5
O3;uur;µg/m³;2023-12-09T12:00:00+01:00;2023-12-09T13:00:00+01:00;49.3;47.1;52.4;46.5;46.3;61.67;58.12;62.95;64.56;60.6;57.2;54.28;60.13;59.13;62.14;59.86;51.6;25.87;60.94;56.57;52.69;52.83;51.84;44.61;54.52;48.69;57.22;51.55;49.06;51.71;51.35;53.94;53.73;38.36;51.88;46.72;44.78;45.82;56.03;45.16;53.14;49.77;55.4;53.4;54.3
O3;uur;µg/m³;2023-12-09T13:00:00+01:00;2023-12-09T14:00:00+01:00;54.4;52.2;57.5;54.3;48;62.94;61.55;67.52;67.7;66.24;61.33;58.53;66.5;65.05;62.56;61.21;57.64;33.01;64.99;62.67;59;56.93;60.19;46.08;54.46;54.32;57.17;56.24;51.95;55.44;55.71;57.8;57.7;44.17;52.56;47.36;44.18;47;56.92;44.97;52.52;47.27;54.3;56.3;58.7
O3;uur;µg/m³;2023-12-09T14:00:00+01:00;2023-12-09T15:00:00+01:00;57.7;56.2;60.5;56.2;54.4;65.36;61.46;66.57;67.21;66.32;62.94;57.97;69.61;64.72;61.52;63.82;60.34;37.84;68.35;65.78;63.84;58.86;62.85;48.27;57.67;60.24;54.45;60.83;56.47;60.41;59.34;62.66;62.43;46.35;53.03;51.92;46.23;44.92;51.68;46.45;50.37;44.66;60.7;58.1;61.2
O3;uur;µg/m³;2023-12-09T15:00:00+01:00;2023-12-09T16:00:00+01:00;57.8;55;58.8;53.2;45.8;64.24;63.86;67.89;69.59;71.24;55.38;59.55;71.13;65.63;57.57;60.1;57.4;36.35;69.82;66.39;65.7;61.2;54.46;50.11;59.77;63.82;56.24;62.08;56.53;61.23;60.51;63.42;61.88;50.63;59.42;55.57;50.41;45.35;49.43;51;48.9;44.02;65.3;62.4;65.3
O3;uur;µg/m³;2023-12-09T16:00:00+01:00;2023-12-09T17:00:00+01:00;50;46.2;46.5;46.7;41.5;64.69;63.03;68.55;68.58;66.75;46.84;60.46;63.75;63.95;53.27;53.81;48.76;52.53;58.45;61.35;61.77;51.43;47.38;43.34;62.35;63.55;62.32;61.32;58.08;61.01;63.39;62.4;62.88;56.53;60.65;56.49;57.53;51.84;52.31;54.9;52.11;48.95;65.5;63.8;64.7
O3;uur;µg/m³;2023-12-09T17:00:00+01:00;2023-12-09T18:00:00+01:00;44.1;35.3;32.2;30.3;47;63.3;63.3;65.26;65.29;59.24;40.73;57.57;52.12;60.07;54.84;58.79;44.41;39.84;53.08;49.27;50.41;45.34;31.95;32.06;62.94;54.41;61.59;54.97;54.54;53.96;54.64;59.18;55.89;56.47;60.19;57.37;57.75;52.69;57.65;57.58;57.17;55.51;63.7;60.4;61.8
O3;uur;µg/m³;2023-12-09T18:00:00+01:00;2023-12-09T19:00:00+01:00;47.7;36.9;35.6;42.4;46.2;58.84;61;60.9;59.28;53.13;55.6;51.2;50.07;54.03;67.58;69.03;57.81;44.98;60.26;50.65;58.47;52.35;44.62;47.39;57.93;53.66;60.42;44.47;43.22;40.75;41.86;48.6;46.37;51.4;59.78;53.83;53.7;53.87;58.99;59.63;59.77;57.45;53.4;49.8;51
O3;uur;µg/m³;2023-12-09T19:00:00+01:00;2023-12-09T20:00:00+01:00;62.5;55.7;65.2;56.2;66;52.86;56.31;55.31;57.63;56.38;54.58;50.58;65.42;53.94;69.46;70.35;72.5;67.14;73.58;64.22;77.56;73.53;70.67;67.88;63.3;70.13;55.55;62.42;49.27;52.38;60.96;54.18;59.7;49.82;52.41;49.08;54.19;52.65;59.51;60.42;58.66;56.42;66.6;72.9;66.3
O3;uur;µg/m³;2023-12-09T20:00:00+01:00;2023-12-09T21:00:00+01:00;66.4;63;70.9;59.7;49.9;54.76;63.22;58.72;57.06;67.15;62.38;59.54;69.88;63.41;69.67;70.97;72.44;63.08;74.36;66.14;76.79;73.21;72.38;68.7;74.06;71.89;69.89;69.65;63.53;65.79;69.31;69.8;66.39;48.48;58.17;56.33;51.73;56.1;65.48;57.86;57.2;54.57;76.3;76.7;71.8
O3;uur;µg/m³;2023-12-09T21:00:00+01:00;2023-12-09T22:00:00+01:00;68;64.4;70.5;60;56;62.41;68.08;68.53;68.23;65.27;56.08;60.03;66.29;64.82;73.41;72.9;68.44;62.55;74.39;68.13;77.09;71.58;71.97;65.76;73.62;72.3;72.89;69.27;65.05;65.21;68.8;69.68;66.88;51.32;67.19;63.25;58.89;66.14;72.09;53.8;60.72;51.78;75.7;75.3;71.9
O3;uur;µg/m³;2023-12-09T22:00:00+01:00;2023-12-09T23:00:00+01:00;68.9;64.6;70.4;63.1;51.6;65.44;66.53;67.85;69.62;67.98;58.96;62.48;67.13;63.92;75.08;74.31;72.83;60.75;74.87;69.08;77.83;72.72;73.29;69.4;74.49;74.93;72.89;68.19;64.09;62.33;68.83;68.31;65.22;59.11;64.95;63.61;67.32;66.71;72.21;62.06;72.61;61.9;77.6;78.7;74.4
O3;uur;µg/m³;2023-12-09T23:00:00+01:00;2023-12-10T00:00:00+01:00;70.5;60.6;65.8;65.7;50.1;66.71;64.41;68.15;70.5;62.41;63.75;60.77;68.44;65.85;75.17;72.84;74.53;66.64;77.87;71.9;76.59;73.5;72.15;70.26;76.36;72.86;73.94;70.45;63.14;65.73;70.27;67.14;67.05;58.67;65.69;63.94;67.74;69.37;74.16;69.7;75.05;66.54;73.7;76.9;73.8
O3;uur;µg/m³;2023-12-10T00:00:00+01:00;2023-12-10T01:00:00+01:00;72.8;60;67.5;64.6;56.8;67.45;66.83;70.14;71.69;64.68;66.97;65.38;70.11;70.06;75.45;76.76;76.34;67.21;78.66;72.94;77.4;71.4;73.12;71.77;75.54;74.89;72.71;71.79;66.93;66.91;73.45;71.53;71.81;61.04;69.02;64.1;65.98;70.35;75.31;72.05;74.22;70.14;74.1;78.4;75.3
O3;uur;µg/m³;2023-12-10T01:00:00+01:00;2023-12-10T02:00:00+01:00;72.7;59.2;67.5;72.2;62.3;72.16;71.09;73.9;74.71;70.9;68.51;69.53;75.05;73.05;78.25;76.14;74.28;67.78;80.49;75.13;78.26;71.05;74.87;71.97;77.73;75.43;75.13;68.36;68.6;70.12;70.06;72.11;72.73;62.06;70.69;64.11;64.62;71.47;75.35;71.55;74.87;71.9;72.4;79.2;75.5
O3;uur;µg/m³;2023-12-10T02:00:00+01:00;2023-12-10T03:00:00+01:00;75.8;64.5;72.6;73.1;59.3;;;;;;;;;;;;;;;;;;;;;;;;;;;;;;;;;;;;;;76.1;81.4;77.4
O3;uur;µg/m³;2023-12-10T03:00:00+01:00;2023-12-10T04:00:00+01:00;74.8;69;75.1;72.1;61.6;76.6;75.96;76.96;78.6;72.65;74.54;72.44;79.48;76.3;77.93;75.46;78.58;74.24;80.6;78.22;80.03;77.04;78.28;76.91;79.84;78;74.03;74.95;71.6;73.55;76.97;75.27;75.3;68.12;75.48;70.04;70.29;71.2;77.13;72.54;75.49;73.53;77;82.1;77.1
O3;uur;µg/m³;2023-12-10T04:00:00+01:00;2023-12-10T05:00:00+01:00;75.2;69.9;77;68.7;72.7;76.16;74.89;75.2;76.15;75.74;72.35;71.03;77.51;75.36;78.06;76.81;79.35;71.8;79.61;77.09;80.81;79.47;78.34;77.93;79.72;78.13;76.51;76.89;70.99;74.93;78.03;75.2;73.45;69.49;75.48;72.98;72.3;73.31;77.72;72.91;76.34;74.57;78.8;81.7;78.2
O3;uur;µg/m³;2023-12-10T05:00:00+01:00;2023-12-10T06:00:00+01:00;74;71.7;76.4;64.1;72.7;74.23;75.48;74.75;76.02;76.27;72.71;71.15;76.5;74.08;76.52;76.88;78.88;66.77;78.81;76.23;80.48;78.54;77.06;77.49;77.67;77.45;77.65;76.96;73.61;75.03;77.85;77.9;72.26;69.87;75.32;75.72;72.98;72.89;76.2;74.17;77.43;74.82;79.3;81.8;77.2
O3;uur;µg/m³;2023-12-10T06:00:00+01:00;2023-12-10T07:00:00+01:00;73.5;71.5;75.4;62.5;70.2;75.96;75.6;74.63;76.81;75.72;75.02;70.77;78.07;72.9;76.95;75.07;76.31;69.27;79.43;75.7;80.41;74.28;76.29;74.44;76.9;77.87;77.66;75.72;71.51;71.86;76.99;75.12;71.57;70.56;74.4;74.7;74.39;73.46;75.3;74.71;76.42;73.13;79.7;81.6;77.3
O3;uur;µg/m³;2023-12-10T07:00:00+01:00;2023-12-10T08:00:00+01:00;72.8;70.4;74.4;61.3;70.1;75.65;75.77;75.03;76.29;76.02;70.41;70.71;78.7;72.31;77.81;74.56;77.32;71.46;79.54;75.41;79.91;77.06;74.67;75.09;75.2;77.72;77.74;75.16;66.74;72.84;76;74.42;72.03;69.63;72.31;74.26;73.11;73.73;72.83;73.98;77.86;75.06;79.8;81.8;76.8
O3;uur;µg/m³;2023-12-10T08:00:00+01:00;2023-12-10T09:00:00+01:00;68.2;68.3;72.2;56;66.9;74.35;75.22;73.93;76.23;74.11;66.8;69.23;78.36;71.35;77.08;73.19;74.08;66.96;79.06;73.94;79.86;73.75;73.67;70.34;77.64;77.86;76.94;74.07;67.68;73.67;75.27;76.57;69.46;70.15;74.54;73.19;72.27;73.52;72.56;71.39;75.26;75;79.5;81.1;76.9
O3;uur;µg/m³;2023-12-10T09:00:00+01:00;2023-12-10T10:00:00+01:00;63.3;64.8;69;50.6;69.1;72.81;72.76;71.64;74.17;68.95;63.3;66.55;75.39;68.1;75.23;68.02;72.67;65;76.73;71.06;77.97;73.98;70.53;71.25;77.94;74.91;75.91;73.08;61.7;70.01;73.44;71.95;68.17;67.24;73.32;72.5;71.16;73.26;73.26;69.46;63.91;63.79;78.5;79.7;74.7
O3;uur;µg/m³;2023-12-10T10:00:00+01:00;2023-12-10T11:00:00+01:00;64.1;64.6;69.7;51.4;66.9;70.7;71.26;71.86;73.63;68;63.13;63.55;67.08;67.13;71.23;69.15;73.65;65.75;75.06;70.86;78.14;73.48;72;70.49;77.21;72.87;76.01;72.42;64.6;69.44;71.19;71.9;66.55;64.22;70.75;70.36;69.02;72.38;74.66;70.67;64.04;61.82;76.4;78.1;72.4
O3;uur;µg/m³;2023-12-10T11:00:00+01:00;2023-12-10T12:00:00+01:00;65.3;61;66;63.5;55.9;71.22;68.86;72.84;74.39;68.7;61.08;66;69.51;71.32;70.99;68.21;71.72;56.98;74.62;69.83;77.09;71.53;70.05;67.58;76.65;71.49;75.42;70.32;65.05;65.58;69.84;70.62;65.43;63.72;70.13;68.1;69.34;70.68;73.96;73.55;66.88;63.53;77.3;76.9;72.4
O3;uur;µg/m³;2023-12-10T12:00:00+01:00;2023-12-10T13:00:00+01:00;62.5;53.5;55.1;46.4;52.4;70.62;72.23;71.3;73.8;68.3;63.39;66.33;65.92;69.79;64.96;67.14;70.23;69.19;72.25;68.66;76.39;66.03;61.29;61.42;76.51;69.01;74.54;70.47;63.13;63.91;68.51;67.9;66.56;63.24;68.59;67.73;67.74;68.2;72.75;73.17;74.19;69.33;75.2;75.6;72.1
O3;uur;µg/m³;2023-12-10T13:00:00+01:00;2023-12-10T14:00:00+01:00;57.9;47.3;50;30.5;56.9;70.55;71.07;69.54;71.04;67.57;62;64.37;63.1;67.92;63.13;67.71;63.03;59.59;60.52;60.48;71.75;60.5;47.32;46.4;75.17;67.24;73.29;63.98;60.71;61.84;62.15;66.33;63.29;63.72;69.93;67.36;70.01;69.04;72.51;71.64;73.64;70.12;73.1;72.9;71.2
O3;uur;µg/m³;2023-12-10T14:00:00+01:00;2023-12-10T15:00:00+01:00;54;42.5;47.8;51.9;52.3;67.13;70.13;65.45;66.85;65.85;57.42;61.81;62.06;66.6;59.84;62.81;55.32;39.67;62.51;55.6;63.65;57.4;47.05;44.43;73.6;62.15;70.31;57.93;53.39;53.31;54.51;59.81;55.66;59.56;67.25;61.29;64.36;67.62;70.18;71.47;73.75;68.61;61.1;67.1;61.3
O3;uur;µg/m³;2023-12-10T15:00:00+01:00;2023-12-10T16:00:00+01:00;50.8;42.3;48.6;53.6;53.3;63.99;66.63;63.66;64.65;65.18;59.17;59.03;62.63;63.96;66.01;67.18;51.76;56.01;61.3;57.86;56.11;55.14;46.41;44.82;68.94;55.22;64.53;54.17;48.92;49.62;50.64;53.93;55.21;46.49;60.54;59.88;61.28;63.46;65.62;68.05;73.06;71.07;60;54.6;57
O3;uur;µg/m³;2023-12-10T16:00:00+01:00;2023-12-10T17:00:00+01:00;53.8;43.1;53.4;54.7;51.8;64.2;65.9;65.94;64.96;63.51;52.46;59.83;63.39;63.32;58.33;63.1;55.33;61.65;63.49;63.02;58.35;57.23;52.74;50.66;59.7;56.77;58.05;57.29;52.18;52.34;53.56;56.87;58.02;57.01;61.27;59.05;58.21;56.54;63.97;63.83;65.54;66.2;54.6;53.8;54.7
O3;uur;µg/m³;2023-12-10T17:00:00+01:00;2023-12-10T18:00:00+01:00;51.1;45.2;46.8;48.4;46;64.63;63.54;67.91;68.43;62.24;51.18;57.16;60.56;61.21;55.72;64.4;53.25;58.44;57.58;58.55;57.8;53.47;46.41;48.73;52.8;54.05;61.18;57.55;54.86;53.94;49.73;58.88;57.46;60.5;64.22;59.25;59.35;54.44;58.43;60.6;60.69;61.86;60.5;57.8;59.6
O3;uur;µg/m³;2023-12-10T18:00:00+01:00;2023-12-10T19:00:00+01:00;51.3;46.9;50.5;52.1;45.3;66.62;64.51;68.3;68.44;63.29;55.64;60.16;64.34;62.83;60.88;62.8;51.57;57.89;60.84;58.77;54.86;51;48.68;47.04;61.84;53.92;63.54;55.34;52.39;54.46;53.59;56.01;57.44;60.23;61.64;54.85;60.68;60.72;63.02;60.36;60.57;55.92;58.7;55.8;58.3
O3;uur;µg/m³;2023-12-10T19:00:00+01:00;2023-12-10T20:00:00+01:00;55.1;50.8;44.7;39.6;55.5;65.01;65.19;66.49;66.42;63.24;58.28;59.9;61.86;63.05;62.78;63.28;54.88;55.99;62.61;56.93;57.23;56.42;50.25;48.14;55.28;54.11;62.16;55.99;53.42;56.05;52.46;57.1;57.93;58.1;61.77;58.32;59.24;59.3;61.81;64.34;64.13;59.48;55.8;54.1;54.7
O3;uur;µg/m³;2023-12-10T20:00:00+01:00;2023-12-10T21:00:00+01:00;58.6;46.1;51.3;61.4;43.4;61.17;63.44;62.01;62.99;61.24;55.62;58.09;62;61.41;67.97;68.02;59.03;58.43;66.89;59.6;62.97;54.62;55.92;55.04;54.85;62.13;60.72;57.94;52.73;56.9;57.03;56.48;59.44;59.17;61.52;57.07;59.45;58.01;60.62;61.8;71.32;66.85;57.7;59.6;58.5
O3;uur;µg/m³;2023-12-10T21:00:00+01:00;2023-12-10T22:00:00+01:00;59.8;50.1;50;61.1;50;59.71;61.73;60.01;61.21;62.2;61.78;58.96;62.62;62.51;68.48;68.46;65.07;55.61;70.68;66.89;67.23;61.6;59.82;64.66;67.45;64.87;63.82;61.9;56.77;57.18;62.77;60.64;62.05;58.24;61.57;56.35;58.92;57.8;58.25;60.88;66.1;62.77;64.5;66.6;63.5
O3;uur;µg/m³;2023-12-10T22:00:00+01:00;2023-12-10T23:00:00+01:00;64.6;53;60.3;40.4;47.7;58.67;63.64;60.69;60.2;57.58;60.31;59.56;63.91;63.37;68.4;71.76;65.89;59.05;70.65;67.45;71.02;64.5;61.47;63.79;67.71;70.75;64.95;67.48;59.5;61.26;67.9;63.03;63.41;59.25;61.64;61.23;62.21;63.47;66.68;59.36;59.19;54.04;69.3;72.5;67.7
O3;uur;µg/m³;2023-12-10T23:00:00+01:00;2023-12-11T00:00:00+01:00;65.6;43.7;56;32.7;54.3;61.89;62.87;66.75;68.27;62.08;65.98;60.86;65.08;66.91;71.45;71.11;60.84;69.91;71.6;64.67;67.84;59.47;55.75;55.01;71.01;68.66;68.5;62.87;59.8;64.21;66.15;63.45;63.51;59.05;64.7;61.98;62.44;63.68;65.94;64.99;60.24;58.24;68.6;73.1;68.6
O3;uur;µg/m³;2023-12-11T00:00:00+01:00;2023-12-11T01:00:00+01:00;68.8;56.3;59.3;31.9;60.3;65.98;66.18;67.98;69.93;63.94;62.42;64.92;69.68;68.24;72.51;70.73;61.75;73.43;74.36;65.77;66.05;65.41;65.19;63.35;70.88;64.88;68.53;62.97;58.6;64.63;62.69;63.81;66.9;60.2;64.43;62.03;64.53;67.01;70.37;67.11;64.57;62.95;65.3;70.6;65.5
O3;uur;µg/m³;2023-12-11T01:00:00+01:00;2023-12-11T02:00:00+01:00;70.1;62.9;55.5;42.8;59.7;67.33;68.49;69.78;69.52;67.44;62.13;65.65;65.97;69.09;71.7;72.87;63.82;73.48;68.8;62.15;69.21;71.6;71.04;65.33;67.08;71.11;64.22;67.09;63.85;67.76;66.9;68.3;65.57;60.05;64.99;63.05;63.28;64.2;66.6;67.64;70.33;64.12;64.2;70;64.7
O3;uur;µg/m³;2023-12-11T02:00:00+01:00;2023-12-11T03:00:00+01:00;70.7;63.6;58.3;44.6;60.8;69.91;70.57;71.5;72.85;69.97;65.38;67.54;65.23;71.27;71.91;73.65;67.52;73.82;69.36;62.4;71.02;72.73;68.39;65.7;68.41;71.79;68.71;68.8;63.16;64.42;71.24;67.32;63.18;61.08;66.07;62.19;65.92;61.58;65.12;65.08;69.65;68.14;69.3;75.2;69.5
O3;uur;µg/m³;2023-12-11T03:00:00+01:00;2023-12-11T04:00:00+01:00;71.2;56.3;63.8;54.1;59.5;69.07;71;73.1;74.35;70.76;65.39;67.24;68.55;70.33;73.36;75.74;71.66;76.3;73.61;67.21;74.85;69.8;65.62;68.02;73.14;73.74;70.13;69.51;62.83;65.86;69.34;66.71;64.59;60.31;66.52;64.81;66.86;66.11;69.37;64.29;65.37;65.03;73.2;78.4;74
O3;uur;µg/m³;2023-12-11T04:00:00+01:00;2023-12-11T05:00:00+01:00;71.8;57.9;60.8;53;63;69.55;71.73;72.7;73.2;71.15;70.94;67.56;72.81;70.84;75.55;78.08;71.01;74.81;75.62;67.54;75.46;71.83;69.07;62;76.53;74.87;70.3;;65.53;68.03;;69.27;67.89;61.72;68.67;64.99;66.42;67.69;71.58;67.66;68.62;66.68;76.1;81;76.6
O3;uur;µg/m³;2023-12-11T05:00:00+01:00;2023-12-11T06:00:00+01:00;73.3;56.1;66.4;56.1;61.8;68;71.78;71.73;72.2;70.77;72.54;64.77;75.1;67.61;76.95;78.03;71.11;78.84;79.07;74.52;75.81;67.6;67.25;58.36;76.96;75.34;72.56;;68.31;70.69;;71.69;71.61;65.94;69.02;64.35;66.88;67.71;71.26;69.34;70.42;70.19;74.1;79.5;74.6
O3;uur;µg/m³;2023-12-11T06:00:00+01:00;2023-12-11T07:00:00+01:00;71.2;51.6;63.4;63.6;65.8;67.81;68.56;69.69;70.59;68.06;73.12;63.8;74.55;66.85;75.03;78.52;74.21;73.83;78.03;73.92;75.04;63.86;63.54;62.52;75.43;73.54;72.96;;66.62;70.78;;71.96;72.93;64.28;69.98;64.08;67.59;70.19;70.79;70.57;69.16;70.07;72.5;77;72.1
O3;uur;µg/m³;2023-12-11T07:00:00+01:00;2023-12-11T08:00:00+01:00;72.3;60.3;68.7;64.7;66.2;65.78;67.38;67.84;68.8;69.84;72.34;63.91;74.94;66.92;77.06;77.55;73.7;63.87;78.03;74.35;75.33;69.04;72.2;68.71;75.32;71.61;72.44;69.57;65.26;67.77;67.82;69.84;71.94;63.81;70.74;62.68;66.1;69.37;71.86;69.93;70.8;68.58;69.8;74.7;71.6
O3;uur;µg/m³;2023-12-11T08:00:00+01:00;2023-12-11T09:00:00+01:00;64.5;62.1;67.7;54.8;59.2;68.33;68.92;66.38;67.71;74.14;72.07;64.92;71.49;69.76;77.24;77.19;70.61;65.09;77.87;70.27;71.53;69.65;68.66;67.65;68.42;64.82;71.04;68.92;58.87;62.94;67.17;68.22;65.56;63.78;71.8;65.13;66.4;67.12;69.42;69;70.24;67.45;69;68.9;67.3
O3;uur;µg/m³;2023-12-11T09:00:00+01:00;2023-12-11T10:00:00+01:00;56.6;51.7;58.1;41.5;62.6;66.45;70.09;68.6;71.82;72.81;69.18;65.62;72.2;70.76;73.83;76.14;67.79;61.9;73.9;65.63;70.51;67.35;56.8;66.09;72.79;64.83;67.2;68.49;59.06;65;65.75;61.18;63.99;65.9;67.34;67.02;66.98;64;66.92;67.34;68.3;64.58;65.5;63.4;66.1
O3;uur;µg/m³;2023-12-11T10:00:00+01:00;2023-12-11T11:00:00+01:00;40.1;52.5;57.2;33.8;53.7;64.1;70.88;69.15;71.2;70.81;67.23;65.07;69.74;69.43;71.33;72.35;68.42;61.99;69.27;54.99;74.37;65.29;50.12;65.47;72.94;70.92;72.23;63.39;58.04;61.61;62.78;57.71;64.41;64.58;67.88;62.34;64.86;66.32;71.18;64.97;69.9;59.42;62.5;61.8;67
O3;uur;µg/m³;2023-12-11T11:00:00+01:00;2023-12-11T12:00:00+01:00;42.3;48.6;53.8;33.5;46;64.57;70.09;67.7;70.21;69.52;63.53;63.34;67.52;66.55;67.8;69.91;64.29;61.01;68.05;49.08;77.66;62.69;;63;76.84;73.78;73.01;66.33;57.6;61.35;65.47;60.92;65.71;62.97;67.2;60.12;67.36;68.38;69.39;67.29;70.75;64.01;72.4;67.8;73.5
O3;uur;µg/m³;2023-12-11T12:00:00+01:00;2023-12-11T13:00:00+01:00;48.7;43.8;46.9;36.1;50.2;63.15;71.94;65.57;67.69;69.15;66.32;61.97;66.96;68.39;67.33;69.06;62.41;53.01;66.5;52.26;76.38;61.67;;59.57;79.34;71.44;78.12;65.98;60.53;63.55;68.64;65.2;61.43;63.57;68.4;61.79;67.78;70.16;74.91;70.11;75.1;67.17;72.4;65.9;73.4
O3;uur;µg/m³;2023-12-11T13:00:00+01:00;2023-12-11T14:00:00+01:00;53.1;41.6;43.9;36.7;52.9;65.3;69.54;66.16;67.75;70.12;58.79;61.63;63.63;68.62;68.61;69.02;64.04;48.26;69.68;53.78;69.88;61.66;;61.21;74.54;66.71;78.71;61.94;56.63;59.37;62.59;60.96;;67.54;70.42;63.76;71.64;73.86;76.42;70.07;75.95;70.93;71.9;65.3;68.9
O3;uur;µg/m³;2023-12-11T14:00:00+01:00;2023-12-11T15:00:00+01:00;50;40.3;50.6;44.9;53.5;62.95;68.29;63.19;62.45;69.63;48.91;61.43;63.65;62.94;65.79;66.21;61.61;53.9;68.08;51.57;72.56;60.56;53.97;55.38;69.07;63.78;75.71;57.94;48.78;52.1;58.16;55.04;;66.42;68.26;53.68;71.77;71.13;66.81;74.26;75.07;70.55;66.4;60.5;64.6
O3;uur;µg/m³;2023-12-11T15:00:00+01:00;2023-12-11T16:00:00+01:00;41.8;43.2;51;44.4;46.2;62.37;62.18;56.37;51.55;63.98;39.49;56.09;57.57;58.04;63.32;64.71;57.2;52.24;62.94;49.07;70.6;57.38;52.11;52.57;70.34;61.39;70.18;59.93;41.74;51.93;52.32;53.79;;62.61;60.55;46.16;67.87;61.98;60.88;75.16;61.79;61.9;63.1;53.8;64.4
O3;uur;µg/m³;2023-12-11T16:00:00+01:00;2023-12-11T17:00:00+01:00;48.2;39.1;47.8;45;39.3;50.6;60.27;56.37;51.85;57.87;38.19;46.43;50.66;51.97;58.73;59.77;58.09;48.89;62.07;45.17;70.63;54.03;48.84;44.23;65.18;58.42;69.35;57.21;42.06;46.3;47.93;51.09;;57.47;52.56;48.08;62.92;61.22;58.44;62.41;51.13;51.16;55.5;51.1;60
O3;uur;µg/m³;2023-12-11T17:00:00+01:00;2023-12-11T18:00:00+01:00;49.5;43.2;49.9;37.3;45.2;41.78;57.11;55.81;54.72;55.88;44.04;39.19;47.97;52.02;58.1;60.29;48.7;29.91;60.79;49.99;69.82;50.25;50.26;34.64;57.93;61.38;66.38;57.24;43.79;46.91;42.65;52.81;43.23;50.81;56.39;43.3;59.3;59.8;59.32;55.78;41.16;40.85;57.9;51.7;60.1
O3;uur;µg/m³;2023-12-11T18:00:00+01:00;2023-12-11T19:00:00+01:00;51.3;44.2;48.3;46.4;43;47.8;50.29;60.61;60.28;46.76;32.36;43;36.29;51.57;53.28;56.15;39.82;35.47;55.96;50.65;67.72;48.63;49.98;42.3;52.02;59.81;63.5;54.67;37.55;47.36;44.78;51.72;42.17;48.99;54.34;45.41;55.6;53.57;53.55;53.77;41.99;36.69;54.4;45.7;57.5
O3;uur;µg/m³;2023-12-11T19:00:00+01:00;2023-12-11T20:00:00+01:00;53.6;48.6;55.5;42.1;47.3;46.5;53.13;58.15;60.53;47.3;41.09;45.24;33.61;47.54;54.44;52.68;55.91;46.8;57.63;50.03;62.18;47.7;57.62;49.84;51.62;53.82;55.29;51.05;39.32;49.79;37.07;48.6;45.85;47.08;49.91;48.21;55.43;46.97;49.31;56.4;39.59;35.97;50.7;46.5;55.8
O3;uur;µg/m³;2023-12-11T20:00:00+01:00;2023-12-11T21:00:00+01:00;48.8;43.6;45.9;33;41.7;47.43;50.99;60.47;62.67;46.77;38.62;39.25;41.33;42.97;53.89;50.71;59.72;20.97;54.28;48.76;63.67;49.74;45.84;54.19;53.95;46.45;60.75;50.47;40.54;43.76;37.69;50.15;41.2;43.42;49.18;44.84;44;44.84;45.12;51.49;41.6;38.33;49.8;48.1;48.5
O3;uur;µg/m³;2023-12-11T21:00:00+01:00;2023-12-11T22:00:00+01:00;50.2;32.5;44.5;32.7;14.8;54.26;43.78;57.11;60.1;43.92;46.29;37.05;36.88;39.75;54.05;49.43;64.52;24.83;52.51;43.23;66.62;57.16;48.19;61.84;48.28;48.41;58.73;48.43;35.28;30.91;41.42;42.79;42.37;36.34;47.63;35.83;38.35;39.88;43.73;43.32;39.25;37.97;49.1;44.4;43.3
O3;uur;µg/m³;2023-12-11T22:00:00+01:00;2023-12-11T23:00:00+01:00;45.1;36;38.9;23.7;19.2;54.72;41.9;55.35;49.59;32.88;47.4;38.02;38.12;44.13;59.9;46.04;61.05;31.61;46.19;40.72;66.68;57.95;41.61;52.29;39.37;44.39;38.18;56.71;42.13;28.11;51.9;45.6;38.31;35.97;45.84;33.81;38.63;41.41;41.5;39.4;37.58;35.85;48.9;45.2;47.4
O3;uur;µg/m³;2023-12-11T23:00:00+01:00;2023-12-12T00:00:00+01:00;42.7;17.3;27.3;22.5;9.7;55.69;40.67;59.36;55.06;33.92;38.79;43.05;43.86;48.22;34.79;38.41;30.9;17.87;36.72;33.27;57.81;21.21;50.04;32.3;37.41;49.4;38.88;51.86;30.55;33.34;49.78;35.92;36.28;42.62;40.98;34;38.76;43.04;34.56;36.14;35.9;34.91;44.5;46.1;45.9
O3;uur;µg/m³;2023-12-12T00:00:00+01:00;2023-12-12T01:00:00+01:00;39.5;12.8;29.5;16.7;12.8;53.57;47.09;58.28;54.07;36.94;35.81;44.45;37.66;45.44;22.88;38.87;52.65;11.63;36.3;34.18;53.22;4.15;32.59;44.1;37.43;48.89;36.22;37.15;31.35;33.34;47.46;37.54;34.59;29.84;39.87;32.8;35.54;38.27;31.59;36.4;35.36;33.02;45;53.8;44.3
O3;uur;µg/m³;2023-12-12T01:00:00+01:00;2023-12-12T02:00:00+01:00;30.8;18.6;0.7;17.7;23.9;52.17;47.63;48.91;51.03;36.97;38.68;40.39;22.52;45.46;30.83;30.57;45.84;7.89;26.2;28.88;48.82;12.2;3.36;36.04;31.88;48.12;29.96;25.4;32.42;37.39;31.29;37.17;23.84;25.98;37.1;26.59;36.17;36.33;31.58;35.97;36.56;33.81;41.1;46.1;37.1
O3;uur;µg/m³;2023-12-12T02:00:00+01:00;2023-12-12T03:00:00+01:00;14.7;4.2;5;9.5;8.8;44.05;43.7;37.13;50.88;36.19;19.14;37.95;13.72;39.9;31.25;33.19;20.1;10.52;22.34;18.54;42.93;11.58;0.74;12.65;32.96;42.98;40.44;23.01;33.71;30.7;24.64;38.5;20.82;19.01;33.12;23.45;32.34;29.32;31.02;36.13;31.96;30.35;37.9;43.5;32.3
O3;uur;µg/m³;2023-12-12T03:00:00+01:00;2023-12-12T04:00:00+01:00;10.6;5.8;2.9;5.8;7.5;40.18;39.55;47.38;49.88;36.09;5.32;38.87;21.33;35.36;19;40.74;6.53;25.32;15.81;14.73;24.73;8.43;10.45;1.85;31.97;31.8;37;25.07;30.12;16.12;22.41;30.45;15.55;21.11;27.46;23.88;28.18;27.11;35.58;33.74;27;31.6;30.3;32.3;25.1
O3;uur;µg/m³;2023-12-12T04:00:00+01:00;2023-12-12T05:00:00+01:00;6.8;1.1;3.1;14.7;11.1;28.48;38.77;55.13;55.16;33.02;5.46;34.24;29.18;30.85;13.72;37.2;2.41;14.91;16.11;12.64;20.84;1.37;7.64;0.63;37.59;25.22;33.67;14.17;16.49;9.62;14.12;15.47;10.83;23.51;21.2;27.97;26.93;25.96;37.61;31.25;25.96;31.37;24.9;28.1;21.6
O3;uur;µg/m³;2023-12-12T05:00:00+01:00;2023-12-12T06:00:00+01:00;0.8;7.2;0.2;5.6;5.7;22.26;36.18;57.8;56.8;27.52;8.26;25.58;47.84;27.2;22.7;19.62;2.25;12.9;13.23;13.12;6.51;1.03;1.48;-0.25;33.83;10.33;28.7;13.07;9.4;4.69;8.09;9.72;8.54;22.27;16.95;28.69;24.16;26.74;34.48;29.71;27.93;31.04;20.4;21;15
O3;uur;µg/m³;2023-12-12T06:00:00+01:00;2023-12-12T07:00:00+01:00;2.9;5.9;0.3;3.7;8.3;27.86;31.7;55.04;57.67;24.94;19.4;17.47;26.71;21.26;26.5;20.84;1.24;8.66;19.68;20.34;5.92;0.91;1.84;-0.35;22.79;9.37;18.94;4.55;4.39;1.76;9.94;6.49;14.99;25.52;22.07;27.24;20.83;22.23;37.07;23.85;26.97;27.67;12.9;16.1;12.2
O3;uur;µg/m³;2023-12-12T07:00:00+01:00;2023-12-12T08:00:00+01:00;1.5;3.7;-0.1;5.9;5.8;37.79;24.58;49.09;54.16;20.21;21.5;12.78;18.93;13.19;21.28;15.2;1.04;5.98;21.89;18.95;1.59;0.91;6.72;-0.49;9.2;2.09;9.49;5;3.77;1.1;1.71;4.67;11.21;13.98;15.98;26.18;17.23;15.61;28.28;16.41;24.98;14.52;7;8;7.7
O3;uur;µg/m³;2023-12-12T08:00:00+01:00;2023-12-12T09:00:00+01:00;9.7;2.7;0.2;2.9;8.5;29.64;20.76;49.55;46.74;24.28;22.4;11.15;13.98;14.29;18.33;25.67;1.2;5.51;28.01;18.92;0.09;1.91;7.35;-0.27;5.4;1.46;6.7;7.66;3.79;2.14;1.49;5.87;12.03;9.95;17.29;22.69;21.66;8.4;17.05;5.63;26.53;1.87;2.8;4.9;4.6
O3;uur;µg/m³;2023-12-12T09:00:00+01:00;2023-12-12T10:00:00+01:00;16.9;6.4;7.1;5.8;9.5;35.44;22.78;44.97;47.12;34.83;23.62;12.43;23.23;20.99;20.88;33.29;4.21;7.63;30.02;25.85;8.22;11.59;19.22;1.08;10.34;6.98;17.93;15.83;9.1;7.45;9.61;10.35;17.43;17.71;19.1;23.94;22.95;5.8;15.25;7.9;24.74;6.07;4.3;7.9;6
O3;uur;µg/m³;2023-12-12T10:00:00+01:00;2023-12-12T11:00:00+01:00;15.3;14.3;9.1;14;14.4;29.96;26;45.01;44.72;37.97;16.18;27.93;30.89;32.9;32.57;39.52;11.73;12.64;31.88;31.44;19.04;12.69;16.24;5.76;22.49;17.1;24.83;22.19;14.86;12.78;18.53;17.17;24.22;19.21;22.82;31.09;22.74;13.4;17.41;11.84;27.62;18.72;12.8;14.2;14.8
O3;uur;µg/m³;2023-12-12T11:00:00+01:00;2023-12-12T12:00:00+01:00;16.7;19;11.4;15.4;11.7;31.8;42.23;46.94;42.94;45.64;22.48;38.4;36.52;43.96;36.13;36.76;20.15;14.75;30.77;30.89;20.78;18.4;15.32;13.52;29.26;22.15;29.86;25.8;18.46;17.79;20.47;22.21;28.59;14.58;27.5;37.17;24.64;18.21;22.75;23.67;30.34;22.19;17.8;19.8;18.4
O3;uur;µg/m³;2023-12-12T12:00:00+01:00;2023-12-12T13:00:00+01:00;14.1;18.7;10.3;14.5;14.1;38.25;45.8;43.04;38.13;42.98;23.03;33.24;38.69;41.57;34.66;39.67;17.83;19.17;31.83;34.27;24.06;16.01;12.41;10.07;31.96;25.54;34.43;31.6;20.82;19.66;27.37;25.01;32.8;15.7;30.8;37.41;20.83;24.89;25.14;27.38;24.56;23.66;20.1;20.8;24
O3;uur;µg/m³;2023-12-12T13:00:00+01:00;2023-12-12T14:00:00+01:00;18.7;20.1;10.7;23.2;20.3;35.45;45.73;43.11;39.44;40.69;22.93;33.73;35.61;38.5;27.49;44.57;18.12;26.78;35.18;31.93;16.62;16.59;17.04;14.2;31.25;26.91;35.07;30.84;23.25;26.95;20.01;27.56;34.19;19.56;35.36;47.57;18.94;22.99;26.08;22.74;25.68;19.32;19.5;26.2;30
O3;uur;µg/m³;2023-12-12T14:00:00+01:00;2023-12-12T15:00:00+01:00;19;15.4;13.4;17.5;21.1;33.8;38.85;41.69;39.81;38.76;26.06;25.79;29.44;31.89;36.06;46.75;17.86;26.38;31.46;32.06;15.42;19.07;11.62;11.89;30.03;25.21;32.7;30.78;28.79;27.18;26.39;31.67;31.78;20.01;34.88;39;16.7;19.63;26.28;25.93;26.79;21.09;10.5;18.6;24.2
O3;uur;µg/m³;2023-12-12T15:00:00+01:00;2023-12-12T16:00:00+01:00;26.6;7.8;19.1;22.1;30.8;22.73;34.25;40.27;41.83;34.26;44.15;19.69;25.36;24.13;38.2;58.2;20.83;22.62;38.35;26.2;14.48;24.56;15.12;15.71;26.55;19.17;32.97;27.74;21.29;17.08;20.68;23.04;24.98;19.15;40.71;32.52;13.16;15.62;22.58;24.99;29.91;21.09;18.2;22.4;28.5
O3;uur;µg/m³;2023-12-12T16:00:00+01:00;2023-12-12T17:00:00+01:00;17.1;14.2;12.5;14.4;23.9;10.95;28.98;39.55;40.85;40.31;42.22;14.03;43.14;20.39;45.26;56.08;28.91;22.17;41.98;21.82;21.22;36.16;11.16;12.93;27.03;13.86;37.31;21.91;16.82;11.68;11.97;20.3;24.32;36.94;31.05;28.4;11.89;11.16;16.01;24.1;28.39;21.2;26.5;21.7;24
O3;uur;µg/m³;2023-12-12T17:00:00+01:00;2023-12-12T18:00:00+01:00;29.9;5.3;13.4;19.3;29.6;17.08;26.58;40.19;41.47;39.44;28.56;24.56;39.99;47.63;42.43;54.28;17.73;33.67;44.08;39.5;32.04;23.05;13.25;8.94;22.06;21.45;35.48;39.84;25.52;15.37;21.6;28.6;23.26;36.08;30.24;22.7;19.61;9.37;13.73;23.85;26.65;21.62;23.9;22.9;21.9
O3;uur;µg/m³;2023-12-12T18:00:00+01:00;2023-12-12T19:00:00+01:00;31.9;16.2;11.8;22.7;37.5;26.34;50.19;43.66;45.82;59.34;21.75;54.06;27.4;61.37;36.69;45.8;41.69;32.19;44.54;34.58;29.56;18.57;23.77;28.43;15.9;30.91;31.37;31.65;22;13.58;24.8;28.4;29.09;28.9;32.71;17.47;30.12;13.71;18.28;27.76;27.59;21.97;34.8;28.6;33
O3;uur;µg/m³;2023-12-12T19:00:00+01:00;2023-12-12T20:00:00+01:00;15.7;7.2;14.4;27.5;49.3;22.16;62.82;45.97;46.82;48.76;29.72;51.52;38.84;46.72;66.67;65.39;41.61;15.23;38.3;25.65;61.6;46.1;16.55;30.84;21.96;43.64;45.71;31.01;25.59;18.34;18.6;27.99;27.51;20.75;26.58;16.3;29.29;18.41;27.54;29.31;30.19;25.73;34.6;29.6;32.7
O3;uur;µg/m³;2023-12-12T20:00:00+01:00;2023-12-12T21:00:00+01:00;23.3;10;7.8;20.1;22.8;42.72;57.13;48.63;49.49;45.84;60.01;40.86;54.51;40.31;66.71;61.46;25.37;22.17;46.34;36.4;52.85;43.91;6.09;25.4;22.93;54.77;44.68;42.8;25.41;23.28;23.35;29.43;30.6;15.23;22.69;27.42;25.43;18.61;23.04;29.86;34.69;27.47;31;36.1;34.5
O3;uur;µg/m³;2023-12-12T21:00:00+01:00;2023-12-12T22:00:00+01:00;44.7;10.1;22.8;39.4;41.1;43.71;46.31;53.93;56.7;55.41;50.85;33.39;58.75;39.12;63.86;70.03;25.94;45.81;54.53;46.75;48.54;19.21;48.09;20.27;43.31;45.6;37.75;24.69;29.57;18.85;10.61;34.32;33.11;13.78;36.35;43.7;23.44;26.12;24.88;30.83;35.15;30.06;35.3;37.6;39.3
O3;uur;µg/m³;2023-12-12T22:00:00+01:00;2023-12-12T23:00:00+01:00;52;34.2;44.6;53.5;53;61.27;40.58;73.53;74.27;55.44;33.34;42.75;54.38;45.37;63.42;65.87;53.59;52.31;60.17;56.46;38.68;50.33;49.33;44.97;48.44;38.03;36.3;34.43;33.09;32.63;21.06;33.44;49.4;30.16;53.04;40;26.16;46.62;45.26;29.44;34.03;28.64;33.3;40;38.2
O3;uur;µg/m³;2023-12-12T23:00:00+01:00;2023-12-13T00:00:00+01:00;56.5;35.6;45;46.6;50.8;68.82;45.57;67.06;69.57;58.81;37.28;48.39;56.9;54.15;68.33;63.72;54.1;54.96;63.43;51.69;52.43;55.15;51.36;49.18;34.77;44.81;38.31;46.54;50.17;46.4;38.32;52.36;50.2;40.57;53.82;37.87;35.91;39.66;41.76;28.43;32.06;28.86;46.9;41.7;46.1
O3;uur;µg/m³;2023-12-13T00:00:00+01:00;2023-12-13T01:00:00+01:00;51.9;36.1;49.4;53.4;56.6;57.85;53.74;58.99;64.43;64.24;56.08;56.21;60.02;61.27;63.03;67.79;52.92;57.85;58.48;49.07;56.04;57.4;54.28;56.44;38.43;53.8;49.55;49.97;48.85;46.98;50.13;51.45;47.56;49.53;53.12;44.67;46.38;39.39;41.68;27.95;31.77;26.71;52.7;55.1;52.3
O3;uur;µg/m³;2023-12-13T01:00:00+01:00;2023-12-13T02:00:00+01:00;47.5;33.8;39.6;42.9;50.5;56.43;62.06;58.56;62.7;62.29;53.3;59.15;60.26;61.2;61.01;56.35;49.6;53.48;63.48;52.11;58.12;53.87;42.4;52.62;44.69;52.09;53.58;45.72;48.54;47.72;45.23;51.16;51.44;44.42;52.97;50.51;46.94;44.79;56.28;28.58;29.66;32.8;56.9;58.6;57
O3;uur;µg/m³;2023-12-13T02:00:00+01:00;2023-12-13T03:00:00+01:00;54.6;37.5;39.1;37.4;44;56.65;61.72;57.69;60.1;58.62;52.59;55.01;59.66;57.09;54.85;55.69;56.18;33.06;57.23;55.47;56.01;52.07;49.84;47.75;48.44;52.77;53.05;47.05;49.78;51.23;48.26;52.88;47.05;39.34;52.11;52.43;43.76;45.9;56.47;32.07;41.55;38.07;54.3;57.2;53.6
O3;uur;µg/m³;2023-12-13T03:00:00+01:00;2023-12-13T04:00:00+01:00;38.8;26.2;34.7;39.4;41.3;53.91;55.56;57.52;58.87;53.39;50.31;51.67;53.96;52.5;44.14;52.88;53.25;43.25;56.36;49.16;51.57;51.71;32.11;44.39;54.8;51.1;54.91;47.78;46.3;45.88;43.22;49.71;47.74;49.91;55.18;53.24;44.26;45.68;59.82;36.5;43.94;33.02;49.2;49.4;48.4
O3;uur;µg/m³;2023-12-13T04:00:00+01:00;2023-12-13T05:00:00+01:00;38.9;11.9;31.7;34.2;38.4;54.07;51.44;55.35;56.44;50.99;49.75;48.32;51.76;47.61;50.02;53.78;33.66;49.98;49.98;45.77;48.28;44.87;21.99;35.61;51.24;51.17;53.53;42.46;45.46;44.63;41.26;46.6;40.7;51.49;54.7;51.83;46.02;43.55;56.4;40.29;39.68;30.52;52.8;54.2;50
O3;uur;µg/m³;2023-12-13T05:00:00+01:00;2023-12-13T06:00:00+01:00;34.4;9.8;26.2;28.6;38.9;51.67;47.74;55.08;55.93;49.06;42.16;45.01;48.41;42.59;44.42;54.04;23.34;39.44;47.18;43.37;44.46;39.7;23.53;22.34;48.79;46.22;50.94;38.09;39.09;34.66;34.92;41.87;32.62;50.3;50.29;44.26;47.46;42.55;55.29;39.87;37.24;35.14;47.4;49.2;45.6
O3;uur;µg/m³;2023-12-13T06:00:00+01:00;2023-12-13T07:00:00+01:00;32;5.2;24.7;21.3;34;49.75;46.46;52.62;52.94;47.9;36.55;43.97;46.25;38.96;43.08;53.18;16.98;35.49;41.58;36.73;32.93;36.29;15.98;15.98;46.27;30.4;44.09;29.33;27.88;18.51;8.97;33.8;28.59;42.94;45.38;37;44.58;41.08;55.82;39.84;42.01;38.56;41.8;37.4;41.2
O3;uur;µg/m³;2023-12-13T07:00:00+01:00;2023-12-13T08:00:00+01:00;24.3;4.4;18.5;18.8;35.3;47.39;40.45;51.14;54.64;48.5;43.27;34.23;40.7;35.14;42.95;50.95;5.15;31.6;39.69;28.47;19.62;30.87;13.88;8.78;28.19;14.98;39.61;29.28;13.68;3.58;15.74;13.99;28.58;34.51;37.77;30.52;42.43;37.23;49.18;38.04;35.98;35.51;35.5;30.3;32.4
O3;uur;µg/m³;2023-12-13T08:00:00+01:00;2023-12-13T09:00:00+01:00;23.4;5.4;13.2;18.9;30.2;42.46;40.58;54.76;51.8;47.23;44.36;26.37;33.71;35.41;41.99;48.31;5.49;27.21;47.24;25.07;29.71;22.52;13.18;4.2;27.61;18.72;35.91;24.5;6.7;4.6;12.75;8.3;24.5;27.95;33.89;21.6;39.65;26.83;44.81;35.32;30.04;16.15;22.2;14;20.9
O3;uur;µg/m³;2023-12-13T09:00:00+01:00;2023-12-13T10:00:00+01:00;29.9;6.1;11.4;16.4;27;47.97;42.43;53.56;51.54;46;44.18;32.2;30.94;35.5;43.1;51.27;9.29;29.49;50.35;27.38;53.65;17.92;9.37;10.03;26.17;28.07;34.76;18.47;9.58;9.1;15.95;12.82;22.35;26.51;29.19;23.76;35.04;15.21;33.52;31.05;27.63;9.99;11;10.7;9.2
O3;uur;µg/m³;2023-12-13T10:00:00+01:00;2023-12-13T11:00:00+01:00;30;9.7;15.7;24.2;17.9;51.74;45.44;51.15;54.69;44.82;36.03;35.08;31.71;40.49;42.25;47.55;15.03;37.41;42.01;28.15;48.64;24.9;19.89;13.79;26.43;34.11;29.32;24.82;13.23;10.39;14.9;18.19;28.05;29.66;34.45;25.63;32.39;20;28.96;32.47;27.62;15.51;9.2;5.7;8.1
O3;uur;µg/m³;2023-12-13T11:00:00+01:00;2023-12-13T12:00:00+01:00;31;16.5;27.8;29.2;5.5;49.32;49.76;52.68;57.34;43.27;28.18;36.09;33.29;40.89;44.05;46.07;20.51;39.47;43.02;35.08;27.91;29.02;18.95;18.17;29.29;35.72;;35.56;22.03;17.79;16.96;29.78;33.47;35.65;39.28;27.17;31.85;25.74;25.14;36.29;36.43;26.39;8;11.7;18.5
O3;uur;µg/m³;2023-12-13T12:00:00+01:00;2023-12-13T13:00:00+01:00;33.7;23.3;34.5;29.2;3.4;47.28;50.29;57.68;61.8;45.35;23.23;38.51;34.14;41;32.93;46.95;27.21;42.91;42.68;36.84;13.1;26.63;13.52;12.38;33.61;15.44;;43.07;27.3;18.92;21.01;34.89;34.44;36.09;38.65;30.63;34.49;23.8;24.56;37.75;36.96;28.58;9.3;14.1;25.2
O3;uur;µg/m³;2023-12-13T13:00:00+01:00;2023-12-13T14:00:00+01:00;27.6;16.3;22.8;16.8;10.1;55.95;51.5;58.84;60.05;48.49;17.59;40.13;33.37;37.84;38.19;49.18;23.83;31.98;38.66;32.6;12.3;29.22;13.65;9.22;29.43;9.92;;42.76;22.03;26.79;19.56;33.51;35.62;36.29;;34.67;34.09;31.33;30.34;35.73;24.24;9.87;17.5;9.9;17.9
O3;uur;µg/m³;2023-12-13T14:00:00+01:00;2023-12-13T15:00:00+01:00;26.3;12.3;10.5;6;4.9;57.24;54.35;54.92;54.35;44.7;21.14;22.51;28.87;39.9;35.48;44.46;25.77;15.91;34.42;35.1;13.39;16.42;4.68;17.5;33.31;5.86;;42.81;19.32;38.34;17.17;29.63;35.26;37.52;;33.08;32.66;36.97;33.02;37.51;21.61;11.02;25.2;14.2;21.1
O3;uur;µg/m³;2023-12-13T15:00:00+01:00;2023-12-13T16:00:00+01:00;0.7;7.9;16.4;11.7;14;49.65;35.06;37.69;54.31;31.24;18.71;15.74;17.38;28.61;33.27;18.04;26.39;12.89;22.66;28.37;10.01;10.48;6.25;10.89;28.6;11.85;33.91;40.19;26.34;33.67;22.35;25.87;23.04;33.03;;35.97;31.26;33.61;36.67;18.7;22.02;19.47;20.2;22.6;17.3
O3;uur;µg/m³;2023-12-13T16:00:00+01:00;2023-12-13T17:00:00+01:00;-1;4;4.1;12.5;18;29.39;15.63;19.53;33.07;19.81;10.91;3.01;9.22;15.54;26.99;17.23;9.57;10.25;10.47;7.39;16.3;5.18;7.12;4.79;29.61;15.44;23.38;28.85;22.14;27.78;21.02;21.91;36.07;33.43;;34.79;26.92;32.54;27.86;11.49;28.04;19.79;21.8;20.3;23.3
O3;uur;µg/m³;2023-12-13T17:00:00+01:00;2023-12-13T18:00:00+01:00;5.3;10.9;4.7;1.9;32.6;5.94;6.04;14.64;8.1;19.13;12.41;4.27;7.52;1.29;13.07;18.75;13.53;5.94;1.56;8.58;31.18;1.56;4.57;0.42;27.69;24.36;25.02;20.36;23.02;23.64;18.8;19.76;23.45;37.94;;28.78;19.84;30.87;12.95;19.59;28.69;20.13;25.7;27.6;25.9
O3;uur;µg/m³;2023-12-13T18:00:00+01:00;2023-12-13T19:00:00+01:00;12.3;13.9;8.7;0;19.3;9.16;17.44;11.31;2.71;21.72;11.99;1.77;3.17;1.62;1.33;30.22;14.17;10.16;10.45;12.57;33.19;5.64;8.12;5.63;14.71;28.51;34.77;24.78;26.49;25.79;6.78;21.4;33.19;25.24;;11.62;26.88;12.57;17.96;18.9;31.56;24.15;31.6;32.5;31.1
O3;uur;µg/m³;2023-12-13T19:00:00+01:00;2023-12-13T20:00:00+01:00;16.9;20.5;11.9;7.9;21.9;10.78;29.75;5.29;2.04;13.64;3.23;8.42;6.02;1.39;5.04;13.12;24.23;26.49;18.95;19.09;36.37;14.34;18.41;16.68;20.34;24.34;21.11;28.84;20.1;21.13;23.23;15.77;22.96;15.36;;4.76;8.35;16.89;19.59;15.32;30.3;27.43;22.9;24.1;26.5
O3;uur;µg/m³;2023-12-13T20:00:00+01:00;2023-12-13T21:00:00+01:00;15.3;19.9;15.8;17;28.1;20.55;41.34;3.72;2.77;7.89;10.62;22.09;17.19;10.29;4.12;5.08;31.13;26.83;25.46;18.99;15.8;21.62;15.14;25.75;22.5;11.54;16.97;12.12;23.31;23.11;7.68;23.16;11.16;19.85;27.33;7.5;15.19;14.41;23.34;19.62;34.12;26.26;13.8;15.3;12.4
O3;uur;µg/m³;2023-12-13T21:00:00+01:00;2023-12-13T22:00:00+01:00;14.6;22.5;14;29.1;22.6;8.95;33.77;11.68;2.99;9.62;21.21;19.6;20.24;15.72;20.93;8.9;24.36;31.47;31.67;17.8;13.55;22.77;21.09;21.96;26;13.59;15.99;10.47;13.6;19.53;11.41;14.22;10.09;3.62;12.79;18.27;11.55;16.17;24.38;20.5;34.92;27.65;16.6;17.7;14.8
O3;uur;µg/m³;2023-12-13T22:00:00+01:00;2023-12-13T23:00:00+01:00;5.4;8.7;4.8;21.7;14.6;10.99;21.5;18.04;5.14;19.79;26.05;11.46;22.57;19.32;19;13.26;13.39;9.09;18.3;9.37;16.39;9.33;10.08;10.06;26.96;15.85;16.78;11.79;12.5;13.61;13.31;12.03;10.11;9.73;16.72;11.77;11.14;19.62;25.58;21.68;35.81;28.31;19.4;21.3;18.4
O3;uur;µg/m³;2023-12-13T23:00:00+01:00;2023-12-14T00:00:00+01:00;1.5;7.5;5.7;14.4;13.9;20.75;18.31;24.35;14.12;22.87;28.02;15.64;15.71;18.86;2.59;26.91;15.05;10.17;13.06;11.13;20.78;11.79;9.85;11.8;29.87;21.01;20.17;13.13;13.58;14.77;12.89;13.71;12.35;6.6;13.68;9.74;13.51;23.22;26.11;24.24;38.76;32.12;22.6;25.8;21.2
O3;uur;µg/m³;2023-12-14T00:00:00+01:00;2023-12-14T01:00:00+01:00;4.4;9.7;9.8;13.3;18;26.88;13.81;29.06;29.71;19.62;18.11;18.53;13.64;22.75;8.77;14.74;21.03;12.79;11.72;12.87;23.62;17.77;11.12;17.82;31.58;24.37;23.7;17.59;14.48;15.08;19.11;15.09;12.94;6.73;13.87;9.48;15.1;23.77;27.96;26.25;43.63;38.76;24.4;27.1;24.4
O3;uur;µg/m³;2023-12-14T01:00:00+01:00;2023-12-14T02:00:00+01:00;11.1;14;16.2;19.9;19.7;22.77;13.5;32.31;33.87;19.16;19.43;13.36;15.38;14.93;15.17;10.41;23.04;17.06;17.17;15.58;25.03;22.66;19.64;21.99;33.68;25.85;25.83;21.75;18.25;18.06;20.39;17.7;18.32;8.27;17.02;8.56;16.08;24.6;30.34;28.14;46.16;44.49;25.6;28.4;25.4
O3;uur;µg/m³;2023-12-14T02:00:00+01:00;2023-12-14T03:00:00+01:00;14.7;15.9;17;19.2;23.9;;;;;;;;;;;;;;;;;;;;;;;;;;;;;;;;;;;;;;26.9;29.8;25.9
O3;uur;µg/m³;2023-12-14T03:00:00+01:00;2023-12-14T04:00:00+01:00;15.3;19.3;21.2;20.1;31.5;9.41;11.47;15.77;18.12;15;16.65;9.16;22.6;13.42;19.64;;24.84;22.61;21.29;19.93;25.79;23.48;23.25;21.54;47.41;30.99;25.47;23.21;20.05;21.03;22.33;17.93;20.83;11.96;19.35;13.2;19.16;29.58;45.44;40.37;40.11;35.99;30.8;33;27
O3;uur;µg/m³;2023-12-14T04:00:00+01:00;2023-12-14T05:00:00+01:00;17.3;21.4;23.1;19.5;34.6;6.83;13.67;11.48;13.63;17.39;15.94;12.28;23.53;15.67;26.15;;25.21;25.82;22.95;20.32;29.95;24.92;25.53;23.45;46.38;34.54;29.6;28.85;24.22;24.08;30.98;22.64;21.78;12.84;22.44;13.88;22.04;37.75;44.62;40.76;40.09;33.47;39.9;43.4;37.5
O3;uur;µg/m³;2023-12-14T05:00:00+01:00;2023-12-14T06:00:00+01:00;14.5;22.6;23.3;22.1;37.5;7.43;14.77;9.03;11.11;19.04;18.58;14.63;22.81;17.73;28.61;;32.82;30.37;23.63;22.85;36.5;26.53;20.39;28.19;44.75;43.6;37.3;36.84;29.51;29.57;25.63;28.38;27.46;14.67;25.29;16.44;26.45;39.82;44.97;39.58;39.92;32.19;45.9;48.8;45.7
O3;uur;µg/m³;2023-12-14T06:00:00+01:00;2023-12-14T07:00:00+01:00;13.7;24;19.1;21.5;43.2;8.26;15.06;8.18;10.53;18.07;21.54;14.25;25.3;17.61;28.19;;41.56;32.39;24.26;25.49;40.42;23.32;12.6;25.87;42.71;39.95;43.26;43.56;33.81;33.35;23.12;33.28;34.63;14.83;26.19;13.92;29.41;35.83;34.87;40.37;37.47;31.34;43.4;47.9;47.4
O3;uur;µg/m³;2023-12-14T07:00:00+01:00;2023-12-14T08:00:00+01:00;8;23.8;12.3;8.8;35.5;9.95;15.46;5.95;9.34;18.43;16.86;11.87;26.37;15.18;25.44;;26.16;20.32;26.39;31.52;41.1;6.6;3.75;19.65;39.35;36.8;43.8;40.33;37.85;34.43;28.05;37.61;38.89;17.5;35.1;14.29;30.98;38.12;32.23;39.76;34.82;26.2;39;39.5;39.9
O3;uur;µg/m³;2023-12-14T08:00:00+01:00;2023-12-14T09:00:00+01:00;4.4;11.3;4.6;2.3;15.8;10.21;17.89;8.66;10.54;27.69;9.93;14.16;37.79;19.19;16.01;;13.63;17.87;29.82;35.59;32.01;1.7;2.55;10.13;38.65;22.53;44.5;40.68;42.44;38.81;31.08;40.38;38.74;22.48;;19.16;32.47;39.75;29.84;37.46;30.46;24.82;38.9;33.1;37.5
O3;uur;µg/m³;2023-12-14T09:00:00+01:00;2023-12-14T10:00:00+01:00;11.5;5.3;4.4;7.1;12.2;10.36;23.06;11.29;13.11;32.85;9.18;18.31;38.48;24.13;21.61;;20.45;20.04;26.25;31.34;14.11;5.27;4.48;7.86;28.72;4.79;45.41;40.73;38.92;34.6;37.83;36.25;36.58;26.88;;25.39;36.22;26.5;30;27.43;23.87;26.37;31.5;26.8;25.9
O3;uur;µg/m³;2023-12-14T10:00:00+01:00;2023-12-14T11:00:00+01:00;13.2;15;16.7;11.7;13.5;15.3;26.4;13.62;14.8;38.54;13.34;17.6;39.93;28.42;33.29;;30.25;26.88;26.57;33.87;26.82;23.52;20.65;10.53;29.59;15.83;46.68;43.05;42.06;38.53;40.47;40.37;35.5;36.49;38.82;29.97;36.47;24.83;28.5;19.36;27.04;24.66;43;32;33.4
O3;uur;µg/m³;2023-12-14T11:00:00+01:00;2023-12-14T12:00:00+01:00;18.4;14.7;18.8;7.3;4.5;19.24;32.41;16.87;12.97;43.9;23.15;24.21;43.52;33.36;37.69;;22.29;19.61;28.87;42.61;34.48;26.55;27.6;10.71;33.55;24.85;53.77;39.16;47.02;43.35;32.09;46.27;41.76;37.47;40.62;27.78;38.77;27.71;35.87;21.41;31.26;23.53;47.9;20.8;34.9
O3;uur;µg/m³;2023-12-14T12:00:00+01:00;2023-12-14T13:00:00+01:00;9.3;4.2;5;9.2;11.2;22.45;35.15;25.82;22.15;42.47;28.73;37.53;42.73;40.2;34.59;;16.64;3.53;26.69;36.88;27.24;27.95;5.88;9.47;35.84;26.28;53.22;44.23;40.73;37.94;31.77;45.78;43.82;37.99;47.12;26.22;40.23;32.98;44.15;24.78;32.97;11.51;28.1;20.4;24.8
O3;uur;µg/m³;2023-12-14T13:00:00+01:00;2023-12-14T14:00:00+01:00;16.9;5.2;7;14;16.5;24.87;38.87;35.33;26.76;40.05;22.12;35.25;29.55;43.31;40.94;;9.07;7.06;27.83;26.69;27.17;18.24;5.79;5.25;35.15;25.13;50.86;40.52;31.01;30.97;31.25;37.63;42.85;35.54;45.9;34.21;43.07;37.33;45.54;24.99;34.85;16.95;15.1;12.5;18.2
O3;uur;µg/m³;2023-12-14T14:00:00+01:00;2023-12-14T15:00:00+01:00;17;5.4;3.7;14.5;13.7;29.32;39.85;41.53;37.14;36.86;15.16;29.3;25.92;38.98;47.13;;9.09;5.32;29.46;23;18.81;10.6;4.18;3.9;30.65;21.44;47.36;27.54;28.21;30.35;27.58;34.46;32.13;38.52;41.27;30.94;41.54;40.91;40.3;29.04;33.68;23.31;20.2;11.9;28
O3;uur;µg/m³;2023-12-14T15:00:00+01:00;2023-12-14T16:00:00+01:00;14.2;3.9;2.7;21.5;23.3;37.77;38.13;36.69;35.79;32.09;31.11;24.79;16.18;32.78;49.16;;32.17;2.82;24.33;19.78;5.88;8.99;8.45;17.24;18.65;9.66;40.55;8.73;25.83;20.74;16.95;29.69;16.42;34.89;38.67;31.44;31.8;41.88;42.51;25.85;33.11;24.13;20;11;18.8
O3;uur;µg/m³;2023-12-14T16:00:00+01:00;2023-12-14T17:00:00+01:00;21.4;2;6.7;22.2;31.5;33.95;29.92;27.31;28.3;24.97;35.15;16.21;10.49;24.23;47.2;;44.97;2.5;32.23;8.56;31.11;39.4;16.3;33.74;16.76;1.88;35.57;3.39;10.3;7.75;2.77;12.08;4.37;22.69;29.87;17.19;23.24;37.98;39.65;22.4;32.65;22.35;9.5;5.7;7.5
O3;uur;µg/m³;2023-12-14T17:00:00+01:00;2023-12-14T18:00:00+01:00;26.7;13.6;19.9;21.7;19.5;22.66;20.85;13.77;21.57;13.59;22.37;14.06;6.06;6.12;39.87;35.07;40.21;16.02;33.7;10.52;49.61;23;18.81;22.45;16.45;0.18;27.62;4.12;2.16;2.07;2.01;-0.98;2.11;18.67;22.78;11.45;19;31.75;28.43;26.41;35.36;24.4;3.7;4.4;3.3
O3;uur;µg/m³;2023-12-14T18:00:00+01:00;2023-12-14T19:00:00+01:00;16.3;5.6;7.4;5.4;8.6;17.03;17.14;9.3;12.67;6.24;12.99;2.67;4.7;6.81;36.43;35.13;33.52;3.17;29.99;9.96;49.73;2.79;7.52;8.65;6.15;5.17;20.87;-0.04;1.38;1.28;1.57;-1.83;0.76;13.79;18.76;10.98;23.59;22.6;19.16;25.28;36.87;32.7;1.6;4.1;2.7
O3;uur;µg/m³;2023-12-14T19:00:00+01:00;2023-12-14T20:00:00+01:00;20.4;6.4;7.8;12.9;22.1;16.18;14.36;4.65;9.63;0.52;18.53;0.3;13.48;4.57;44.55;31.66;6.5;2.5;28.16;14.47;48.89;2.19;4.13;-0.11;6.18;26.04;11.12;-0.36;1;1.21;1.47;0.73;4.68;15.54;11.3;9.95;24.9;17.51;14.78;26.42;27.85;27.75;1.8;4.3;2.8
O3;uur;µg/m³;2023-12-14T20:00:00+01:00;2023-12-14T21:00:00+01:00;24.3;7.5;2.8;17.6;19.1;8.74;13.04;9.32;10.26;0.11;29.01;-0.28;16.8;1.89;30.85;29.27;13.46;2.8;26.42;21.58;51.98;17.7;6.07;8.01;17.04;39.1;7.85;1.88;5.59;3.96;4.83;7.48;4.99;15.58;7.92;5.28;19.65;16.42;2.76;27.76;21.1;25.01;3.4;7.7;12
O3;uur;µg/m³;2023-12-14T21:00:00+01:00;2023-12-14T22:00:00+01:00;22.8;4.9;9;25;37.5;8.62;7.27;7.95;10.25;0.84;26.09;-0.58;15.34;1.77;31.99;27.43;12.35;16.17;24.83;19.83;41.44;22.55;12.47;9.42;23.68;37.82;5.5;12.56;20.91;14.89;13.38;23.77;17.92;13.17;5.39;3.11;13.58;10.96;4.46;24.48;17.49;23.01;7.8;19;20.1
O3;uur;µg/m³;2023-12-14T22:00:00+01:00;2023-12-14T23:00:00+01:00;23.4;11.2;3.7;10.9;22.1;6.57;3.25;8.19;10.22;8.18;21.23;3.1;8.02;9.29;22.01;28.33;26.59;5.35;30.71;17.13;26.71;24.96;11.21;20.8;30.45;20.88;7.83;20.59;24.78;19.49;18.85;23.8;14.23;12.48;10.09;3.35;12.07;10.43;13.38;20.13;17.91;19.41;14.4;18.9;21.4
O3;uur;µg/m³;2023-12-14T23:00:00+01:00;2023-12-15T00:00:00+01:00;19.1;13.7;1.7;7.9;5.8;9.2;6.65;13.79;12.73;17.02;16.85;11.81;6.45;16.21;17.56;27.08;13.04;5.68;23.71;20.78;22.92;11.75;3.06;10.09;26.51;19.77;19.2;16.69;17.6;14.46;18.2;16.81;16.43;9.83;15.6;11.18;10.62;11.12;18.03;16.8;18.33;16.1;22.9;20.3;17.3
O3;uur;µg/m³;2023-12-15T00:00:00+01:00;2023-12-15T01:00:00+01:00;15.2;5.6;0.1;0.8;0;13.21;16.93;19.85;15.93;21;15.43;18.35;13.55;20;20.5;25.3;1.64;1.21;18.3;14.97;26.73;5.21;0.69;-0.01;27.25;16.56;28.09;14.14;14.49;13.44;17.25;13.1;18.83;7.32;18.89;12.2;10.61;18.23;18.56;14.2;21.34;19.41;16.4;17.9;12.9
O3;uur;µg/m³;2023-12-15T01:00:00+01:00;2023-12-15T02:00:00+01:00;12.4;2.6;-0.2;0.4;1;24.89;21.27;29.22;20.43;22.44;12.12;21.87;14.64;23.06;16.49;26.22;6.88;1.53;18.37;12.02;33.34;0.93;0.55;-0.48;33.88;21.28;23.38;9.28;16.25;18.37;14.85;14.91;15.36;6.89;18.74;10.43;12.01;26.19;20.07;14.93;24.56;20.6;14.8;17;13.2
O3;uur;µg/m³;2023-12-15T02:00:00+01:00;2023-12-15T03:00:00+01:00;11.6;3.4;-0.1;0.1;4.3;32.34;22.09;28.55;26.74;19.82;5.34;20.64;11.56;23;22.03;25.76;2.61;0.93;17.97;10.81;28.7;0.91;0.59;-0.76;31.11;23.45;20.16;4.03;13.37;15.07;11.91;11.69;13.38;9.21;15.57;16.67;16.34;22.91;20.8;19.12;27.45;19.54;15;16.4;10.8
O3;uur;µg/m³;2023-12-15T03:00:00+01:00;2023-12-15T04:00:00+01:00;12.8;0.5;0;3.3;0.4;28.42;22.78;29.05;33.75;17.18;13.65;20.37;11.43;21.91;19.35;24.4;6.89;1.35;14.94;10.45;33.57;0.85;6.86;-0.26;28;23.04;20.07;-0.04;11.06;12.83;5.45;9.1;13.48;8.76;12.16;17.33;17.35;18.82;19.18;22;28.46;22.86;13.2;15.9;10.3
O3;uur;µg/m³;2023-12-15T04:00:00+01:00;2023-12-15T05:00:00+01:00;14.8;4.4;10.6;7.5;0.2;27.99;19.82;24.99;30.86;14.09;5.49;18.36;13.56;20.54;12.25;24.76;17.5;0.57;16.69;10.23;32.67;1.31;18.25;10.87;25.98;28.91;18.39;-0.49;9.05;12.4;0.12;7.28;11.13;10.2;13.01;14.83;16.58;14.95;17.73;23.82;27.29;24.54;14.2;21.4;17.8
O3;uur;µg/m³;2023-12-15T05:00:00+01:00;2023-12-15T06:00:00+01:00;11.8;6.6;7.5;2.8;6.9;25.71;18.31;23.7;26.95;10.08;7.42;15.83;4.7;18.55;24.14;25.62;23.54;0.04;15.43;9.04;29.32;2.5;8.46;7.49;25.63;25.64;17.49;-0.58;4.15;6.36;0.15;1.47;3.16;10.89;13.45;12.97;17.36;14.17;18.07;25.17;28.27;21.16;22.8;23.8;23.1
O3;uur;µg/m³;2023-12-15T06:00:00+01:00;2023-12-15T07:00:00+01:00;7.8;0;-0.2;0;5.2;22.36;18.73;22.54;23.63;4.36;2.13;12.76;2.2;16.63;27.11;27.02;18.67;0.27;9.99;6.66;27.59;4.04;3.69;7.7;22.98;19.71;14.54;2.09;0.32;1.49;0.97;-2.19;3.07;11.55;12.14;10.68;16.41;11.29;19.36;23.62;28.72;18.17;23.6;21.1;21.3
O3;uur;µg/m³;2023-12-15T07:00:00+01:00;2023-12-15T08:00:00+01:00;4.4;0;-0.3;0;4.2;17.91;17.9;21.82;19.32;1.9;1.21;6.31;1.55;12.68;31.94;29.3;22.36;0.21;11.09;2.23;33.15;5.01;1.68;9.52;20.74;16.42;8.82;-0.44;-0.29;0.75;3.53;-3.46;2.15;11.05;7.83;7.42;13.7;8.31;22.97;20.84;29.64;15.07;15.4;10.4;14.7
O3;uur;µg/m³;2023-12-15T08:00:00+01:00;2023-12-15T09:00:00+01:00;3.3;0;0.1;1.3;10.1;17.54;12.76;20.91;20.02;2.01;1.98;3.86;1.37;8.03;33.35;32.73;15.16;0.62;10.75;1.68;31.76;3.74;0.9;5.64;18.87;14.35;8.94;-0.34;-0.14;0.67;2.97;-2.9;0.09;8.38;4.07;2.98;10.3;9.45;21.85;18.22;33.3;12.11;10.6;7.8;8.5
O3;uur;µg/m³;2023-12-15T09:00:00+01:00;2023-12-15T10:00:00+01:00;7.9;0.7;1.7;2.9;39.5;16.61;11.52;18.7;22.19;3.31;6.63;3.46;1.93;7.42;52.4;36.66;40.23;0.88;17.33;4.39;37.93;16.19;3.59;25.03;23.26;16.47;10.88;2.75;0.8;1.5;4.38;-1.63;1.56;8;5.58;2.64;11.99;11.11;20.79;20.01;32.6;14.86;9.7;9.2;10.8
O3;uur;µg/m³;2023-12-15T10:00:00+01:00;2023-12-15T11:00:00+01:00;22.4;2;4.3;3.9;40.2;13.78;12.93;17.12;19.13;5.36;7.79;3.81;2.98;7.39;58.81;38.14;49.37;4.79;26.44;7.5;47.41;41.91;9.12;43.63;36.62;21.54;12.27;3.88;1.92;2.53;9.21;-0.5;3.13;8.29;6.89;3.99;12.15;12.97;23.6;23.67;34.51;22.31;15.7;12.5;13.4
O3;uur;µg/m³;2023-12-15T11:00:00+01:00;2023-12-15T12:00:00+01:00;18.8;6.7;12.4;12.8;33.9;14.1;13.24;18.49;18.85;7.54;13.65;4.05;5.89;7.77;59.91;48.45;55.33;19.26;39.33;7.45;54.51;51.65;9.41;48.92;42.29;37.81;21.63;14.56;3.69;3.13;14.34;1.63;5;8.51;7.6;5.49;14.82;14.66;31.23;27.6;35.61;28.18;20.5;18.5;14.8
O3;uur;µg/m³;2023-12-15T12:00:00+01:00;2023-12-15T13:00:00+01:00;33.1;20.9;18.8;19.2;53.7;15.83;13.82;20.38;22.04;14.54;33.43;4.56;12.49;10;59.11;46.25;62.06;26.55;44.08;18.3;56.32;56.01;19.59;54.01;44.72;39.13;28.6;34.27;9.36;7.24;21.47;8.7;9.73;9.78;9.61;7.93;18.37;24.07;36.7;34.25;41.95;31.02;39;33.4;37.3
O3;uur;µg/m³;2023-12-15T13:00:00+01:00;2023-12-15T14:00:00+01:00;43.5;17.7;29.9;26.4;44.9;17.54;17.97;21.42;23.11;23.59;47.58;11.83;28.71;14.4;61.63;42.09;58.53;34.22;54.43;25.85;55.46;57.62;23.22;50.15;48.99;39.58;28.27;45.41;18.86;17.84;30.24;22.97;24.57;12.78;13.64;12.54;24.05;28.2;39.41;36.52;46.57;35.68;43;39.8;44.9
O3;uur;µg/m³;2023-12-15T14:00:00+01:00;2023-12-15T15:00:00+01:00;39.8;23.6;29.1;28.8;45.7;17.28;22.92;22.06;22.74;32.94;26.94;18.23;37.63;17.34;65.3;40.19;53.99;38.61;53.94;25.48;57.05;52.3;35.18;46.22;51.49;40.15;33.02;48.02;28.18;24.17;36.55;33.25;46.13;12.22;21.15;18.9;25.16;31.03;41.63;38.52;51.87;37.19;51;46.9;41.9
O3;uur;µg/m³;2023-12-15T15:00:00+01:00;2023-12-15T16:00:00+01:00;49.8;19.9;25.5;23.2;45.6;15.33;28.45;21.39;19.06;47.06;22.46;24.96;41.22;31.92;59.11;46.75;62.96;33.92;56.04;36.2;61.26;50.49;31.04;45.18;51.4;39.35;41.52;46.18;32.81;33.13;34.62;41;44.9;7.6;22.49;22.6;25.15;35.41;38.53;42.39;49.29;39.59;49.8;44.7;39.4
O3;uur;µg/m³;2023-12-15T16:00:00+01:00;2023-12-15T17:00:00+01:00;40.3;23.7;35.1;22.5;25.8;9.44;26.86;12.21;16.03;51.13;11.07;22.49;37.54;30.44;54.16;43.21;47.5;29.33;53.08;42.34;63.55;35.41;30.41;34.47;50.6;35.17;43.93;49.34;30.51;27.51;30.05;41.27;40.85;4.48;28.11;30.76;23.6;33.75;32.4;42.43;45.29;33.12;45.1;39.6;37.1
O3;uur;µg/m³;2023-12-15T17:00:00+01:00;2023-12-15T18:00:00+01:00;36.8;24.4;27.6;24.9;38.3;11.29;34.37;9.36;7.25;48.02;6.46;27.98;38.78;27.69;66.77;56.42;53.79;29.21;52.07;40.72;61.09;43.73;28.12;41.2;51.19;36.71;41.35;47.5;33.09;28.82;31.7;38.06;24.15;11.3;33.12;29.26;29.77;32.96;31.31;32.06;43.18;29.56;38.7;36.6;35.3
O3;uur;µg/m³;2023-12-15T18:00:00+01:00;2023-12-15T19:00:00+01:00;34.9;16;22.9;21.4;49.6;12.83;42.98;10.13;9.33;43.91;23.32;31;27.18;18.92;63.69;45.02;64.38;29.1;49.95;39.95;66.55;52.99;26.18;52.27;49.08;43.91;34.3;36.79;17.99;27.15;29.88;21.52;19.01;15.91;39.74;28.2;35.91;33.1;38.33;23.34;35.86;28.69;37.1;34.9;35.8
O3;uur;µg/m³;2023-12-15T19:00:00+01:00;2023-12-15T20:00:00+01:00;35.9;20.1;30.5;28.5;43;12.46;36.75;10.75;12.85;28.56;12.51;14.86;24.58;6.12;67.62;43.77;61.62;26.9;50.75;44.83;73.9;57.2;34;53.07;46.75;56.12;35.89;50.23;15.27;17.04;32.82;17.69;21.88;18.07;37.57;29.13;33.81;30.15;40.21;23.61;34.33;31.13;46.6;43.8;43.4
O3;uur;µg/m³;2023-12-15T20:00:00+01:00;2023-12-15T21:00:00+01:00;47.5;27.6;38.4;27.8;31.2;16.68;27.98;15.49;19.04;25.05;5.53;11.86;25.32;8.67;62.25;49.38;65.69;16.95;60.19;46.5;76.04;53.83;37.59;54.27;64.86;62.1;41.43;57.13;18.92;25.83;46.26;18.93;16.47;21.45;31.67;35.75;27.33;27.44;38.23;26.78;39.46;33.67;58.8;57.7;53.9
O3;uur;µg/m³;2023-12-15T21:00:00+01:00;2023-12-15T22:00:00+01:00;50.7;31.9;47.2;25;32.3;11.76;16.67;18.72;22.2;23.64;34.26;9.69;29.35;11.03;56.95;48.96;63.27;15.85;60.33;44.06;73.37;57.18;48.35;56.69;67.26;63.74;49.1;47.76;27.76;24.48;45.12;29.56;25.41;;32.39;34.73;33.87;33.01;45.62;28.77;42.66;37.25;63.6;63.1;60.7
O3;uur;µg/m³;2023-12-15T22:00:00+01:00;2023-12-15T23:00:00+01:00;47.9;30.1;34.6;25.7;19.2;16.29;14.96;23.59;27.85;25.19;42.76;14.83;27.15;19.36;55.36;46;59.34;22.14;55.86;50.11;70.81;53.06;40.2;50.6;68.09;65.02;55.92;33.13;22.06;29.41;39.44;23.99;40.7;;38.22;31.83;34.05;36.42;58.39;29.86;48.26;40.17;63.2;62.9;62.5
O3;uur;µg/m³;2023-12-15T23:00:00+01:00;2023-12-16T00:00:00+01:00;49.9;21.7;22;21.5;19.4;22.49;15.8;24.29;27.48;23.82;47.26;21.41;30.16;21.84;39.44;43.28;55.91;29.15;48.08;46.18;68.24;31.39;38.41;47.43;69.09;64.55;57.6;37.01;33.58;40.38;35.78;37.93;44.37;31.01;37.16;35.54;34.04;50.5;58.15;29.99;52.27;43.02;58.3;62;60.1
O3;uur;µg/m³;2023-12-16T00:00:00+01:00;2023-12-16T01:00:00+01:00;45.8;40.7;19;14.8;46;22.05;25.37;24.24;27.27;29.11;42.66;28.65;44.09;31.77;40.04;44.96;37.84;15.06;43.27;40.47;61.71;37.26;9.85;29.22;67.48;60.98;52.69;37.37;40.84;46.38;36.76;45.38;45.08;29.99;44.08;37.21;37.87;53.91;60.06;38.17;54.45;49.99;54;55;51.7
O3;uur;µg/m³;2023-12-16T01:00:00+01:00;2023-12-16T02:00:00+01:00;39;37.7;15.3;10.5;36;33.48;30.52;33;35.04;34.02;39.83;34.87;46.32;41.81;42.03;44.97;31.08;25.62;43.28;40.55;52.41;39.51;8.97;36.23;47.74;52.71;50.62;34.31;46.97;45.86;36.38;50.1;37.97;28.62;47.59;37.3;40.04;55.47;58.27;46.74;57.08;57.43;52.8;52.9;50.3
O3;uur;µg/m³;2023-12-16T02:00:00+01:00;2023-12-16T03:00:00+01:00;34.9;33.6;8.9;8.1;31.8;48.42;38.89;44.16;46.47;41.63;35.13;38.76;34.34;46.12;42.5;44.93;29.13;25.61;42.77;40.03;44.88;23.59;7.72;25.89;33.44;47.07;48.36;31.47;39.55;37.81;39.71;40.96;32.51;35.7;47.11;35.44;41.07;52.09;55.67;51.71;59.2;60.28;41.8;37.4;38.6
O3;uur;µg/m³;2023-12-16T03:00:00+01:00;2023-12-16T04:00:00+01:00;37.2;35.7;9.1;10;33.4;49.64;44.32;43.93;45.26;40.55;39.33;43.43;23.35;45.74;37.68;47.75;29.93;28.36;42.94;35.61;30.12;23.95;7.5;25.72;42.73;34.79;46.7;28.57;33.27;32.47;33.84;34.48;24.74;36.85;39.18;32.54;43;44.75;51.52;51.09;59.88;60.94;39.2;34.8;37.5
O3;uur;µg/m³;2023-12-16T04:00:00+01:00;2023-12-16T05:00:00+01:00;31.1;32.5;4.3;9.7;33.3;45.21;45.88;43.67;41.26;38.83;40.84;37.75;23.48;40.93;42.35;50.43;24.55;21.58;41.87;35.25;32.78;23.57;11.58;24.68;33.74;36.86;40.19;29.03;33.91;31.7;32.27;33.93;22.87;30.47;38.85;36.49;40.89;38.23;40.41;44.98;55.21;55.98;33.3;31.9;31.7
O3;uur;µg/m³;2023-12-16T05:00:00+01:00;2023-12-16T06:00:00+01:00;31.5;30.6;10.8;9.9;26.9;43.79;44.62;35.17;43.8;38.26;39.91;37.8;32.03;40.5;42.93;51.51;28.93;21.3;44;37.55;41.79;17.24;7.63;19.64;30.21;38.24;37.81;26.83;31.82;29.47;31.44;32.03;30.5;30.6;33.62;38.9;37.22;35.68;34.5;43.67;47.9;48.99;31;29.9;29.3
O3;uur;µg/m³;2023-12-16T06:00:00+01:00;2023-12-16T07:00:00+01:00;36.3;36.5;12.2;8.2;37.2;42.5;43.22;37.72;47.41;38.61;29.87;37.95;24.42;40.43;48.1;49.54;27.61;32.05;41.62;36.29;45.12;24.14;15.39;27.19;42.24;47.03;37.49;20.69;34.54;32.03;25.87;34.93;32.26;33.04;30.3;35.95;32.62;34.41;28.08;40.94;39.55;40.57;32.8;31.4;27.3
O3;uur;µg/m³;2023-12-16T07:00:00+01:00;2023-12-16T08:00:00+01:00;38.4;34.2;12.9;10.1;36.2;43.48;40.01;39.93;45.11;39.59;30.8;33.96;22.75;39.25;41.7;48.4;26.99;22.49;39.04;37.09;47.26;22.45;11.33;29.27;41.2;46.32;35.88;23.51;32.27;27.67;21.8;32.22;31.43;32.31;32.43;34.5;29.99;34.81;28.92;35.9;34.72;32.84;29.8;34.4;21.4
O3;uur;µg/m³;2023-12-16T08:00:00+01:00;2023-12-16T09:00:00+01:00;37.4;35.3;10.6;12;22.5;41.02;37.9;35.51;46.57;40.95;31.96;30.67;25.17;38.45;42.3;47.52;22.44;20.94;41.95;37.73;38.23;23.06;8.71;21.31;41.84;40.86;36.11;23.88;30.45;29.1;27.73;31.57;35;31.67;32.52;31.54;30.38;32.85;30.74;34.12;32.44;29.6;29.1;27.2;24
O3;uur;µg/m³;2023-12-16T09:00:00+01:00;2023-12-16T10:00:00+01:00;34;29.2;12.2;8.6;32.9;41.68;42.93;41.64;46.53;41.72;42.26;35.81;28.76;42.18;39.8;47.89;45.89;32.97;42.76;38.42;49.45;26.81;5.92;33.12;44.68;43.07;36.9;28.81;31.11;32.9;25.94;33.73;35.07;32;33.97;36.21;31.42;30.8;32.95;31.16;34.22;28.83;18.7;23;12.2
O3;uur;µg/m³;2023-12-16T10:00:00+01:00;2023-12-16T11:00:00+01:00;34.4;20.7;17.7;36.8;24.3;45.8;49.27;42.73;52.39;43.84;43.48;41.83;45.37;44.41;26.96;49.49;47.84;34.01;42.3;40.2;54.95;39.86;25.46;43.13;53.91;47.26;36.16;32.91;30.02;35.08;29.67;31.14;36.03;33.39;38.39;39.68;33.71;33.08;31.25;33.25;36.75;27.48;34.3;46.1;40.6
O3;uur;µg/m³;2023-12-16T11:00:00+01:00;2023-12-16T12:00:00+01:00;31.7;36.4;43.9;40.9;24.9;48.88;49.6;46.11;52.62;43.82;49.6;44.52;49.84;46.42;38.03;52.12;47.32;32.52;37.66;37.42;56.25;39.11;49.67;38.86;57.03;49.41;35.54;39.53;32.18;33.14;34.87;33.36;39.29;37.86;37.99;41.9;36.94;31.07;51.91;33.33;36.37;29.93;51.6;51.7;48.6
O3;uur;µg/m³;2023-12-16T12:00:00+01:00;2023-12-16T13:00:00+01:00;43;36.7;42.6;27.2;32.1;47.93;52.43;45.73;53.35;42.89;48.03;44.39;46.22;47.63;45.36;49.79;48.61;31.71;41.41;34.6;57.84;36.84;47.97;35.59;59.52;52.83;36.68;42;36.85;38.22;41.74;37.31;34.04;31.06;39.49;41.33;37.23;30.86;54.97;33.1;51.19;42.03;54.5;55.6;52.1
O3;uur;µg/m³;2023-12-16T13:00:00+01:00;2023-12-16T14:00:00+01:00;38.8;32.3;35.2;15.4;44.2;46.78;51.02;46.05;51.62;40.49;44.81;41.16;45.69;44.6;51.06;46.79;46.12;38.49;46.54;36.09;58.38;39.47;45.26;24.94;58.71;51.79;47.21;43.68;43.13;35.06;41.79;44.4;34.46;39.43;38.47;36.05;35.92;33.19;55.8;31.15;57.62;47.94;56.5;57.8;55.2
O3;uur;µg/m³;2023-12-16T14:00:00+01:00;2023-12-16T15:00:00+01:00;44.4;29.6;31.6;10.4;34.7;48.71;50.23;48.1;52.71;39.33;33.64;40.46;44.67;45.08;46.89;45.19;46.99;42.37;52.49;38.43;51.4;48.44;38.79;24.13;59.06;50.58;53.85;44.04;33.65;31.47;38.6;36.33;39.39;37.7;38.45;34.25;36.71;48.01;54.35;36.43;60.88;52.4;54;56.5;53
O3;uur;µg/m³;2023-12-16T15:00:00+01:00;2023-12-16T16:00:00+01:00;43.7;32.2;34;13.7;42.5;46.11;47.18;50.27;49.44;37;24.18;38.94;33.37;43.52;50.54;45.57;43.24;47.91;38.24;31.82;52.86;45.77;40.93;24.36;57.99;48.8;51.7;45.6;35.02;38.85;40.21;39.68;44.27;36.53;42.75;32.6;39.74;49.13;55.64;43.35;60.78;53.43;50.8;52.2;49.4
O3;uur;µg/m³;2023-12-16T16:00:00+01:00;2023-12-16T17:00:00+01:00;37.3;33.6;37;15.1;26.8;43.85;44.22;48.86;48.47;34.34;25.05;36.86;29.03;41.19;53.03;47.9;43.67;33.32;37.25;33.28;52.6;45.01;38.28;29.97;57.72;47.28;50.36;51.45;37.05;39.59;44.51;41.32;31.73;32.06;44.08;30.75;44.02;48.04;53.97;48.76;60.39;53.85;52.5;54.1;53.2
O3;uur;µg/m³;2023-12-16T17:00:00+01:00;2023-12-16T18:00:00+01:00;44.3;31.6;40.3;12.3;38.6;43.71;39.76;46.8;49.22;35.96;31.29;37.2;28.94;39.97;51.08;50.65;48.9;40.52;43.94;34.39;55.31;45.23;43.68;26.88;55.03;51.32;51.71;52.07;28.95;30.39;48.1;31.45;30.86;34.41;46.58;30.18;47;48.62;54.51;49.99;61.31;54.03;51.3;53.2;52
O3;uur;µg/m³;2023-12-16T18:00:00+01:00;2023-12-16T19:00:00+01:00;48.8;37.8;41.9;16.8;43.9;45.76;38.91;49.06;51.02;37.88;42.66;37.91;34.61;42.26;42.53;52.84;48.59;51.29;49.46;36.1;56.91;47.04;50.13;31.62;56.88;54.93;50.55;50.98;31.13;35.93;47.89;34.33;42.01;33.48;44.78;30.54;48.22;46.46;52.98;48.55;60.8;51.47;51.8;56.3;53.5
O3;uur;µg/m³;2023-12-16T19:00:00+01:00;2023-12-16T20:00:00+01:00;50.8;38.9;46.4;35.3;35.5;47.05;42.58;53.47;53.17;39.77;44.26;41.16;45.33;46.12;50.74;57.14;53.45;53.03;48.63;35.79;56.25;54.12;45.72;39.82;57.4;53.42;54.28;52.19;41.92;44.82;48.3;42.9;46.91;33.5;46.68;31.57;45.18;48.84;53.89;46.63;59.27;50.6;53.2;57.4;54.4
O3;uur;µg/m³;2023-12-16T20:00:00+01:00;2023-12-16T21:00:00+01:00;52;35.3;38.3;41.9;32.1;46.66;47.45;49.56;53.7;39.9;48.21;42.35;51.15;45.95;56.22;57.8;57.15;54.14;55.61;40.82;57.8;47.87;44.38;46.95;56;55;52.7;54.4;44.65;48.73;51.38;44.63;53.24;32.54;45.33;34.1;44.15;47.92;54.52;47.7;58.04;51.33;56;58.6;56.6
O3;uur;µg/m³;2023-12-16T21:00:00+01:00;2023-12-16T22:00:00+01:00;51.4;34.4;33.8;30;31.5;46.94;45.35;49.44;51.26;38.58;47.8;41.99;49.4;45.71;57.3;57.89;55.93;46.01;60.45;52.2;56.87;42.17;45.37;48.47;55.96;57.19;57.64;53.49;47.28;46.48;53.27;48.32;51.69;32.3;47.03;34.27;47.24;50.98;54.38;51.64;57.76;53.07;56.1;59.6;58.2
O3;uur;µg/m³;2023-12-16T22:00:00+01:00;2023-12-16T23:00:00+01:00;52.8;31;38.1;22.6;40.7;44.28;43.59;47.76;49.25;37.64;45.98;40.63;45.99;43.76;58.01;59.19;52.41;51.95;62.97;53.91;49.47;48.72;37.49;37.02;55.3;53.12;60.57;44.91;48.35;46.4;44.05;49.08;51.95;31.86;49.4;33.11;47.78;55.49;52.38;53.9;56.41;53.34;54.2;57.7;56.2
O3;uur;µg/m³;2023-12-16T23:00:00+01:00;2023-12-17T00:00:00+01:00;51.9;33;37.3;16.1;33.1;40.51;41.7;46.28;47.18;42.67;43.23;36.83;46.69;39.55;61.46;57.32;44.39;54.06;61.97;54.28;44.46;51.1;40.8;34.1;54.85;47.14;57.26;44.1;44.21;48.46;37.71;46.75;52.87;32.95;51.41;33;49.47;53.47;51.09;56.52;55.48;52.72;51.3;52.1;51.6
O3;uur;µg/m³;2023-12-17T00:00:00+01:00;2023-12-17T01:00:00+01:00;50.5;34.5;31.8;37.2;30.6;41.24;39.56;44.25;44.03;44.02;48.53;35.62;52.69;38.58;56.63;59.3;52.82;53.5;62.55;54.91;50.42;53.64;41.13;33.96;55.12;45.41;51.3;43.4;46.67;50.45;40.28;48.33;50.49;33.83;51.81;34.61;54.22;52.77;51.12;55.52;56.3;52.6;49.7;49.4;49.3
O3;uur;µg/m³;2023-12-17T01:00:00+01:00;2023-12-17T02:00:00+01:00;54.5;39.4;36.3;45.1;37.3;40.89;40.97;42.96;44.89;43.28;43.7;37.49;55.91;39.68;61.11;63.51;56.07;52.49;60.55;56.67;51.95;52.68;45.9;44.74;55.65;50.73;49.09;46.53;44.89;49.69;41.56;45.79;52.02;36.8;52.69;39.44;52.94;50.51;51.46;54.63;57.84;53.12;51.5;52.1;52
O3;uur;µg/m³;2023-12-17T02:00:00+01:00;2023-12-17T03:00:00+01:00;52.3;40.4;37.3;36.9;39.7;37.72;40.69;42.54;45.15;42.56;46.03;41.89;59.45;44.95;57.73;62.84;59.37;55.06;60.53;53.25;53.16;49.63;49.53;53.91;56.38;50.99;50.12;46.71;44.8;51.3;46.17;45.5;54.1;37.9;52.56;49.29;51.21;49.02;49.89;53.44;59.02;53.22;51.8;54.3;52.7
O3;uur;µg/m³;2023-12-17T03:00:00+01:00;2023-12-17T04:00:00+01:00;55.2;44.8;44.1;15.7;41.4;38.8;41.38;43.18;44.85;45.94;48.57;43.72;56.29;43.74;61.21;63.4;51.89;54.11;63.01;57.19;57.02;54.13;47.75;44.48;55.84;54.55;51.23;50.36;48.93;53.78;46.94;49.51;51.48;45.56;53.37;54.27;51.05;49.3;49.72;51.38;59.25;52.69;50.8;56.5;54.5
O3;uur;µg/m³;2023-12-17T04:00:00+01:00;2023-12-17T05:00:00+01:00;55;45.3;44.6;20.7;46.3;40.49;40.85;43.25;43.97;43.26;56;42.08;54.81;45.51;59.27;62.53;46.7;57.92;62.45;58.72;58.44;53.6;53.02;46.87;56.08;59.62;53.78;51.7;49.68;53.69;52.86;52;54.5;52.07;56.9;48.08;52.59;49.25;48.55;50.46;58.76;54.75;56.9;62.2;60.3
O3;uur;µg/m³;2023-12-17T05:00:00+01:00;2023-12-17T06:00:00+01:00;54.2;50.5;50;18.8;50.2;40.34;41.71;42.25;43.14;44.96;53.51;45.32;60.47;47.42;56.43;60.27;48.65;59.18;61.31;54.84;58.74;57.7;55.88;52.16;57.97;59.19;59.7;55.79;52.08;56.57;55.19;52.89;55.63;50.18;59.65;48.74;55.29;51.64;52.05;53.98;57.94;54.15;56;62.1;58
O3;uur;µg/m³;2023-12-17T06:00:00+01:00;2023-12-17T07:00:00+01:00;54.1;51.3;41.3;33.3;50.7;39.41;41.52;39.59;42.07;48.46;51.98;46.49;56.51;45.69;52.3;60.04;51.44;50.5;52.89;51.06;58.99;55.86;32.15;52.56;62.93;60.34;59.95;55.78;53.4;56.78;57.2;54.52;55.78;49.18;59.29;42.18;56.84;56.82;57.3;53.68;56.98;53.83;58.2;63.4;57
O3;uur;µg/m³;2023-12-17T07:00:00+01:00;2023-12-17T08:00:00+01:00;49.7;40.6;35.4;32.3;44;39.6;42.69;37.84;41.06;51.68;50.26;45.09;49.91;46.73;55.09;57.15;55.02;45.45;57.25;52.13;52.96;51.73;36.21;48.48;61.14;58.89;59.85;51.49;53.88;55.32;52.55;54.81;49.82;46.9;52.99;42.08;59.03;57.32;56.25;57.06;57.73;53.61;54.8;57.3;53.2
O3;uur;µg/m³;2023-12-17T08:00:00+01:00;2023-12-17T09:00:00+01:00;52;42.6;42.5;42.9;50;40.06;46.25;34.15;39.84;50.45;46.58;46.24;50.23;47.89;53.91;52.63;49.64;40.6;58.55;51.79;53.05;51.1;44.94;49.39;59.73;54.59;58.55;47.87;49.62;51.5;48.45;51;52.45;43.19;56.09;44.75;56.15;57.5;59.52;55.9;62.56;58.77;55;57.8;52.1
O3;uur;µg/m³;2023-12-17T09:00:00+01:00;2023-12-17T10:00:00+01:00;50.3;46.1;39.5;42.9;51.3;32.93;48.9;31.34;36.99;48.9;44.3;45.92;45.54;48.1;50.06;50.78;51.63;40.25;52.76;47.8;49.6;51.37;42.94;48.88;53.41;49.44;56.26;49.84;50.37;47.78;50.89;51.68;49.11;45.82;56.04;47.14;50.84;54.04;58.37;56.23;61.66;58.99;53.5;47.8;48.5
O3;uur;µg/m³;2023-12-17T10:00:00+01:00;2023-12-17T11:00:00+01:00;45.8;43.5;29.5;40.3;49.8;31.65;45.8;31.11;37.65;48.07;44.61;41.81;43.78;42.91;47.47;48.6;50.37;40.23;47.98;49.36;52.08;48.02;38.85;45.63;52.89;52.6;57.68;46.9;42.41;42.16;47.93;44.32;44;42.17;50.12;46;52.32;53.02;55.57;58.31;62.58;57.11;55.3;43.6;50.3
O3;uur;µg/m³;2023-12-17T11:00:00+01:00;2023-12-17T12:00:00+01:00;43.5;41.1;36.9;40.2;43.5;32.95;42.59;34.1;41.32;46.63;38.82;38.92;44.1;42.25;43.37;46.08;46.21;40.49;47.68;44.8;48.85;48.25;36.35;41.56;54.1;49.41;52.9;44.09;40.63;43.05;45.28;42.27;44.63;41.01;47.2;44.25;49.69;54.43;55.52;55.08;60.02;55.68;55.4;45.3;51.2
O3;uur;µg/m³;2023-12-17T12:00:00+01:00;2023-12-17T13:00:00+01:00;42.5;36.3;36.5;36.9;42.9;41.24;42.92;38.23;45.1;49.55;40.1;41.52;46.73;45;48.81;50.06;46.69;38.58;47.02;44.81;47.41;46.37;40.59;36.8;47.81;46.13;49.43;44.97;43.53;43.64;44.16;45.93;43.92;36.37;47.39;40.39;47.9;48.25;52.28;54.03;60.37;53.31;52.6;48.6;50.3
O3;uur;µg/m³;2023-12-17T13:00:00+01:00;2023-12-17T14:00:00+01:00;45.1;40.2;36.7;42;51.6;43.77;45.17;39.06;45.49;51.4;47.34;45.41;48.45;48.99;52.09;53.72;52.18;38.65;50.36;46.31;52.44;48.06;;41.84;48.61;49.06;51.57;45.26;42.8;45.13;43.19;45.63;47.05;36.9;49.13;43.66;47.19;47.95;49.01;51.29;58.83;53.42;52.4;42.7;45.6
O3;uur;µg/m³;2023-12-17T14:00:00+01:00;2023-12-17T15:00:00+01:00;44.1;40.3;36.9;37.4;57;47.09;47.76;41.75;42.59;50.1;44.55;45.52;45.38;49.93;52.38;57;57.49;47.54;50.17;49.63;55.63;53.09;;43.35;46.06;54.67;52.4;47.44;43.47;46.57;40.52;47.67;48.24;37.11;51.49;48.77;47.71;48.09;48.32;49.05;53.57;53.16;52.4;38.9;47.3
O3;uur;µg/m³;2023-12-17T15:00:00+01:00;2023-12-17T16:00:00+01:00;43.2;38.7;32.4;35;57.1;43.64;46.78;39.82;36.64;48.96;41.71;44.32;43.72;49.09;49.52;52.36;57.76;40.93;45.57;48.56;52.35;55.46;;45.77;54.24;53.19;51.03;45.32;44.14;48.06;38.98;47.04;46.45;37.01;51.19;46.76;45.51;48.85;45.4;48.12;51.38;50.34;52.5;48.7;46.1
O3;uur;µg/m³;2023-12-17T16:00:00+01:00;2023-12-17T17:00:00+01:00;43.8;33;38;43.5;49.5;37.96;43.2;32.98;28.87;45.73;35.57;39.35;38.04;45.55;43.15;41.79;52.95;35.92;43.35;35;55.57;49.4;;41.54;56.62;55.57;49.73;39.52;39.1;39.34;30.23;42.07;38.12;33.83;44.6;39;42.48;48.85;48.15;45.55;50.39;50.43;57.3;49.4;51.5
O3;uur;µg/m³;2023-12-17T17:00:00+01:00;2023-12-17T18:00:00+01:00;35.9;16.8;37.4;37.8;43.9;33.16;40.22;32.11;32.56;42.39;30.32;34.36;33.46;41.52;46.96;36.18;45.09;33.04;38.12;32.34;53.57;44;;30.5;57.36;53.48;48.96;35.57;33;29.91;31.13;34.03;29.8;30.48;38.2;37.31;42.05;48.83;52.26;43.29;53.15;48.59;54.2;51.7;52.2
O3;uur;µg/m³;2023-12-17T18:00:00+01:00;2023-12-17T19:00:00+01:00;21.1;15.7;24.2;36;43.1;33.74;34.87;35.82;35;44.65;28.09;36.03;38.87;43.31;30.16;35.85;41.55;22.4;31.98;34.57;48.92;42.73;;29.02;58.63;46.88;42.86;31.03;30.51;28.43;26.54;30.27;29.93;33.74;37.64;34.7;37.02;46.22;48.97;41.36;55.53;48.8;44.4;42.1;42.3
O3;uur;µg/m³;2023-12-17T19:00:00+01:00;2023-12-17T20:00:00+01:00;18.1;14.1;9.2;24.3;32.9;33.14;39.36;44.33;38.66;41.44;28.57;41.6;40.55;48.14;26.09;35.86;40.76;16.42;32.41;25.71;45.09;31.88;;30.38;58.16;47.27;39.93;26.25;26.9;23.58;23.73;26.55;24.09;33.63;39.03;28.85;35.59;40.32;49.54;39.06;60.31;52.36;41.9;36.1;34
O3;uur;µg/m³;2023-12-17T20:00:00+01:00;2023-12-17T21:00:00+01:00;21.3;19.9;8.8;29.3;41.8;40.28;45.06;57.07;52.39;44.23;31.75;43.88;35.71;48.58;29.75;32;41.01;18.79;30;30.98;46.71;32.99;;33.91;57.22;48.49;34.93;21.39;24.32;22.64;20.94;24.43;27.22;35.27;41.75;34.07;39.02;39.21;50.05;36.02;58.89;52.28;39.3;36;30.4
O3;uur;µg/m³;2023-12-17T21:00:00+01:00;2023-12-17T22:00:00+01:00;26.7;26.1;15;31.4;39.4;46.74;44.29;57.21;54.46;41.37;23.54;42.28;31.52;46.48;32.22;26.25;45.14;25.65;27.31;27.44;42.86;32.64;;34.65;58.92;47.58;33.15;25.77;25.17;26.18;23.68;25.58;26.95;37.3;40.84;41.61;38.86;36.12;47.36;37.23;55.67;50.5;41.4;30.5;36.4
O3;uur;µg/m³;2023-12-17T22:00:00+01:00;2023-12-17T23:00:00+01:00;27.7;30;17.9;30.1;40.9;33.08;43.72;50.91;56.13;39.51;20.22;41.09;28.8;44.54;31.95;23.3;40.2;33.64;29.2;29.79;46.93;36.98;;36.66;61.04;45.45;36.81;33.66;27.89;29.87;27.07;28.66;29.31;37.65;36.23;40.14;38.29;37.05;45.36;41.67;55.59;49.51;36.6;35.8;27.6
O3;uur;µg/m³;2023-12-17T23:00:00+01:00;2023-12-18T00:00:00+01:00;26.9;27.3;11.2;28.5;32.9;44.69;43.19;46.88;58.46;37.06;18.6;38.74;28.16;41.05;32.19;25.64;33.19;31.07;28.17;28.97;44.92;42.19;;38.1;62.18;45.21;38.07;33.06;29.44;34.41;32.33;30.41;32.16;34.04;36.27;36.39;39.49;39.23;48.61;40.28;55.6;47.12;47.7;52.7;48.8
O3;uur;µg/m³;2023-12-18T00:00:00+01:00;2023-12-18T01:00:00+01:00;27.6;26.9;8.7;17.9;30;43.69;39.38;53.04;62.09;34.11;22.2;34.38;32.1;37.38;34.21;27.86;45.58;22.97;28.23;32.38;56.14;44.61;;35.93;62.96;53.1;39.17;29.26;31.25;35.11;31.39;31.33;31.64;36.28;36.36;35.03;40.46;39.63;59.12;40.15;45.31;45.91;47.2;51.4;47.5
O3;uur;µg/m³;2023-12-18T01:00:00+01:00;2023-12-18T02:00:00+01:00;27.3;28.5;10.1;18.8;30;46.66;31.81;47.41;59.9;34.52;23.94;34.04;30.68;35;36.68;30.92;65.71;23.12;24.48;32.87;67.52;38.01;;34.01;63.23;65.64;37.27;28.63;30.36;33.48;28.34;30.44;29.59;37.24;36.46;36.4;39.23;41.09;58.66;39.83;62.59;43.29;50.6;57.3;52.5
O3;uur;µg/m³;2023-12-18T02:00:00+01:00;2023-12-18T03:00:00+01:00;26.5;29.7;12.8;27.5;28.7;;;;;;;;;;;;;;;;;;;;;;;;;;;;;;;;;;;;;;58.3;65.9;61.5
O3;uur;µg/m³;2023-12-18T03:00:00+01:00;2023-12-18T04:00:00+01:00;31.5;21.4;11.5;24.8;35.8;41.41;40.55;36.02;45.67;38.55;25.62;37.68;28.23;40.16;41.8;30.18;35.02;9.74;40.69;34.82;64.33;27.48;;43.28;63.04;63.67;42.43;25.53;34.49;35.44;28.76;;34.04;33.76;34.68;35.78;34.9;42.03;58.39;40.46;64.22;48.3;60.9;66.2;60.7
O3;uur;µg/m³;2023-12-18T04:00:00+01:00;2023-12-18T05:00:00+01:00;33.7;21.4;11.6;28.1;31.4;34.34;40.84;32.01;41.56;39.74;26.26;37.04;29.3;39.2;39.49;34.35;35.94;20.95;38.52;36.63;65.21;28.63;;37.8;62.44;66.66;45.71;28.69;35.14;32.83;32.4;36.18;33.6;33.49;32.66;37.29;35.25;43.59;58.46;39.49;63.06;51.66;45.2;48.5;38.8
O3;uur;µg/m³;2023-12-18T05:00:00+01:00;2023-12-18T06:00:00+01:00;33.9;25.2;16;27;36.4;28.41;39.01;30.99;38.43;39.4;25.07;34.61;30.94;36.33;29.13;37.63;33.57;23.01;33.84;28.38;50.38;28.39;;22.47;64.99;63.68;43.84;30.48;33.54;32.53;31.66;33.58;34.65;33.81;28.94;37.8;36.23;41.65;52.69;41.78;61.82;51.46;32.1;35.5;32.6
O3;uur;µg/m³;2023-12-18T06:00:00+01:00;2023-12-18T07:00:00+01:00;32.5;21.4;14.6;27;32.3;28.42;37.77;28.06;34.56;40.1;8.69;32.55;30.45;33.7;24.13;37.26;33.65;12.94;30.97;26.42;39.89;27.05;;20.25;59.52;53.01;38.27;29.34;31.05;27.71;23.08;32.21;27.06;34.07;32.05;35.07;38.64;39.18;37.63;41.43;58.95;49.84;30.3;30.7;29.7
O3;uur;µg/m³;2023-12-18T07:00:00+01:00;2023-12-18T08:00:00+01:00;28.9;13;13.3;21.5;30.2;34;35.7;26.93;21.5;38.89;6.25;26.81;27;33.07;27.5;35.74;28;8.56;34.29;24.38;44.47;23.82;;12.44;44.96;45.12;37.95;24.98;23.25;14.37;21.91;23.92;28.04;33.11;32.33;32.33;38.66;40.21;34.46;39.38;50.55;49.57;25.5;28.3;28.2
O3;uur;µg/m³;2023-12-18T08:00:00+01:00;2023-12-18T09:00:00+01:00;27.8;8.8;17.8;25.6;23.7;33.58;35.23;26.93;23.95;36.64;9.36;25.03;20.01;33.19;28.21;31.31;20.55;14.51;30.53;20.88;47.53;21.9;;8.57;53.46;50.21;26.91;23.84;16.86;13.83;19.48;17.98;24.17;32.76;27.11;27.57;37;35.17;30.38;38.23;46.98;44.74;22.8;22.8;25.2
O3;uur;µg/m³;2023-12-18T09:00:00+01:00;2023-12-18T10:00:00+01:00;26.2;13.1;16.2;25.6;20.5;34.16;33.93;29.48;28.06;36.18;10.88;28.66;24.23;34.83;27.23;29.5;22.14;13.49;29.47;15.62;37.09;26.17;;15.25;53.61;30.05;28.06;26.07;19.09;16.59;21.77;20.08;19.08;32.12;30.86;26.14;35.51;30.5;29.01;39.07;47.4;44.51;30.9;25.4;27.7
O3;uur;µg/m³;2023-12-18T10:00:00+01:00;2023-12-18T11:00:00+01:00;32.9;12.9;18.2;23.1;21.3;37.49;35.93;36.8;40.57;33.44;16.8;29.92;23.27;37.03;30.48;34.25;24.72;17.68;30.27;31.1;39.39;29.43;;17.72;59.32;42.64;29.21;26.32;20.11;19.93;23.4;21.46;22.79;31.71;33.58;29.42;34.94;31.58;26.69;39.3;45.66;47.11;34;26.4;28.8
O3;uur;µg/m³;2023-12-18T11:00:00+01:00;2023-12-18T12:00:00+01:00;33;14.2;21.7;26.4;26.6;38.61;36.85;37.4;41.85;32.94;19.99;29.07;24.72;33.12;33.18;36.13;26.07;18.81;31.38;37.38;40.32;29.51;;20.91;64.12;43.55;31.63;26.21;22.19;22.2;27.49;24.7;35.87;32.24;33.5;30.37;37.85;32.26;30.73;39.37;45.95;42.01;33.2;26;28.5
O3;uur;µg/m³;2023-12-18T12:00:00+01:00;2023-12-18T13:00:00+01:00;34.8;16.6;21;26.9;30.8;34.41;38.01;35.06;35.85;32.47;19.54;27.59;30.02;31.98;33.63;36.79;31.35;20.67;33.13;37.49;40.84;31.68;;25.7;52.07;46.46;38.56;26.78;31.94;25.12;29.32;34.44;38.13;32.37;34.88;31.29;38.99;31.88;32.53;40.6;45.36;39.46;30.2;25.6;30.5
O3;uur;µg/m³;2023-12-18T13:00:00+01:00;2023-12-18T14:00:00+01:00;34.9;27.5;16.6;26.1;31.5;35;36.23;35.6;38.81;29.05;26.15;25.79;28.82;28.66;31.95;34.54;31.1;22.63;36.82;40.39;39.38;32.69;;23.58;55.1;43.26;44.92;25.67;35.19;32.3;28.62;38.8;37.24;32.46;36.14;31.29;39.4;38.45;33.2;42.65;48.78;45.61;31.5;25.1;30.9
O3;uur;µg/m³;2023-12-18T14:00:00+01:00;2023-12-18T15:00:00+01:00;30.8;22.5;19.7;29.5;27.1;34.98;33.3;34.68;43.67;28.35;16.54;22.68;27.63;26.36;33.1;35.23;31.79;25.79;;30.77;41.7;32.16;;24.89;49.07;45.45;43.33;28.09;31.91;33.44;27.63;36.18;35.47;32.64;34.6;32.03;38.62;44.98;38.5;46.97;48.18;45.98;35.4;31.1;31.5
O3;uur;µg/m³;2023-12-18T15:00:00+01:00;2023-12-18T16:00:00+01:00;31.2;23.2;21;26.8;25.7;34.78;33.19;35.81;45.16;28.56;11.91;23.13;28.41;28.18;31.6;37.99;27.46;25.5;;26.33;38.13;31.27;;19.93;48.91;43.61;43.86;28.05;31.08;29.48;28.26;34.52;34.38;32.82;31.32;26.25;37.13;43.39;49.16;46.5;45.81;43.07;36.5;30.7;33.3
O3;uur;µg/m³;2023-12-18T16:00:00+01:00;2023-12-18T17:00:00+01:00;29.1;21.4;21.3;25.9;26.9;33.39;32.15;36.72;47.89;35.37;21.07;21.14;29.95;24.83;25.8;40.64;27.58;21.03;;23.13;37.31;29.94;20.79;16.03;46.95;40.24;41.11;27.82;27.85;24.76;27.49;30.32;31.44;26.05;33.54;25.26;35.1;43.43;51.41;41.06;46.02;43.2;34.9;30.7;32.1
O3;uur;µg/m³;2023-12-18T17:00:00+01:00;2023-12-18T18:00:00+01:00;23;16.5;19.9;24.4;25.7;34.23;30.47;30.88;25.67;34.18;22.4;18.83;33.3;21.84;31.04;37.39;23.08;18.36;32.77;20.19;36.85;28.77;22.23;15.03;44.46;38.19;40.27;26.77;23.94;22.72;26.89;25.85;26.97;31.2;33.44;26.83;33.25;41.53;35.2;39.18;46.85;42.27;33.3;29.1;30.3
O3;uur;µg/m³;2023-12-18T18:00:00+01:00;2023-12-18T19:00:00+01:00;23.2;17.2;15.4;26.4;22;29.22;29.93;21.7;21.94;35.14;17.81;19.36;33.6;22.84;29.23;34.95;24.1;23.37;30.03;23.6;37.26;28.9;20.17;18.48;35.17;35.68;34.78;27.09;24.44;25.29;26.98;26.52;26.22;30.61;34.46;24.06;32.24;36.97;32.51;36.65;44.44;40.29;32.2;29.7;29.7
O3;uur;µg/m³;2023-12-18T19:00:00+01:00;2023-12-18T20:00:00+01:00;22.5;18.8;20.7;26.1;24.9;23.98;25.42;23.5;26.09;30.86;12.9;15.33;31.22;18.07;30.75;34.12;24.84;25.95;31.33;24.22;36.86;30.13;21.69;19.54;42.77;37.01;34.37;29.08;27.97;27.05;29.1;29.87;28.14;28.95;36.66;22;32.5;34.85;31.91;34.88;42.17;39.84;31.6;30.3;28.6
O3;uur;µg/m³;2023-12-18T20:00:00+01:00;2023-12-18T21:00:00+01:00;25.2;19.6;14.2;21.1;26.9;26.53;26.35;28.1;26.71;28.77;17.43;17.11;30.64;22.02;26.07;34.08;26.14;22.17;32.96;23.25;33.8;28.27;22.6;21.26;44.36;36.3;35.93;27.27;26.18;24.41;27.62;28.1;26.28;28.48;38.68;20.64;30.48;35.68;31.44;34.35;40.11;39.23;31.8;31.6;30.4
O3;uur;µg/m³;2023-12-18T21:00:00+01:00;2023-12-18T22:00:00+01:00;29.3;23.7;18;19.1;30.8;31.05;27.34;29.04;29.98;27.44;23.25;20.35;32.37;23.87;26.78;32.35;31.81;23.08;32.97;28.2;37.54;30.26;25.07;26.59;41.89;39.55;33.53;26.9;28.63;27.17;27.55;30.02;31.94;26.11;34.45;17.63;30.79;35.25;33.04;35.15;40.34;37.37;34.5;31.8;31.5
O3;uur;µg/m³;2023-12-18T22:00:00+01:00;2023-12-18T23:00:00+01:00;28.2;22.7;14.8;20.9;31.9;29.11;28.7;29.39;33.53;30.09;22.7;23.54;32.11;26.86;26.81;33.59;31.27;22.77;34.28;27.24;38.72;29.37;23.29;25.69;42.54;43.27;33.04;28.73;29.13;30.94;29.74;31.14;28.05;24.69;33.64;21.26;31.72;32.75;37.42;35.35;41.34;35.99;31.1;29.1;30.3
O3;uur;µg/m³;2023-12-18T23:00:00+01:00;2023-12-19T00:00:00+01:00;26.9;24.9;16.6;22.4;34.1;29.85;31.1;33.37;37.58;35.16;25.11;27.12;32;29.7;32.98;35.07;34.1;21.37;31.68;28.32;39.8;29.15;21.71;30.93;42.84;43.23;35.15;27.77;27.26;29.2;29.37;29.07;29.13;24.6;32.84;24.95;29.15;33.24;41.98;35.32;45.24;35.94;32.3;31.4;29.6
O3;uur;µg/m³;2023-12-19T00:00:00+01:00;2023-12-19T01:00:00+01:00;27;22.2;16.5;18.3;31.8;28;31.33;34.75;39.53;37.79;25.2;27.12;33.94;30.63;33.42;36.99;33.68;17.55;31.26;25.05;38.59;30.75;25.18;32.07;42.07;43.85;34.09;27.71;27.96;29.7;30.04;29.35;28.44;23.35;31.81;28.37;27.64;34.24;35.72;34.17;45.84;34.94;30.3;29.9;28
O3;uur;µg/m³;2023-12-19T01:00:00+01:00;2023-12-19T02:00:00+01:00;31;24.2;19.6;24.1;36.6;30.62;32.28;36.91;41.62;39.71;26.06;31.05;35.58;34.72;32.83;39.5;36.33;22.38;33.87;26.13;40.31;33.98;27.45;33.81;36.32;43.28;33.27;26.28;28.45;30.34;28.72;29.76;27.69;24.89;32.53;30.84;28.55;32.95;29.99;33.15;41.61;35.21;28.9;30.2;27.8
O3;uur;µg/m³;2023-12-19T02:00:00+01:00;2023-12-19T03:00:00+01:00;32;27.4;19.5;25.1;34.3;32.97;35.26;38.77;41.87;41.15;24.89;32.93;37.53;35.25;34.73;40.75;35.76;24.8;37.08;33.95;39.7;35.37;29.35;34.83;35.44;40.56;33.07;28.24;28.97;30.22;29.35;29.74;32.03;25.75;34.59;32.25;29.91;32.01;27.78;32.86;40.13;36.66;32.3;32.8;30.3
O3;uur;µg/m³;2023-12-19T03:00:00+01:00;2023-12-19T04:00:00+01:00;35.1;31.4;18.8;26.5;33.3;33.31;37.45;37.98;41.67;40.03;24.76;34.61;38.33;37.89;36.82;40.93;32.43;29.44;39.2;33.29;40.33;34.59;31.02;30.48;26.63;41.32;33.44;31.96;31.78;32.1;33.44;32.32;34.64;26.53;35.71;35.12;31.54;31.82;28.36;31.54;36.05;35.45;36;37;34.1
O3;uur;µg/m³;2023-12-19T04:00:00+01:00;2023-12-19T05:00:00+01:00;35.9;32.4;21.4;29.7;37.8;33.71;37.96;40.78;43;37.45;26.63;33.71;35.34;36.61;38.84;36.9;34.73;29.59;39.69;30.83;40.83;37.25;32.28;32.6;31.62;40.95;34.8;34.69;33.13;33.45;35.3;33.99;36.43;28.73;36.84;35.13;33.26;31.63;30.41;32.17;33.88;34.76;36.8;37;34.2
O3;uur;µg/m³;2023-12-19T05:00:00+01:00;2023-12-19T06:00:00+01:00;35.5;33;18.2;28.9;30.9;35.92;38.18;40.23;42.33;36.46;31.22;34.19;31.47;37.41;40.23;34.2;39.42;32.3;35.52;30.6;43.1;37.75;32.68;32.1;39.23;43.17;35.98;35.6;33.38;34.17;35.57;34.7;34.84;31.19;37.09;35.04;34.28;33.26;33.31;33.82;33.67;32.67;35.2;37.1;34.8
O3;uur;µg/m³;2023-12-19T06:00:00+01:00;2023-12-19T07:00:00+01:00;34.4;31.6;11.1;22.6;36;36.89;38.12;40.79;41.41;36.48;32.89;34.1;27.56;37.5;37.63;33.67;40.7;29.64;36.51;34.31;45.55;33.94;23.88;30.08;40.3;46.79;38.11;34.09;30.79;32.35;32.23;32.26;34.43;31.89;33.41;33.39;34.8;33.46;33.41;35.01;34.61;32.21;32.9;33.8;34.7
O3;uur;µg/m³;2023-12-19T07:00:00+01:00;2023-12-19T08:00:00+01:00;31;28;13.1;22.3;42.1;35.09;37.83;38.86;40.15;36.53;31.27;29.97;23.34;35.01;38.67;38.56;42.92;23.01;34.59;33;45.06;38.6;21.26;33.34;40.72;45.62;36.67;30.09;28.59;30.58;30.18;32.44;32.11;30.04;30.38;31.37;32.69;33.52;34.56;35.1;35.13;31.65;31.1;27.7;32.6
O3;uur;µg/m³;2023-12-19T08:00:00+01:00;2023-12-19T09:00:00+01:00;33.4;26.4;12.7;22.5;38.3;36.41;39.23;41.96;41.92;38.5;34.49;30.36;23.58;35.43;38.63;39.21;40.55;23.52;35.96;32.74;47.46;39.4;20.69;33.72;41.12;46.34;37.48;29.68;26.73;29.55;29.46;30.93;32.24;29.79;29.37;30.96;30.78;33.31;38.35;32.96;34.33;30.21;30.5;29.2;33.9
O3;uur;µg/m³;2023-12-19T09:00:00+01:00;2023-12-19T10:00:00+01:00;34.1;26.7;7.4;25.4;40.7;38.76;40.04;43.76;46.59;37.61;31.26;30.4;24.71;36.14;37.43;38.43;40.19;27.86;36;32.7;44.6;40.47;20.2;34.37;48.59;45.03;37.3;29.11;27.56;28.97;28.66;31.8;32.49;29.7;29.56;32.66;29.9;34.14;37.75;31.38;33.53;29.33;25.2;41;33.1
O3;uur;µg/m³;2023-12-19T10:00:00+01:00;2023-12-19T11:00:00+01:00;35;26.5;14.5;22.7;40.7;45.17;40.53;46.76;47.91;38.53;32.15;29.76;24.45;36.71;34.18;37.69;42.48;29.75;34.8;32.25;46.67;40.1;15.8;37.31;73.95;45.17;38.52;31.51;28.39;29.35;30.99;32.44;33.39;31.19;30.85;31.23;29.79;33.61;36.78;29.57;35.34;30.72;19.5;44.7;25.9
O3;uur;µg/m³;2023-12-19T11:00:00+01:00;2023-12-19T12:00:00+01:00;34;27.5;16.1;18.4;40.5;46.31;41.54;48.28;49.79;38.67;35.12;35.52;25.18;40.99;36.17;39.24;44.14;29.62;35.72;34.25;49.85;39.86;13.83;37.41;64.87;46.79;39.24;32.42;28.61;29.83;32.44;32.65;32.31;28.85;32.56;33.62;31.13;34.68;43.13;30.91;36.74;31.42;27.3;44.8;32
O3;uur;µg/m³;2023-12-19T12:00:00+01:00;2023-12-19T13:00:00+01:00;32.7;27.3;20.6;15;43;42.73;43.9;48.85;49.15;40.63;37.27;39.89;29.39;44.86;39.54;38.88;44.97;27.87;36.2;34.35;50.56;39.9;12.42;35.42;68.57;45.33;37.65;32.26;27.78;30.34;30.67;31.87;33.18;24.4;33.36;34.63;31.97;34.69;57.21;35.08;41.29;35.79;46.9;45.6;38.4
O3;uur;µg/m³;2023-12-19T13:00:00+01:00;2023-12-19T14:00:00+01:00;34.7;27.1;23.5;13.5;36.2;43.55;48.02;47.9;49.06;42.09;35.91;41.95;30.87;47.2;40.43;38.2;44.24;24.96;33.56;33.22;57.2;39.28;16.24;34.78;70.97;40.93;35.67;31.51;28.96;31.5;28.83;32.96;33.96;31.86;33.27;35.9;30.55;32.18;60.41;35.74;60.12;42.54;47.2;42.8;39.2
O3;uur;µg/m³;2023-12-19T14:00:00+01:00;2023-12-19T15:00:00+01:00;34.3;21.6;13.3;19.9;41.1;44.07;50.38;49.12;50.92;40.92;31.83;40.05;29.88;45.59;44.24;38.99;42.27;27.02;35.63;32.05;74.83;36.58;24.5;29.79;67.3;59.03;33.38;36.83;27.1;29.25;27.44;29.61;32.37;30.82;32.25;;29.02;39.73;65.53;32.79;70.51;45.4;28.4;18.6;30.6
O3;uur;µg/m³;2023-12-19T15:00:00+01:00;2023-12-19T16:00:00+01:00;32;25.2;27.1;55.5;66.7;43.79;47.77;47.8;50.14;36.64;28.85;35.52;29.06;40.53;62.92;43.13;60.22;29.26;41.49;30.44;73.34;50.1;33.71;58.6;62.3;54.2;29.53;45.66;16.98;24.14;28.62;23.24;30.57;32.37;33.83;;28.19;52.01;62.9;32.8;63.76;55.53;50.6;27.3;30.9
O3;uur;µg/m³;2023-12-19T16:00:00+01:00;2023-12-19T17:00:00+01:00;29.3;30.8;39.8;56.3;70.5;42.09;41.08;42.78;47.52;32.66;24.62;32.14;27.89;35.43;67.83;60.62;59.2;54.37;43.2;16.09;72.14;54.39;39.89;60.02;56.77;58.13;23.26;54.82;9.59;15.37;23.59;19.46;33.44;29.6;31.47;;23.99;54.95;57.38;40.49;54.94;51.76;32.7;22.7;36.1
O3;uur;µg/m³;2023-12-19T17:00:00+01:00;2023-12-19T18:00:00+01:00;39.3;28.5;44.6;56.9;64.4;38.3;35.53;39.05;44.61;29;29.44;27.71;39.29;32.42;62.15;65.33;61;56.15;48.55;14;68.31;50.84;44.03;53.38;58.56;51;58.46;59.77;20.65;27.02;39.01;37.79;45.45;26.9;31.2;;20.41;44.96;54.08;56.47;60.69;46.36;28.2;29.4;52.3
O3;uur;µg/m³;2023-12-19T18:00:00+01:00;2023-12-19T19:00:00+01:00;7.8;26.2;37.7;28.1;25.6;36.71;32.03;37.18;43.21;27.87;56.15;21.72;23.53;29.52;58.49;61;57.62;46.32;31.27;33.58;59.76;54.13;35.3;49.94;66.53;45.43;63.12;55.45;36.65;45.61;46.34;50;51.68;23.2;37.89;13.42;21.29;52.3;65.75;60.83;73.57;58.34;34.3;34.3;49.2
O3;uur;µg/m³;2023-12-19T19:00:00+01:00;2023-12-19T20:00:00+01:00;0.3;33;40;24.4;37.2;36.34;27.01;36.12;40.72;30.4;52.81;14.29;31.38;34.17;58.07;59.32;55.93;46.9;47.26;16.59;67.53;50.51;27;49.59;69.39;52.08;61.28;53.79;40.21;40.75;47.03;48.37;44.45;19.94;38.19;13.14;41.23;55.72;65.57;58.28;71.17;61.29;45.8;41.4;47.1
O3;uur;µg/m³;2023-12-19T20:00:00+01:00;2023-12-19T21:00:00+01:00;22.2;40.6;48.1;50.6;62.6;33.52;26.62;36.37;35.54;42.41;50.52;23;40.9;40.61;59.08;55.63;63.19;54.38;53.57;25.41;72.38;56.33;50.64;57.58;67.34;60.49;61.97;58.23;44.04;50.17;53.41;49.18;50.85;32.49;46.78;27.45;56.81;61.88;66.53;60.09;68.38;59.97;39.8;45.6;52.4
O3;uur;µg/m³;2023-12-19T21:00:00+01:00;2023-12-19T22:00:00+01:00;16.1;47.6;54;30.4;46.8;31.45;37.71;31.27;32.25;47.73;52.17;36.35;51.54;37.14;63.59;59.5;64.71;59.86;48.18;42.97;74.46;62.97;52.13;60.32;71.24;67.77;60.09;56.29;45.58;51.63;48.94;51.32;52.32;37.41;54.46;37.9;56.89;59.55;67.45;60.67;67.26;62.1;36.1;40.8;59.7
O3;uur;µg/m³;2023-12-19T22:00:00+01:00;2023-12-19T23:00:00+01:00;9.7;47;53.7;17;48.5;28.1;44.63;32.81;29.95;55.89;59.42;45.11;52.59;48.05;64.94;65.05;65.02;61.15;57.9;41.02;68.72;64.81;29.55;62.28;70.77;62.77;63.58;59.5;49.42;55.58;53.35;53.83;55.75;46.76;49.1;41.03;48.07;56.42;69.04;58.32;64.57;60.76;51.9;51.6;61.7
O3;uur;µg/m³;2023-12-19T23:00:00+01:00;2023-12-20T00:00:00+01:00;12.4;47.7;53.1;37.6;51.9;32.34;51.9;36.21;35.33;53.69;60.47;47.35;60.28;55.66;62.57;59.85;64.59;58.9;61.96;36.16;68.6;65.86;40.63;61.9;68.37;65.56;66.62;56.95;52.03;52.39;51.3;53.84;52.71;44.83;53.38;44.86;48.69;56.93;68.04;58.41;67.67;61.65;54.9;55.9;60.7
O3;uur;µg/m³;2023-12-20T00:00:00+01:00;2023-12-20T01:00:00+01:00;28.3;49.3;55.7;41.1;58.6;43.84;49.97;42.59;42.77;55.77;55.87;48.98;58.22;55.12;61.43;58.97;62.05;59.2;60.95;42.64;65.58;64.55;52.05;60.2;66.29;64.25;63.88;58.9;51.08;52.34;57.53;51.44;50.88;43.81;55.91;48.63;49.51;60.93;65.09;60;68.33;61.96;55;55.2;62.4
O3;uur;µg/m³;2023-12-20T01:00:00+01:00;2023-12-20T02:00:00+01:00;41.1;51.2;55.1;39.6;48.9;53.36;46.16;52.05;51.98;56.23;54.37;51.72;56.61;54.77;62.16;58.28;62.53;60.1;59.94;47.13;63.9;64.58;48.37;61.32;65.42;62.83;62.38;57.3;52.38;53.2;57.66;52.06;52.93;46.82;54.06;50.5;52.21;59.44;66.15;60.58;68.72;61.41;58.8;60.6;61
O3;uur;µg/m³;2023-12-20T02:00:00+01:00;2023-12-20T03:00:00+01:00;44;52.6;53.3;37.1;51.4;55.49;51.41;54.29;57.99;53.78;50.33;52.33;57.27;53.32;62.39;58.99;62.56;58.78;60.78;51.88;64.65;64.7;51.2;61.36;64.32;63.67;54.39;57.13;49.59;52.57;56.99;52.56;53.14;49.51;52.48;45.6;51.46;61.72;65.43;61.07;69;61.65;58.4;59.4;60.4
O3;uur;µg/m³;2023-12-20T03:00:00+01:00;2023-12-20T04:00:00+01:00;42.4;53.1;54.7;39.3;51.2;49.1;54.6;51.31;52.22;53.71;53.37;51.56;57.35;51.5;61.1;58.37;63.34;59.69;60.98;55.03;65.04;65.2;49.95;61.96;65.33;64.45;57.01;58.15;50.49;54.13;58.96;50.98;56.33;48.66;51.49;44.86;51.49;58.33;67.33;62;69.24;66.51;60.7;58.5;63.6
O3;uur;µg/m³;2023-12-20T04:00:00+01:00;2023-12-20T05:00:00+01:00;41.5;52.8;57.2;42.6;60.7;46.22;54.47;48.14;51.71;52.16;54.71;46.52;58.39;42.3;61.75;59.03;64.06;61.68;62.88;56.38;65.28;66.48;49.85;62.06;65.19;63.12;62.62;60.37;55.78;56.93;60.1;57.06;57.8;46.28;50.85;45.89;52.43;58.98;66.77;60.56;71.98;65.74;61;60.4;61.9
O3;uur;µg/m³;2023-12-20T05:00:00+01:00;2023-12-20T06:00:00+01:00;43.3;50.6;51.5;41.6;59.9;45.59;49.83;49.48;52.54;52.24;54.78;39.23;57.48;42.64;60.8;59.73;64.18;56.8;61.23;54.82;64.33;65.13;44.28;59.77;65.54;62.06;59.52;59.83;55.76;58.43;58.96;53.99;58.19;42.05;52.62;43.88;50.26;59.58;67.27;58.99;70.36;64.65;59.5;60.6;61.3
O3;uur;µg/m³;2023-12-20T06:00:00+01:00;2023-12-20T07:00:00+01:00;47.7;40.7;48.4;46.2;56.9;44.58;42.79;50.94;52.03;50.51;53.6;37.55;53.33;43.29;61.87;55.25;62.88;55.37;61.5;47.37;64.4;60.89;51.88;57.62;64.48;61.09;58.18;58.07;49.01;53.34;54.34;55.52;54.79;43.61;56.47;43.2;51.2;58.52;67.04;59.7;70.37;62.93;62.5;63;60.7
O3;uur;µg/m³;2023-12-20T07:00:00+01:00;2023-12-20T08:00:00+01:00;48;36.5;46.7;43;45.8;43.66;44.93;46.39;48.91;47.41;41.86;35.4;48.26;40.83;62.63;52.17;61.9;53.32;61.19;47.76;64.52;60.43;51.13;58.13;65.61;57.08;58.39;57.57;42.81;47.2;54.13;54.09;48.1;42.96;54.57;46.84;54.01;58.21;66.59;60.33;69.42;63.59;61.8;60.9;58.5
O3;uur;µg/m³;2023-12-20T08:00:00+01:00;2023-12-20T09:00:00+01:00;47.2;37.5;47.9;39.5;45.2;41.1;43.21;43.24;46.18;37.65;35.75;35.45;40.65;39.95;62.16;52.33;60.69;51.35;62.34;49.77;66.92;59.54;51.98;56.26;65.65;58.59;58.14;57.02;42.67;47.5;53.34;52.74;;44.78;51.18;45.66;54.71;57.84;66.36;59.38;68.56;62.67;58.7;58;57.8
O3;uur;µg/m³;2023-12-20T09:00:00+01:00;2023-12-20T10:00:00+01:00;48.6;35.9;44.8;34.5;57.1;39.83;45.23;45.09;48.31;37.42;40.06;35.45;40.23;38.2;59.63;50.61;62.63;50.68;62.2;50.32;66.19;57.64;48.84;58.97;65.09;59.19;60.07;58.96;44.98;43.06;56.27;51.97;;42.36;50.46;37.36;53.2;58.65;65.08;61.97;75.65;67.18;56.2;53.6;58.5
O3;uur;µg/m³;2023-12-20T10:00:00+01:00;2023-12-20T11:00:00+01:00;48.1;39.4;45.8;36.9;57.8;43.87;43.99;45.96;49.12;35.92;43.42;36.12;32.51;40.39;57.95;50.98;62.92;49.58;62.33;49.18;64.33;63.43;49.3;59.36;65.18;59.78;62.61;58.89;48.76;51.11;55.94;50.72;;43.45;47.19;40.1;52.11;57.07;70.14;64.88;81.65;73.75;58.1;55.8;59
O3;uur;µg/m³;2023-12-20T11:00:00+01:00;2023-12-20T12:00:00+01:00;39.8;;46;40.8;50.3;44.7;42.16;46.76;48.96;41.62;43.51;35.43;35.91;38.23;57.92;47.87;61.01;51.35;62.09;49.34;65.2;62.66;43.52;57.86;67.92;58.26;63.61;58.73;49.25;53.76;55.94;56.5;;37.12;52.98;40.61;54.78;63.28;72.75;74.72;82.71;72.69;57;54.7;60.1
O3;uur;µg/m³;2023-12-20T12:00:00+01:00;2023-12-20T13:00:00+01:00;44.1;;49.1;38.9;44.3;43.17;39.35;45.25;48.18;48.38;38.96;35.01;45.4;38.33;58.53;48.24;61.68;54.77;62.99;52.24;63.99;60.6;43.88;57.79;65.83;57.3;63.61;58.96;50.56;56.2;57.31;56.58;;40.24;58.32;40.38;62.04;66.64;71.78;71.24;80.01;70.97;57.2;53.8;59
O3;uur;µg/m³;2023-12-20T13:00:00+01:00;2023-12-20T14:00:00+01:00;39.6;41.3;45.7;36.6;47.8;41.68;38.73;46.46;47.09;48.17;38.85;31.89;50.21;38.32;58.26;57.56;61.37;52.62;60.56;53.57;64.09;61.74;40.96;57.38;65.89;57.44;60.58;57.93;51.27;52.82;55.66;55.38;;41.88;59.42;41.67;63.2;64.84;68.6;69.37;78.75;68.27;57.5;56.7;57.8
O3;uur;µg/m³;2023-12-20T14:00:00+01:00;2023-12-20T15:00:00+01:00;45.2;39.5;46.5;32.4;39.5;40.86;38.52;45.97;47.93;48.45;49.95;33.53;51.03;40.15;57.64;56.28;59.35;50.97;58.94;47.24;63.34;54.32;50.66;51.4;64.94;54.83;60.03;56.55;47.76;50.71;53.65;48.3;;37.6;57.75;40.13;57.78;57.1;64.09;69.25;74.63;67.03;57.6;58.1;56.4
O3;uur;µg/m³;2023-12-20T15:00:00+01:00;2023-12-20T16:00:00+01:00;45.8;39;45;31;37.4;41.13;41.81;46.53;48.25;48.69;51.83;33.17;48.53;40.96;56.51;57.44;57.68;36.77;58.08;46.94;61.98;47.44;45.07;47.12;61.76;53.25;56.59;54.6;40.67;44.46;51.41;53.72;;32.82;56.32;42.3;54.64;56.43;64.29;69.08;74.01;65.8;59.2;58.6;55.1
O3;uur;µg/m³;2023-12-20T16:00:00+01:00;2023-12-20T17:00:00+01:00;48;40.7;47;30.3;36.4;41.99;38.27;46.37;48.6;48.98;44.36;32.84;47.27;41.3;54.21;53.17;50.75;36.74;56.15;47.54;59.59;46.11;48.26;42.23;59.54;52.94;55.8;53.74;40.3;37.11;50.98;46.77;;33.03;50.42;44.67;53.75;53.81;60.57;63.65;67.62;58.63;59.1;57.9;53
O3;uur;µg/m³;2023-12-20T17:00:00+01:00;2023-12-20T18:00:00+01:00;48.1;31;39.3;36.8;29.6;42.5;37.64;47.48;48.59;47.18;39.43;31.98;43.16;37.96;54.03;50.05;53.13;36.17;53.64;47.01;57.71;41;42.16;43.69;57.89;53.41;55.15;49.14;38.65;36.98;50.47;41.08;;37.46;41.73;44.17;51.84;54.48;58.11;56.95;66.33;52.33;55.1;57.2;54.7
O3;uur;µg/m³;2023-12-20T18:00:00+01:00;2023-12-20T19:00:00+01:00;45.7;25.1;23.7;39.7;35.3;45.29;40.62;48.53;50.45;46.26;45.49;35.31;44.7;40.16;52.44;48.76;52.88;38.78;54.4;47.8;56.78;45.44;41.57;47.49;58.23;55.63;54.98;44.9;40.2;41.37;49.17;42.25;;42.29;42;44.01;47.93;52.06;57.56;55.13;60.71;53.66;53.2;58;53.9
O3;uur;µg/m³;2023-12-20T19:00:00+01:00;2023-12-20T20:00:00+01:00;51.1;29.7;39.4;41.4;35.6;46.36;42.66;49.62;48.65;41.5;43.37;39.13;48.08;44.35;52.87;49.66;52.63;47.33;55.13;49.27;57.77;49.06;47.53;48.66;61.55;57.03;54.52;48.63;42.82;41.18;50.72;44.57;;44.44;48.3;42.96;44.58;53.71;59.76;53.23;61.13;52.44;55.6;59.2;55.5
O3;uur;µg/m³;2023-12-20T20:00:00+01:00;2023-12-20T21:00:00+01:00;52.5;37.9;50.3;44.2;39.5;48.51;46.21;51.54;48.47;44.75;42.56;43.08;50.13;48.12;58.49;55.27;54.44;43.83;57.83;48.83;55.96;54.62;54.57;49.5;61.81;55.96;56.31;50.95;43.42;46.85;53.65;46.25;;44.81;47.01;46.53;49.71;54.97;61.83;55.74;65.49;56.64;58.9;60.3;56.2
O3;uur;µg/m³;2023-12-20T21:00:00+01:00;2023-12-20T22:00:00+01:00;53.7;46.4;52.8;45;40.4;50.65;48.59;55.03;54.85;47.19;39.05;44.98;52.08;49.96;58.14;59.54;49.16;41.42;59.43;55.05;56.17;51.44;55.55;46.01;61.54;57.61;58.4;52.86;43.56;48.15;54.75;48.43;;44.28;48.66;49.97;51.66;56.01;62.64;58.65;68.45;60.96;59;60.4;55.5
O3;uur;µg/m³;2023-12-20T22:00:00+01:00;2023-12-20T23:00:00+01:00;52.6;48;53.1;38.4;35.2;50.41;48.8;56.8;57.37;50.87;43.52;45.64;53.64;50.66;55.72;60.51;53.57;38.22;59.48;54.35;59.86;54.46;55.63;49.13;64.25;57.65;59.19;49.7;42.78;49.04;51.43;52;;45.03;49.65;48.75;55.01;55.89;64.07;61.48;69.01;63.25;61.5;63.3;57.4
O3;uur;µg/m³;2023-12-20T23:00:00+01:00;2023-12-21T00:00:00+01:00;57.6;50.7;57.4;41.9;42.9;50.61;50.62;57.12;57.83;52.27;51.36;46.78;54.55;50.25;55.84;59.58;48.53;42.05;59.72;54.63;62.09;55.99;59.3;51.15;64.13;59.86;59.78;52.5;47.78;53.79;53.49;49.25;;47.03;51.56;50.18;55.25;56.4;65.65;63.42;68.48;64.01;64.1;66;60.5
O3;uur;µg/m³;2023-12-21T00:00:00+01:00;2023-12-21T01:00:00+01:00;56.3;53.7;59.3;42.8;50.2;51.75;51.23;58.23;58.76;53;51.18;47.52;51.26;51.15;55.83;56.42;54.14;52.91;62.4;53.42;61.33;56.32;61.72;49.8;64.03;60.42;59.95;53.35;46.29;54.79;56.69;54.34;;47.99;54.16;51.06;55.15;56.8;65.41;65.03;67.52;63.79;64.5;65.6;60.8
O3;uur;µg/m³;2023-12-21T01:00:00+01:00;2023-12-21T02:00:00+01:00;57.1;54;57.9;41.8;44.8;53.78;53.18;58.71;59.65;54.11;45.07;49.39;53.05;51.67;55.04;57.8;58.71;46.68;60.44;55.37;59.85;59.09;61.46;54.51;66.66;60.56;60.56;56.19;46.37;56;57.83;56.25;;47.73;53.73;51.31;55.24;58.93;65.8;65.92;67.64;64.25;63.2;64.6;60.1
O3;uur;µg/m³;2023-12-21T02:00:00+01:00;2023-12-21T03:00:00+01:00;57.9;50.8;54.2;46;46;54.55;53.37;58.99;59.8;55.01;48.29;48.88;54.31;52.19;57.54;59.23;60.32;39.25;60.52;57.22;61.01;55.05;60.55;48.81;65.74;62.15;62.38;57.64;50.97;55.3;56.79;57.31;;47.37;54.41;52.43;54.48;59.02;67.34;64.4;67.54;63.24;63.4;66.1;60.9
O3;uur;µg/m³;2023-12-21T03:00:00+01:00;2023-12-21T04:00:00+01:00;53.5;48;53.3;49.6;42.4;55.3;52.67;60.28;60.87;54.33;51.27;49.39;55.98;53.21;57.09;58.47;59.25;45.86;59.28;56.58;59.22;60.12;57.03;56.3;64.55;63.46;64.35;57.03;51.33;54.65;59.94;56.48;;49.87;55.2;43.19;55.2;57.77;65.58;65.09;67.91;61.94;65.5;67.9;62.6
O3;uur;µg/m³;2023-12-21T04:00:00+01:00;2023-12-21T05:00:00+01:00;54;41.1;52.2;51.6;41.3;56.13;52.87;59.39;60.55;55.37;41.95;50.1;58.24;53.67;53.76;60.28;57.64;49.81;59.43;56.91;60.06;58.09;58.2;56.7;65.45;63.58;64.63;57.32;53.99;57.58;59.16;56.78;;51.37;55.16;52.73;57.54;58.16;64.24;63.23;68.65;63.56;65.1;67.8;62.6
O3;uur;µg/m³;2023-12-21T05:00:00+01:00;2023-12-21T06:00:00+01:00;55.4;49.2;55.7;50.8;42.7;55.85;53.34;60.98;61.39;56.7;56.58;49.91;54.96;55.1;54.46;60.35;56.36;50.76;59.53;54.82;64.06;57.76;57.71;52.88;65.74;65.03;64.28;58.17;52.64;57.49;60.39;55.99;;51.43;53.59;53.32;58.32;59.23;65.35;63.1;69.82;64.17;65.4;68.5;63
O3;uur;µg/m³;2023-12-21T06:00:00+01:00;2023-12-21T07:00:00+01:00;56.7;44;54.9;48.5;47.2;56.05;53.86;61.34;61.94;59.17;51.24;50.06;54.54;55.16;57.69;61.4;56.11;48.28;59.15;53.51;64.98;57.9;55.78;49.78;67.08;65.52;66.18;57.28;49.66;54.71;56.95;55.68;;51.51;56.59;52.78;59.81;61.04;67.13;64.62;69.73;63.15;67.3;69.2;63.8
O3;uur;µg/m³;2023-12-21T07:00:00+01:00;2023-12-21T08:00:00+01:00;58.2;45;51.6;55.6;40.7;55.06;54.6;61.36;61.96;57.7;44.43;48.52;53.38;52.52;59.45;63.72;57.32;47.06;62.4;54.69;58.78;55.55;56.55;52.5;67.38;59.65;65.76;56.59;48.49;50.71;55.6;51.08;;51.58;57.14;51.95;61.39;62.88;67.31;66.46;71.97;64.4;62.5;65.3;62.1
O3;uur;µg/m³;2023-12-21T08:00:00+01:00;2023-12-21T09:00:00+01:00;57.6;37.6;48.2;52.9;48.2;55.21;53.96;60.05;61.02;59.12;58.4;48.84;56.79;54.88;60.5;62.82;59.97;50.55;61.49;57.27;62.14;54.17;52.29;55;66.59;58.44;61.56;56.48;53;51.6;57.37;56.11;;53;56.14;50.69;61.69;61.89;67.9;67.61;72.74;64.45;60.4;62.3;59.5
O3;uur;µg/m³;2023-12-21T09:00:00+01:00;2023-12-21T10:00:00+01:00;60.2;52.5;62;57.4;57.9;55.42;56.68;61.49;62.26;61.45;57.7;53.53;56.14;56.85;63.52;64.2;65;51.51;65.31;58.89;68.41;64.2;63.3;60.21;69.76;63.63;64.28;61.44;51.65;55.7;60.86;57.59;;54.51;56.98;48.6;57.23;60.52;69.89;65.98;75.08;67.64;65.4;65.6;62.3
O3;uur;µg/m³;2023-12-21T10:00:00+01:00;2023-12-21T11:00:00+01:00;61;57.9;66;54.8;57.4;55.7;61.53;61.67;62.3;61.48;58.05;54.42;60.23;57.38;67.24;63.93;66.05;61.1;70.39;62.57;72.05;67.37;66.24;63.72;71.02;68.55;68.08;65.36;53.54;61.35;65.42;61.37;;55.52;62.36;56.1;61.17;64.27;72.71;67.51;75.95;70.29;71;72.3;67.8
O3;uur;µg/m³;2023-12-21T11:00:00+01:00;2023-12-21T12:00:00+01:00;60.2;57.9;62.9;54;49.8;56.48;62.98;58.58;60.86;63.11;58.53;56.25;66.45;61.89;68.38;66.94;66.07;55.82;70;62.73;70.58;64.02;63.57;60.4;;67.2;69.97;64.8;57.2;62.28;65.24;63.29;63.04;60.63;67.12;58.86;65.57;66.94;72.65;72.31;77.12;71.46;71.5;72.3;64.7
O3;uur;µg/m³;2023-12-21T12:00:00+01:00;2023-12-21T13:00:00+01:00;59.8;56.1;62.7;54.2;56.7;58.79;65.82;59.35;58.5;61.99;60.96;57.18;65.54;63.71;66.8;67.53;64.53;55.87;68.44;62.42;70.5;64.72;62.82;59.84;73.37;66.02;70.93;64.89;60.05;64.15;65.94;63.02;62.56;65.59;68.72;60.2;68.43;70.17;75.75;75.21;78.86;72.64;70.9;72.3;66.8
O3;uur;µg/m³;2023-12-21T13:00:00+01:00;2023-12-21T14:00:00+01:00;59.9;56.6;63.6;52.9;56.4;61.01;66.72;64.39;63.53;65.07;59.23;57.72;64.74;65.78;67.61;66.77;66.36;58.26;68.48;61.73;72.18;64.08;63.53;59.92;76.96;69.05;72.35;65.14;61.52;64.59;64.98;60.66;63.53;66.94;70.32;61.01;69.97;72.2;77.19;76.66;81.76;76.5;71.2;72;68.5
O3;uur;µg/m³;2023-12-21T14:00:00+01:00;2023-12-21T15:00:00+01:00;52.8;53.2;61.4;48.5;55.9;64.85;68.58;66.51;66.53;67.68;62.7;61.58;66.55;66.62;67.01;67.73;72.26;64.19;69.8;62.85;78.57;71.79;61.95;68.24;76.08;73.37;75.07;69.68;62.89;67.58;67.84;66.06;64.02;69.24;71.01;63.14;71.51;73.59;76.94;77.23;85.02;79.34;72.9;70.8;74.2
O3;uur;µg/m³;2023-12-21T15:00:00+01:00;2023-12-21T16:00:00+01:00;53.9;57.1;65.9;60.8;66.8;67.98;69.71;69.81;69.04;69.22;64.36;62.93;66.69;69.62;72.28;67.8;73.64;68.9;72.81;64.59;78.18;75.34;63.23;69.39;75.56;72.74;76.39;71.89;65.45;71.66;71.68;70.89;70.75;69.55;71.55;65.82;72.43;73.06;76.7;79.25;83.94;78.98;71.3;71.3;73.6
O3;uur;µg/m³;2023-12-21T16:00:00+01:00;2023-12-21T17:00:00+01:00;50.3;57.1;65.9;56.4;50.2;69.44;70.67;69.62;68.74;70.7;61.51;63.94;71.79;69.23;73.33;71.58;72.3;70.17;74.42;65.66;75.41;73.15;62.62;66.97;77.69;71.74;76.13;71.53;66.04;72.11;70.95;70.46;71.18;71.12;72.75;69.55;73.65;74.37;79.61;77.79;81.62;78.74;67.3;69.5;72.2
O3;uur;µg/m³;2023-12-21T17:00:00+01:00;2023-12-21T18:00:00+01:00;52.6;59.7;63.2;53.3;58.6;71.97;71.74;70.61;71.26;72.29;69.4;64.83;73.37;70.32;73.37;72.08;72.68;70.09;73.13;60.19;73.66;72.03;60.99;67;74.82;71.53;75.06;69.95;65.47;70.51;69.93;69.3;69.94;75.02;71.12;67.67;74.31;73.33;78.17;77.29;85.88;79.13;65.6;67.8;69.9
O3;uur;µg/m³;2023-12-21T18:00:00+01:00;2023-12-21T19:00:00+01:00;45.2;61.2;70.4;59.6;67.3;71.89;70.27;69.06;69.64;71.18;69.85;64.37;73.72;70.95;71.23;72.56;71.96;74.26;73.44;61.88;72.91;70.5;65.99;66.76;77.44;72.78;75.16;67.94;64.3;64.99;66.79;67.94;68.3;71.96;73.28;65.93;71.55;73.82;81.83;79.93;88.46;82.58;74.1;66.6;63.8
O3;uur;µg/m³;2023-12-21T19:00:00+01:00;2023-12-21T20:00:00+01:00;51.6;59.5;66.5;57.5;68.1;71.68;72.47;70.39;70.65;70.91;70.26;64.39;71.72;71.49;70.49;72.71;70.83;72.59;71.26;70.24;72.74;70.48;63.93;67.11;81.79;72.48;77.42;68.28;67.76;69.83;70.58;70.88;65.87;71.07;70.77;62.37;74.88;79.38;85.74;83.88;90.68;85.02;73.5;65.8;60.4
O3;uur;µg/m³;2023-12-21T20:00:00+01:00;2023-12-21T21:00:00+01:00;53.9;60.1;68;61.8;64.3;68.95;70.23;68.68;69.38;69.02;69.25;63.13;71.7;68.37;69.42;72.34;71.13;71.74;71.6;67.16;72.04;70.44;67.16;68.3;77.33;69.36;77.18;67.65;63.4;67.5;65.58;66.66;66.85;75.88;71.96;63.7;78.69;80.69;84.14;86.13;92.72;87.4;73.6;63.7;60.8
O3;uur;µg/m³;2023-12-21T21:00:00+01:00;2023-12-21T22:00:00+01:00;53.2;60;66.9;68;55.6;68.28;68.36;68.58;69.79;69.31;67.79;65.14;71.4;68.65;67.86;71.44;69.86;72.28;68.26;67.88;72.19;69.33;67.01;66.48;77.41;72.04;75.1;67.36;60.29;66.23;66.46;64.43;66.97;75.03;69.45;58.56;78.64;78.78;82.84;88.11;93;88.88;69.5;68.6;63.8
O3;uur;µg/m³;2023-12-21T22:00:00+01:00;2023-12-21T23:00:00+01:00;43.8;58.6;67;60.9;63.6;68.26;68.7;63.43;67.93;64.77;67.58;60.68;67.36;65.79;67.39;68.92;65.76;69.91;69.23;58.76;72.84;68.47;59.35;64.16;78.65;73.35;76.3;68.58;67.71;69.55;69.49;70.32;66.28;68.9;72.06;62.33;75.58;76.63;83.46;85.76;92.65;87.79;72.1;68;62.1
O3;uur;µg/m³;2023-12-21T23:00:00+01:00;2023-12-22T00:00:00+01:00;46.3;58.5;68.2;63;61.4;65.33;68.33;63.39;65.25;64.73;66.82;58.58;68.93;64.96;67.12;69.58;68.01;70.68;68.01;62.84;72.61;68.81;68.47;64.73;79.71;71.95;76.51;67.57;64.06;68;66.99;66.75;67.16;67.05;69.95;69.69;74.64;79.32;85.75;86.27;92.23;87.26;74.1;68.7;59.6
O3;uur;µg/m³;2023-12-22T00:00:00+01:00;2023-12-22T01:00:00+01:00;45.1;59.5;68.2;65.9;68;64.48;68.97;64.92;66.37;65.26;66.97;64.08;68.72;65.2;65.89;68.91;69.39;70.59;67.73;64.86;73.37;69.67;69.53;66.33;80.48;72.68;79.04;69.48;64.74;69.47;68.78;67.77;67.51;63.88;68.14;61.88;77.41;79.59;84.65;86.18;90.71;86.93;74.5;70.2;64.2
O3;uur;µg/m³;2023-12-22T01:00:00+01:00;2023-12-22T02:00:00+01:00;43.7;60.7;69.5;68.7;68.4;65.62;68.42;67.24;67.31;65.27;67.09;62.01;68.95;65.67;67;67.28;69.69;71.38;68.3;64.55;69.94;70.51;69.38;66.89;76.73;71.74;77.32;66.93;66.88;69.48;70.38;69.33;65.41;66.08;69.35;64.55;76.63;79.19;84.72;85.84;90.43;86.14;73.6;69.5;61.2
O3;uur;µg/m³;2023-12-22T02:00:00+01:00;2023-12-22T03:00:00+01:00;46.9;62.7;70.9;66.1;68.4;;;;;;;;;;;;;;;;;;;;;;;;;;;;;;;;;;;;;;64;65;59.3
O3;uur;µg/m³;2023-12-22T03:00:00+01:00;2023-12-22T04:00:00+01:00;46.4;60.6;67.2;64.5;67.2;65.07;65.67;64.47;65.9;65.97;64.54;64.12;67.81;66.82;64.17;67.43;65.72;69.15;66.88;63.88;68.48;;;64.61;72.58;70.83;73.15;65.76;63.47;67.4;68.08;65.74;65.84;70.83;63.41;62.71;74.47;74.69;;84.67;86.96;85.33;59.4;67.7;67.9
O3;uur;µg/m³;2023-12-22T04:00:00+01:00;2023-12-22T05:00:00+01:00;44.4;60.5;68.1;63.6;66.2;66.34;65.88;63.09;65.61;63.13;64.69;60.1;66.64;63.13;64.71;66.22;66.91;69.91;66.29;64.36;68.98;67.84;;65.6;74.33;69.7;72.46;64.17;62.09;65.02;66.83;64.01;64.11;68.04;68.65;61.29;69.82;74.96;;81.28;85.03;83.53;69.7;63.6;65.5
O3;uur;µg/m³;2023-12-22T05:00:00+01:00;2023-12-22T06:00:00+01:00;50.1;56.7;63.7;52.6;65.4;62.72;62.13;61.84;62.81;62.63;63.4;59.47;65.11;63.29;64.33;67.02;63.92;66.4;63.24;57.51;67.97;64.32;57.28;62.26;71.84;68.12;70.89;64.67;63.02;66.56;66.16;65.28;64.08;66.92;67.53;60.42;67.56;75.11;;78.93;83.71;82.74;70.3;61.3;63.1
O3;uur;µg/m³;2023-12-22T06:00:00+01:00;2023-12-22T07:00:00+01:00;43.5;52.3;57.9;43.8;58.5;63.31;62.85;62.38;63.96;61.12;64.06;57.3;64.26;62.52;68.3;67.12;62.94;62.21;63.58;56.44;65.39;63.06;50.44;60.2;69.99;64.43;67.42;59.8;56.12;61.34;61.26;60.15;60.32;65.15;59.85;56.4;67.02;71.71;;79.09;83.54;81.55;60.8;61.2;64.1
O3;uur;µg/m³;2023-12-22T07:00:00+01:00;2023-12-22T08:00:00+01:00;46.3;47.2;55.7;40.1;46.9;60.97;61.3;60.5;60.9;62.95;65.53;54.43;64.58;61.59;69.4;68.21;64.38;58.73;63.8;58.22;66.17;64.03;48.59;61.19;68.06;63.34;70.36;;52.83;57.21;58.48;57.92;59.38;61.2;59.15;57.06;64.24;66.96;;78.22;83.1;79.53;59.9;55.1;62.5
O3;uur;µg/m³;2023-12-22T08:00:00+01:00;2023-12-22T09:00:00+01:00;55.1;48.9;55.8;48.5;52.9;53.5;60.29;57.06;58.51;66.03;65.28;57.94;65;64.34;69.94;65.87;65.31;58.44;67.61;58.94;67.33;63.88;54.84;61.96;66.63;60.9;63.7;61.61;52.81;58.05;59.54;58.07;60.42;62.36;58.81;54.01;63.14;65.3;;76.19;80.44;77.76;60.5;57.6;62.9
O3;uur;µg/m³;2023-12-22T09:00:00+01:00;2023-12-22T10:00:00+01:00;51.8;51.4;57.7;49.9;55.9;53.95;62.93;57.38;56.66;67.02;55.68;59.35;66.78;65.87;65.62;63.22;65.25;60.9;66.92;56.72;70.39;64.15;58.51;62.95;67.85;63.76;66.47;64.26;56.77;58.55;62.25;59.05;58.39;53.81;61.08;53.3;61.99;60.96;66.71;71.75;77.11;71.93;62.3;61.3;61.6
O3;uur;µg/m³;2023-12-22T10:00:00+01:00;2023-12-22T11:00:00+01:00;44.9;51.3;58.8;46.5;57.8;54.52;66.78;58.53;59.25;66.14;60.05;58.59;64.85;64.28;67.42;64.65;65.51;61.65;66.05;58.32;71.23;65.77;56.24;63.03;70.02;65.07;63.7;65.86;56.73;60.28;63.9;60.99;62.38;48.31;63.29;54.17;52.21;58.76;68.14;70.59;73.11;65.64;60.3;59.8;66
O3;uur;µg/m³;2023-12-22T11:00:00+01:00;2023-12-22T12:00:00+01:00;50.8;51.7;61;48.9;55;54.99;66.15;59.25;59.88;65.76;64.36;58.62;67.37;65.62;67.41;65.12;67.64;65.18;67.03;59.45;72.04;68.67;56.14;65.85;71.73;67.42;69.16;65.27;58.37;62.88;63.31;63.89;63.16;57.04;63.55;54.82;60.88;64.36;68.33;69.04;73.51;64.81;59.2;60.4;67.2
O3;uur;µg/m³;2023-12-22T12:00:00+01:00;2023-12-22T13:00:00+01:00;54.9;52.9;63.1;53.2;59.1;62.21;66.1;60.53;61.23;67.42;65.25;60.81;68.29;68.68;69.11;66.36;68.95;65.65;69.69;62.41;70.39;70.41;58.76;66.38;73.47;69.67;70.83;66.72;59.12;65.72;;64.83;65.44;60.21;64.93;58.01;61.7;64.41;67.47;64.34;72.42;61.52;66.2;65.2;69.4
O3;uur;µg/m³;2023-12-22T13:00:00+01:00;2023-12-22T14:00:00+01:00;52.4;55.6;63;55;56.4;64.04;67.74;61.88;62.04;68.13;68.05;61.17;70.04;68.2;69.43;69.53;70.91;67.36;69.91;63.56;75.62;71.68;59.39;68.15;75.28;71.12;73.23;69.11;62.84;67.92;;67.47;66.97;56.81;66.77;61.9;60.93;64.89;66.41;62.92;68.7;61.31;70.8;66.9;71.4
O3;uur;µg/m³;2023-12-22T14:00:00+01:00;2023-12-22T15:00:00+01:00;51.8;53.7;61.6;49;56.6;65.64;68.73;62.71;63.23;68.79;68.92;61.07;70.09;69.97;69.48;69.36;69.61;64.67;69.87;63.19;74.31;70.98;57.32;66.68;78.56;72.04;76.74;69.32;63.82;68.88;;69.35;67.44;61.41;70.37;65.76;63.19;65.94;68.5;60.33;68.52;60.91;72.9;68.8;72
O3;uur;µg/m³;2023-12-22T15:00:00+01:00;2023-12-22T16:00:00+01:00;53.9;53.2;61.6;55.4;52.7;68.69;68.9;63.08;63.1;67.42;69.24;61.49;69.17;69.68;70.77;69.93;69.25;65.42;69.45;63.58;75.19;69.9;59.67;66.18;76.53;72.74;76.37;68.4;62.95;68.19;;67.55;66.37;65.46;70.16;65.79;67.59;67.32;70.5;62.21;72.5;64.99;72.7;71;73.2
O3;uur;µg/m³;2023-12-22T16:00:00+01:00;2023-12-22T17:00:00+01:00;53.9;56.4;60.3;51.3;56.7;70.07;68.79;64.36;64.65;68.56;69.77;60.75;71.21;70.44;71.31;70.1;70.3;63.97;70.24;63.55;75.56;71.73;57.08;67.09;69.56;72.47;75.24;68.92;62.86;69.12;69.32;67.46;67.52;71.1;69.7;66.38;69.36;67;71.06;64.56;68.73;60.45;67.7;71.2;73.9
O3;uur;µg/m³;2023-12-22T17:00:00+01:00;2023-12-22T18:00:00+01:00;55.2;55.8;61.2;52.7;61;70.37;68.92;64.89;64.4;70.14;69.52;62.57;72.64;70.46;71.91;69.28;69.85;65.06;71.62;66.06;74.68;71.86;58.6;66.12;69.87;72.12;69.67;69.5;63.59;68.6;69.27;68.33;67.69;68.94;71.7;66.91;67.23;68.55;72;65.97;75.26;68.14;68.9;71;72.5
O3;uur;µg/m³;2023-12-22T18:00:00+01:00;2023-12-22T19:00:00+01:00;54.5;56.7;63;53.3;67.4;70.15;70.45;66.51;67.55;70.76;68.45;65.2;73.58;71.43;71.61;70.02;70.18;66.32;71.64;67.11;74.84;71.96;58.2;68.36;73.08;72.95;68.65;69.55;65.4;70.56;70.62;69.82;68.41;65.87;70;67.36;67.23;71.19;74.04;69.3;80.53;75.93;66.7;70.8;72.4
O3;uur;µg/m³;2023-12-22T19:00:00+01:00;2023-12-22T20:00:00+01:00;56.7;60.9;66.3;56.4;68.3;70.29;71.28;68.37;69.56;71.15;70.05;65.78;73.61;72.08;71.57;71.56;70.66;70.48;71.75;65;75.54;72.69;61.61;68.8;75.1;72.73;69.16;69.49;67.76;70.25;71.99;71.23;68.41;64.46;67.29;67.52;70.26;72.14;75.5;73.93;81.52;77.97;68.5;63;65.3
O3;uur;µg/m³;2023-12-22T20:00:00+01:00;2023-12-22T21:00:00+01:00;58.3;61.3;67;56.6;54.3;71.48;70.71;69.41;70.52;70.09;69.93;65.65;72.41;71.48;70.3;70.51;69.04;70.93;72.24;65.17;71.34;71.6;62.36;67.44;74.1;69.97;72.08;68.84;62.3;66.36;59.75;65.81;68.42;69.4;66.36;66;71;72.09;75.49;74.15;81.14;77.13;68.1;58.2;57.8
O3;uur;µg/m³;2023-12-22T21:00:00+01:00;2023-12-22T22:00:00+01:00;58.8;59.2;58.9;54;50.7;71.98;69.18;69.56;70.85;69.67;69.61;65.16;71.79;70.25;68.33;69.41;68.29;65.23;71.95;63.13;70.02;69.73;62.03;66.81;74.65;67.74;70.74;64.41;54.68;61.67;57.83;58.34;66.43;68.33;65.64;61.65;69.73;71.15;75.98;72.95;83.83;81.42;68;59;52.8
O3;uur;µg/m³;2023-12-22T22:00:00+01:00;2023-12-22T23:00:00+01:00;55.7;56.2;62.7;50.5;43.4;71.65;69.35;68.84;70.18;69.67;68.77;66.96;71.73;69.51;68.74;70.32;67.77;65.71;70.71;61.38;70.71;68.55;64.01;66.61;76.24;70.03;72.29;65.14;58.19;62.16;63.03;61.66;64.99;67.4;63.56;59.05;69.95;72.49;79.37;77.31;84.19;81.77;69.9;57.6;55
O3;uur;µg/m³;2023-12-22T23:00:00+01:00;2023-12-23T00:00:00+01:00;55.9;56.1;65.4;50.5;54.4;69.48;67.08;68.79;69.97;69.21;68.87;65.14;71.08;69.23;69.8;69.56;67.51;68.76;69.61;65.91;69.86;66.25;59.76;64.32;77.3;67.45;72.27;64.81;59.12;64.93;60.82;62.68;65.78;64.48;63.82;60.38;69.36;75.53;79.97;76.36;85.36;82.53;62.4;57;51.8
O3;uur;µg/m³;2023-12-23T00:00:00+01:00;2023-12-23T01:00:00+01:00;50.4;58;60.9;54.3;55.7;67.03;65.81;65.52;67.93;66.62;69.09;62.87;71.52;67.97;69.45;67.71;67.79;65.99;68.13;63.13;68.6;69.1;59.16;66.51;76.33;66.89;71.81;63.95;57.14;61.43;58.16;61.26;63.26;63.79;60.11;58.5;69.45;75.54;78.24;77.5;84.85;81.13;55.1;57.1;65.4
O3;uur;µg/m³;2023-12-23T01:00:00+01:00;2023-12-23T02:00:00+01:00;51.8;53.6;60.5;51.7;61.1;66.2;65.86;65.63;66.41;68.7;68.61;60.85;70.18;66.95;71.3;65.76;66.7;62.39;68.14;62.13;69.9;67.92;57.92;65.06;74.59;65.76;74.81;60.29;56.54;58.66;56.7;60.81;64.22;62.58;59.14;60.54;69.5;71.13;77.52;72.83;83.04;80.11;51;56.1;66.8
O3;uur;µg/m³;2023-12-23T02:00:00+01:00;2023-12-23T03:00:00+01:00;53.6;56.5;62.6;54.6;62.7;60.36;63.98;63.33;65.1;69.78;60.72;64.28;71.49;67.29;68.56;62.75;67.56;64.19;70.51;65.57;72.1;65.25;64.11;64.43;74.16;69.12;71.85;63.17;54.77;59.72;59.83;57.87;60.87;66.72;58.51;59.87;67.75;67.91;75.8;74.26;80.76;76.92;66.4;68.3;62.9
O3;uur;µg/m³;2023-12-23T03:00:00+01:00;2023-12-23T04:00:00+01:00;63;60.6;65.8;54.5;62.3;60.95;63.29;60.98;61.42;67.07;61.12;62.5;69.55;63.57;66.13;64.03;66.82;66.14;70.16;67.58;69.95;67.54;67.24;65.64;61.9;71.95;64.36;66.62;62.7;64.57;68.25;65.81;63.09;62.96;60.16;59.16;69.61;68.17;70.44;76.45;80.77;78.55;69.4;72;67.1
O3;uur;µg/m³;2023-12-23T04:00:00+01:00;2023-12-23T05:00:00+01:00;62;60.9;66.8;54.4;59.6;58.19;66.55;62.42;64.21;63.35;62.29;60.24;66.84;64.09;67.64;65.87;68.38;62.03;67.26;65.69;70.33;66.35;66.97;66.26;72.1;71.15;67.83;66.33;64.42;66.85;68.25;66.88;63.63;49.59;64.15;63.93;63.28;64.14;67.73;72.53;78.32;75.74;74;74.6;70.4
O3;uur;µg/m³;2023-12-23T05:00:00+01:00;2023-12-23T06:00:00+01:00;61.9;62.3;68;56.8;55.5;64.1;64.08;66.52;68.05;64.94;63.68;60.93;68.29;64.93;68.6;69.3;64.49;64.26;68.9;66.62;72.19;64.63;67.89;62.92;73.38;72.46;71.8;66.73;64.75;67;69.69;67.76;62.94;59.8;67.22;64.54;60.61;65.84;71.07;67.75;76.68;73.65;74.3;75.2;70.9
O3;uur;µg/m³;2023-12-23T06:00:00+01:00;2023-12-23T07:00:00+01:00;59.6;59.2;65.5;54.8;56;66.1;65.98;67.02;69.24;66.6;63.23;62.73;68.47;66.01;69.22;70.38;65.63;63;69.43;66.89;72.99;63.59;65.87;61.43;74.14;72.45;72.75;65.96;63.34;65.62;69.52;66.91;62.65;65.03;67.14;64.61;68.22;67.96;73.76;62.36;66;73.59;76.2;76.7;71.9
O3;uur;µg/m³;2023-12-23T07:00:00+01:00;2023-12-23T08:00:00+01:00;56.8;58.3;65.3;59.4;61.7;66.73;66.8;68.69;69.36;67.38;63.04;62.81;70;67.8;70.56;70.85;63.19;64.91;70.95;67.5;72.58;64.18;66.89;63.02;74.02;71.62;71.79;68.24;62.41;65.21;70.49;66.17;62.86;65.57;68.09;63.92;69.56;69.79;74.91;61.92;73;71.16;75;74.6;71.4
O3;uur;µg/m³;2023-12-23T08:00:00+01:00;2023-12-23T09:00:00+01:00;61.5;59.7;66.4;58.8;63.1;65.99;67.32;68.15;68.71;70.15;62.75;62.06;70.91;66.87;70.29;70.48;61.35;66.19;71.15;67.79;72.16;60.66;67.53;58.47;74.56;70.81;71.72;66.75;57.93;65.66;69;63.63;63.96;66.12;68.78;63.33;68.45;70.32;74.69;70.81;77.4;72.92;75;75.3;70.1
O3;uur;µg/m³;2023-12-23T09:00:00+01:00;2023-12-23T10:00:00+01:00;64.6;60.5;66.2;55.1;62.5;66.06;69.93;66.61;68.62;69.22;64.98;61.41;67.83;68.15;68.25;69.43;63.84;64.86;69.6;66.44;70.74;63.61;66.8;61.27;74.47;69.12;71.51;63.68;55.69;62.06;66.07;62.9;63.09;67.05;67.49;62.65;68.42;70.95;73.97;74.32;77.72;70.2;73.6;73.5;69.1
O3;uur;µg/m³;2023-12-23T10:00:00+01:00;2023-12-23T11:00:00+01:00;60.2;57.2;64.9;56.2;62.3;65.18;67.15;67.09;67.81;67.34;65.62;61.21;67.41;66.3;69.97;70.05;63.79;62.7;70.1;65.46;70.48;65.9;66.34;62.32;74.62;68.11;69.59;63.5;54.8;61.76;64.88;59.64;60.86;65.96;65.9;62.58;67.36;70.74;74.69;71.84;78.23;67.61;72.1;72.7;67
O3;uur;µg/m³;2023-12-23T11:00:00+01:00;2023-12-23T12:00:00+01:00;56.7;55.2;63;57.6;62.8;63.83;66.87;67.11;67.95;68.21;63.65;61.49;70.14;67.23;68.52;68.7;65.16;64.95;71.09;65.94;74.3;67.17;63.31;61.86;74.69;70.72;69.12;67.33;60.9;62.77;65.98;59.33;63.37;64.5;65.36;61.6;66.55;70.04;73.18;70.78;79.41;65.57;72.6;73.4;69.7
O3;uur;µg/m³;2023-12-23T12:00:00+01:00;2023-12-23T13:00:00+01:00;61.8;57.2;65.7;56.3;57.3;66.13;69.5;66.02;67.06;68.87;66.03;60.33;70.58;67.7;68.8;68.86;65.35;65.05;71.76;67.22;71.9;66.33;66.61;60.57;74.49;71.14;69.3;67.72;62.32;66.03;68.66;63.54;64.68;62.35;69.03;59.75;67.14;70.27;73.72;67.37;79.24;64.65;74.8;75.3;70.5
O3;uur;µg/m³;2023-12-23T13:00:00+01:00;2023-12-23T14:00:00+01:00;63.8;58.2;66.5;54.8;56.8;66.95;71.62;68.49;69.2;68.58;65.16;61.37;67.97;68.87;68.03;70.21;62.47;57.91;69.18;65.99;71.23;65.61;65.5;56.42;75.46;69.05;70.76;64.85;56.2;63.39;66.32;64.33;62.99;64.59;69.3;60.75;68.87;71.02;74.36;63.64;73.78;63.19;74.6;74.3;69.4
O3;uur;µg/m³;2023-12-23T14:00:00+01:00;2023-12-23T15:00:00+01:00;61.7;57.2;63.7;51.9;51.1;65.99;68.42;65.99;67.98;68.43;66.61;61.59;66.03;69.24;69.26;70.27;61.68;53.59;68.72;64.24;74.33;62.27;63.7;55.65;76.56;69.72;70.67;65.61;54.03;63.18;66.34;64.1;62.22;66.47;67.17;62.37;67.63;69.57;74.56;70.24;66.01;57.55;75.2;74.9;69.7
O3;uur;µg/m³;2023-12-23T15:00:00+01:00;2023-12-23T16:00:00+01:00;62.1;56;62.7;50.4;53.1;65.76;69.13;66.9;66.18;68.73;65.81;61.01;65.57;67.64;69.2;71.3;54.32;45.48;68.23;64;70.74;60.84;61.65;52.12;76.57;67.22;69.64;61.18;52.4;59.74;63.26;61.36;61.27;65;68.16;61.24;66.83;68.31;75.56;73.41;74.71;60.99;74.3;72.8;67.9
O3;uur;µg/m³;2023-12-23T16:00:00+01:00;2023-12-23T17:00:00+01:00;64;54.5;64.2;59;43.6;66.69;67.96;68.62;68.59;68.94;65.39;61.86;66.89;68.9;68.39;71.09;55.2;53.92;68.08;65.41;68.28;60.23;62.3;55.75;75.35;66.87;70.14;60.24;53.52;56.65;61.13;60.17;58.31;66.08;65.06;62.01;66.84;69.58;74.36;73.22;76.78;72;70.4;68.4;65.9
O3;uur;µg/m³;2023-12-23T17:00:00+01:00;2023-12-23T18:00:00+01:00;62.8;53.6;62.7;60.5;53.6;67.86;68.47;66.68;69.15;69.29;63.41;62.77;66.3;68.1;64.61;67.56;59.16;55.26;68.88;65.83;70.37;63.5;60.01;58.09;72.69;66.76;68.02;63.14;54.41;59.81;62.66;58.07;59.05;63.87;62.08;61.27;66.79;68.05;72.11;73.13;75.24;71.4;66.4;67.8;65.9
O3;uur;µg/m³;2023-12-23T18:00:00+01:00;2023-12-23T19:00:00+01:00;62.3;45.8;54.8;54.2;43.3;65.99;69.8;66.02;68.27;68.75;60.62;64.45;64.23;67.86;64.54;67.74;64.48;59.28;66.02;64.04;66.57;64.47;62.77;61.64;71.49;68.25;66.28;65.7;57.96;62.77;64.33;61.47;61.27;57.92;64.29;63.48;63.75;63.11;70.26;71.72;72.66;69.95;68.7;69.8;66.9
O3;uur;µg/m³;2023-12-23T19:00:00+01:00;2023-12-23T20:00:00+01:00;61.8;46.9;56.4;61.2;34.9;65.21;68.45;67.84;69.9;66.18;62.25;60.11;64.75;64.57;61.84;68.48;56.45;60.71;65.46;63.67;66.08;56.67;63.47;52.71;68.55;65.87;67.08;63.85;58.38;62.48;65.31;61.97;61.4;60.6;62.2;61.82;64.18;64.29;68.77;69.79;71.83;68.32;65.5;68;64.8
O3;uur;µg/m³;2023-12-23T20:00:00+01:00;2023-12-23T21:00:00+01:00;62.4;44.3;53.1;61.5;47;66.38;64.56;69.04;70.52;66.16;61.71;59.78;62.75;65.42;65.39;68.03;59.7;59.65;64.8;63.34;63;59.06;60.89;54.67;69.05;64.33;65.39;58.54;60.11;59.86;61.15;63.09;61.57;61.13;60.68;61.32;63.61;65.58;67.43;67.09;70.99;67.27;64.9;68.3;63.7
O3;uur;µg/m³;2023-12-23T21:00:00+01:00;2023-12-23T22:00:00+01:00;61.2;47;52;63.1;56.7;66.97;65.06;69.32;70.92;64.36;62.36;60.7;63.89;65.23;66.94;68.25;66.76;59.71;66.65;65.34;61.67;65.6;59.82;59.22;69.5;63.67;65.18;63.22;62.72;59.47;62.77;65.17;63.31;59.65;60.87;62.18;62.03;64.07;67.91;66.39;69.98;67.13;62.8;66.9;64.7
O3;uur;µg/m³;2023-12-23T22:00:00+01:00;2023-12-23T23:00:00+01:00;62.5;48.7;56.7;64.9;58.8;67.12;65.65;70.15;72.2;62.73;60.75;61.21;64.87;65.99;67.13;69.02;67.34;65.93;69.18;67.46;67.73;66.48;59.71;61.08;64.29;65.08;66.04;64.96;61.01;60.72;65.86;62.37;63.7;58.84;62.68;62.34;61.06;62.54;67.14;65.4;67.81;65.79;62.6;66.9;64.9
O3;uur;µg/m³;2023-12-23T23:00:00+01:00;2023-12-24T00:00:00+01:00;63.5;47.6;57.8;66.8;63.3;66.78;66.15;71.92;73.38;64.05;66.22;62.82;66.66;67.8;69;72.22;67.16;65.8;69.38;67.19;66.95;69.52;57.1;61.12;67.86;68.39;68.64;67.19;60.55;64.32;67.3;62.23;65.59;59.27;65.14;64.2;60.7;62.69;65.62;63.88;67.94;67.03;66.7;69.8;68.4
O3;uur;µg/m³;2023-12-24T00:00:00+01:00;2023-12-24T01:00:00+01:00;66.7;46.8;56.7;62.4;54.2;68.15;68.25;72.31;72.24;64.85;69.25;64.97;70.24;69.69;70.74;76.05;68.86;67.37;72.06;70.02;70.12;66.46;54.42;63.72;68.77;69.49;69.96;68.69;61.64;64.32;69.84;63.65;66;61.48;66.57;65.69;60.4;64.69;66.9;63.84;67.75;66.28;70.5;71.9;70.1
O3;uur;µg/m³;2023-12-24T01:00:00+01:00;2023-12-24T02:00:00+01:00;68.4;50.7;61.9;63.7;56.5;71.54;70.89;73.31;74.2;71.42;72.53;69.52;73.31;73.65;73.84;75.9;65.8;71.54;73.39;71.8;69.17;65.67;61.17;60.36;71.87;70.2;71.95;65;62.67;67.21;67.13;65.03;67.81;63.11;67.81;68.09;64.89;67.27;68.56;65.98;67.54;65.16;70.8;74.5;71.8
O3;uur;µg/m³;2023-12-24T02:00:00+01:00;2023-12-24T03:00:00+01:00;72;49.7;64.1;55.8;62.5;73.19;72.74;71.32;69.97;71.39;71.39;70.87;74.63;73.82;75.16;75.06;65.1;74.21;75.63;74.04;66.07;66.95;58.59;63.23;71.8;67.89;68.33;64.92;62.77;67.64;66.2;65.45;69.35;65.37;69.54;69.08;65.64;67.69;68.72;68.57;71.63;67.32;67.6;71.8;68.9
O3;uur;µg/m³;2023-12-24T03:00:00+01:00;2023-12-24T04:00:00+01:00;73.5;56.2;64.1;74.2;55.5;69.05;71.6;71.06;68.37;68.79;69.47;69.23;73.27;71.76;77.33;74.5;69.38;75.94;77.41;75.1;69.16;70.23;65.61;66.24;70.13;70.01;67.51;65.77;64.12;70.86;67.71;67.28;71.72;65.6;68.43;66.37;65.77;66.15;69.07;69.64;72.99;68.46;67.3;72.3;69.2
O3;uur;µg/m³;2023-12-24T04:00:00+01:00;2023-12-24T05:00:00+01:00;75.5;57.1;66.2;77.5;65;68.51;69.34;70.43;69.31;70.33;69.38;67.66;73.55;69.78;77.38;77.12;73.25;77.63;79.02;76.02;73.52;74;64.13;70.34;72.68;72.01;68.31;70.19;65.93;74.14;70.31;69.03;73.79;64.18;71.42;64.21;66.01;65.65;68.65;68.58;72.93;68.7;69.8;74.2;71.9
O3;uur;µg/m³;2023-12-24T05:00:00+01:00;2023-12-24T06:00:00+01:00;75.3;62.1;64.8;73.4;70;68.47;69.57;69.95;70.38;71.05;72.66;67.74;74.64;70.58;74.54;77;73.3;71.57;79.16;75.64;71.62;73.29;71.37;70.75;70.63;71.65;71.08;70.47;67.05;73.03;72.23;70.2;74.29;62.89;73.06;63.5;67.67;66.44;69.46;68.28;72.14;67.83;71.3;75.9;72.8
O3;uur;µg/m³;2023-12-24T06:00:00+01:00;2023-12-24T07:00:00+01:00;73.2;61.1;62.3;71.4;64.7;67.93;69.13;68;67.76;69.65;74.37;67.62;74.76;70.41;77.15;76.46;72.65;69.04;77.68;74.64;71.95;71.04;71.4;70.61;69.5;71.72;72.58;69.83;68.54;69.38;72.44;72.01;71.98;62.51;72.57;65.13;68.89;67.43;69.15;68.47;72.73;70.12;71.8;74.8;72.5
O3;uur;µg/m³;2023-12-24T07:00:00+01:00;2023-12-24T08:00:00+01:00;71.3;59.7;61.3;70.1;57;67.31;69;68.19;66.98;68.98;71.74;68.67;74.59;71.51;78.26;76.19;68.86;66.56;78.88;76.07;72.22;67.55;63.18;66.41;70.5;72.77;71.33;68.18;68.06;68.18;71.26;71.08;71.69;63.54;71.12;67.02;68.19;66.19;68.94;68.75;72.77;70.02;72.2;75.5;72.1
O3;uur;µg/m³;2023-12-24T08:00:00+01:00;2023-12-24T09:00:00+01:00;73.9;55.3;53;72.4;58.7;66.81;69.78;68.18;68.11;68.91;71.23;69.01;73.53;71.67;76.7;75.03;67.61;66.51;78.12;75.8;69.29;64.69;60.96;63.14;70.12;70.33;70.08;66.26;66.36;66.32;69.42;69.11;71.71;64.92;70.72;67.64;67.11;66.82;67.41;68.65;71.68;69.36;70.2;75.2;71.3
O3;uur;µg/m³;2023-12-24T09:00:00+01:00;2023-12-24T10:00:00+01:00;73.2;53.8;56;71;60.6;65.35;69.78;66.99;67.35;68.76;66.79;68.11;74.59;70.72;77.12;73.59;62.97;72.04;77.05;75.48;67.79;68.58;56.21;61.67;59.77;69.2;70.28;66.08;62.54;66.78;66.43;64.16;71.33;64.89;70.69;66.17;65.65;66.63;66.78;68.68;70.68;67.26;68.6;73.7;69.6
O3;uur;µg/m³;2023-12-24T10:00:00+01:00;2023-12-24T11:00:00+01:00;71.2;51.2;51.3;69.7;59;64.94;69.27;66.82;66.29;65.72;68.64;66.34;71.33;69.77;76.04;71.94;62.11;72.69;76.93;74.12;68.76;66.54;55.99;60.79;60.35;68.31;69.72;66.06;61.11;68.23;65.6;63.74;70.57;62.07;70.65;65.67;64.2;66.11;67.23;69.12;69.7;65.84;67.3;74.3;70
O3;uur;µg/m³;2023-12-24T11:00:00+01:00;2023-12-24T12:00:00+01:00;70.9;51;57.4;73;62.7;64.66;67.14;65.7;65.39;64.97;66.72;64.71;69.14;68.8;74.83;72.02;64.72;72.37;76.19;72.61;69.94;66.07;60.46;58.95;62.15;69.67;67.59;66.34;60.39;66.96;66.53;63.95;69.53;58.95;70.03;64.56;64.79;65.55;66.03;68.29;70.93;65.57;68.2;74.3;70.6
O3;uur;µg/m³;2023-12-24T12:00:00+01:00;2023-12-24T13:00:00+01:00;70;55.6;59.8;71.5;66.8;63.39;67.34;64.89;64.91;66.38;67.96;63.87;69.05;66.81;74.24;72.71;65.44;73.42;74.85;69.97;69.82;66.03;64.64;57.69;63.15;69.07;67.97;66.83;61.11;67.04;66.16;64.43;68.71;64.73;69.46;62.45;65.2;64.66;66.5;68.65;70.66;66;66.6;73.6;69.7
O3;uur;µg/m³;2023-12-24T13:00:00+01:00;2023-12-24T14:00:00+01:00;71.5;54.2;60.2;72.5;66;62.73;66.99;64.62;64.01;66.51;68.14;62.69;69.31;65.76;75.52;73.21;67.12;74.57;75.44;71.29;68.05;64.82;61.85;60.67;60.83;64.73;68.19;66.2;62.27;66.21;65.8;65.23;68.95;61.2;69.13;58.37;65.01;65.26;65.96;66.75;70.88;65.94;65.7;72.3;68.9
O3;uur;µg/m³;2023-12-24T14:00:00+01:00;2023-12-24T15:00:00+01:00;71.6;53.3;60.8;73.6;68.2;61.84;64.17;63.84;62.77;66.63;67.55;62.69;70.51;66.7;73.99;74;69.35;74.13;74.97;70.61;70.65;67.91;62.76;60.82;63.67;67.9;67.93;66.89;60.77;67.05;66.98;63.17;69.65;57.55;68.51;59.7;65.62;63.87;66.15;67.9;69.53;65.58;65.5;71.8;68.9
O3;uur;µg/m³;2023-12-24T15:00:00+01:00;2023-12-24T16:00:00+01:00;70.4;56.5;59.9;73.8;72.7;61.46;66.35;62.8;63.84;67.41;69.28;63.75;71.9;69.29;74.36;73.91;70.03;73.57;75.2;70.42;72.61;71.67;67.94;62.89;63.19;69.93;69.21;68.91;62.66;66.74;68.21;66.06;69.77;59.88;69.51;63.81;65.42;64.43;66.74;66.33;69.5;64.56;67.8;74;71.3
O3;uur;µg/m³;2023-12-24T16:00:00+01:00;2023-12-24T17:00:00+01:00;71.8;57.5;64.9;71.5;70;61.33;69.53;63.08;63.78;68.28;71.4;65.55;73.17;70.14;76.28;74.83;69.56;76.12;77.21;72.75;71.7;69.08;69.69;62.61;61.24;70.96;70.15;69.36;64.3;68.89;69.17;67.54;70.9;65.16;69.87;65.55;66.01;66.39;65.09;67.04;70.34;67.38;68.9;75.5;72.3
O3;uur;µg/m³;2023-12-24T17:00:00+01:00;2023-12-24T18:00:00+01:00;73.5;55.6;67.7;75.6;71.8;62.44;70.88;63.31;63.57;69.44;71.81;66.75;74.62;71.42;75.69;75.03;70.84;77.33;76.55;71.37;71.73;71.92;65.64;66.86;65.72;69.58;69.83;70.53;65.69;71.36;70.68;68.42;72.42;67.19;71.76;66.55;67.01;67.68;64.74;68.8;69.75;67.21;69.4;74.6;72.3
O3;uur;µg/m³;2023-12-24T18:00:00+01:00;2023-12-24T19:00:00+01:00;74;54.8;64.3;74.1;69.4;63.59;72.41;64.27;64.09;72.11;71.84;68.34;75.14;72.06;73.74;75.5;71.18;76.03;75.54;72.76;71.58;71.86;66.32;65.64;67.61;68.79;70.99;70.38;65.2;70.81;71.44;68.12;72.31;66.96;72.12;67.94;67.46;67.48;66.08;68.95;70.15;67.65;68.9;75.1;72
O3;uur;µg/m³;2023-12-24T19:00:00+01:00;2023-12-24T20:00:00+01:00;71.2;55.6;62.1;74.8;70.6;66.01;73.11;66.65;67.18;70.32;69.11;68.16;74.15;73.01;74.81;74.53;71.17;71.63;75.09;73.16;68.52;71.98;66.88;65.54;68.89;66.57;70.89;68.67;65.46;68.44;69.01;68.64;71.01;67.41;70.63;67.93;68.47;67.39;68.55;69.19;71;68.63;66.9;72.8;70.1
O3;uur;µg/m³;2023-12-24T20:00:00+01:00;2023-12-24T21:00:00+01:00;71.4;51.2;62.4;73.5;65.5;68.31;72.16;68.03;67.66;69.28;70.47;67.89;73.05;71.53;73.28;72.9;69.67;73.15;74.75;73.12;69.22;69.68;63.44;63.56;68.92;67.04;69.31;67.84;63.38;67.31;67.77;66.04;69.93;67.11;69.45;68.08;68.09;66.15;69.23;69.16;70.36;69.6;65;71.6;68.3
O3;uur;µg/m³;2023-12-24T21:00:00+01:00;2023-12-24T22:00:00+01:00;71.1;53;61.9;70.6;60.1;67.36;71.13;68.16;68.96;67.33;69.95;66.49;71.73;70.61;72.28;71.7;67.48;68.77;73.93;71.66;69.92;66.46;61.48;62.47;68.19;69.65;68.76;66.22;60.77;67;66.6;62.97;68.88;67.84;69.48;66.8;67.47;64.93;67.79;67.47;70.85;70.15;66.9;73.5;69.7
O3;uur;µg/m³;2023-12-24T22:00:00+01:00;2023-12-24T23:00:00+01:00;70;52.3;61.5;70.7;64.8;65.85;70.37;66.7;67.93;66.44;68.21;66.07;;70.44;72.01;71.12;66.42;70.71;73.01;70.98;70.31;66.1;60.12;62.63;65.97;69.47;67.98;65.3;60.77;66.24;65.63;63.37;68.56;65.63;67.9;66.07;66.84;65.71;65.67;65.99;71.02;69.47;68;73.6;69.5
O3;uur;µg/m³;2023-12-24T23:00:00+01:00;2023-12-25T00:00:00+01:00;68.6;49.3;60.5;69.8;68.3;65.82;69.61;66.56;67.04;66.26;68.89;66.21;70.29;70.51;70.78;72.06;66.92;70.37;72.38;70.84;67.8;64.56;60.64;62.79;64.59;67.48;66.58;65.72;60.19;66.11;66.52;62.73;68.08;64.35;68.14;65.46;66.31;65.78;64.16;66.64;69.57;67.12;68.5;72.5;68.9
O3;uur;µg/m³;2023-12-25T00:00:00+01:00;2023-12-25T01:00:00+01:00;69.3;49;61.3;71.4;63.5;66.67;69.79;65.15;62.94;66.75;68.51;67.08;70.25;71.81;70.87;72.07;66.36;71.8;72.4;70.57;64.86;67.08;60.12;62.48;64.63;65.82;68.53;65.52;59.8;65.86;66.14;62.41;67.2;64.33;67.23;64.92;65.83;65.15;63.66;67.46;67.27;65.62;67.1;71.8;68.5
O3;uur;µg/m³;2023-12-25T01:00:00+01:00;2023-12-25T02:00:00+01:00;70.3;54.3;57.3;67.5;60.7;66.74;71.69;65.37;65.15;67.24;67.1;68.61;70.44;72.54;72.03;71.66;67.31;66.9;72.66;70.77;67.22;66.84;64.49;63.47;65.99;66.19;69.32;64.98;63.95;64.68;67;66.47;67.73;64.45;66.72;65.02;66.88;63.48;65.37;66.91;68.4;65.92;67;70.7;67.8
O3;uur;µg/m³;2023-12-25T02:00:00+01:00;2023-12-25T03:00:00+01:00;68.8;52.2;60.4;64;66.5;66.31;72.07;65.07;64.08;66.73;66.73;67.81;70.02;71.78;71.21;71.38;68.66;69.1;73.04;71.53;64.22;67.94;68.24;65.51;67.28;62.61;68.56;65;64.65;68.3;67.94;67.91;67.55;69.67;67.35;64.8;66.54;62;65.51;67.47;72.1;69.97;66.5;71.2;67.3
O3;uur;µg/m³;2023-12-25T03:00:00+01:00;2023-12-25T04:00:00+01:00;69.7;53.1;64.4;63.6;69;65.35;71.07;66.19;64.73;66.33;67.55;67.38;69.18;71.5;71.38;71.72;68.25;63.65;72.6;70.65;64.8;66.97;68.01;65.48;67.73;62.85;68.77;64.74;63.34;66.22;66.9;66.29;67.23;67.27;67.02;65.93;65.99;62.13;67.87;67.55;75;71.75;63.6;68.4;65
O3;uur;µg/m³;2023-12-25T04:00:00+01:00;2023-12-25T05:00:00+01:00;68.5;56;63.5;62.7;64.5;64.77;69.31;66.2;64.79;64.83;68.52;66.82;68.82;70.88;70.21;71.35;68.27;63.18;72.42;70.56;66.95;66.2;68.95;66.18;67.22;64.95;67.53;63.79;63.43;66.87;68.17;65.84;67.07;66.58;65.5;65.77;66.62;61.77;65.94;68.71;73.95;68.29;66.2;69.9;66.4
O3;uur;µg/m³;2023-12-25T05:00:00+01:00;2023-12-25T06:00:00+01:00;68.1;56.6;64.9;60.5;52;64.6;68.67;65.72;62.93;66.19;67.73;66.67;70.53;70.48;67.88;70.18;65.98;66.48;71.83;70.5;66.92;65.19;69.93;64.96;67.78;64.74;68.49;64.4;62.41;66.32;67.88;64.86;66.9;65.57;65.72;64.6;65.92;60.42;66.43;68.84;73.21;70.84;67.8;70.8;66.9
O3;uur;µg/m³;2023-12-25T06:00:00+01:00;2023-12-25T07:00:00+01:00;63.4;68.6;70;55.9;49.3;63.65;68.21;66.2;63.62;66.82;66.8;65.51;70.16;68.23;68.69;69.23;68.79;71.02;74.74;70.02;66.32;70.73;72.59;67.14;68.51;65.31;68.5;65.35;60.37;65.5;66.12;63.5;65.45;65.47;64.42;65.08;66.52;60.76;66.57;68.15;71.39;68.57;67;69.4;66.2
O3;uur;µg/m³;2023-12-25T07:00:00+01:00;2023-12-25T08:00:00+01:00;65.9;68.7;69.7;31.5;58.8;64.15;68.09;65.91;64.14;64.36;63.9;64.47;68.55;67.35;68.68;68.06;66.33;64.68;74.26;70.27;65.89;69.38;72.12;65.03;67.74;63.13;67.5;64.73;62.45;62.07;66.32;65.25;65.44;62.69;64.29;70.54;65.25;60.81;66.25;68.05;71.46;68.28;67.6;70.3;64.9
O3;uur;µg/m³;2023-12-25T08:00:00+01:00;2023-12-25T09:00:00+01:00;73.5;62.8;66.5;43.3;43;63.92;68.83;65.55;63.43;61.89;63.64;63.46;64.31;66.1;66.74;68.9;68.3;39.44;77.26;73.33;64.47;67.74;71.22;66.51;67.21;63.67;62.43;62.47;56.08;58.83;63.69;58.78;61.73;56.48;62.13;71.54;64;57.23;64.37;67.99;73.41;68.05;67.6;69.7;63.4
O3;uur;µg/m³;2023-12-25T09:00:00+01:00;2023-12-25T10:00:00+01:00;71.3;58.5;64.8;43.4;45.6;62.99;69.44;63.89;62.52;61.43;62.93;62.53;66.03;65.97;73.3;68.99;62.94;46.73;77.07;72.66;62.95;62.47;68.3;62.11;66.36;61.74;62.85;61.87;53.72;56.56;60.39;56.28;58.73;52.83;60.2;66.65;60.68;55.41;61.3;67.68;73.76;70.31;61.6;63;61.1
O3;uur;µg/m³;2023-12-25T10:00:00+01:00;2023-12-25T11:00:00+01:00;70.7;58.9;67.8;51.6;59.1;60.89;71.64;63.28;62.49;59.84;61.72;60.56;79.5;64.26;74.93;67.73;66.08;49.69;78.29;72.98;65.23;62.93;68.65;65.42;64.08;60.84;62.08;49.37;55.1;57.46;54.52;58.81;60.84;53.81;57.94;63.72;58.64;55.59;58.77;65.54;71.95;67.33;56.1;62.1;60.7
O3;uur;µg/m³;2023-12-25T11:00:00+01:00;2023-12-25T12:00:00+01:00;67.9;38;54.9;49.1;61.5;59.48;71.05;62.32;61.35;72.88;59.46;60.95;78.73;64.68;74.89;65.91;67.83;61.27;76.73;72.92;69.89;60.47;68.37;64.99;60.57;64.83;61.09;51.79;58.21;57.46;56.32;61.56;65.4;52.21;60.72;65.86;58.63;52.77;57.65;63.18;69.41;65.54;62.2;64.5;64.3
O3;uur;µg/m³;2023-12-25T12:00:00+01:00;2023-12-25T13:00:00+01:00;68.1;55.9;65.3;50.3;61.3;58.97;72.42;61.14;62.1;71.58;59.43;61.27;75.87;62.91;72.9;64.47;66.2;54.34;75.4;71.53;68.21;66.81;67.81;63.59;64.06;64.81;63.36;60.97;59.23;56.32;60.75;62.9;63.63;57.84;64.72;69.17;57.31;52.33;56.82;59.4;68.4;63.41;68.2;67.9;66.2
O3;uur;µg/m³;2023-12-25T13:00:00+01:00;2023-12-25T14:00:00+01:00;69.1;41.9;56.6;52.4;61.2;58.78;71.92;59.96;60.66;69.72;65.68;59.06;75.55;62.21;75.54;64.51;67.33;57.71;76.37;71.96;64.42;64.67;70.15;62.73;66.5;63.43;65.81;64.08;54.2;59.07;61.99;58.71;58.95;60.03;64.27;69.62;57.21;56.56;60.07;61.22;69.01;61.8;67.2;68;65.9
O3;uur;µg/m³;2023-12-25T14:00:00+01:00;2023-12-25T15:00:00+01:00;67;47.1;49.3;60.4;62.7;58.25;72.9;60.21;61.12;73.11;62.25;64.09;75.39;66.99;69.35;62.93;68.63;61.92;74.43;72.49;64.3;64.64;57.8;58.31;67.44;60.56;66.88;62.13;55.26;57.44;60.29;60.46;62.78;61.02;60.27;65.32;59.12;57.43;61.17;63.02;67.63;56.77;67.4;68.1;65.1
O3;uur;µg/m³;2023-12-25T15:00:00+01:00;2023-12-25T16:00:00+01:00;61.8;37.4;41.5;57.4;53.8;57.25;70.44;60.23;61.55;64.97;62.3;58.88;66.59;60.99;70.52;61.81;64.07;60.89;70.26;66.07;67.29;63.51;52.28;50.67;62.67;61.77;66.88;58.54;55.09;54.42;58.29;59.01;64.37;57.14;60.62;66.24;59.48;58.36;61.78;62.43;62.78;57.22;63;65.4;64.7
O3;uur;µg/m³;2023-12-25T16:00:00+01:00;2023-12-25T17:00:00+01:00;63.6;43.4;44.4;59.6;55.2;58.17;63.15;58.83;57.16;65.5;60.53;54.83;69.39;60.78;67.52;64.75;62.53;59.14;68.64;67.84;63.39;58.63;59.09;48.94;53.24;61.77;63.47;57.07;47.15;54.76;55.06;54.8;61.77;57.92;62.68;62.64;62.34;57.29;59.98;61.39;61.74;59.12;61.4;66.4;65.5
O3;uur;µg/m³;2023-12-25T17:00:00+01:00;2023-12-25T18:00:00+01:00;61.9;42.8;44;64.3;49.5;56.67;59.92;59.31;59.39;63.45;62.44;58.11;68.81;64.05;68.22;67.28;61.2;61.92;68.98;65.15;59.59;61.35;53.56;48.11;58.55;61.96;62.38;59.07;53.07;54.36;58.38;56.61;63.13;58.33;62.97;56.78;57.09;62.78;59.88;61.87;60.63;58.82;61.9;67.9;65.6
O3;uur;µg/m³;2023-12-25T18:00:00+01:00;2023-12-25T19:00:00+01:00;68.5;50;56.2;62.4;56.7;55.29;66.23;58.98;58.88;63.85;61.35;67.41;74.76;68.22;64.2;68.02;66.21;61.68;75.78;70.22;62.1;62.14;65.91;56.44;58.6;61.77;64.93;60.59;54.94;56.28;60.15;56.57;62.5;56.16;62.61;60.42;56.14;57.87;58.53;57.73;59.89;60.51;62.8;68.6;65.2
O3;uur;µg/m³;2023-12-25T19:00:00+01:00;2023-12-25T20:00:00+01:00;70.2;51.4;59.9;60.1;72.1;56.76;70.42;60.2;59.56;64.34;60.3;58.04;65.68;58.73;63.63;69.31;69.71;60.95;65.36;63.79;72.77;66.06;70.45;61.78;63.92;67.82;68.35;64.24;56.57;60.67;64.09;59.35;65.43;57.07;63.09;64.1;59.06;60.89;63.68;63.89;60.72;58.17;66.6;70.2;68.5
O3;uur;µg/m³;2023-12-25T20:00:00+01:00;2023-12-25T21:00:00+01:00;63.9;53.3;58.9;57;63.7;58.61;59.62;60.25;60.62;64.24;62.99;56.58;66.62;59.52;66.63;69.23;76.24;53.77;67.49;62.7;78.08;71.54;62.64;67.68;70.11;77.01;75.74;68.61;63.27;63.93;71.32;66.78;65.5;59.89;68.58;63.62;72.27;64.56;68.94;60.97;66.47;61.34;72.6;79;76.6
O3;uur;µg/m³;2023-12-25T21:00:00+01:00;2023-12-25T22:00:00+01:00;65.7;50.3;59.8;68.2;61;59.09;60.32;61.24;61.1;64.32;64.96;58.4;68.22;61.24;67.98;70.02;68.6;70.5;69.16;63.7;77.74;67.74;60.15;61.66;72.84;79.23;80.05;67.44;63.22;66.29;62.61;67.33;62.32;60;68.76;59.79;64.39;71.6;67.25;71.4;71.59;68.55;72.5;80.7;77.1
O3;uur;µg/m³;2023-12-25T22:00:00+01:00;2023-12-25T23:00:00+01:00;68.7;53.3;62.2;71.6;64.8;59.71;61.31;60.77;60.74;65.3;67.14;59.26;70.11;61.9;72.68;70.22;70.58;73.19;71.49;67.46;72.78;69.28;62.97;65.41;73.62;68.88;74.24;67.22;60.76;64.36;65.52;63.93;66.17;56.49;61.67;60.33;68.42;73.8;69.14;73.01;76.72;73.28;68.1;73.3;71.1
O3;uur;µg/m³;2023-12-25T23:00:00+01:00;2023-12-26T00:00:00+01:00;72.5;56.5;64.1;74.7;65.8;59.98;60.31;61.68;61.99;66.04;65.75;58.36;71.19;61.21;73.8;73.78;71.25;76.47;73.89;69.49;73.13;72.71;68.01;67.17;75.21;69.68;70.5;68.9;64.65;70.48;69.49;68.43;70.6;58.17;64.75;61.92;62.37;74.05;71.4;74.99;79.07;75.03;70;72.4;70
O3;uur;µg/m³;2023-12-26T00:00:00+01:00;2023-12-26T01:00:00+01:00;72.9;56.4;61.9;68;63.6;62.17;61.75;62.52;63.52;69.77;64.3;60.56;70.61;63.73;70.86;73.78;72.6;73.64;73.83;70.05;73.92;72.8;69.45;68.81;75.22;74.71;70.27;71.34;65.24;71.94;71.31;68.98;71.99;61.39;68.38;62.85;62.5;71.83;72.53;76.58;76.85;73.38;71.5;76.8;73.4
O3;uur;µg/m³;2023-12-26T01:00:00+01:00;2023-12-26T02:00:00+01:00;71.2;58.4;62.5;64.9;69.2;61.72;64.87;62.89;65.12;70.52;66.96;64.21;70.49;66.27;73.22;73.51;71.9;67.65;74.27;71.73;70.85;70.78;71.97;69.58;78.88;74.54;75.15;69.72;66.1;70.33;72.97;68.53;71.77;62.61;71.36;65.86;69.23;68.9;75.84;76.52;76.19;74.58;73.7;79.4;74.8
O3;uur;µg/m³;2023-12-26T02:00:00+01:00;2023-12-26T03:00:00+01:00;69;61.6;65.5;55.4;62.2;;;;;;;;;;;;;;;;;;;;;;;;;;;;;;;;;;;;;;74;77.8;72.6
O3;uur;µg/m³;2023-12-26T03:00:00+01:00;2023-12-26T04:00:00+01:00;68.7;67.3;68.7;42.7;61.2;64.92;66.81;66.87;67.54;68.33;68.68;66.21;73.79;67.21;69.59;;66.7;66.57;72.57;70.4;71.6;69.67;;67.36;74.73;71.17;73.91;69.58;67.88;68.76;72.11;70.86;67.41;66.88;71.13;68.14;;69.07;73.05;76.96;77.17;74.66;75.3;77.9;72.7
O3;uur;µg/m³;2023-12-26T04:00:00+01:00;2023-12-26T05:00:00+01:00;64.9;60.5;65.2;51;60.6;64.53;69.23;66.21;66.85;70.25;68.46;64.78;74.03;68.17;71.33;;65.61;68.06;74.2;71.62;71.7;65.88;67.04;66.13;75.72;72.42;72.16;69.31;66.18;69.86;69.74;69.6;65.37;68.88;69.65;68.89;;71.74;79.78;75.73;77.51;74.01;74.1;77.4;73.8
O3;uur;µg/m³;2023-12-26T05:00:00+01:00;2023-12-26T06:00:00+01:00;62.1;56.7;64.2;52.8;59.7;64.3;69.11;66.24;66.69;70.11;66.71;65.08;72.93;66.96;75.88;70.91;72.66;67.74;73.59;70.58;71.47;73.28;63.14;70.41;71.59;71.08;68.72;69.35;65.08;67.74;69.85;68.45;65.15;67.06;68.81;68.39;;71.9;74.82;79.86;80.21;77.42;74.5;76.6;71.8
O3;uur;µg/m³;2023-12-26T06:00:00+01:00;2023-12-26T07:00:00+01:00;68.5;60.6;67.3;43.6;64.6;63.83;71.29;67.29;68.1;70.61;72.74;64.85;76.04;68.13;75.78;68.54;74.21;69.2;74.4;70.79;75.19;74.41;66.89;71.32;73.43;72.54;72.17;70.86;65.86;69.8;71.5;69.28;64.38;68.65;66.77;65.87;;69.69;72.99;76.64;78.55;75.99;75.5;77.9;72.9
O3;uur;µg/m³;2023-12-26T07:00:00+01:00;2023-12-26T08:00:00+01:00;63.1;61.6;68.7;43.3;62.3;63.29;70.93;66.34;67.47;72.38;65.36;65.3;73.62;66.79;71.62;69.32;71.87;70.58;74.69;72.2;75.1;74.01;69.67;70.13;72.73;73.72;73.69;71.3;66.29;69.21;70.48;70.57;65.14;65.9;69.31;63.37;;70.29;73.79;72.74;74.5;72.03;76.2;78.2;73.9
O3;uur;µg/m³;2023-12-26T08:00:00+01:00;2023-12-26T09:00:00+01:00;59.8;59.2;66.3;37.7;63.2;60.5;71.21;65.36;66.9;72.08;67.16;64.38;71.61;68.97;74.49;70.08;69.85;63.68;72.03;69.35;75.08;69.79;68.26;68.18;73.41;73.62;74.19;69.76;65.28;67.89;70.5;68.22;63.58;64.24;68.49;66.47;;68.84;71.9;72.12;75.6;72.64;76.1;78.2;72.7
O3;uur;µg/m³;2023-12-26T09:00:00+01:00;2023-12-26T10:00:00+01:00;66.7;62.9;69.1;49.3;60.9;59.64;69.28;63.49;65.49;67.56;64.66;62.89;71.95;62.87;73.69;67.25;72.6;49.17;73.3;69.35;74.37;70.93;70.11;68.72;73.44;72.03;73.01;67.05;62.57;63.04;67.58;65.48;61.06;62.44;67.34;65.87;;66.61;71.92;71.86;76.1;72.31;75;76.8;72.5
O3;uur;µg/m³;2023-12-26T10:00:00+01:00;2023-12-26T11:00:00+01:00;66.3;61.6;69.5;43.6;61.9;63.43;67.89;66.01;66.84;69.02;59.39;62.28;70.23;64.46;71.07;67.37;70.78;55.48;72.18;69.16;72.88;70.14;70.65;66.25;73.34;70;72.9;67.73;57.78;60.24;65.59;60.96;62.04;62.62;63.96;64.01;;68.01;72.08;71.95;75.22;71.38;74.7;75.9;71.1
O3;uur;µg/m³;2023-12-26T11:00:00+01:00;2023-12-26T12:00:00+01:00;64.5;57.2;67.4;51.3;63.9;64.43;68.38;67.98;69.28;65.46;44.89;59.55;67.17;61.24;70.92;65.05;70.59;68.12;72.52;68.3;72.44;71.34;69.44;65.83;71.67;68.06;72.61;68.09;61.48;64.02;66.01;66.57;63.96;60.33;65.04;66.74;66.07;68.42;71.02;71.94;74.81;70.74;74.9;76.1;71.5
O3;uur;µg/m³;2023-12-26T12:00:00+01:00;2023-12-26T13:00:00+01:00;60.2;58.6;64.7;50.8;67.9;66.53;67.11;67.45;67.86;63.72;52.06;60.47;68.51;65.74;71.52;67.28;70.46;67.39;71.17;67.94;71.59;71.06;66.85;66.48;69.72;65.54;71.97;68.59;62.09;65.44;64.78;66.26;64.17;63.97;67.08;65.89;64.71;67.34;70;72.47;73.64;69.75;74.2;74.2;
O3;uur;µg/m³;2023-12-26T13:00:00+01:00;2023-12-26T14:00:00+01:00;51.6;56.5;64.3;58.6;56.2;66.8;66.61;68.77;68.78;63.5;61.09;61.5;70.55;65.98;70.96;71.11;68.71;67.71;70.03;66.43;70;71.14;62.51;64.89;68.77;64.01;69.45;67.07;61.27;64.14;63.8;64.62;65.15;65.77;67.6;63.93;64.96;65.44;69.37;72;74.38;69;72.2;72.8;67.5
O3;uur;µg/m³;2023-12-26T14:00:00+01:00;2023-12-26T15:00:00+01:00;49.8;49.4;59.7;46.2;40.4;68.3;65.95;68.89;69.67;65.62;64.92;58.85;70.53;64.98;69.37;67.32;64.9;64.09;69.32;65;68.98;66.24;57.63;61.13;72.77;62.73;66.8;64.5;57.99;60.22;60.84;63.33;63.35;65.92;67.05;63.41;65.21;64.21;72.92;69.76;77.74;69.73;69.9;69.3;65.2
O3;uur;µg/m³;2023-12-26T15:00:00+01:00;2023-12-26T16:00:00+01:00;50.6;43.5;55.2;35.4;53.2;61.76;65.76;63;66.17;66.21;59.84;51.28;71.24;63.63;68.42;63.39;64.46;57.84;66.9;58.74;73.38;63.94;50.29;58.42;73.67;69;70.53;63.94;53.47;55.44;60.58;61.1;59.44;64.58;64.31;64.38;62.6;67.72;74.91;72.03;80.13;70.74;69.6;57.4;64.6
O3;uur;µg/m³;2023-12-26T16:00:00+01:00;2023-12-26T17:00:00+01:00;46.5;45.9;49.3;29.7;47.4;58.97;67.06;59.19;61.33;66.02;66.81;55.65;68.88;61.74;65.1;61.87;68.77;51.46;64.86;53.98;75.7;63.73;41.67;62.84;71.76;66.56;71.6;66.17;58.55;58.86;58.61;61.98;58.27;60.1;63.16;61.02;66.69;69.33;74.62;71.25;78.85;71.37;65.9;56.2;65.4
O3;uur;µg/m³;2023-12-26T17:00:00+01:00;2023-12-26T18:00:00+01:00;45;38.1;45.5;45.1;63.6;56.14;66.77;52;57.63;64.73;63.94;53.74;62.55;60.43;63.79;50.94;68.85;54.53;60.94;54.91;74.63;61.86;39.82;61.55;71.16;57.16;68.05;63.19;54.04;60.47;54.17;62.51;59.54;66.53;58.99;55.03;62.92;68.67;70.69;69.22;77.37;68.77;49.4;43.7;61.1
O3;uur;µg/m³;2023-12-26T18:00:00+01:00;2023-12-26T19:00:00+01:00;39.3;27.3;49.7;59.4;52.8;51.03;61.95;46.95;53.26;59.71;49.13;50.54;53.81;57.82;58.85;46.7;63.37;53.54;58.54;49.15;73.97;46.91;33.58;49.86;68.59;65.73;67.46;53.08;44.63;52.04;46.74;57.46;54.31;60.59;57.24;50.37;56.02;59.17;68.49;67.3;78.26;65.57;41.8;41.2;53
O3;uur;µg/m³;2023-12-26T19:00:00+01:00;2023-12-26T20:00:00+01:00;31;19.3;37.9;23.7;54.3;46.99;53.59;42.35;51.47;51.32;31.79;49.29;42.05;52.91;54.96;35.31;50.42;42.09;49.55;41.25;72.34;6.45;17.07;34.4;66.53;48.39;63.78;41.13;29.78;33.57;41.59;41.66;41.66;48.06;56.91;47.14;53.36;56.11;67.34;63.84;77.81;66.97;28.2;37.3;44.4
O3;uur;µg/m³;2023-12-26T20:00:00+01:00;2023-12-26T21:00:00+01:00;19.3;15;21.5;5.3;34.1;42.84;52.36;28.68;36.49;43.75;19.64;47.29;32.72;44.42;52.29;35.79;34.73;25.37;37.18;33.31;63.68;2.21;2.39;12.59;61.62;36.01;56.78;38.69;17.5;23.85;38.99;27.78;36.57;42.01;49.52;42.25;40.44;54.17;63.33;57.26;74.79;61.66;23.8;22.3;37.4
O3;uur;µg/m³;2023-12-26T21:00:00+01:00;2023-12-26T22:00:00+01:00;20.6;0.5;1.6;4.1;10.4;40.21;40.7;20.05;23.79;40.11;13.87;36.1;18.49;25.88;47.43;34.31;15.82;1.44;32.78;18.9;42.52;1.96;2.63;10.91;50.3;11.16;52.26;26.32;7.63;8.06;24.27;16.44;24.85;43.36;43.61;20.8;36.86;48.76;49.11;53.53;62.32;60.41;12.2;24.6;
O3;uur;µg/m³;2023-12-26T22:00:00+01:00;2023-12-26T23:00:00+01:00;12.6;0;0.5;7.1;0.6;36.01;28.24;15.32;8.25;28.17;9.43;14.42;9.6;14.33;30.17;30.82;2.93;17.68;27.88;5.14;23.18;2.54;2.05;0.84;44.99;14.42;24.79;12.39;2.4;1.32;14.62;2.56;20.93;38.66;23.79;16.47;31.7;50.08;52.87;51.88;58.42;60.92;6.5;12.7;23.8
O3;uur;µg/m³;2023-12-26T23:00:00+01:00;2023-12-27T00:00:00+01:00;6.2;0;0.3;0.4;0.1;29.85;23.72;10.94;4.56;14.28;5.44;6.06;8.22;12.28;25.9;24.14;1.96;26.85;22.66;9.46;20.37;2.01;1.53;0.86;45.45;17.53;31.3;11.97;1.1;1.27;9.7;-0.21;11.61;37.56;11.53;11.63;21.26;42.58;49.99;50.2;60.92;57.7;2.4;6.5;9.5
O3;uur;µg/m³;2023-12-27T00:00:00+01:00;2023-12-27T01:00:00+01:00;3.6;2.9;0.1;2;2.9;24.23;21.47;13.03;5.52;12.99;7.21;9.1;5.81;15.69;17.59;13.41;2.08;18.02;27.46;9.66;11.39;2;1.26;0.98;43.22;8.92;31.31;15.39;0.52;1.15;5.23;-1.49;6.48;32.96;7.79;16.43;16.03;38.75;54.11;42.99;52.3;53.59;2.5;4.7;3.6
O3;uur;µg/m³;2023-12-27T01:00:00+01:00;2023-12-27T02:00:00+01:00;4.9;2.9;0.1;0.2;0.1;19.76;24.31;14.92;15.63;15.24;3.18;15.12;12.27;18.53;18.06;34.93;1.51;9.17;13.9;10.89;1.88;1.63;0.56;0.46;25.88;0.3;24.17;7.51;0.2;2.42;6.21;-1.22;7.63;22.21;6.48;25.61;11.87;27.62;50.95;39.51;50;51.69;2.8;6.5;3.4
O3;uur;µg/m³;2023-12-27T02:00:00+01:00;2023-12-27T03:00:00+01:00;6.1;4.4;-0.1;0;0;17.26;24.81;10.55;21.59;16.9;7.64;16.13;13.52;17.88;30.86;35.58;2.38;13.1;8.45;13.87;1.09;1.27;0.26;0.17;36.28;-0.23;19.42;5.59;0.12;7.26;1.7;-1.19;14.84;16.34;8.36;26.31;10.82;24.18;49.18;34.95;46.65;50.72;2.4;13.6;4.5
O3;uur;µg/m³;2023-12-27T03:00:00+01:00;2023-12-27T04:00:00+01:00;2.6;10.5;-0.3;0;0;20.36;22.59;12.06;23.58;15.95;21.36;20.23;21.81;24.19;8.61;36.01;2.66;18.08;7.62;15.36;3.93;1.17;1.33;-0.1;39.16;4.6;22.3;1.35;0.81;9.58;11.53;5.93;4.89;;10.08;28.57;8.42;26.49;35.02;29.04;44.88;45.42;4.5;19.3;8.4
O3;uur;µg/m³;2023-12-27T04:00:00+01:00;2023-12-27T05:00:00+01:00;9.2;21.5;2.8;1.3;0;21.16;24.57;13.35;29.86;22.21;29.6;19.79;26.35;25.11;31.51;35.53;8.02;22.66;15.45;21.16;11.71;6.22;1.6;1.7;33.9;9.44;28.66;10.25;6.99;14.42;14.32;14.74;11.76;13.66;10.6;28.17;9.83;21.79;30.93;26.77;37.2;35.87;23.2;31.3;19.3
O3;uur;µg/m³;2023-12-27T05:00:00+01:00;2023-12-27T06:00:00+01:00;22.3;27.9;10.3;9.2;1.6;25.29;25.18;13.24;32.12;21.14;31.6;21.79;30.53;23.31;38.3;29.98;19.15;26.89;30.47;25.2;14.11;16.38;3.1;6.41;48.69;17.8;42.02;13.37;13.56;15.97;20.04;15.4;17.08;15.24;14.11;32.23;17.44;22.42;33.3;22.9;40.6;27.57;30.7;36;34.3
O3;uur;µg/m³;2023-12-27T06:00:00+01:00;2023-12-27T07:00:00+01:00;28.6;28.9;9.7;22.2;4;25.05;28.18;13.24;31.74;22.92;31.72;24.25;31.06;27.99;39.04;30.69;23.53;25.54;33.47;31.98;23.44;21.39;6.78;12.32;60.72;24.88;38.95;20.63;19.41;18.16;24.74;23.03;21.11;16.85;20.73;40.45;30.68;24.38;34.15;22.55;44.66;31.71;33.4;35.9;
O3;uur;µg/m³;2023-12-27T07:00:00+01:00;2023-12-27T08:00:00+01:00;27.4;28.1;14.7;26.4;17.3;28.64;26.55;30.09;28.29;26.05;28.03;25;30.13;28.42;26.99;41.92;30.34;29.88;34.84;31.24;28.28;28.3;6.14;17.67;60.89;26.3;36.76;27.5;28.11;20.83;26.35;29.17;30.87;15.44;24.6;39.51;19.96;28.82;40.13;21.9;45.88;35.63;33.9;26.6;
O3;uur;µg/m³;2023-12-27T08:00:00+01:00;2023-12-27T09:00:00+01:00;22.5;21.1;3.1;6;6.5;25.54;26.33;38.45;41.34;28.76;21.63;23.62;27.83;27.71;25.25;46.06;28.51;23.64;27.18;26.43;31.18;30.06;19.96;17.53;52.58;26.88;30.98;32.52;31.58;28.67;34.27;33.68;28.6;17.9;23.67;29.36;18.3;22.32;40.32;23.04;47.67;39.36;31.3;28;36.6
O3;uur;µg/m³;2023-12-27T09:00:00+01:00;2023-12-27T10:00:00+01:00;21.5;17.9;6.2;15.8;15;20.73;29.52;52.75;48.96;30.45;20.9;25.2;28.23;25.8;33.81;49.87;15.77;20.02;30.63;26.53;31.39;17.1;16.53;7.92;47.21;25.07;26.57;28.51;29.4;28.64;35.45;31.23;26.52;23.61;18.92;25.34;19.71;22.39;37.46;36.58;48.67;39.16;37.2;33.1;38.9
O3;uur;µg/m³;2023-12-27T10:00:00+01:00;2023-12-27T11:00:00+01:00;21.8;22.3;9.9;23.4;21.4;21.13;31.81;64.55;64.54;39.96;40.81;24.21;34;30.7;43.89;51.26;14.67;28.37;32.1;28.48;25.12;15.41;20.54;10.77;45.16;22.8;26.65;25.05;23.64;24.68;24.08;24.96;25.63;23.05;22.31;27.98;25.65;24.43;32.85;34.86;50.73;45.28;33.3;32.3;31
O3;uur;µg/m³;2023-12-27T11:00:00+01:00;2023-12-27T12:00:00+01:00;33.6;24.1;20.8;36.6;26.8;57.25;32.33;63.41;64.94;52.41;49.08;41.51;45.51;55.2;44.73;50.87;32.47;29.79;35.12;40.66;21.83;33.02;35.38;29.1;34.16;24.36;28.19;27.18;22.5;24.24;25.01;23.47;29.84;21.44;29.1;29.97;25.72;25.25;31.38;35.41;44.57;49.92;25.9;25.8;26.5
O3;uur;µg/m³;2023-12-27T12:00:00+01:00;2023-12-27T13:00:00+01:00;43;26.2;37.3;37.3;35.5;60.94;52.21;62.59;63.09;55.2;46.05;52.5;48.29;56.2;44.8;52.19;39.57;37.49;45.88;45.64;23.93;39.74;39.17;32.85;29.24;23.83;34.21;34.38;29.04;30.01;31.92;31.71;40.42;22.91;34.82;31.73;26.13;23.43;;37.67;48.74;45.39;29.5;27.3;30.5
O3;uur;µg/m³;2023-12-27T13:00:00+01:00;2023-12-27T14:00:00+01:00;42.3;29;38.2;;33.5;61.09;59.13;65.19;66.31;54.03;46.36;51.69;48.36;55.29;46.31;51.8;39.33;42.87;44.76;46.82;35.53;42.33;41.37;32.96;30.41;32.04;42.57;40.09;37.49;35.15;29.15;39.87;42.12;24.35;37.36;41.38;26.45;24.12;;34.7;46.3;38.86;35.5;34.2;35.3
O3;uur;µg/m³;2023-12-27T14:00:00+01:00;2023-12-27T15:00:00+01:00;42.3;29.9;35.7;37;33.3;60.33;58.22;64.37;65.57;53.82;46.05;52.03;49.43;55.8;43.6;56.13;37.61;40.42;44.29;46.72;40.66;43.65;40.16;32.06;35.34;37.44;43.59;41.39;39.15;37.66;38.87;41.52;39.84;35.79;45.64;48.38;33.37;27.86;;31.27;38.68;33.67;42.6;40;42.1
O3;uur;µg/m³;2023-12-27T15:00:00+01:00;2023-12-27T16:00:00+01:00;46.7;32.6;35.4;44.6;38.8;56.79;58.88;61.17;61.66;54.29;49.79;51.43;53.4;56.63;48.39;63.14;40.41;42.49;50.52;50.11;38.72;47.57;44.72;35.2;36.86;38.33;49.46;41.46;40.23;38.67;41.75;43.08;44.46;41.08;50.91;48.74;40.46;36.38;;31.29;35.73;29.19;41.2;41.7;43.7
O3;uur;µg/m³;2023-12-27T16:00:00+01:00;2023-12-27T17:00:00+01:00;49;40.5;41;36.8;42.4;56.18;59.28;55.78;60.6;58.38;48.56;52.01;57.08;57.86;56.62;64.69;44.21;50.34;55.01;50.92;43.56;48.37;45.65;37.72;39.77;40.25;53.33;44.54;43.32;43.74;45.96;45.8;47.9;44.45;55.5;50.35;45.81;41.7;51.5;31.88;39.13;28.96;45.2;42.3;43.8
O3;uur;µg/m³;2023-12-27T17:00:00+01:00;2023-12-27T18:00:00+01:00;48.6;36.3;43.8;45.3;48.2;48.09;58.47;54.82;60.38;58.83;48.68;52.54;57.31;56.86;54.6;65.09;42.85;56.27;57.33;55.93;49.38;48.23;45.59;35.91;46.61;46.5;58.21;46.1;47.36;48.35;;50.48;50.21;48.23;55.08;52.99;51.1;47.06;54.91;40.3;47.58;36.43;47.2;47.1;48.5
O3;uur;µg/m³;2023-12-27T18:00:00+01:00;2023-12-27T19:00:00+01:00;52.2;35.2;52;52.8;52.9;58.12;57.89;59.04;61.09;60.55;55.95;55.78;58.15;60.04;55.6;61.46;47.78;53.22;54.96;56.27;51.04;50.61;48.36;45.57;49.07;46.1;58.88;47.56;47.7;46.62;45.03;50.9;50.93;47.09;57.59;55.01;54.93;49.44;58.28;51.41;52.77;49.32;51.1;49.6;50.1
O3;uur;µg/m³;2023-12-27T19:00:00+01:00;2023-12-27T20:00:00+01:00;52.2;39.2;53.4;50.9;46.3;60.84;58.83;63.59;63.61;61.05;55.59;57.93;57.98;60.44;52.37;58.39;50.35;58.61;56.15;55.9;55.47;49.73;50.92;48.21;49.95;50.87;58.17;50.21;50.25;49.15;41.07;52.39;53.45;49.57;58.83;52.45;53.02;51.08;60.31;48.33;57.4;54.82;53.8;51.3;51.6
O3;uur;µg/m³;2023-12-27T20:00:00+01:00;2023-12-27T21:00:00+01:00;51;43.4;53;48;40.1;63.05;61.42;66.84;64.61;59.8;52.22;57.62;57.36;60.53;53.93;58.32;49.11;56.83;57.94;56.58;53.23;48.87;42.9;48.46;51.94;52.8;60.05;49.66;50.79;51.47;47.5;53.56;53.43;52.65;58.34;54.88;54.83;56.13;59.3;49.42;61.03;57.74;54.6;52.5;50.7
O3;uur;µg/m³;2023-12-27T21:00:00+01:00;2023-12-27T22:00:00+01:00;52.3;44.3;51.4;48.8;46.2;64.13;62.77;65.87;64.46;59.81;47.56;58.23;59.05;61.49;53.29;56.82;50.69;50.29;56.44;55.92;52.61;51.26;39.1;46.98;52.3;52.39;60.02;51.96;49.62;50.97;47.39;52.87;51.98;52.78;59.04;57.91;55.28;57.82;57.77;57.14;62.63;58.96;55.3;56.1;55.3
O3;uur;µg/m³;2023-12-27T22:00:00+01:00;2023-12-27T23:00:00+01:00;50.8;42.9;40.1;40;46.1;61.13;63.32;62.89;64.57;59.64;50.96;55.89;58.79;59.9;51.43;55.18;52.05;40.22;55.56;51.46;54.57;53.33;45.8;46.96;55.21;53.29;58.78;51.84;50.79;52.67;53.33;52.98;51.92;51.97;58.88;60.25;55.86;56.5;55.85;60.17;62.94;58.82;56;56.5;54.1
O3;uur;µg/m³;2023-12-27T23:00:00+01:00;2023-12-28T00:00:00+01:00;46.8;43.1;30.6;;46.6;58.77;61.38;60.41;62.89;58.24;47.14;52.79;55.24;57.79;53.68;57.74;55.75;39.35;51.59;50.88;56.51;52.94;44.51;52.26;57.44;57.61;57.04;50.56;49.39;51.46;52.47;51.89;50.4;54.33;57.18;58.18;56.3;56.01;53.95;59.97;60.61;59.33;55.2;54.4;52.9
O3;uur;µg/m³;2023-12-28T00:00:00+01:00;2023-12-28T01:00:00+01:00;51.1;44.5;30.4;35;48.1;57.11;58.44;58.76;60.32;55.87;46.35;52.85;53;56.95;50.42;56.49;55;44.32;52.9;51.75;56.56;57.24;43.17;53.94;64.96;58.65;55.49;48.88;48.82;50.92;49.38;50.96;50.04;55.47;55.44;55.32;56.43;54.46;56.61;59.19;58.16;56.77;58.8;62.4;56.6
O3;uur;µg/m³;2023-12-28T01:00:00+01:00;2023-12-28T02:00:00+01:00;52.1;49.1;34.1;41.1;49.3;55.49;57.04;57.09;58.23;54.38;48.11;52.9;53.38;56.31;55.48;57.61;59.43;48.52;52.57;51.98;59.93;56.1;44.85;55.2;66.85;61.48;55.93;52.64;49.33;52.84;53.15;52.28;50.9;53.97;54.07;53.56;54.01;53.5;65.41;58.46;60.76;55.54;64.8;68.6;64.4
O3;uur;µg/m³;2023-12-28T02:00:00+01:00;2023-12-28T03:00:00+01:00;53.2;45;47.1;47.2;51.9;56.01;55.39;56.3;58.13;54.79;47.91;54.49;55.98;57.83;57.62;60;58.21;45.59;52.79;48.14;63.37;57.52;49.04;53.56;58.54;65.2;58.47;56.29;50.21;52.89;57.43;51.96;48.84;52.42;53.13;52.87;52.1;56.35;65.59;56.89;68.38;56.56;65.4;66.5;62.2
O3;uur;µg/m³;2023-12-28T03:00:00+01:00;2023-12-28T04:00:00+01:00;54.7;48.4;45;44.4;57.9;54.7;54;54.46;56.14;58.43;47.88;55.33;58.32;58.68;58.46;62.35;63.84;47.02;54.62;51.38;66.15;60.52;53.53;59.72;65.22;66.97;59.19;52.77;51.99;54.09;53.78;54.33;51.42;51.4;53.34;54.34;52.33;59.17;64.84;55.46;68.88;57.29;62.4;63.5;59.7
O3;uur;µg/m³;2023-12-28T04:00:00+01:00;2023-12-28T05:00:00+01:00;59.1;52.5;52.3;50.9;57.9;54.22;54.07;53.56;56.26;60.42;50.08;56.22;58.7;58.18;62.66;64.96;66.07;49.14;55.52;48.82;68.38;63.42;55.7;61.58;67.71;69.96;60.64;55.76;52.17;55.25;55.35;54.61;51.03;50.56;57.61;56;53.33;60.37;63.91;55.65;67.67;61.85;64.8;66.6;63
O3;uur;µg/m³;2023-12-28T05:00:00+01:00;2023-12-28T06:00:00+01:00;63.1;53.7;52.9;49.6;59.8;54.35;55.32;53.56;56.49;62.32;53.78;60.2;59.58;62.39;64.19;67.86;66.53;53.79;61.24;52.4;69;65.65;58.25;62.01;66.47;70.27;61.79;59.34;54.15;57.12;57.7;56.61;53.73;50.73;60.53;60.17;57.88;62.18;65.65;58.37;68.44;64.05;66.6;67.9;63.8
O3;uur;µg/m³;2023-12-28T06:00:00+01:00;2023-12-28T07:00:00+01:00;64.3;55.4;54.1;48.7;61.9;56.8;57.96;53.7;56.98;63.72;55.96;63.49;60.56;66.84;66.98;69.94;67.21;55.81;64.09;55.61;69.78;66.27;57.6;62.43;66.43;70.64;65.14;62.29;57.21;60.01;61.83;59.92;57.22;50.99;62.16;63.45;60.69;62.32;69.53;62.57;69.73;66.02;69.1;70.4;67.4
O3;uur;µg/m³;2023-12-28T07:00:00+01:00;2023-12-28T08:00:00+01:00;65.4;52.8;50.6;49;62.4;57.67;61.85;57;59.16;66.22;56.71;64.85;59.8;67.88;66.65;68.47;68.36;57.1;66.63;56.83;68.89;67;57.3;63.83;70.32;70.27;66.45;64.27;58.35;60.3;62.29;62.08;61.1;52.47;64.72;65.23;63.13;64.73;72.18;65.8;70.21;65.41;69.9;70.4;66.2
O3;uur;µg/m³;2023-12-28T08:00:00+01:00;2023-12-28T09:00:00+01:00;63.7;;51;53.7;56.7;60.68;68.53;56.27;59.9;66.9;58.5;63.72;61.18;66.57;65.36;68.29;65.73;49.54;62.15;55.3;69.36;65.73;56.39;60.58;72.75;69.41;68.44;63.76;57.79;59.44;63.05;60.77;57.99;54.99;64.14;65.04;64.43;65.86;72.08;68.87;74.34;67.61;;70.7;64.8
O3;uur;µg/m³;2023-12-28T09:00:00+01:00;2023-12-28T10:00:00+01:00;62.2;;50.1;50.5;59.2;62.53;64.82;56.01;60.35;65.67;58.92;63.7;64.77;67.65;65.89;68.69;63.66;50.13;62.92;57.04;67.88;64.77;54.93;58.37;68.85;68.38;66.9;60.27;56.04;58.66;58.52;59.84;57.12;57.06;63.8;65.56;63.26;65.96;71.33;68.65;76.72;69.69;70.3;61.1;65.4
O3;uur;µg/m³;2023-12-28T10:00:00+01:00;2023-12-28T11:00:00+01:00;62.9;50.8;49.6;50;59.6;64.2;64.34;59.83;61.23;66.64;60.11;64.33;64.49;67.03;66.42;68.63;62.81;53.44;63.98;58.79;67.84;63.34;55.69;59.11;63.65;67.28;66.25;60.34;56.18;59.31;58.45;59.92;58.57;60.16;64.82;64.98;63.69;64.63;70.4;68.19;75.56;69.25;67.8;59;64.3
O3;uur;µg/m³;2023-12-28T11:00:00+01:00;2023-12-28T12:00:00+01:00;62.8;51.8;49.8;53;60.4;62.56;64.54;62.95;65.09;68.35;62.56;59.35;66.26;64.22;65.39;68.53;64.14;52.21;63.53;57.82;67.33;66.05;55.68;59.93;66.06;67.39;66.94;61.08;56.73;59.74;58.19;60.78;59.21;60.19;65.59;66.43;64.45;64.39;69.89;68.41;72.46;68.43;69.3;60.4;66
O3;uur;µg/m³;2023-12-28T12:00:00+01:00;2023-12-28T13:00:00+01:00;61;52.2;50.7;48;60.7;64.76;67.43;62.15;66.2;68.97;61.68;64.16;68.2;;65.47;68.93;64.71;54.12;64.91;61.61;67.75;64.63;54.79;58.23;69.28;67.58;67.08;59.76;57.12;59.34;56.94;61.36;60.03;63.13;67.48;67.48;64.01;64.85;69.51;67.66;71.4;67.67;70.2;61.4;67
O3;uur;µg/m³;2023-12-28T13:00:00+01:00;2023-12-28T14:00:00+01:00;60.1;50.2;46;54.8;57.7;64.34;67.67;63.32;65.41;68.28;61.19;63.7;66.9;;65.76;70.66;65.49;54.81;66.32;63.99;68.71;66;54.99;58.72;68.51;68.25;67.68;61.67;58.9;59.83;59.54;62.87;61.95;61.46;66.37;66.81;65.07;65.77;70.16;67.95;73.02;68.18;68.3;61.2;65
O3;uur;µg/m³;2023-12-28T14:00:00+01:00;2023-12-28T15:00:00+01:00;61.2;51.9;44.8;52;57.2;63.67;68.21;62.76;64.69;67.04;60.84;61.9;64.29;;65.24;71.96;63.44;53.66;67.66;60.66;69.2;64.72;46.74;57.92;68.92;68.75;68.71;61.12;58.43;60.01;59.26;63.02;61.59;62.55;66.92;66.16;64.28;65.44;70.11;68.97;73.36;67.35;70.7;63.1;67.3
O3;uur;µg/m³;2023-12-28T15:00:00+01:00;2023-12-28T16:00:00+01:00;60.8;47.6;41.3;47.5;55.1;63.66;65.16;63.84;64.89;67.66;59.57;;63.23;67.29;68.53;69.85;62.88;53.56;67.79;61.4;67.41;63.35;51.88;52.66;67.13;67.27;68.04;59.24;57.54;57.69;58.23;62.02;62.21;61.07;64.76;64.12;64.38;66.52;71.25;68.58;69.98;67.18;68.2;64.8;65.5
O3;uur;µg/m³;2023-12-28T16:00:00+01:00;2023-12-28T17:00:00+01:00;65.1;50.9;49.6;54.2;58.2;61.98;65.2;61.84;61.36;67.11;61.12;;62.88;67.64;67.76;68.89;65.61;50.08;66.66;61.49;68.87;66.73;57.04;57.77;66.81;66.87;65.08;62.25;57.11;56.62;59.33;60.82;62.72;60.99;61.16;64.1;64.62;64.69;68.09;69.43;70.11;65.54;63.5;63;63.5
O3;uur;µg/m³;2023-12-28T17:00:00+01:00;2023-12-28T18:00:00+01:00;65.1;51.1;54.2;55.1;61.6;61.61;66.5;61.82;61.43;66.69;59.87;;62.84;67.7;66.95;68.78;67.16;52.19;65.18;56.5;70.15;69.58;61.81;59.27;69.06;69.83;65.87;;56.64;57.33;61.12;60.6;57.68;60.04;63.19;65.8;64.11;62.79;63.41;68.01;68.96;68.17;68.7;67.6;66.8
O3;uur;µg/m³;2023-12-28T18:00:00+01:00;2023-12-28T19:00:00+01:00;64.4;53;55.3;57.8;63.1;61.42;66.72;60.24;60.37;66.97;60.69;61.11;64.88;66.61;67.76;69;67.74;55.58;66.39;62.11;69.88;68.75;58.92;59.83;69.95;69.33;65.45;62.22;57.11;58.03;61.6;60.7;59.99;60.42;64.33;64.86;64.94;65.72;66.42;67.36;69.84;66.82;69.6;69;68.2
O3;uur;µg/m³;2023-12-28T19:00:00+01:00;2023-12-28T20:00:00+01:00;62.6;53.2;55.7;57.2;59.7;60.11;64.85;57.91;59.15;68.66;61.25;62.09;66.23;65.62;63;66.57;65.98;56.54;62.31;62.18;70.24;67.1;55.86;57.05;69.22;70.1;66.64;62.77;58.6;59.92;61.38;61.56;60.27;61.03;65.55;65.68;65.54;64.85;66.6;69.62;70.8;67.99;68.9;67.1;64.7
O3;uur;µg/m³;2023-12-28T20:00:00+01:00;2023-12-28T21:00:00+01:00;58.9;49.3;50.5;56.4;60.4;59.89;60.48;57.18;57.66;68.25;61.4;58.66;66.75;61.57;61.98;65.14;65.59;52.5;64.32;61.99;69.96;64.85;56.32;58.11;69.97;69.5;66.26;60.92;59.9;61.81;61;63.24;61.49;61.46;66.32;66.3;65.49;65.63;65.9;70.27;71.11;68.38;67.8;68.2;65.3
O3;uur;µg/m³;2023-12-28T21:00:00+01:00;2023-12-28T22:00:00+01:00;59.7;48.6;50.7;57.9;61.1;61.14;59.85;58.72;59.64;65.11;61.35;57.08;66.08;60.56;63.54;67.48;64.08;53.31;63.26;61.56;67.33;64.15;55.45;57.12;65.78;68.22;68.53;60.35;60.62;63.52;61.99;64;61.79;58.34;67.32;63.37;66.42;65.92;64.85;70.03;70.5;68.2;65.3;66;64.1
O3;uur;µg/m³;2023-12-28T22:00:00+01:00;2023-12-28T23:00:00+01:00;62.4;52.4;50.4;59.8;57.6;61.87;61.26;61.52;63.04;65.85;62.52;58.99;65.91;61.8;64.22;70.14;63.1;57;65.5;61.03;62.93;65.27;57.26;59.31;66.09;63.08;67.95;62.28;61.2;64.64;62.68;64.8;62.04;57.05;66.58;61.18;66.2;67;63.79;70.1;68.52;66;63.5;63.6;61.8
O3;uur;µg/m³;2023-12-28T23:00:00+01:00;2023-12-29T00:00:00+01:00;64.5;56.7;51.1;53.4;58.6;62.47;62.82;63.61;64.97;67.09;63.05;61.28;68.29;63.3;64.7;69.28;62.37;62.19;68.15;62.88;65.44;64.07;52.84;59.23;63.44;66.47;68.34;61.25;61.03;64.05;62.83;63.88;63.6;57.95;66.14;62.5;63.76;65.93;61.43;69.8;67.43;65.91;66.7;64.7;63.8
O3;uur;µg/m³;2023-12-29T00:00:00+01:00;2023-12-29T01:00:00+01:00;63.8;58.1;45.6;59.6;60.7;63.46;65.32;65.5;66.98;66.72;60.57;62.59;69.01;64.39;62.06;68.05;65.9;64.11;66.29;65.47;66.99;64.99;56.69;61.83;71.31;67.31;67.27;62.85;61.51;65.42;63.34;65.06;63.46;59.02;66.37;65.48;62.12;65.91;67.35;67.68;66.63;66.18;65.7;66.3;63.9
O3;uur;µg/m³;2023-12-29T01:00:00+01:00;2023-12-29T02:00:00+01:00;62.6;56.5;45.9;60;60.2;64.12;66.02;65.41;68.19;66.89;59.96;63.53;69.06;64.64;62.38;66.8;65.48;61.36;65.53;63.75;67.83;64.61;56.17;62.23;73.22;69.11;67.44;63.61;62;65.49;65.42;65.05;62.35;61.11;67.4;66.4;61.56;64.11;67.89;66.83;71.82;67.62;66.9;71.8;66.2
O3;uur;µg/m³;2023-12-29T02:00:00+01:00;2023-12-29T03:00:00+01:00;63.1;57.1;48.8;59.3;61.8;64.79;65.07;64.04;68.01;65.8;58.36;62.83;67.7;65.67;62.67;67.14;67.09;61.3;65.38;64.1;67.84;65.18;57;63.38;72.96;68.79;68.13;63.11;61.31;64.46;65.03;63.86;61.7;61.9;67.14;64.42;62.94;65.06;71.24;66.16;72.23;67.73;66;72.6;66.1
O3;uur;µg/m³;2023-12-29T03:00:00+01:00;2023-12-29T04:00:00+01:00;61.5;58.1;51;61.8;52.2;64.67;63.22;64.93;68.86;67.11;62.79;65.62;67.93;68.33;65.82;67.79;64.23;64.04;63.97;64.51;68.94;65.83;53.75;62.95;72.6;68.96;68.01;62.09;61.62;64.81;64.59;64.21;61.68;60.49;67.16;63.01;63.02;65.21;69.94;67.25;74.75;75.11;67.2;76;69.7
O3;uur;µg/m³;2023-12-29T04:00:00+01:00;2023-12-29T05:00:00+01:00;63.6;52.2;55.4;65.2;49.6;66.21;65.98;65.54;69.67;69.97;61.04;67.28;69.16;69.34;67.77;68.15;65.43;66.29;64.44;65.22;71.35;63.39;60.99;63.97;73.28;71.27;67.83;62.84;60.14;64.77;63.35;62.83;61.97;59.94;64.57;64.6;65.21;65.05;69.88;69.99;77.45;73.12;70.7;77.3;72.2
O3;uur;µg/m³;2023-12-29T05:00:00+01:00;2023-12-29T06:00:00+01:00;65;52.8;52.6;66.6;48.8;67.1;68.47;66.51;68.27;70.18;58.54;67.69;68.36;69.26;67.51;67.89;65.81;68.58;65.02;63.62;66.58;65.71;63.52;56.71;71.51;67.29;67.39;64.75;60.19;64.33;65.05;63;59.43;59.3;65.15;66.51;64.98;66.49;69.2;69.89;77.1;73.41;71;76.5;71.1
O3;uur;µg/m³;2023-12-29T06:00:00+01:00;2023-12-29T07:00:00+01:00;63.6;56;46.6;61.4;54.2;65.64;68.38;65.08;67.31;68.6;58.01;66.91;65.8;68.11;62.71;65.21;61.34;61.41;61.52;60.91;66.75;64.25;52.69;55.48;67.78;66.64;66.12;61.84;56.92;60.57;63.18;60.21;57.87;62.85;65.74;66.99;63.51;64.98;67.49;69.71;75.15;71.5;67.3;73.7;68.1
O3;uur;µg/m³;2023-12-29T07:00:00+01:00;2023-12-29T08:00:00+01:00;62.2;52.5;39.9;59.3;52.6;65.52;67.85;64.03;67.61;66.18;56.79;64.33;64.8;66.62;66.8;66.16;62.03;52.98;62.08;58.72;64.7;61.22;47.01;54.75;62.15;65.92;64.86;60.99;56.8;58.72;60.69;60.69;57.82;63.34;66.39;65.91;63.81;62.45;66.52;68.31;72.54;69;64.3;71.6;61.7
O3;uur;µg/m³;2023-12-29T08:00:00+01:00;2023-12-29T09:00:00+01:00;60.7;49.8;37.8;58.4;56.9;64.48;66.12;64.09;65.96;65.38;58.99;63.66;65.1;67;63.18;65.91;61.58;53.82;61.76;59.6;64.46;64.37;38.9;56.56;63.31;63.66;64.58;59.37;54.04;56.59;59.02;58.22;57.23;63.05;63.74;61.12;63.37;61.1;64.56;65.79;71.05;67.26;58.3;67.1;58.2
O3;uur;µg/m³;2023-12-29T09:00:00+01:00;2023-12-29T10:00:00+01:00;57.6;50;36.2;54.6;57.2;62.27;66.17;60.07;64.04;65.85;61.31;64.33;63.48;66.31;66.22;70.85;62.26;55.85;62.66;60.97;66.71;62.18;37.04;54.7;65.21;66.41;63.42;58.38;54.48;58.07;57.38;58.37;57.33;56.91;59.72;61.55;61.49;60.91;64.78;65.36;72.3;67.71;63;70.5;63.3
O3;uur;µg/m³;2023-12-29T10:00:00+01:00;2023-12-29T11:00:00+01:00;63.1;52.5;50.3;58.1;57.3;61.19;66.63;63.36;64.64;65.62;65.2;63.72;64.58;65.23;70.98;72.57;59.88;57.05;65.42;63.01;66.29;63.27;49.3;55.6;67.71;64.65;64.23;59.26;56.47;60.22;58.01;60.65;57.52;56.64;62.13;63.46;57.55;61.44;65.44;67.27;71.73;66.94;61.1;69.6;60.8
O3;uur;µg/m³;2023-12-29T11:00:00+01:00;2023-12-29T12:00:00+01:00;64.6;50.9;54.2;67.6;50.7;60.53;65.85;62.88;65.95;68.68;65.65;64.35;66.36;65.93;69.25;71.25;65.52;65.67;67.81;64.7;65.22;61.18;60.18;55.61;68.04;63.29;63.85;63.24;58.33;61.57;61.21;62.12;61.37;60.89;65.73;62.74;58.98;66.02;66.02;66.7;72.31;67.49;64.3;68.6;65.6
O3;uur;µg/m³;2023-12-29T12:00:00+01:00;2023-12-29T13:00:00+01:00;63.1;43.9;52.3;63.8;49.7;61.64;66.44;59.94;66.02;67.77;63.54;61.41;67.86;65.25;68.64;66.94;62.5;65.32;67.33;65.49;65.68;58.89;55.67;48.61;68.84;62.34;66.15;63.83;60.14;62.8;61.31;;62.72;62.56;66.63;62.62;63.89;63.93;67.31;68.82;73.68;68.72;64.9;68.2;64
O3;uur;µg/m³;2023-12-29T13:00:00+01:00;2023-12-29T14:00:00+01:00;61.2;44.1;51;63.5;43.7;58.61;68.71;59.15;63.63;63.29;60.81;51.66;62.95;62.14;68.95;69.76;62.46;63.92;67.54;62.52;64.4;59;54.6;48.85;67.62;59.14;66.76;62.14;58.42;60.4;61.68;;61.67;60.82;65.44;61.02;62.7;62.58;65.66;67.36;73.35;70.39;62.4;65.2;62.4
O3;uur;µg/m³;2023-12-29T14:00:00+01:00;2023-12-29T15:00:00+01:00;63;47;45.5;64.1;42.4;59.17;67.19;56.22;60.78;60.67;63.7;57.54;60.04;64.87;68.33;70.87;62.14;63.85;68.02;62.84;60.11;54.94;60.35;48.3;67.14;59.42;65.82;58.42;52.85;55.83;57.59;;61.31;57.95;64.36;60.33;61.11;61.04;64.72;66.75;71.87;67.43;60.1;63.9;62.1
O3;uur;µg/m³;2023-12-29T15:00:00+01:00;2023-12-29T16:00:00+01:00;62.2;48.8;56.5;64.9;45.2;63.14;67.85;57.07;60.85;69.05;65.26;63.87;63.77;65.62;72.34;67.88;59.66;60.92;66.03;60.53;61.5;52.7;60.21;44;62.31;60.38;66.26;57.57;54.29;50.61;55.72;;65.05;54.86;62.51;59.36;59.29;58.96;63.5;64.45;70.09;65.99;61;64.8;58.9
O3;uur;µg/m³;2023-12-29T16:00:00+01:00;2023-12-29T17:00:00+01:00;64.4;54.5;55.2;57;61.1;58.8;65.03;58.22;60.49;67.57;63.21;60.91;62.43;63.71;68.07;71.45;59.83;63.89;68.35;62.49;71.86;62.24;56.19;49.92;65.17;60.78;69.7;60.14;56.27;55.94;52.62;63.18;57.62;57.57;62.11;58.49;56.44;69.47;61.15;62.89;69.48;66;69.5;65.7;60.6
O3;uur;µg/m³;2023-12-29T17:00:00+01:00;2023-12-29T18:00:00+01:00;68.5;53.5;59.9;50.5;28.5;58.92;65.19;57.93;61.61;65.85;65.61;59.49;64.75;63.35;70.67;75.39;63.85;68.15;70.27;58.51;71.33;64.44;62.91;56.81;72.28;59.08;71.2;63.21;53.76;55.86;59;62.33;62.93;65.57;64.46;62.24;59.77;65.83;71.69;64.84;69.02;63.67;60.8;60.2;61.8
O3;uur;µg/m³;2023-12-29T18:00:00+01:00;2023-12-29T19:00:00+01:00;49.6;38.9;42.8;34.6;38.6;59.79;65.97;61.9;62.37;69.66;72.06;62.26;71;65.69;68.94;73.63;60.14;51.26;69.1;64.53;62.95;54.66;46.52;44.84;64.44;51.41;68.47;54.97;47.61;55.4;46.56;60.5;56.16;61.67;64.3;62.06;63.67;67.54;70.31;70.8;70.78;70.49;55.1;47;41.6
O3;uur;µg/m³;2023-12-29T19:00:00+01:00;2023-12-29T20:00:00+01:00;58.1;42.1;56.8;54.7;55.3;62.19;72.71;63.59;65.43;73.74;66.9;71.19;68.45;70.55;65.97;71.1;63.14;44.29;65.49;57.75;68.5;54.49;60.3;54.02;65.16;57.07;64.29;49.09;39.43;41.4;44.54;52.18;54.7;64.02;58.8;63.88;61.11;65.6;66.75;70.04;70.89;72.21;48.9;41;40.4
O3;uur;µg/m³;2023-12-29T20:00:00+01:00;2023-12-29T21:00:00+01:00;61.3;45.3;53.2;50.1;47.4;65.55;73.89;66.67;67.85;66.54;64.49;65.48;66.4;69.72;61.36;68.92;68.34;55.64;65.5;61.68;67.27;64.39;57.1;62.32;63.28;61.75;62.89;55.85;46.68;51.1;51.72;55.18;56.24;54.7;54.27;61.86;59.01;64.59;64.79;68.12;70.44;71.02;48.8;48.8;48.5
O3;uur;µg/m³;2023-12-29T21:00:00+01:00;2023-12-29T22:00:00+01:00;57.2;43.7;45.1;55.4;57.8;66.43;65.45;66.41;68.96;62.54;62.67;65.18;63.86;69.01;62.43;68.52;65.04;57.51;62.83;57.62;70.4;64.97;55.17;62.25;72.35;66.73;57.65;66.06;61.31;64.92;66.28;68.24;61.44;47.22;57.68;59.36;55.9;64.01;62.04;67.88;70.2;69.31;59.2;66.9;64.4
O3;uur;µg/m³;2023-12-29T22:00:00+01:00;2023-12-29T23:00:00+01:00;63.2;51;61.3;54.8;57.8;67.22;65.44;70.71;70.56;61.24;63.36;64.09;64.28;67.25;65.04;67.06;65.81;61.19;67.78;66.03;69.35;64.93;61.48;61.63;71.08;66.84;67.79;59.92;59.97;63.01;60.64;67.23;58.5;60;68.31;60.35;61.77;61.79;68.18;64.62;67.13;65.99;69.8;71.7;65.5
O3;uur;µg/m³;2023-12-29T23:00:00+01:00;2023-12-30T00:00:00+01:00;63.3;53.8;62.1;55.8;58.3;67.76;62.9;68.98;69.51;61.28;57.54;63.12;64.81;65.96;65.95;66.08;65.63;57.79;65.54;61.39;69.53;66.2;61.25;61.72;67.86;66.98;67.85;64.03;52.39;56.47;63.21;60.06;56.25;67.4;61.69;64.5;65.53;66.66;65.77;61.68;73.83;68.01;72;72.8;66.5
O3;uur;µg/m³;2023-12-30T00:00:00+01:00;2023-12-30T01:00:00+01:00;62.5;55.2;62.5;55.2;55.3;66.3;64.67;68.71;66.94;60.45;58.52;62.63;60.1;66.28;66.95;63.04;66.71;60.81;66.41;63.53;67.87;65.83;60.04;62.85;67.96;65.59;67.29;63.11;56.03;59.11;63.04;64.64;58.24;62.31;56.63;68.56;60.61;65.48;64.69;63.73;72.73;66.52;70.4;71.5;65.9
O3;uur;µg/m³;2023-12-30T01:00:00+01:00;2023-12-30T02:00:00+01:00;60.8;57.3;62.7;55.1;45.8;66.76;64.8;67.97;69.28;58.35;56.45;62.64;56.16;65.45;69.07;60.17;66.43;62.06;66.18;57.66;68.59;66.6;62.8;62.91;67.63;65.91;67.48;63.54;57.91;59.64;62.67;65.01;56.12;58.3;54.67;64.52;57.23;64.18;64.51;66.83;69.42;64.72;68.6;70;64.5
O3;uur;µg/m³;2023-12-30T02:00:00+01:00;2023-12-30T03:00:00+01:00;63;58.5;65.3;57;45;;;;;;;;;;;;;;;;;;;;;;;;;;;;;;;;;;;;;;69;70.1;64.8
O3;uur;µg/m³;2023-12-30T03:00:00+01:00;2023-12-30T04:00:00+01:00;61.8;58.4;65.9;55.1;44;64.9;57.32;67.01;68.28;56.42;54.37;61.22;56.89;64.36;65.03;55.51;62.98;44.78;64.82;63.49;67.34;64.06;67.39;62.14;65.32;65.91;63.81;60.11;51.29;54.66;62.12;58.56;55.1;50.55;55.47;55.66;55.93;58.94;62.15;64.58;66.93;62.6;69;70.5;64
O3;uur;µg/m³;2023-12-30T04:00:00+01:00;2023-12-30T05:00:00+01:00;60.9;55.4;63.4;53.4;57.2;64.93;62.38;66.1;65.09;57.94;57.4;62.42;55.81;;65.64;57.69;65.33;34.96;63.71;56.45;67.28;55.56;64.13;61.48;65.57;65.27;62.7;58.98;49.45;54.1;57.35;58.39;51.13;46.74;54.81;55.24;55.04;58.79;61.63;62.65;65.45;62.68;67.7;69.1;63.6
O3;uur;µg/m³;2023-12-30T05:00:00+01:00;2023-12-30T06:00:00+01:00;59.5;58.1;64.2;53.9;48.7;64.64;60.36;66.79;65.79;57.9;56.33;62.24;55.44;63.67;64.49;55.56;63.91;42.75;63.09;50.97;67.09;64.89;64.68;62.35;64.05;64.56;60.68;53.54;47.88;52.31;55.67;58.72;51.62;48.04;54.15;50.95;52.67;58.97;61.06;59.41;64.62;60.14;68.1;69.7;63.5
O3;uur;µg/m³;2023-12-30T06:00:00+01:00;2023-12-30T07:00:00+01:00;57.6;54.5;62.2;49.3;44.5;64.6;58.03;66.19;67.07;58.27;49.88;60.95;57.03;62.61;63.4;56.18;64.25;33.75;56.25;51.59;66.44;59.13;63.24;58.31;63.62;64.08;58.12;55;45.79;47.17;52.79;54.96;45.53;46.3;51.97;49.22;50.27;58.69;60.51;56.33;64.93;60.08;66.8;67.3;62
O3;uur;µg/m³;2023-12-30T07:00:00+01:00;2023-12-30T08:00:00+01:00;56.5;38.8;44.3;54.1;41.5;62.11;57.31;64.39;66.04;57.04;49.9;59.51;48.85;61.58;47.6;56.43;62.12;39.82;53.61;50.13;64.97;56.29;53.25;57.13;63.01;63.36;55.31;52.84;41.9;42.98;50.16;52.77;45.58;45.83;50.73;49.59;50.5;57.82;59.08;56.7;64.7;58.79;63.2;65.6;61.7
O3;uur;µg/m³;2023-12-30T08:00:00+01:00;2023-12-30T09:00:00+01:00;47.8;30.5;17.7;36.5;24.7;59.73;58.81;61.26;59.51;54.68;47.08;58.2;47.33;57.85;45.65;56.56;55.76;30.24;51.5;43.28;64.69;37.91;34.17;49.72;59.38;61.03;52.39;38.12;42.97;42.14;38.23;54.01;45.33;44.78;49.19;49.54;49.05;56.44;57.08;53.11;63.2;56.85;59.3;63.5;58.2
O3;uur;µg/m³;2023-12-30T09:00:00+01:00;2023-12-30T10:00:00+01:00;45.1;28.4;14.4;34.4;41.7;57.24;56.97;57.66;59.84;54.26;44.23;51.73;43.63;53.9;50.31;50.91;52.29;19.1;50.4;48.04;64.89;36.44;27.6;30.75;58.43;58.39;49.89;38.67;41.96;38.24;34.98;50.07;37.94;47.88;46.29;49.02;43.17;50.3;55.74;50.24;63.36;57.45;54;53.3;51
O3;uur;µg/m³;2023-12-30T10:00:00+01:00;2023-12-30T11:00:00+01:00;46.5;35.1;27.5;37.1;43.9;54.53;53.41;53.9;57.19;53.92;45.91;49.16;42.73;52.21;51.8;50.34;40.6;22.14;48.15;49.39;64.2;39.4;33.88;31.48;57.32;58.64;46.37;39;37.4;35.39;36.65;46.09;41.16;45.4;47.57;49.35;43.52;45.59;48.82;50.73;61.58;57.75;38;43;25.8
O3;uur;µg/m³;2023-12-30T11:00:00+01:00;2023-12-30T12:00:00+01:00;47.4;34.5;29.2;35.6;41.8;55.92;55.36;60.19;61.38;51.46;48.67;48.89;45.61;52.02;48.83;52.09;45.24;34.69;50.36;43.46;53.01;44.88;37.66;39.12;56.65;53.94;45.59;41.63;39.39;38.92;40.71;48.29;45.03;41.75;46.75;49.94;45.68;44.4;52.16;51.69;62.87;58.64;37.1;32.1;32.8
O3;uur;µg/m³;2023-12-30T12:00:00+01:00;2023-12-30T13:00:00+01:00;45;34.6;41.8;43.3;46.1;58.8;56.04;61.97;63.67;54.96;47.79;52.73;50.04;56.78;52.85;58.46;48.69;41.69;50.71;45.43;48.07;48;41.69;37.43;59.09;45.24;47.68;43.56;40.51;37.56;39.77;47.32;41.3;43.57;48.38;48.5;45.79;43.73;46.98;51.8;60.55;58.04;43.4;29.7;39.6
O3;uur;µg/m³;2023-12-30T13:00:00+01:00;2023-12-30T14:00:00+01:00;45.6;38.9;46.3;46.8;45.7;63.99;62.73;66.24;66.83;62.56;52.13;59.29;57.23;62.1;54.98;59.89;48.1;49.88;54.2;52.2;46.08;48.67;44.62;40.46;50.01;40.8;46.24;43.03;36.94;36.71;38.09;44.62;43.79;46.38;50.02;51.57;46.26;43.91;42.57;50.63;56.6;52.9;42.4;39.7;43.2
O3;uur;µg/m³;2023-12-30T14:00:00+01:00;2023-12-30T15:00:00+01:00;50.7;35.7;49.9;46.4;43.6;65.93;65.68;66.18;66.18;63.23;52.37;60.34;60.62;64.97;55.26;59.64;47.19;54.49;56.39;53.31;49.81;47.01;53.38;41.32;44.15;46.02;44.98;44.37;40.82;40.86;37.27;50.63;48.77;46.59;51.04;58.3;46.87;42.85;40.41;49.33;54.7;50.8;45.5;41.2;44.7
O3;uur;µg/m³;2023-12-30T15:00:00+01:00;2023-12-30T16:00:00+01:00;51.6;31.2;50.6;45.4;35.1;63.55;64.99;63.61;63.26;64.04;56.2;60.87;60.61;63.34;55.66;59.08;46.84;56.64;56.28;55.69;49.88;51.02;51.74;38.93;37.87;41.91;46.93;42.95;45.61;43.5;35.58;56.21;48.56;51.93;54.33;58.38;46.05;39.49;45.12;48.74;47.96;46.7;44.6;44.6;47.4
O3;uur;µg/m³;2023-12-30T16:00:00+01:00;2023-12-30T17:00:00+01:00;47.4;27.9;48.2;47.9;37.6;59.49;62.15;63.76;63.04;62.43;58.66;59.03;57.6;61.45;53.71;61.25;44.83;56.51;53.4;56.57;48.85;50.29;52.35;39.44;39.6;45.63;49.96;44.77;43.82;37.68;33.02;51.53;48.56;55.64;57.27;53.72;47.16;40.44;43.73;48.39;43.44;42.73;47.1;41.6;45.2
O3;uur;µg/m³;2023-12-30T17:00:00+01:00;2023-12-30T18:00:00+01:00;51.3;33.6;47.3;45.3;38;59.84;60.85;65.26;65.43;63.64;58.11;59.92;57.72;62.18;54.4;62.24;41.58;54.64;55.85;57.19;47.96;53.01;52.96;40.37;40.48;45.66;52.9;48.13;45.67;41.75;35.51;52.22;48.7;54.16;56.92;52.28;53.04;44.19;44.83;47.14;47.24;42.06;48.1;42.2;46.6
O3;uur;µg/m³;2023-12-30T18:00:00+01:00;2023-12-30T19:00:00+01:00;57.2;40.7;57.2;37;30.9;63.33;63.62;66.38;66.74;61.51;55.46;60.25;59.56;62.35;55.15;60.3;41.79;54.38;58.19;60.11;50.63;54.76;57.05;43.98;41.24;46.25;56.47;52.12;50.34;47.69;48.16;57.62;51.81;53.38;57.71;54.31;54.6;51.3;52.17;53.26;50.86;47.12;50.5;46.7;50.9
O3;uur;µg/m³;2023-12-30T19:00:00+01:00;2023-12-30T20:00:00+01:00;55.5;44.3;53.3;48;43;63.03;59.9;63.15;64.4;59.17;47.12;58.69;60.24;61.22;55.44;56.67;48.02;55.73;55.47;58.74;55.56;54.41;55.61;46.25;45.9;49.75;58.89;52.71;52.26;52.43;50.04;59.62;52.04;51.05;59.6;55.52;54.14;54.01;52.54;57.84;54.59;50.67;53.4;49.8;53.6
O3;uur;µg/m³;2023-12-30T20:00:00+01:00;2023-12-30T21:00:00+01:00;51.2;42.6;41;50.5;36.2;59.94;60.64;60.5;63.4;58.99;49.53;55.45;59.04;59.03;53.23;56.7;43.69;54.93;55.44;56.88;52;50.07;49.85;44.21;50.89;46.78;59.4;52.25;51.59;52.73;53.76;58.67;52.71;49.62;59.79;55.1;52.58;52.11;55.92;58.07;57.38;54.28;54.5;50;53.8
O3;uur;µg/m³;2023-12-30T21:00:00+01:00;2023-12-30T22:00:00+01:00;49.2;41.8;43.9;50.1;38.6;59.82;58.65;60.81;62.38;50.39;45.66;55;56.8;56.95;53.97;59.92;44.82;53.73;52.94;54.73;50.23;49.38;49.93;46.24;51.15;50.55;58.56;51.54;50.95;52.52;53.15;57.64;50.7;49.54;58.89;54.15;49.2;48.56;58.47;56.43;57.51;54.24;56.2;52.4;54.2
O3;uur;µg/m³;2023-12-30T22:00:00+01:00;2023-12-30T23:00:00+01:00;53;42.6;43.3;49.1;39.7;59.92;55.8;62.78;62.08;54.74;50.99;53.5;56.1;55.2;52.35;60.42;47.37;53.31;54.69;55.39;50.64;51.97;53.04;47.75;51.61;50.6;57.96;51.49;49.88;51.87;51.41;57.04;50.04;49.23;56.47;53.25;50.33;50.26;57.66;54.29;57.09;54.83;56.1;52.6;52.8
O3;uur;µg/m³;2023-12-30T23:00:00+01:00;2023-12-31T00:00:00+01:00;51.3;43.8;45.8;48.3;43.6;59.56;59.58;64.96;63.58;56.33;54.88;56.05;56.09;59.23;55.88;65.71;46.76;54.64;53.99;54.77;51.3;51.65;40.64;48.92;53.53;50.67;57.21;51.09;50.27;53.19;52.05;57.61;50.99;50.04;55.02;52.12;52.36;52.53;57.29;54.5;57.39;54.07;53.7;52.2;52
O3;uur;µg/m³;2023-12-31T00:00:00+01:00;2023-12-31T01:00:00+01:00;56.9;47.3;53;54.2;46;60.19;66.28;66.25;65.11;61.94;55.42;62.86;60.54;63.87;59.06;66.08;51.46;59;56.96;57.16;53.96;54.98;54.14;51.05;53.94;51.94;57.38;52.24;50.47;53.48;51.98;57.92;51.72;52.31;53.34;55.78;50.55;52.43;57.08;52.93;57.98;54.82;55.3;53.4;53.3
O3;uur;µg/m³;2023-12-31T01:00:00+01:00;2023-12-31T02:00:00+01:00;61.3;50.6;56.3;61.3;47.1;61.56;65.14;65.46;66.76;64.77;59.31;64.87;66.21;66.43;62.47;67.72;59.19;63.08;61;62.75;55.14;61.83;56.56;59.41;55.05;55.41;58.51;55.96;53.71;56.54;58.7;60.64;56.51;49.06;57.17;63.49;51.02;52.68;56.92;49.23;57.47;56.53;58.7;57.2;55.3
O3;uur;µg/m³;2023-12-31T02:00:00+01:00;2023-12-31T03:00:00+01:00;61.9;54.7;59.2;56.6;48.8;64.85;62.31;68.21;69.43;64.28;59.05;64.37;66;64.88;61;66.74;59.56;66.05;63;64.56;59.12;61.06;55.02;58.28;59.49;59.04;62.61;59.87;56.89;58.96;62.11;63.62;56.22;41.83;64.23;61.24;52.41;53.83;58.23;49.3;57.69;54.85;63.7;62.2;59.9
O3;uur;µg/m³;2023-12-31T03:00:00+01:00;2023-12-31T04:00:00+01:00;61;55.2;61.1;58.1;45.2;64.31;60.93;64.28;66.65;63.77;56.63;63.67;65.14;64.07;58.56;60.19;57.66;64.68;62.67;63.23;60.79;61.24;50.99;55.85;62.09;61.95;66;58.84;58.72;61.03;61.19;65.65;58.33;41.89;63.3;56.44;46.83;54.83;59.96;53;58.64;53.12;66.4;64.5;61.7
O3;uur;µg/m³;2023-12-31T04:00:00+01:00;2023-12-31T05:00:00+01:00;58.2;52.6;60.7;52.5;49.9;58.56;62.86;60.54;62.75;60.88;55.2;61.7;62.42;62.97;56.75;49.87;55.18;61.26;59.61;61.39;61.23;58.21;58.66;53.63;61.93;61.03;64.92;58.8;58.76;62.18;60.35;66.47;57.41;46.19;60.25;60.38;48.66;54.22;62.57;53.26;59;50.37;63.4;65.7;62.3
O3;uur;µg/m³;2023-12-31T05:00:00+01:00;2023-12-31T06:00:00+01:00;56.3;52.8;58;47.2;49.4;54.48;61.87;59.14;61.36;59.36;55.09;59.13;60.37;60.34;58.36;58.29;53.9;61.6;58.91;59.17;60.1;56.59;58.73;52.13;62.04;60.52;61.56;57.15;57.55;60.73;58.65;64.63;55.68;43.79;61.1;61.02;50.56;53.58;59.46;52.95;56.46;51.42;63.4;64.7;61.7
O3;uur;µg/m³;2023-12-31T06:00:00+01:00;2023-12-31T07:00:00+01:00;54.8;52.2;51.6;43;51.8;53.72;57.77;57.78;60.34;57.23;52.84;54.6;58.49;57.31;56.29;58.04;51.96;60.32;56.59;57.46;57.65;55.48;55.49;48.51;62.23;58.25;61.01;55.86;56.01;59.24;58.12;63.2;53.97;51.12;59.92;57.42;47.78;55.67;54.55;53.68;54.66;51.01;60.5;63.6;60.5
O3;uur;µg/m³;2023-12-31T07:00:00+01:00;2023-12-31T08:00:00+01:00;52.8;48.3;53.9;45.1;44.4;55.16;54.46;55.54;56.6;57.71;53.03;54.2;57.16;58.61;57.13;59.42;49.08;56.44;54.62;55.3;55.59;50.72;53.64;48.08;60.14;56.64;59.55;53.98;53.52;56.69;57.21;60.89;52.58;49.01;56.49;51.89;53.31;48.23;55.5;58.12;54.72;52.66;54.2;62.1;58.5
O3;uur;µg/m³;2023-12-31T08:00:00+01:00;2023-12-31T09:00:00+01:00;52.2;48.1;51.1;50;45.2;53.95;51.98;52.94;55.36;57.89;52.83;56.31;57.3;58.01;64.38;70.9;47.85;55.98;55.6;54.98;53.83;50.64;46.29;48.06;54.68;54.56;56.4;52.65;51.26;54.61;55.14;58.49;50.7;50.92;54.22;52.57;51.02;48.81;51.48;58.76;56.35;55.89;59.2;60.2;56.8
O3;uur;µg/m³;2023-12-31T09:00:00+01:00;2023-12-31T10:00:00+01:00;67;57.3;67.2;62.9;56;53.13;51.86;58.08;57.43;58.32;68.04;55.34;62.3;56.44;70.21;74.5;62.1;68.48;73.2;59.17;54.2;63.85;67.56;60.97;54.46;55.65;55.55;52.6;49.16;54.27;53.48;56.7;51.35;48.08;53.9;51.04;47.66;49.08;49.43;58;57.67;55.13;54.9;58.9;56
O3;uur;µg/m³;2023-12-31T10:00:00+01:00;2023-12-31T11:00:00+01:00;67.9;57.8;68.1;64.6;60.1;68.27;56.18;74.37;73.72;73.33;64.62;61.26;75.25;69.48;69.96;76.91;65.61;74.24;74.43;74.9;67.57;66.72;66.62;62.72;57.38;67.56;55.06;70.48;63.07;64.86;65.06;72.25;71.03;43.01;53.82;51.27;45.46;45.54;48.51;57.15;56.84;54.21;68.1;65.6;65.2
O3;uur;µg/m³;2023-12-31T11:00:00+01:00;2023-12-31T12:00:00+01:00;70.7;60.1;66.1;57.6;66.7;77.64;71.56;80.7;81.94;77.99;69.71;71.19;75.55;74.2;75.08;76.78;69.25;73.99;75.71;71.54;70.44;66.4;63.59;60.11;67.15;66.61;74.29;65.14;65.46;65.15;63.22;73.64;65.67;48.45;72.87;58.38;49.31;54.34;65.78;55.55;54.77;53.09;72.1;69.6;69.7
O3;uur;µg/m³;2023-12-31T12:00:00+01:00;2023-12-31T13:00:00+01:00;73.1;61.6;59.9;60.7;74.2;78.16;76.78;77.22;78.4;75.54;69.27;74.13;73.38;76.71;71.95;73.34;71.26;68.31;75.76;72.1;77.2;72.36;64.12;62.19;69.54;73.14;74.85;67.53;68.3;69.2;64.93;77.6;70.87;65.35;73.95;69.28;54.62;69.98;74.21;52.77;63.14;52.23;70.7;68.7;69.5
O3;uur;µg/m³;2023-12-31T13:00:00+01:00;2023-12-31T14:00:00+01:00;69.6;60.9;65.3;65.1;68.8;74.77;76.41;76;76.99;75.36;66.11;71.15;72.64;73.17;69.58;69.62;68.79;67.55;72.03;69.39;71.97;71.11;61.49;61.15;77.2;69.27;75.21;68.23;64.39;65.15;68.3;73.89;67.09;73.34;74.56;71.35;69.19;70.71;72.48;75.88;76.48;69.73;70.1;69.5;69.9
O3;uur;µg/m³;2023-12-31T14:00:00+01:00;2023-12-31T15:00:00+01:00;64.7;57.7;65.8;63;65.2;72.75;72.43;68.52;69.03;70.34;63.15;68.02;70.28;70.45;67.18;68.24;64.37;70.72;69.16;69;68.31;66.73;62.75;58.79;70.68;67;71.42;65.51;63.44;64.84;64.8;72.64;64.46;70.82;73.17;71.15;68.24;69.43;72.12;74.02;76.02;71.53;71.2;69.6;68.5
O3;uur;µg/m³;2023-12-31T15:00:00+01:00;2023-12-31T16:00:00+01:00;62.5;54.4;64;59.1;63.7;66.02;69.23;67.97;66.99;68;62.44;64.1;67.42;68.09;65.04;65.75;61.2;67.33;67.11;66.35;65.52;61.42;58.61;55.45;67.12;63.58;70.32;62.99;59.64;60.05;58.52;70.32;61.26;67.93;70.33;65.61;67.23;67.38;68.64;72.72;74.89;72.56;69.4;66.3;67.2
O3;uur;µg/m³;2023-12-31T16:00:00+01:00;2023-12-31T17:00:00+01:00;60.6;53;60.2;59.3;58.8;65.38;65.95;68.16;67.99;67.77;60.65;63.5;66.78;65.77;61.3;64.39;58.43;62.81;66.24;64.25;62.47;59.69;55.48;52.86;62.73;60.96;67.62;61.08;57.01;54.32;55.3;65.34;60.91;64.78;66.87;60.92;64.26;63.54;66.23;71.18;70.27;67.81;67.1;63.8;64.4
O3;uur;µg/m³;2023-12-31T17:00:00+01:00;2023-12-31T18:00:00+01:00;60.7;54.4;61;57.5;58.7;65.3;66.34;67.17;67.65;66.45;59.19;62.57;66.06;64.79;61.84;65.8;55.13;64.35;65;62.38;61.05;58.26;54.69;51.46;63.34;59.71;65.32;61.7;56.68;57.45;59.68;65.54;60.15;63.3;64.95;60.87;61.79;;64.46;68.18;69.9;66.89;64.7;63;62.4
O3;uur;µg/m³;2023-12-31T18:00:00+01:00;2023-12-31T19:00:00+01:00;61.1;53.7;59.8;59.9;63.3;65.33;66.31;68.06;67.18;65.8;61.32;62.46;66.33;65.34;63.7;64.61;56.96;63.58;63.25;62.77;59.35;62.14;53.75;51;61.36;58.48;64.43;60.93;56.26;58.9;58.1;65.56;59.96;59.35;63.06;60.39;61.42;;62.4;66.71;68.79;64.15;64.3;63.1;61.8
O3;uur;µg/m³;2023-12-31T19:00:00+01:00;2023-12-31T20:00:00+01:00;56.3;48.8;58.4;62.8;64.9;66.31;66.99;68.21;67.73;67.79;60.69;64.67;65.36;67.6;64.23;63.28;58.93;62.94;62.72;61.6;62.22;64.28;51.97;53.87;61.79;61.57;64.4;60.61;56.49;58.04;57.41;64.43;59.66;58.59;64.01;54.56;60.57;;62.47;64.27;66.64;62.94;63.9;62.4;61.9
O3;uur;µg/m³;2023-12-31T20:00:00+01:00;2023-12-31T21:00:00+01:00;57.2;51.2;58.5;60.6;60;66.87;66.36;68.91;68.71;67.04;59.79;63.87;65.07;65.69;63.34;65.08;57.08;63.6;63.36;62.28;63.98;58.61;54.98;53.54;63.15;61.69;64.02;59.99;56.57;58.53;58.42;63.54;59.56;61.11;63.43;60.77;60.23;;63.08;63.38;65.36;62.14;63.1;61.9;60.8
O3;uur;µg/m³;2023-12-31T21:00:00+01:00;2023-12-31T22:00:00+01:00;60.1;52.8;60.1;59.8;59.7;65.95;65.89;66.16;66.62;67.49;60.63;62.59;65.3;65.76;63.75;64.57;51.99;63.79;64.5;61.68;59.9;58.38;51.63;51.43;60.32;57.93;63.23;60.46;56.68;59.68;58.03;64.63;58.83;62.26;65.09;61.36;61.1;;62.74;62.47;65.01;60.08;62.4;60.9;60
O3;uur;µg/m³;2023-12-31T22:00:00+01:00;2023-12-31T23:00:00+01:00;60.9;53.2;60.9;61;61.2;62.61;65.63;63.77;64.63;67.06;60.33;63.05;65.1;65.18;63.62;65.61;55.5;59.2;63.66;62.35;61.9;60.14;55.94;52.55;59.7;60.27;63.88;60.22;55.68;57.72;59.15;63.64;59.57;62.43;64.3;61.39;60.1;;62.42;63.55;64.27;59.29;62.9;57.8;60.2
O3;uur;µg/m³;2023-12-31T23:00:00+01:00;2024-01-01T00:00:00+01:00;61.2;52.9;53.7;60.1;62.9;61.77;62.6;63.97;64.98;66.35;61.28;62.31;65.86;64.96;66.42;70.99;55.21;58.25;64.96;62.99;64.41;63.2;58.52;52.77;59.06;62.37;63.02;60.7;56.45;59.24;60.86;64.36;60.4;61.57;64.73;62.91;59.07;;62.43;63.95;63.57;58.53;63;58;59.5
